Mic1_L (Sel);Mic2_R;Diff1(L-R);Zeit
1740;1858;-118;10:54:48.309322
1736;1856;-120;10:54:48.309322
1739;1858;-119;10:54:48.309322
1741;1859;-118;10:54:48.309322
1740;1858;-118;10:54:48.309322
1743;1859;-116;10:54:48.309322
1744;1859;-115;10:54:48.309322
1745;1860;-115;10:54:48.309322
1744;1860;-116;10:54:48.309322
1743;1862;-119;10:54:48.309322
1744;1860;-116;10:54:48.309322
1743;1862;-119;10:54:48.309322
1744;1862;-118;10:54:48.309322
1746;1862;-116;10:54:48.309322
1745;1865;-120;10:54:48.309322
1749;1865;-116;10:54:48.309322
1749;1864;-115;10:54:48.309322
1752;1865;-113;10:54:48.309322
1752;1869;-117;10:54:48.309322
1752;1867;-115;10:54:48.309322
1751;1866;-115;10:54:48.309322
1748;1864;-116;10:54:48.309322
1749;1864;-115;10:54:48.309322
1747;1866;-119;10:54:48.309322
1746;1864;-118;10:54:48.309322
1746;1865;-119;10:54:48.309322
1748;1863;-115;10:54:48.309322
1748;1863;-115;10:54:48.309322
1748;1863;-115;10:54:48.309322
1748;1865;-117;10:54:48.309322
1749;1862;-113;10:54:48.309322
1751;1864;-113;10:54:48.309322
1750;1867;-117;10:54:48.309322
1749;1867;-118;10:54:48.309322
1750;1866;-116;10:54:48.309322
1749;1867;-118;10:54:48.309322
1754;1866;-112;10:54:48.309322
1754;1867;-113;10:54:48.309322
1754;1865;-111;10:54:48.309322
1755;1865;-110;10:54:48.309322
1752;1866;-114;10:54:48.309322
1752;1865;-113;10:54:48.309322
1753;1869;-116;10:54:48.309322
1753;1871;-118;10:54:48.309322
1752;1870;-118;10:54:48.309322
1755;1871;-116;10:54:48.309322
1754;1871;-117;10:54:48.309322
1753;1871;-118;10:54:48.309322
1754;1870;-116;10:54:48.309322
1755;1870;-115;10:54:48.309322
1757;1869;-112;10:54:48.309322
1760;1871;-111;10:54:48.309322
1761;1872;-111;10:54:48.309322
1761;1873;-112;10:54:48.309322
1761;1875;-114;10:54:48.309322
1763;1873;-110;10:54:48.309322
1763;1873;-110;10:54:48.309322
1760;1876;-116;10:54:48.309322
1759;1877;-118;10:54:48.309322
1757;1878;-121;10:54:48.309322
1759;1876;-117;10:54:48.309322
1762;1875;-113;10:54:48.309322
1762;1874;-112;10:54:48.309322
1759;1873;-114;10:54:48.309322
1757;1873;-116;10:54:48.309322
1758;1871;-113;10:54:48.309322
1756;1871;-115;10:54:48.309322
1754;1868;-114;10:54:48.309322
1755;1869;-114;10:54:48.309322
1754;1868;-114;10:54:48.309322
1754;1869;-115;10:54:48.309322
1753;1868;-115;10:54:48.309322
1752;1869;-117;10:54:48.309322
1752;1871;-119;10:54:48.309322
1756;1872;-116;10:54:48.309322
1755;1873;-118;10:54:48.309322
1757;1875;-118;10:54:48.309322
1760;1877;-117;10:54:48.309322
1763;1877;-114;10:54:48.309322
1762;1878;-116;10:54:48.309322
1761;1879;-118;10:54:48.309322
1763;1880;-117;10:54:48.309322
1763;1880;-117;10:54:48.309322
1760;1876;-116;10:54:48.309322
1760;1876;-116;10:54:48.309322
1761;1877;-116;10:54:48.309322
1763;1876;-113;10:54:48.309322
1765;1877;-112;10:54:48.309322
1764;1877;-113;10:54:48.309322
1763;1877;-114;10:54:48.309322
1761;1877;-116;10:54:48.309322
1760;1878;-118;10:54:48.309322
1760;1877;-117;10:54:48.309322
1760;1877;-117;10:54:48.309322
1760;1877;-117;10:54:48.309322
1759;1877;-118;10:54:48.309322
1759;1875;-116;10:54:48.309322
1760;1875;-115;10:54:48.309322
1759;1874;-115;10:54:48.309322
1758;1872;-114;10:54:48.309322
1755;1871;-116;10:54:48.309322
1754;1868;-114;10:54:48.309322
1751;1867;-116;10:54:48.309322
1748;1866;-118;10:54:48.309322
1747;1867;-120;10:54:48.309322
1744;1865;-121;10:54:48.309322
1746;1864;-118;10:54:48.309322
1745;1865;-120;10:54:48.309322
1746;1866;-120;10:54:48.309322
1749;1866;-117;10:54:48.309322
1751;1866;-115;10:54:48.309322
1751;1869;-118;10:54:48.309322
1753;1867;-114;10:54:48.309322
1750;1866;-116;10:54:48.309322
1749;1867;-118;10:54:48.309322
1748;1867;-119;10:54:48.309322
1747;1864;-117;10:54:48.309322
1746;1864;-118;10:54:48.309322
1745;1865;-120;10:54:48.309322
1746;1865;-119;10:54:48.309322
1748;1863;-115;10:54:48.309322
1748;1863;-115;10:54:48.309322
1744;1861;-117;10:54:48.309322
1745;1864;-119;10:54:48.309322
1748;1864;-116;10:54:48.309322
1746;1862;-116;10:54:48.309322
1744;1863;-119;10:54:48.309322
1745;1863;-118;10:54:48.309322
1746;1862;-116;10:54:48.309322
1747;1858;-111;10:54:48.309322
1748;1859;-111;10:54:48.309322
1747;1857;-110;10:54:48.309322
1748;1857;-109;10:54:48.309322
1747;1855;-108;10:54:48.309322
1745;1858;-113;10:54:48.309322
1742;1856;-114;10:54:48.309322
1740;1854;-114;10:54:48.309322
1741;1855;-114;10:54:48.309322
1738;1855;-117;10:54:48.309322
1736;1851;-115;10:54:48.309322
1736;1850;-114;10:54:48.309322
1739;1850;-111;10:54:48.309322
1741;1851;-110;10:54:48.309322
1742;1852;-110;10:54:48.309322
1741;1854;-113;10:54:48.309322
1738;1853;-115;10:54:48.309322
1738;1853;-115;10:54:48.309322
1735;1852;-117;10:54:48.309322
1739;1854;-115;10:54:48.309322
1739;1855;-116;10:54:48.309322
1739;1855;-116;10:54:48.309322
1740;1857;-117;10:54:48.309322
1742;1851;-109;10:54:48.309322
1741;1857;-116;10:54:48.309322
1745;1860;-115;10:54:48.309322
1743;1858;-115;10:54:48.309322
1745;1863;-118;10:54:48.309322
1748;1861;-113;10:54:48.309322
1745;1861;-116;10:54:48.309322
1747;1861;-114;10:54:48.309322
1748;1860;-112;10:54:48.309322
1746;1860;-114;10:54:48.309322
1745;1858;-113;10:54:48.309322
1748;1858;-110;10:54:48.309322
1748;1856;-108;10:54:48.309322
1747;1859;-112;10:54:48.309322
1746;1859;-113;10:54:48.309322
1746;1858;-112;10:54:48.309322
1746;1858;-112;10:54:48.309322
1747;1856;-109;10:54:48.309322
1745;1857;-112;10:54:48.309322
1747;1861;-114;10:54:48.309322
1747;1859;-112;10:54:48.309322
1751;1861;-110;10:54:48.309322
1754;1866;-112;10:54:48.309322
1756;1865;-109;10:54:48.309322
1756;1867;-111;10:54:48.309322
1752;1867;-115;10:54:48.309322
1752;1863;-111;10:54:48.309322
1752;1863;-111;10:54:48.309322
1754;1868;-114;10:54:48.309322
1754;1868;-114;10:54:48.309322
1753;1871;-118;10:54:48.309322
1754;1871;-117;10:54:48.309322
1758;1870;-112;10:54:48.309322
1757;1870;-113;10:54:48.309322
1759;1869;-110;10:54:48.309322
1756;1869;-113;10:54:48.309322
1757;1867;-110;10:54:48.309322
1758;1871;-113;10:54:48.309322
1757;1868;-111;10:54:48.309322
1755;1868;-113;10:54:48.309322
1753;1868;-115;10:54:48.309322
1751;1867;-116;10:54:48.309322
1756;1868;-112;10:54:48.309322
1755;1870;-115;10:54:48.309322
1754;1869;-115;10:54:48.309322
1756;1869;-113;10:54:48.309322
1753;1869;-116;10:54:48.309322
1754;1872;-118;10:54:48.309322
1755;1871;-116;10:54:48.309322
1761;1874;-113;10:54:48.309322
1760;1870;-110;10:54:48.309322
1761;1868;-107;10:54:48.309322
1755;1869;-114;10:54:48.309322
1756;1871;-115;10:54:48.309322
1761;1873;-112;10:54:48.309322
1758;1873;-115;10:54:48.309322
1759;1874;-115;10:54:48.309322
1758;1873;-115;10:54:48.309322
1756;1872;-116;10:54:48.309322
1757;1872;-115;10:54:48.309322
1757;1868;-111;10:54:48.309322
1756;1865;-109;10:54:48.309322
1753;1866;-113;10:54:48.309322
1752;1865;-113;10:54:48.309322
1752;1866;-114;10:54:48.309322
1752;1865;-113;10:54:48.309322
1752;1870;-118;10:54:48.309322
1754;1872;-118;10:54:48.309322
1754;1870;-116;10:54:48.309322
1756;1868;-112;10:54:48.309322
1754;1868;-114;10:54:48.309322
1754;1868;-114;10:54:48.309322
1754;1870;-116;10:54:48.309322
1752;1869;-117;10:54:48.309322
1754;1870;-116;10:54:48.309322
1754;1873;-119;10:54:48.309322
1756;1873;-117;10:54:48.309322
1760;1877;-117;10:54:48.309322
1760;1875;-115;10:54:48.309322
1760;1873;-113;10:54:48.309322
1760;1874;-114;10:54:48.309322
1763;1874;-111;10:54:48.309322
1761;1875;-114;10:54:48.309322
1761;1877;-116;10:54:48.309322
1762;1879;-117;10:54:48.309322
1763;1878;-115;10:54:48.309322
1762;1874;-112;10:54:48.309322
1762;1876;-114;10:54:48.309322
1761;1877;-116;10:54:48.309322
1763;1875;-112;10:54:48.309322
1763;1874;-111;10:54:48.309322
1762;1878;-116;10:54:48.309322
1760;1875;-115;10:54:48.309322
1761;1875;-114;10:54:48.309322
1754;1877;-123;10:54:48.309322
1753;1876;-123;10:54:48.309322
1758;1877;-119;10:54:48.309322
1758;1874;-116;10:54:48.309322
1756;1873;-117;10:54:48.309322
1756;1871;-115;10:54:48.309322
1754;1870;-116;10:54:48.309322
1753;1868;-115;10:54:48.309322
1755;1869;-114;10:54:48.309322
1754;1871;-117;10:54:48.347220
1756;1874;-118;10:54:48.347220
1751;1871;-120;10:54:48.347220
1750;1873;-123;10:54:48.347220
1752;1875;-123;10:54:48.347220
1752;1871;-119;10:54:48.347220
1756;1873;-117;10:54:48.347220
1761;1873;-112;10:54:48.347220
1759;1878;-119;10:54:48.347220
1762;1880;-118;10:54:48.347220
1762;1881;-119;10:54:48.347220
1763;1880;-117;10:54:48.347220
1763;1879;-116;10:54:48.347220
1763;1877;-114;10:54:48.347220
1760;1875;-115;10:54:48.347220
1759;1873;-114;10:54:48.347220
1758;1873;-115;10:54:48.347220
1756;1875;-119;10:54:48.347220
1757;1873;-116;10:54:48.347220
1759;1877;-118;10:54:48.347220
1762;1876;-114;10:54:48.347220
1761;1873;-112;10:54:48.347220
1760;1875;-115;10:54:48.347220
1759;1876;-117;10:54:48.347220
1755;1872;-117;10:54:48.347220
1755;1871;-116;10:54:48.347220
1755;1869;-114;10:54:48.347220
1755;1866;-111;10:54:48.347220
1754;1868;-114;10:54:48.347220
1753;1867;-114;10:54:48.347220
1752;1867;-115;10:54:48.347220
1754;1865;-111;10:54:48.347220
1753;1862;-109;10:54:48.347220
1748;1864;-116;10:54:48.347220
1747;1865;-118;10:54:48.347220
1748;1864;-116;10:54:48.347220
1749;1864;-115;10:54:48.347220
1749;1863;-114;10:54:48.347220
1748;1867;-119;10:54:48.347220
1750;1865;-115;10:54:48.347220
1749;1866;-117;10:54:48.347220
1751;1866;-115;10:54:48.347220
1749;1866;-117;10:54:48.347220
1748;1862;-114;10:54:48.347220
1750;1863;-113;10:54:48.347220
1748;1864;-116;10:54:48.347220
1748;1864;-116;10:54:48.347220
1747;1862;-115;10:54:48.347220
1743;1863;-120;10:54:48.347220
1743;1861;-118;10:54:48.347220
1746;1860;-114;10:54:48.347220
1745;1859;-114;10:54:48.347220
1747;1862;-115;10:54:48.347220
1747;1863;-116;10:54:48.347220
1745;1864;-119;10:54:48.347220
1747;1862;-115;10:54:48.347220
1745;1862;-117;10:54:48.347220
1748;1861;-113;10:54:48.347220
1750;1862;-112;10:54:48.347220
1750;1864;-114;10:54:48.347220
1751;1860;-109;10:54:48.347220
1747;1862;-115;10:54:48.347220
1747;1862;-115;10:54:48.347220
1750;1860;-110;10:54:48.347220
1745;1858;-113;10:54:48.347220
1747;1857;-110;10:54:48.347220
1745;1857;-112;10:54:48.347220
1743;1860;-117;10:54:48.347220
1743;1860;-117;10:54:48.347220
1744;1859;-115;10:54:48.347220
1741;1859;-118;10:54:48.347220
1744;1859;-115;10:54:48.347220
1749;1859;-110;10:54:48.347220
1745;1858;-113;10:54:48.347220
1746;1858;-112;10:54:48.347220
1744;1859;-115;10:54:48.347220
1745;1860;-115;10:54:48.347220
1745;1860;-115;10:54:48.347220
1745;1859;-114;10:54:48.347220
1744;1860;-116;10:54:48.347220
1745;1860;-115;10:54:48.347220
1744;1862;-118;10:54:48.347220
1745;1861;-116;10:54:48.347220
1743;1860;-117;10:54:48.347220
1744;1862;-118;10:54:48.347220
1744;1861;-117;10:54:48.347220
1747;1864;-117;10:54:48.347220
1750;1866;-116;10:54:48.347220
1748;1864;-116;10:54:48.347220
1750;1862;-112;10:54:48.347220
1749;1864;-115;10:54:48.347220
1749;1863;-114;10:54:48.347220
1751;1866;-115;10:54:48.347220
1753;1865;-112;10:54:48.347220
1753;1867;-114;10:54:48.347220
1756;1866;-110;10:54:48.347220
1755;1867;-112;10:54:48.347220
1753;1864;-111;10:54:48.347220
1751;1865;-114;10:54:48.347220
1751;1867;-116;10:54:48.347220
1756;1869;-113;10:54:48.347220
1758;1867;-109;10:54:48.347220
1756;1867;-111;10:54:48.347220
1752;1864;-112;10:54:48.347220
1748;1864;-116;10:54:48.347220
1749;1867;-118;10:54:48.347220
1750;1865;-115;10:54:48.347220
1748;1865;-117;10:54:48.347220
1751;1862;-111;10:54:48.347220
1754;1862;-108;10:54:48.347220
1752;1863;-111;10:54:48.347220
1752;1863;-111;10:54:48.347220
1751;1864;-113;10:54:48.347220
1751;1865;-114;10:54:48.347220
1752;1861;-109;10:54:48.347220
1751;1863;-112;10:54:48.347220
1752;1866;-114;10:54:48.347220
1751;1865;-114;10:54:48.347220
1753;1869;-116;10:54:48.347220
1751;1867;-116;10:54:48.347220
1755;1869;-114;10:54:48.347220
1759;1871;-112;10:54:48.347220
1757;1871;-114;10:54:48.347220
1756;1869;-113;10:54:48.347220
1760;1870;-110;10:54:48.347220
1763;1871;-108;10:54:48.347220
1762;1869;-107;10:54:48.347220
1761;1868;-107;10:54:48.347220
1760;1868;-108;10:54:48.347220
1761;1871;-110;10:54:48.347220
1763;1872;-109;10:54:48.347220
1765;1876;-111;10:54:48.347220
1763;1876;-113;10:54:48.347220
1766;1880;-114;10:54:48.347220
1768;1879;-111;10:54:48.347220
1769;1880;-111;10:54:48.347220
1767;1878;-111;10:54:48.347220
1770;1877;-107;10:54:48.347220
1769;1877;-108;10:54:48.347220
1766;1873;-107;10:54:48.347220
1764;1872;-108;10:54:48.347220
1764;1874;-110;10:54:48.347220
1764;1873;-109;10:54:48.347220
1763;1869;-106;10:54:48.347220
1762;1868;-106;10:54:48.347220
1758;1868;-110;10:54:48.347220
1758;1868;-110;10:54:48.347220
1756;1871;-115;10:54:48.347220
1759;1871;-112;10:54:48.347220
1759;1869;-110;10:54:48.347220
1759;1872;-113;10:54:48.347220
1762;1870;-108;10:54:48.347220
1762;1873;-111;10:54:48.347220
1759;1868;-109;10:54:48.347220
1756;1868;-112;10:54:48.347220
1755;1868;-113;10:54:48.347220
1753;1869;-116;10:54:48.347220
1754;1870;-116;10:54:48.347220
1755;1873;-118;10:54:48.347220
1755;1874;-119;10:54:48.347220
1759;1874;-115;10:54:48.347220
1760;1874;-114;10:54:48.347220
1763;1872;-109;10:54:48.347220
1767;1876;-109;10:54:48.347220
1769;1875;-106;10:54:48.347220
1768;1878;-110;10:54:48.347220
1766;1878;-112;10:54:48.347220
1767;1878;-111;10:54:48.347220
1764;1876;-112;10:54:48.347220
1765;1876;-111;10:54:48.347220
1765;1877;-112;10:54:48.347220
1764;1878;-114;10:54:48.347220
1766;1878;-112;10:54:48.347220
1768;1876;-108;10:54:48.347220
1768;1877;-109;10:54:48.347220
1766;1876;-110;10:54:48.347220
1764;1876;-112;10:54:48.347220
1760;1875;-115;10:54:48.347220
1758;1873;-115;10:54:48.347220
1758;1874;-116;10:54:48.347220
1759;1871;-112;10:54:48.347220
1760;1869;-109;10:54:48.347220
1759;1868;-109;10:54:48.347220
1756;1865;-109;10:54:48.347220
1754;1866;-112;10:54:48.347220
1752;1866;-114;10:54:48.347220
1749;1863;-114;10:54:48.347220
1745;1863;-118;10:54:48.347220
1745;1862;-117;10:54:48.347220
1748;1862;-114;10:54:48.347220
1748;1863;-115;10:54:48.347220
1748;1864;-116;10:54:48.347220
1747;1864;-117;10:54:48.347220
1748;1863;-115;10:54:48.347220
1752;1864;-112;10:54:48.347220
1753;1865;-112;10:54:48.347220
1750;1867;-117;10:54:48.347220
1749;1867;-118;10:54:48.347220
1750;1867;-117;10:54:48.347220
1751;1865;-114;10:54:48.347220
1752;1865;-113;10:54:48.347220
1753;1864;-111;10:54:48.347220
1751;1862;-111;10:54:48.347220
1748;1863;-115;10:54:48.347220
1751;1863;-112;10:54:48.347220
1750;1860;-110;10:54:48.347220
1749;1862;-113;10:54:48.347220
1748;1861;-113;10:54:48.347220
1746;1865;-119;10:54:48.347220
1749;1862;-113;10:54:48.347220
1748;1858;-110;10:54:48.347220
1745;1858;-113;10:54:48.347220
1745;1859;-114;10:54:48.347220
1748;1857;-109;10:54:48.347220
1748;1855;-107;10:54:48.347220
1745;1855;-110;10:54:48.347220
1745;1856;-111;10:54:48.347220
1746;1858;-112;10:54:48.347220
1744;1855;-111;10:54:48.347220
1740;1852;-112;10:54:48.347220
1740;1857;-117;10:54:48.347220
1740;1857;-117;10:54:48.347220
1739;1855;-116;10:54:48.347220
1740;1852;-112;10:54:48.347220
1742;1853;-111;10:54:48.347220
1742;1854;-112;10:54:48.347220
1745;1856;-111;10:54:48.347220
1744;1854;-110;10:54:48.347220
1743;1855;-112;10:54:48.347220
1742;1856;-114;10:54:48.347220
1742;1856;-114;10:54:48.347220
1741;1858;-117;10:54:48.347220
1741;1855;-114;10:54:48.347220
1743;1857;-114;10:54:48.347220
1744;1858;-114;10:54:48.347220
1745;1857;-112;10:54:48.347220
1743;1858;-115;10:54:48.347220
1744;1863;-119;10:54:48.347220
1746;1862;-116;10:54:48.347220
1750;1860;-110;10:54:48.347220
1749;1861;-112;10:54:48.347220
1750;1862;-112;10:54:48.347220
1752;1862;-110;10:54:48.347220
1751;1863;-112;10:54:48.347220
1750;1861;-111;10:54:48.347220
1755;1863;-108;10:54:48.347220
1755;1861;-106;10:54:48.347220
1754;1862;-108;10:54:48.347220
1753;1863;-110;10:54:48.347220
1751;1862;-111;10:54:48.347220
1750;1863;-113;10:54:48.347220
1750;1861;-111;10:54:48.347220
1751;1864;-113;10:54:48.347220
1755;1864;-109;10:54:48.347220
1755;1862;-107;10:54:48.347220
1757;1860;-103;10:54:48.385754
1753;1861;-108;10:54:48.385754
1755;1865;-110;10:54:48.385754
1759;1865;-106;10:54:48.385754
1755;1867;-112;10:54:48.385754
1753;1867;-114;10:54:48.385754
1757;1869;-112;10:54:48.385754
1758;1871;-113;10:54:48.385754
1758;1869;-111;10:54:48.385754
1759;1871;-112;10:54:48.385754
1761;1874;-113;10:54:48.385754
1760;1873;-113;10:54:48.385754
1760;1870;-110;10:54:48.385754
1759;1869;-110;10:54:48.385754
1760;1870;-110;10:54:48.385754
1760;1871;-111;10:54:48.385754
1760;1871;-111;10:54:48.385754
1759;1869;-110;10:54:48.385754
1760;1870;-110;10:54:48.385754
1760;1873;-113;10:54:48.385754
1762;1872;-110;10:54:48.385754
1762;1872;-110;10:54:48.385754
1759;1871;-112;10:54:48.385754
1760;1872;-112;10:54:48.385754
1760;1872;-112;10:54:48.385754
1759;1870;-111;10:54:48.385754
1761;1871;-110;10:54:48.385754
1759;1871;-112;10:54:48.385754
1757;1869;-112;10:54:48.385754
1759;1869;-110;10:54:48.385754
1762;1869;-107;10:54:48.385754
1758;1869;-111;10:54:48.385754
1759;1868;-109;10:54:48.385754
1759;1869;-110;10:54:48.385754
1757;1867;-110;10:54:48.385754
1755;1865;-110;10:54:48.385754
1755;1866;-111;10:54:48.385754
1753;1863;-110;10:54:48.385754
1751;1865;-114;10:54:48.385754
1752;1867;-115;10:54:48.385754
1756;1868;-112;10:54:48.385754
1757;1865;-108;10:54:48.385754
1755;1863;-108;10:54:48.385754
1757;1865;-108;10:54:48.385754
1753;1864;-111;10:54:48.385754
1751;1865;-114;10:54:48.385754
1749;1868;-119;10:54:48.385754
1752;1869;-117;10:54:48.385754
1757;1870;-113;10:54:48.385754
1755;1870;-115;10:54:48.385754
1755;1871;-116;10:54:48.385754
1759;1871;-112;10:54:48.385754
1765;1875;-110;10:54:48.385754
1764;1874;-110;10:54:48.385754
1764;1873;-109;10:54:48.385754
1765;1875;-110;10:54:48.385754
1764;1874;-110;10:54:48.385754
1762;1876;-114;10:54:48.385754
1761;1874;-113;10:54:48.385754
1763;1876;-113;10:54:48.385754
1761;1876;-115;10:54:48.385754
1763;1877;-114;10:54:48.385754
1762;1877;-115;10:54:48.385754
1765;1876;-111;10:54:48.385754
1765;1874;-109;10:54:48.385754
1767;1875;-108;10:54:48.385754
1767;1872;-105;10:54:48.385754
1762;1873;-111;10:54:48.385754
1759;1875;-116;10:54:48.385754
1758;1874;-116;10:54:48.385754
1758;1873;-115;10:54:48.385754
1761;1873;-112;10:54:48.385754
1763;1875;-112;10:54:48.385754
1759;1872;-113;10:54:48.385754
1759;1872;-113;10:54:48.385754
1758;1871;-113;10:54:48.385754
1757;1870;-113;10:54:48.385754
1759;1872;-113;10:54:48.385754
1759;1872;-113;10:54:48.385754
1760;1874;-114;10:54:48.385754
1757;1870;-113;10:54:48.385754
1759;1870;-111;10:54:48.385754
1757;1869;-112;10:54:48.385754
1760;1871;-111;10:54:48.385754
1760;1868;-108;10:54:48.385754
1758;1870;-112;10:54:48.385754
1758;1873;-115;10:54:48.385754
1758;1875;-117;10:54:48.385754
1760;1875;-115;10:54:48.385754
1762;1876;-114;10:54:48.385754
1761;1876;-115;10:54:48.385754
1763;1877;-114;10:54:48.385754
1764;1877;-113;10:54:48.385754
1765;1880;-115;10:54:48.385754
1765;1878;-113;10:54:48.385754
1767;1880;-113;10:54:48.385754
1766;1879;-113;10:54:48.385754
1764;1878;-114;10:54:48.385754
1767;1878;-111;10:54:48.385754
1766;1878;-112;10:54:48.385754
1765;1878;-113;10:54:48.385754
1765;1879;-114;10:54:48.385754
1763;1880;-117;10:54:48.385754
1764;1879;-115;10:54:48.385754
1766;1877;-111;10:54:48.385754
1765;1874;-109;10:54:48.385754
1762;1873;-111;10:54:48.385754
1761;1875;-114;10:54:48.385754
1760;1873;-113;10:54:48.385754
1760;1876;-116;10:54:48.385754
1762;1874;-112;10:54:48.385754
1762;1877;-115;10:54:48.385754
1763;1872;-109;10:54:48.385754
1759;1870;-111;10:54:48.385754
1755;1868;-113;10:54:48.385754
1755;1869;-114;10:54:48.385754
1753;1868;-115;10:54:48.385754
1749;1870;-121;10:54:48.385754
1750;1868;-118;10:54:48.385754
1752;1869;-117;10:54:48.385754
1753;1868;-115;10:54:48.385754
1755;1866;-111;10:54:48.385754
1751;1866;-115;10:54:48.385754
1749;1863;-114;10:54:48.385754
1751;1866;-115;10:54:48.385754
1753;1866;-113;10:54:48.385754
1752;1867;-115;10:54:48.385754
1753;1865;-112;10:54:48.385754
1753;1864;-111;10:54:48.385754
1753;1866;-113;10:54:48.385754
1753;1866;-113;10:54:48.385754
1751;1865;-114;10:54:48.385754
1749;1866;-117;10:54:48.385754
1750;1866;-116;10:54:48.385754
1755;1866;-111;10:54:48.385754
1755;1867;-112;10:54:48.385754
1754;1863;-109;10:54:48.385754
1754;1864;-110;10:54:48.385754
1753;1866;-113;10:54:48.385754
1753;1865;-112;10:54:48.385754
1752;1862;-110;10:54:48.385754
1751;1863;-112;10:54:48.385754
1752;1862;-110;10:54:48.385754
1754;1861;-107;10:54:48.385754
1751;1860;-109;10:54:48.385754
1748;1858;-110;10:54:48.385754
1745;1858;-113;10:54:48.385754
1746;1860;-114;10:54:48.385754
1745;1859;-114;10:54:48.385754
1744;1858;-114;10:54:48.385754
1742;1858;-116;10:54:48.385754
1742;1857;-115;10:54:48.385754
1744;1858;-114;10:54:48.385754
1742;1858;-116;10:54:48.385754
1742;1858;-116;10:54:48.385754
1744;1861;-117;10:54:48.385754
1744;1858;-114;10:54:48.385754
1744;1857;-113;10:54:48.385754
1745;1858;-113;10:54:48.385754
1747;1856;-109;10:54:48.385754
1746;1855;-109;10:54:48.385754
1743;1855;-112;10:54:48.385754
1743;1858;-115;10:54:48.385754
1743;1862;-119;10:54:48.385754
1744;1862;-118;10:54:48.385754
1745;1862;-117;10:54:48.385754
1748;1863;-115;10:54:48.385754
1751;1863;-112;10:54:48.385754
1750;1864;-114;10:54:48.385754
1750;1862;-112;10:54:48.385754
1750;1864;-114;10:54:48.385754
1752;1864;-112;10:54:48.385754
1754;1865;-111;10:54:48.385754
1753;1863;-110;10:54:48.385754
1752;1865;-113;10:54:48.385754
1753;1864;-111;10:54:48.385754
1752;1863;-111;10:54:48.385754
1750;1859;-109;10:54:48.385754
1747;1861;-114;10:54:48.385754
1748;1862;-114;10:54:48.385754
1747;1858;-111;10:54:48.385754
1746;1860;-114;10:54:48.385754
1746;1858;-112;10:54:48.385754
1745;1856;-111;10:54:48.385754
1746;1857;-111;10:54:48.385754
1746;1856;-110;10:54:48.385754
1745;1855;-110;10:54:48.385754
1747;1858;-111;10:54:48.385754
1746;1857;-111;10:54:48.385754
1748;1858;-110;10:54:48.385754
1748;1861;-113;10:54:48.385754
1748;1859;-111;10:54:48.385754
1746;1856;-110;10:54:48.385754
1747;1856;-109;10:54:48.385754
1748;1857;-109;10:54:48.385754
1747;1858;-111;10:54:48.385754
1746;1858;-112;10:54:48.385754
1747;1860;-113;10:54:48.385754
1748;1859;-111;10:54:48.385754
1749;1859;-110;10:54:48.385754
1750;1856;-106;10:54:48.385754
1748;1858;-110;10:54:48.385754
1746;1858;-112;10:54:48.385754
1749;1858;-109;10:54:48.385754
1751;1859;-108;10:54:48.385754
1749;1862;-113;10:54:48.385754
1750;1863;-113;10:54:48.385754
1753;1865;-112;10:54:48.385754
1753;1865;-112;10:54:48.385754
1756;1861;-105;10:54:48.385754
1756;1863;-107;10:54:48.385754
1757;1864;-107;10:54:48.385754
1755;1860;-105;10:54:48.385754
1755;1863;-108;10:54:48.385754
1753;1864;-111;10:54:48.385754
1751;1864;-113;10:54:48.385754
1752;1865;-113;10:54:48.385754
1754;1864;-110;10:54:48.385754
1754;1863;-109;10:54:48.385754
1754;1864;-110;10:54:48.385754
1757;1864;-107;10:54:48.385754
1757;1865;-108;10:54:48.385754
1756;1863;-107;10:54:48.385754
1756;1863;-107;10:54:48.385754
1756;1863;-107;10:54:48.385754
1755;1864;-109;10:54:48.385754
1755;1865;-110;10:54:48.385754
1755;1868;-113;10:54:48.385754
1756;1869;-113;10:54:48.385754
1757;1871;-114;10:54:48.385754
1758;1870;-112;10:54:48.385754
1759;1871;-112;10:54:48.385754
1759;1870;-111;10:54:48.385754
1764;1869;-105;10:54:48.385754
1765;1868;-103;10:54:48.385754
1761;1868;-107;10:54:48.385754
1759;1869;-110;10:54:48.385754
1760;1870;-110;10:54:48.385754
1759;1869;-110;10:54:48.385754
1757;1869;-112;10:54:48.385754
1757;1871;-114;10:54:48.385754
1759;1873;-114;10:54:48.385754
1759;1873;-114;10:54:48.385754
1759;1874;-115;10:54:48.385754
1760;1875;-115;10:54:48.385754
1763;1874;-111;10:54:48.385754
1768;1877;-109;10:54:48.385754
1768;1877;-109;10:54:48.385754
1767;1879;-112;10:54:48.385754
1769;1880;-111;10:54:48.385754
1772;1880;-108;10:54:48.385754
1770;1879;-109;10:54:48.385754
1770;1877;-107;10:54:48.385754
1769;1878;-109;10:54:48.385754
1768;1876;-108;10:54:48.385754
1761;1873;-112;10:54:48.406842
1760;1873;-113;10:54:48.406842
1759;1873;-114;10:54:48.406842
1760;1872;-112;10:54:48.406842
1759;1874;-115;10:54:48.406842
1758;1872;-114;10:54:48.406842
1759;1874;-115;10:54:48.406842
1762;1878;-116;10:54:48.406842
1762;1876;-114;10:54:48.406842
1760;1876;-116;10:54:48.406842
1759;1876;-117;10:54:48.406842
1761;1877;-116;10:54:48.406842
1759;1875;-116;10:54:48.406842
1760;1874;-114;10:54:48.406842
1760;1874;-114;10:54:48.406842
1761;1875;-114;10:54:48.406842
1762;1874;-112;10:54:48.406842
1761;1875;-114;10:54:48.406842
1759;1874;-115;10:54:48.406842
1761;1874;-113;10:54:48.406842
1760;1874;-114;10:54:48.406842
1760;1873;-113;10:54:48.406842
1761;1874;-113;10:54:48.406842
1762;1871;-109;10:54:48.406842
1762;1876;-114;10:54:48.406842
1761;1878;-117;10:54:48.406842
1764;1877;-113;10:54:48.406842
1763;1881;-118;10:54:48.406842
1760;1877;-117;10:54:48.406842
1761;1876;-115;10:54:48.406842
1762;1876;-114;10:54:48.406842
1761;1873;-112;10:54:48.406842
1757;1873;-116;10:54:48.406842
1760;1872;-112;10:54:48.406842
1757;1870;-113;10:54:48.406842
1753;1868;-115;10:54:48.406842
1750;1865;-115;10:54:48.406842
1750;1864;-114;10:54:48.406842
1748;1863;-115;10:54:48.406842
1749;1864;-115;10:54:48.406842
1751;1866;-115;10:54:48.406842
1749;1863;-114;10:54:48.406842
1746;1863;-117;10:54:48.406842
1747;1862;-115;10:54:48.406842
1747;1863;-116;10:54:48.406842
1750;1864;-114;10:54:48.406842
1749;1862;-113;10:54:48.406842
1748;1865;-117;10:54:48.406842
1748;1865;-117;10:54:48.406842
1748;1864;-116;10:54:48.406842
1748;1867;-119;10:54:48.406842
1749;1866;-117;10:54:48.406842
1752;1865;-113;10:54:48.406842
1752;1864;-112;10:54:48.406842
1752;1863;-111;10:54:48.406842
1750;1860;-110;10:54:48.406842
1750;1861;-111;10:54:48.406842
1751;1863;-112;10:54:48.406842
1747;1865;-118;10:54:48.406842
1745;1862;-117;10:54:48.406842
1750;1865;-115;10:54:48.406842
1751;1866;-115;10:54:48.406842
1754;1864;-110;10:54:48.406842
1753;1865;-112;10:54:48.406842
1752;1864;-112;10:54:48.406842
1751;1864;-113;10:54:48.406842
1753;1865;-112;10:54:48.406842
1757;1866;-109;10:54:48.406842
1757;1866;-109;10:54:48.406842
1756;1867;-111;10:54:48.406842
1755;1869;-114;10:54:48.406842
1755;1868;-113;10:54:48.406842
1756;1868;-112;10:54:48.406842
1756;1866;-110;10:54:48.406842
1755;1865;-110;10:54:48.406842
1753;1866;-113;10:54:48.406842
1753;1864;-111;10:54:48.406842
1753;1863;-110;10:54:48.406842
1756;1863;-107;10:54:48.406842
1754;1864;-110;10:54:48.406842
1754;1864;-110;10:54:48.406842
1752;1866;-114;10:54:48.406842
1754;1869;-115;10:54:48.406842
1755;1868;-113;10:54:48.406842
1754;1870;-116;10:54:48.406842
1753;1868;-115;10:54:48.406842
1752;1868;-116;10:54:48.406842
1753;1868;-115;10:54:48.406842
1755;1867;-112;10:54:48.406842
1755;1864;-109;10:54:48.406842
1754;1862;-108;10:54:48.406842
1755;1864;-109;10:54:48.406842
1756;1866;-110;10:54:48.406842
1754;1867;-113;10:54:48.406842
1750;1866;-116;10:54:48.406842
1751;1868;-117;10:54:48.406842
1751;1870;-119;10:54:48.406842
1750;1869;-119;10:54:48.406842
1752;1868;-116;10:54:48.406842
1755;1869;-114;10:54:48.406842
1757;1869;-112;10:54:48.406842
1759;1870;-111;10:54:48.406842
1760;1867;-107;10:54:48.406842
1761;1869;-108;10:54:48.406842
1760;1869;-109;10:54:48.406842
1758;1869;-111;10:54:48.406842
1757;1871;-114;10:54:48.406842
1756;1872;-116;10:54:48.406842
1759;1874;-115;10:54:48.406842
1758;1874;-116;10:54:48.406842
1758;1874;-116;10:54:48.406842
1758;1872;-114;10:54:48.406842
1758;1872;-114;10:54:48.406842
1756;1868;-112;10:54:48.406842
1756;1864;-108;10:54:48.406842
1756;1864;-108;10:54:48.406842
1756;1866;-110;10:54:48.406842
1756;1867;-111;10:54:48.406842
1755;1867;-112;10:54:48.406842
1754;1867;-113;10:54:48.406842
1752;1865;-113;10:54:48.406842
1749;1864;-115;10:54:48.406842
1752;1863;-111;10:54:48.406842
1754;1865;-111;10:54:48.406842
1756;1865;-109;10:54:48.406842
1755;1866;-111;10:54:48.406842
1750;1868;-118;10:54:48.406842
1750;1868;-118;10:54:48.406842
1751;1869;-118;10:54:48.406842
1752;1867;-115;10:54:48.406842
1751;1869;-118;10:54:48.406842
1753;1869;-116;10:54:48.406842
1756;1872;-116;10:54:48.406842
1758;1871;-113;10:54:48.406842
1759;1871;-112;10:54:48.406842
1760;1870;-110;10:54:48.406842
1760;1873;-113;10:54:48.406842
1758;1872;-114;10:54:48.406842
1761;1873;-112;10:54:48.406842
1763;1872;-109;10:54:48.406842
1761;1873;-112;10:54:48.406842
1764;1874;-110;10:54:48.406842
1761;1873;-112;10:54:48.406842
1762;1874;-112;10:54:48.406842
1764;1876;-112;10:54:48.406842
1762;1876;-114;10:54:48.406842
1763;1876;-113;10:54:48.406842
1763;1878;-115;10:54:48.406842
1764;1877;-113;10:54:48.406842
1764;1876;-112;10:54:48.406842
1765;1874;-109;10:54:48.406842
1764;1873;-109;10:54:48.406842
1762;1874;-112;10:54:48.406842
1761;1874;-113;10:54:48.406842
1763;1875;-112;10:54:48.406842
1765;1875;-110;10:54:48.406842
1764;1874;-110;10:54:48.406842
1761;1876;-115;10:54:48.406842
1763;1876;-113;10:54:48.406842
1762;1876;-114;10:54:48.406842
1762;1874;-112;10:54:48.406842
1760;1875;-115;10:54:48.406842
1761;1874;-113;10:54:48.406842
1763;1877;-114;10:54:48.406842
1766;1878;-112;10:54:48.406842
1767;1881;-114;10:54:48.406842
1765;1880;-115;10:54:48.406842
1765;1880;-115;10:54:48.406842
1769;1882;-113;10:54:48.406842
1768;1882;-114;10:54:48.406842
1768;1883;-115;10:54:48.406842
1766;1884;-118;10:54:48.406842
1770;1884;-114;10:54:48.406842
1768;1883;-115;10:54:48.406842
1767;1879;-112;10:54:48.406842
1766;1878;-112;10:54:48.406842
1765;1878;-113;10:54:48.406842
1768;1875;-107;10:54:48.406842
1766;1876;-110;10:54:48.406842
1764;1875;-111;10:54:48.406842
1766;1877;-111;10:54:48.406842
1766;1877;-111;10:54:48.406842
1763;1875;-112;10:54:48.406842
1765;1876;-111;10:54:48.406842
1768;1877;-109;10:54:48.406842
1764;1877;-113;10:54:48.406842
1761;1875;-114;10:54:48.406842
1764;1875;-111;10:54:48.406842
1763;1877;-114;10:54:48.406842
1763;1874;-111;10:54:48.406842
1762;1874;-112;10:54:48.406842
1761;1873;-112;10:54:48.406842
1757;1871;-114;10:54:48.406842
1753;1870;-117;10:54:48.406842
1756;1869;-113;10:54:48.406842
1756;1868;-112;10:54:48.406842
1752;1867;-115;10:54:48.406842
1750;1866;-116;10:54:48.406842
1750;1867;-117;10:54:48.406842
1751;1866;-115;10:54:48.406842
1749;1866;-117;10:54:48.406842
1749;1867;-118;10:54:48.406842
1752;1870;-118;10:54:48.406842
1755;1870;-115;10:54:48.406842
1756;1872;-116;10:54:48.406842
1755;1871;-116;10:54:48.406842
1756;1868;-112;10:54:48.406842
1755;1867;-112;10:54:48.406842
1752;1866;-114;10:54:48.406842
1752;1866;-114;10:54:48.406842
1751;1866;-115;10:54:48.406842
1752;1867;-115;10:54:48.406842
1751;1867;-116;10:54:48.406842
1751;1865;-114;10:54:48.406842
1752;1866;-114;10:54:48.406842
1754;1868;-114;10:54:48.406842
1751;1865;-114;10:54:48.406842
1754;1863;-109;10:54:48.406842
1750;1865;-115;10:54:48.406842
1748;1865;-117;10:54:48.406842
1749;1864;-115;10:54:48.406842
1748;1863;-115;10:54:48.406842
1745;1859;-114;10:54:48.406842
1743;1859;-116;10:54:48.406842
1746;1857;-111;10:54:48.406842
1745;1856;-111;10:54:48.406842
1743;1854;-111;10:54:48.406842
1742;1855;-113;10:54:48.406842
1742;1858;-116;10:54:48.406842
1740;1857;-117;10:54:48.406842
1740;1855;-115;10:54:48.406842
1738;1853;-115;10:54:48.406842
1734;1855;-121;10:54:48.406842
1736;1855;-119;10:54:48.406842
1739;1855;-116;10:54:48.406842
1736;1853;-117;10:54:48.406842
1736;1853;-117;10:54:48.406842
1738;1854;-116;10:54:48.406842
1737;1855;-118;10:54:48.406842
1736;1855;-119;10:54:48.406842
1737;1856;-119;10:54:48.406842
1740;1857;-117;10:54:48.406842
1741;1858;-117;10:54:48.406842
1743;1858;-115;10:54:48.406842
1745;1857;-112;10:54:48.406842
1742;1858;-116;10:54:48.406842
1743;1857;-114;10:54:48.406842
1743;1856;-113;10:54:48.406842
1740;1857;-117;10:54:48.406842
1742;1857;-115;10:54:48.406842
1742;1860;-118;10:54:48.406842
1741;1859;-118;10:54:48.406842
1740;1859;-119;10:54:48.406842
1741;1860;-119;10:54:48.406842
1742;1859;-117;10:54:48.406842
1743;1857;-114;10:54:48.496890
1740;1857;-117;10:54:48.496890
1741;1855;-114;10:54:48.496890
1743;1854;-111;10:54:48.496890
1744;1855;-111;10:54:48.496890
1745;1856;-111;10:54:48.496890
1743;1856;-113;10:54:48.496890
1742;1856;-114;10:54:48.496890
1743;1855;-112;10:54:48.496890
1742;1854;-112;10:54:48.496890
1743;1858;-115;10:54:48.496890
1743;1861;-118;10:54:48.496890
1742;1861;-119;10:54:48.496890
1743;1862;-119;10:54:48.496890
1744;1861;-117;10:54:48.496890
1746;1863;-117;10:54:48.496890
1747;1863;-116;10:54:48.496890
1747;1863;-116;10:54:48.496890
1746;1862;-116;10:54:48.496890
1749;1861;-112;10:54:48.496890
1752;1861;-109;10:54:48.496890
1751;1861;-110;10:54:48.496890
1749;1862;-113;10:54:48.496890
1750;1862;-112;10:54:48.496890
1746;1862;-116;10:54:48.496890
1747;1861;-114;10:54:48.496890
1749;1861;-112;10:54:48.496890
1749;1865;-116;10:54:48.496890
1750;1867;-117;10:54:48.496890
1750;1866;-116;10:54:48.496890
1752;1865;-113;10:54:48.496890
1753;1864;-111;10:54:48.496890
1758;1866;-108;10:54:48.496890
1759;1868;-109;10:54:48.496890
1758;1867;-109;10:54:48.496890
1756;1868;-112;10:54:48.496890
1752;1866;-114;10:54:48.496890
1752;1865;-113;10:54:48.496890
1751;1865;-114;10:54:48.496890
1749;1863;-114;10:54:48.496890
1749;1863;-114;10:54:48.496890
1750;1865;-115;10:54:48.496890
1751;1863;-112;10:54:48.496890
1752;1863;-111;10:54:48.496890
1751;1865;-114;10:54:48.496890
1754;1866;-112;10:54:48.496890
1755;1868;-113;10:54:48.496890
1754;1866;-112;10:54:48.496890
1751;1868;-117;10:54:48.496890
1749;1869;-120;10:54:48.496890
1753;1870;-117;10:54:48.496890
1754;1869;-115;10:54:48.496890
1755;1868;-113;10:54:48.496890
1757;1871;-114;10:54:48.496890
1756;1873;-117;10:54:48.496890
1756;1872;-116;10:54:48.496890
1757;1876;-119;10:54:48.496890
1763;1877;-114;10:54:48.496890
1763;1880;-117;10:54:48.496890
1764;1881;-117;10:54:48.496890
1767;1882;-115;10:54:48.496890
1767;1882;-115;10:54:48.496890
1769;1881;-112;10:54:48.496890
1771;1882;-111;10:54:48.496890
1771;1882;-111;10:54:48.496890
1772;1881;-109;10:54:48.496890
1771;1879;-108;10:54:48.496890
1769;1877;-108;10:54:48.496890
1770;1879;-109;10:54:48.496890
1768;1878;-110;10:54:48.496890
1770;1880;-110;10:54:48.496890
1768;1876;-108;10:54:48.496890
1765;1878;-113;10:54:48.496890
1765;1875;-110;10:54:48.496890
1763;1874;-111;10:54:48.496890
1760;1870;-110;10:54:48.496890
1759;1870;-111;10:54:48.496890
1760;1871;-111;10:54:48.496890
1757;1871;-114;10:54:48.496890
1753;1871;-118;10:54:48.496890
1755;1874;-119;10:54:48.496890
1757;1873;-116;10:54:48.496890
1756;1873;-117;10:54:48.496890
1762;1874;-112;10:54:48.496890
1757;1876;-119;10:54:48.496890
1757;1875;-118;10:54:48.496890
1760;1876;-116;10:54:48.496890
1759;1876;-117;10:54:48.496890
1758;1876;-118;10:54:48.496890
1760;1875;-115;10:54:48.496890
1760;1878;-118;10:54:48.496890
1760;1878;-118;10:54:48.496890
1761;1878;-117;10:54:48.496890
1763;1880;-117;10:54:48.496890
1764;1882;-118;10:54:48.496890
1766;1883;-117;10:54:48.496890
1771;1884;-113;10:54:48.496890
1770;1883;-113;10:54:48.496890
1769;1883;-114;10:54:48.496890
1770;1884;-114;10:54:48.496890
1770;1885;-115;10:54:48.496890
1770;1883;-113;10:54:48.496890
1771;1882;-111;10:54:48.496890
1770;1884;-114;10:54:48.496890
1767;1882;-115;10:54:48.496890
1766;1880;-114;10:54:48.496890
1767;1880;-113;10:54:48.496890
1766;1879;-113;10:54:48.496890
1764;1876;-112;10:54:48.496890
1761;1875;-114;10:54:48.496890
1761;1876;-115;10:54:48.496890
1760;1875;-115;10:54:48.496890
1759;1872;-113;10:54:48.496890
1757;1873;-116;10:54:48.496890
1756;1873;-117;10:54:48.496890
1756;1869;-113;10:54:48.496890
1754;1869;-115;10:54:48.496890
1756;1868;-112;10:54:48.496890
1755;1872;-117;10:54:48.496890
1755;1872;-117;10:54:48.496890
1756;1871;-115;10:54:48.496890
1756;1872;-116;10:54:48.496890
1755;1872;-117;10:54:48.496890
1756;1873;-117;10:54:48.496890
1755;1871;-116;10:54:48.496890
1754;1867;-113;10:54:48.496890
1756;1867;-111;10:54:48.496890
1754;1864;-110;10:54:48.496890
1752;1866;-114;10:54:48.496890
1751;1867;-116;10:54:48.496890
1751;1868;-117;10:54:48.496890
1749;1866;-117;10:54:48.496890
1750;1867;-117;10:54:48.496890
1754;1871;-117;10:54:48.496890
1754;1871;-117;10:54:48.496890
1756;1873;-117;10:54:48.496890
1758;1873;-115;10:54:48.496890
1760;1876;-116;10:54:48.496890
1762;1875;-113;10:54:48.496890
1761;1874;-113;10:54:48.496890
1759;1873;-114;10:54:48.496890
1758;1877;-119;10:54:48.496890
1760;1877;-117;10:54:48.496890
1758;1875;-117;10:54:48.496890
1758;1875;-117;10:54:48.496890
1759;1875;-116;10:54:48.496890
1759;1872;-113;10:54:48.496890
1757;1867;-110;10:54:48.496890
1759;1868;-109;10:54:48.496890
1757;1868;-111;10:54:48.496890
1755;1868;-113;10:54:48.496890
1757;1866;-109;10:54:48.496890
1758;1868;-110;10:54:48.496890
1755;1869;-114;10:54:48.496890
1753;1867;-114;10:54:48.496890
1754;1868;-114;10:54:48.496890
1755;1868;-113;10:54:48.496890
1755;1868;-113;10:54:48.496890
1756;1869;-113;10:54:48.496890
1756;1870;-114;10:54:48.496890
1754;1874;-120;10:54:48.496890
1755;1872;-117;10:54:48.496890
1754;1874;-120;10:54:48.496890
1750;1873;-123;10:54:48.496890
1749;1872;-123;10:54:48.496890
1754;1870;-116;10:54:48.496890
1755;1869;-114;10:54:48.496890
1753;1869;-116;10:54:48.496890
1756;1869;-113;10:54:48.496890
1758;1870;-112;10:54:48.496890
1755;1869;-114;10:54:48.496890
1756;1869;-113;10:54:48.496890
1758;1870;-112;10:54:48.496890
1758;1873;-115;10:54:48.496890
1759;1872;-113;10:54:48.496890
1758;1869;-111;10:54:48.496890
1760;1871;-111;10:54:48.496890
1760;1872;-112;10:54:48.496890
1760;1874;-114;10:54:48.496890
1760;1872;-112;10:54:48.496890
1758;1873;-115;10:54:48.496890
1758;1873;-115;10:54:48.496890
1757;1872;-115;10:54:48.496890
1758;1869;-111;10:54:48.496890
1755;1868;-113;10:54:48.496890
1753;1867;-114;10:54:48.496890
1753;1868;-115;10:54:48.496890
1750;1864;-114;10:54:48.496890
1752;1862;-110;10:54:48.496890
1751;1862;-111;10:54:48.496890
1748;1862;-114;10:54:48.496890
1749;1862;-113;10:54:48.496890
1746;1860;-114;10:54:48.496890
1748;1861;-113;10:54:48.496890
1748;1862;-114;10:54:48.496890
1749;1865;-116;10:54:48.496890
1752;1868;-116;10:54:48.496890
1753;1870;-117;10:54:48.496890
1752;1868;-116;10:54:48.496890
1754;1871;-117;10:54:48.496890
1755;1869;-114;10:54:48.496890
1756;1869;-113;10:54:48.496890
1758;1870;-112;10:54:48.496890
1760;1872;-112;10:54:48.496890
1759;1874;-115;10:54:48.496890
1758;1871;-113;10:54:48.496890
1757;1870;-113;10:54:48.496890
1757;1870;-113;10:54:48.496890
1759;1870;-111;10:54:48.496890
1759;1869;-110;10:54:48.496890
1757;1871;-114;10:54:48.496890
1758;1867;-109;10:54:48.496890
1757;1868;-111;10:54:48.496890
1753;1868;-115;10:54:48.496890
1753;1870;-117;10:54:48.496890
1756;1871;-115;10:54:48.496890
1757;1871;-114;10:54:48.496890
1758;1871;-113;10:54:48.496890
1759;1869;-110;10:54:48.496890
1759;1868;-109;10:54:48.496890
1758;1867;-109;10:54:48.496890
1758;1867;-109;10:54:48.496890
1756;1867;-111;10:54:48.496890
1756;1867;-111;10:54:48.496890
1752;1868;-116;10:54:48.496890
1750;1867;-117;10:54:48.496890
1750;1865;-115;10:54:48.496890
1751;1866;-115;10:54:48.496890
1750;1863;-113;10:54:48.496890
1751;1860;-109;10:54:48.496890
1752;1860;-108;10:54:48.496890
1751;1858;-107;10:54:48.496890
1753;1859;-106;10:54:48.496890
1751;1862;-111;10:54:48.496890
1751;1862;-111;10:54:48.496890
1751;1863;-112;10:54:48.496890
1750;1866;-116;10:54:48.496890
1750;1868;-118;10:54:48.496890
1752;1870;-118;10:54:48.496890
1753;1868;-115;10:54:48.496890
1755;1868;-113;10:54:48.496890
1753;1866;-113;10:54:48.496890
1755;1866;-111;10:54:48.496890
1757;1865;-108;10:54:48.496890
1757;1867;-110;10:54:48.496890
1754;1868;-114;10:54:48.496890
1755;1871;-116;10:54:48.496890
1752;1870;-118;10:54:48.496890
1754;1870;-116;10:54:48.496890
1756;1869;-113;10:54:48.496890
1755;1868;-113;10:54:48.496890
1760;1868;-108;10:54:48.496890
1759;1869;-110;10:54:48.496890
1757;1869;-112;10:54:48.496890
1757;1868;-111;10:54:48.496890
1758;1871;-113;10:54:48.512849
1758;1872;-114;10:54:48.512849
1759;1871;-112;10:54:48.512849
1760;1873;-113;10:54:48.512849
1761;1874;-113;10:54:48.512849
1761;1875;-114;10:54:48.512849
1760;1875;-115;10:54:48.512849
1760;1874;-114;10:54:48.512849
1760;1873;-113;10:54:48.512849
1760;1871;-111;10:54:48.512849
1755;1869;-114;10:54:48.512849
1755;1866;-111;10:54:48.512849
1754;1867;-113;10:54:48.512849
1752;1867;-115;10:54:48.512849
1757;1866;-109;10:54:48.512849
1756;1868;-112;10:54:48.512849
1753;1868;-115;10:54:48.512849
1755;1869;-114;10:54:48.512849
1755;1868;-113;10:54:48.512849
1754;1868;-114;10:54:48.512849
1753;1869;-116;10:54:48.512849
1753;1870;-117;10:54:48.512849
1753;1870;-117;10:54:48.512849
1754;1871;-117;10:54:48.512849
1757;1872;-115;10:54:48.512849
1757;1873;-116;10:54:48.512849
1759;1874;-115;10:54:48.512849
1760;1874;-114;10:54:48.512849
1761;1874;-113;10:54:48.512849
1760;1873;-113;10:54:48.512849
1758;1871;-113;10:54:48.512849
1759;1872;-113;10:54:48.512849
1758;1871;-113;10:54:48.512849
1758;1870;-112;10:54:48.512849
1760;1871;-111;10:54:48.512849
1759;1872;-113;10:54:48.512849
1757;1872;-115;10:54:48.512849
1757;1872;-115;10:54:48.512849
1758;1872;-114;10:54:48.512849
1755;1871;-116;10:54:48.512849
1755;1868;-113;10:54:48.512849
1754;1869;-115;10:54:48.512849
1755;1867;-112;10:54:48.512849
1754;1865;-111;10:54:48.512849
1751;1863;-112;10:54:48.512849
1748;1863;-115;10:54:48.512849
1746;1862;-116;10:54:48.512849
1751;1862;-111;10:54:48.512849
1750;1861;-111;10:54:48.512849
1749;1861;-112;10:54:48.512849
1750;1863;-113;10:54:48.512849
1749;1865;-116;10:54:48.512849
1749;1864;-115;10:54:48.512849
1747;1864;-117;10:54:48.512849
1751;1864;-113;10:54:48.512849
1751;1864;-113;10:54:48.512849
1750;1865;-115;10:54:48.512849
1748;1865;-117;10:54:48.512849
1750;1867;-117;10:54:48.512849
1751;1867;-116;10:54:48.512849
1753;1864;-111;10:54:48.512849
1752;1865;-113;10:54:48.512849
1751;1865;-114;10:54:48.512849
1752;1864;-112;10:54:48.512849
1751;1864;-113;10:54:48.512849
1750;1862;-112;10:54:48.512849
1749;1863;-114;10:54:48.512849
1750;1862;-112;10:54:48.512849
1748;1861;-113;10:54:48.512849
1750;1864;-114;10:54:48.512849
1751;1864;-113;10:54:48.512849
1750;1865;-115;10:54:48.512849
1752;1864;-112;10:54:48.512849
1753;1865;-112;10:54:48.512849
1755;1867;-112;10:54:48.512849
1755;1868;-113;10:54:48.512849
1756;1869;-113;10:54:48.512849
1759;1869;-110;10:54:48.512849
1761;1870;-109;10:54:48.512849
1760;1870;-110;10:54:48.512849
1759;1870;-111;10:54:48.512849
1758;1871;-113;10:54:48.512849
1757;1870;-113;10:54:48.512849
1755;1869;-114;10:54:48.512849
1753;1866;-113;10:54:48.512849
1751;1863;-112;10:54:48.512849
1750;1864;-114;10:54:48.512849
1750;1862;-112;10:54:48.512849
1749;1861;-112;10:54:48.512849
1749;1860;-111;10:54:48.512849
1749;1863;-114;10:54:48.512849
1747;1862;-115;10:54:48.512849
1746;1864;-118;10:54:48.512849
1747;1860;-113;10:54:48.512849
1747;1859;-112;10:54:48.512849
1745;1861;-116;10:54:48.512849
1747;1864;-117;10:54:48.512849
1749;1865;-116;10:54:48.512849
1752;1865;-113;10:54:48.512849
1754;1869;-115;10:54:48.512849
1756;1869;-113;10:54:48.512849
1758;1872;-114;10:54:48.512849
1758;1872;-114;10:54:48.512849
1759;1873;-114;10:54:48.512849
1761;1872;-111;10:54:48.512849
1762;1872;-110;10:54:48.512849
1762;1874;-112;10:54:48.512849
1762;1873;-111;10:54:48.512849
1759;1871;-112;10:54:48.512849
1762;1869;-107;10:54:48.512849
1762;1869;-107;10:54:48.512849
1760;1869;-109;10:54:48.512849
1755;1869;-114;10:54:48.512849
1756;1869;-113;10:54:48.512849
1757;1867;-110;10:54:48.512849
1755;1866;-111;10:54:48.512849
1755;1867;-112;10:54:48.512849
1756;1866;-110;10:54:48.512849
1756;1865;-109;10:54:48.512849
1755;1866;-111;10:54:48.512849
1756;1866;-110;10:54:48.512849
1755;1864;-109;10:54:48.512849
1752;1862;-110;10:54:48.512849
1750;1863;-113;10:54:48.512849
1748;1864;-116;10:54:48.512849
1749;1866;-117;10:54:48.512849
1753;1867;-114;10:54:48.512849
1751;1869;-118;10:54:48.512849
1751;1866;-115;10:54:48.512849
1752;1865;-113;10:54:48.512849
1753;1865;-112;10:54:48.512849
1751;1865;-114;10:54:48.512849
1752;1865;-113;10:54:48.512849
1753;1870;-117;10:54:48.512849
1753;1869;-116;10:54:48.512849
1754;1869;-115;10:54:48.512849
1757;1869;-112;10:54:48.512849
1758;1871;-113;10:54:48.512849
1760;1871;-111;10:54:48.512849
1761;1872;-111;10:54:48.512849
1761;1875;-114;10:54:48.512849
1758;1876;-118;10:54:48.512849
1760;1876;-116;10:54:48.512849
1761;1876;-115;10:54:48.512849
1758;1878;-120;10:54:48.512849
1761;1879;-118;10:54:48.512849
1764;1877;-113;10:54:48.512849
1763;1878;-115;10:54:48.512849
1765;1876;-111;10:54:48.512849
1765;1877;-112;10:54:48.512849
1765;1876;-111;10:54:48.512849
1765;1875;-110;10:54:48.512849
1763;1876;-113;10:54:48.512849
1762;1875;-113;10:54:48.512849
1761;1874;-113;10:54:48.512849
1761;1873;-112;10:54:48.512849
1759;1876;-117;10:54:48.512849
1757;1874;-117;10:54:48.512849
1761;1873;-112;10:54:48.512849
1762;1874;-112;10:54:48.512849
1762;1876;-114;10:54:48.512849
1762;1876;-114;10:54:48.512849
1765;1878;-113;10:54:48.512849
1764;1882;-118;10:54:48.512849
1765;1881;-116;10:54:48.512849
1766;1881;-115;10:54:48.512849
1765;1880;-115;10:54:48.512849
1764;1880;-116;10:54:48.512849
1762;1881;-119;10:54:48.512849
1765;1881;-116;10:54:48.512849
1767;1881;-114;10:54:48.512849
1768;1879;-111;10:54:48.512849
1770;1880;-110;10:54:48.512849
1767;1879;-112;10:54:48.512849
1766;1880;-114;10:54:48.512849
1766;1880;-114;10:54:48.512849
1764;1880;-116;10:54:48.512849
1762;1879;-117;10:54:48.512849
1760;1880;-120;10:54:48.512849
1763;1879;-116;10:54:48.512849
1764;1877;-113;10:54:48.512849
1763;1876;-113;10:54:48.512849
1762;1876;-114;10:54:48.512849
1765;1877;-112;10:54:48.512849
1768;1877;-109;10:54:48.512849
1767;1881;-114;10:54:48.512849
1766;1879;-113;10:54:48.512849
1769;1881;-112;10:54:48.512849
1768;1881;-113;10:54:48.512849
1765;1882;-117;10:54:48.512849
1767;1882;-115;10:54:48.512849
1767;1882;-115;10:54:48.512849
1770;1884;-114;10:54:48.512849
1768;1881;-113;10:54:48.512849
1767;1881;-114;10:54:48.512849
1768;1879;-111;10:54:48.512849
1768;1881;-113;10:54:48.512849
1766;1877;-111;10:54:48.512849
1767;1878;-111;10:54:48.512849
1769;1883;-114;10:54:48.512849
1769;1882;-113;10:54:48.512849
1766;1882;-116;10:54:48.512849
1762;1878;-116;10:54:48.512849
1763;1874;-111;10:54:48.512849
1762;1876;-114;10:54:48.512849
1760;1873;-113;10:54:48.512849
1757;1872;-115;10:54:48.512849
1760;1869;-109;10:54:48.512849
1760;1871;-111;10:54:48.512849
1757;1872;-115;10:54:48.512849
1755;1870;-115;10:54:48.512849
1756;1870;-114;10:54:48.512849
1757;1871;-114;10:54:48.512849
1756;1871;-115;10:54:48.512849
1752;1871;-119;10:54:48.512849
1754;1873;-119;10:54:48.512849
1754;1876;-122;10:54:48.512849
1754;1871;-117;10:54:48.512849
1756;1869;-113;10:54:48.512849
1756;1870;-114;10:54:48.512849
1757;1870;-113;10:54:48.512849
1757;1870;-113;10:54:48.512849
1760;1870;-110;10:54:48.512849
1759;1873;-114;10:54:48.512849
1756;1877;-121;10:54:48.512849
1759;1874;-115;10:54:48.512849
1759;1870;-111;10:54:48.512849
1756;1873;-117;10:54:48.512849
1757;1872;-115;10:54:48.512849
1754;1871;-117;10:54:48.512849
1755;1870;-115;10:54:48.512849
1757;1869;-112;10:54:48.512849
1753;1870;-117;10:54:48.512849
1755;1866;-111;10:54:48.512849
1753;1864;-111;10:54:48.512849
1751;1866;-115;10:54:48.512849
1750;1866;-116;10:54:48.512849
1748;1866;-118;10:54:48.512849
1753;1861;-108;10:54:48.512849
1753;1867;-114;10:54:48.512849
1754;1870;-116;10:54:48.512849
1750;1870;-120;10:54:48.512849
1751;1868;-117;10:54:48.512849
1756;1867;-111;10:54:48.512849
1753;1869;-116;10:54:48.512849
1750;1866;-116;10:54:48.512849
1752;1869;-117;10:54:48.512849
1757;1869;-112;10:54:48.512849
1756;1871;-115;10:54:48.512849
1753;1871;-118;10:54:48.512849
1755;1869;-114;10:54:48.512849
1760;1870;-110;10:54:48.512849
1759;1872;-113;10:54:48.512849
1757;1871;-114;10:54:48.512849
1762;1868;-106;10:54:48.512849
1759;1875;-116;10:54:48.513846
1757;1874;-117;10:54:48.513846
1758;1873;-115;10:54:48.513846
1759;1876;-117;10:54:48.513846
1761;1874;-113;10:54:48.513846
1761;1874;-113;10:54:48.513846
1761;1873;-112;10:54:48.513846
1761;1875;-114;10:54:48.513846
1762;1876;-114;10:54:48.513846
1761;1875;-114;10:54:48.513846
1763;1872;-109;10:54:48.513846
1765;1874;-109;10:54:48.513846
1764;1874;-110;10:54:48.513846
1762;1876;-114;10:54:48.513846
1758;1874;-116;10:54:48.513846
1757;1871;-114;10:54:48.513846
1759;1874;-115;10:54:48.513846
1758;1874;-116;10:54:48.513846
1758;1870;-112;10:54:48.513846
1757;1868;-111;10:54:48.513846
1755;1867;-112;10:54:48.513846
1755;1869;-114;10:54:48.513846
1753;1871;-118;10:54:48.513846
1755;1872;-117;10:54:48.513846
1756;1868;-112;10:54:48.513846
1754;1870;-116;10:54:48.513846
1751;1872;-121;10:54:48.513846
1751;1868;-117;10:54:48.513846
1750;1870;-120;10:54:48.513846
1753;1872;-119;10:54:48.513846
1753;1869;-116;10:54:48.513846
1755;1866;-111;10:54:48.513846
1756;1867;-111;10:54:48.513846
1756;1869;-113;10:54:48.513846
1753;1874;-121;10:54:48.513846
1753;1873;-120;10:54:48.513846
1755;1874;-119;10:54:48.513846
1758;1875;-117;10:54:48.513846
1759;1875;-116;10:54:48.513846
1758;1876;-118;10:54:48.513846
1759;1873;-114;10:54:48.513846
1755;1873;-118;10:54:48.513846
1753;1873;-120;10:54:48.513846
1755;1871;-116;10:54:48.513846
1756;1874;-118;10:54:48.513846
1755;1872;-117;10:54:48.513846
1754;1872;-118;10:54:48.513846
1754;1869;-115;10:54:48.513846
1755;1873;-118;10:54:48.513846
1757;1873;-116;10:54:48.513846
1756;1873;-117;10:54:48.513846
1753;1870;-117;10:54:48.513846
1750;1867;-117;10:54:48.513846
1749;1869;-120;10:54:48.513846
1753;1868;-115;10:54:48.513846
1753;1866;-113;10:54:48.513846
1753;1867;-114;10:54:48.513846
1755;1869;-114;10:54:48.513846
1754;1871;-117;10:54:48.513846
1753;1870;-117;10:54:48.513846
1757;1872;-115;10:54:48.513846
1755;1875;-120;10:54:48.513846
1755;1876;-121;10:54:48.513846
1755;1874;-119;10:54:48.513846
1755;1873;-118;10:54:48.513846
1761;1871;-110;10:54:48.513846
1756;1873;-117;10:54:48.513846
1754;1875;-121;10:54:48.513846
1756;1873;-117;10:54:48.513846
1754;1875;-121;10:54:48.513846
1759;1874;-115;10:54:48.513846
1759;1877;-118;10:54:48.513846
1760;1877;-117;10:54:48.513846
1759;1877;-118;10:54:48.513846
1758;1878;-120;10:54:48.513846
1759;1874;-115;10:54:48.513846
1759;1875;-116;10:54:48.513846
1759;1875;-116;10:54:48.513846
1762;1874;-112;10:54:48.513846
1762;1875;-113;10:54:48.513846
1762;1873;-111;10:54:48.513846
1761;1873;-112;10:54:48.513846
1757;1877;-120;10:54:48.513846
1762;1874;-112;10:54:48.513846
1763;1876;-113;10:54:48.513846
1757;1876;-119;10:54:48.513846
1756;1878;-122;10:54:48.513846
1758;1877;-119;10:54:48.513846
1760;1878;-118;10:54:48.513846
1758;1875;-117;10:54:48.513846
1756;1872;-116;10:54:48.513846
1758;1871;-113;10:54:48.513846
1756;1870;-114;10:54:48.513846
1755;1867;-112;10:54:48.513846
1754;1870;-116;10:54:48.513846
1754;1870;-116;10:54:48.513846
1752;1872;-120;10:54:48.513846
1753;1871;-118;10:54:48.513846
1754;1870;-116;10:54:48.513846
1755;1870;-115;10:54:48.513846
1754;1872;-118;10:54:48.513846
1753;1870;-117;10:54:48.513846
1754;1869;-115;10:54:48.513846
1753;1869;-116;10:54:48.513846
1755;1870;-115;10:54:48.513846
1752;1870;-118;10:54:48.513846
1753;1870;-117;10:54:48.513846
1752;1870;-118;10:54:48.513846
1753;1875;-122;10:54:48.513846
1756;1872;-116;10:54:48.513846
1755;1872;-117;10:54:48.513846
1756;1870;-114;10:54:48.513846
1754;1869;-115;10:54:48.513846
1753;1867;-114;10:54:48.513846
1752;1864;-112;10:54:48.513846
1753;1864;-111;10:54:48.513846
1753;1866;-113;10:54:48.513846
1754;1869;-115;10:54:48.513846
1751;1867;-116;10:54:48.513846
1751;1870;-119;10:54:48.513846
1755;1866;-111;10:54:48.513846
1754;1865;-111;10:54:48.513846
1753;1866;-113;10:54:48.513846
1752;1865;-113;10:54:48.513846
1750;1865;-115;10:54:48.513846
1747;1865;-118;10:54:48.513846
1747;1866;-119;10:54:48.513846
1750;1862;-112;10:54:48.513846
1748;1863;-115;10:54:48.513846
1751;1865;-114;10:54:48.513846
1752;1866;-114;10:54:48.513846
1749;1865;-116;10:54:48.513846
1747;1862;-115;10:54:48.513846
1751;1862;-111;10:54:48.513846
1754;1864;-110;10:54:48.513846
1753;1867;-114;10:54:48.513846
1751;1866;-115;10:54:48.513846
1751;1867;-116;10:54:48.513846
1753;1866;-113;10:54:48.513846
1751;1866;-115;10:54:48.513846
1752;1865;-113;10:54:48.513846
1754;1868;-114;10:54:48.513846
1755;1868;-113;10:54:48.513846
1753;1867;-114;10:54:48.513846
1753;1869;-116;10:54:48.513846
1755;1867;-112;10:54:48.513846
1753;1868;-115;10:54:48.513846
1751;1868;-117;10:54:48.513846
1750;1868;-118;10:54:48.513846
1754;1868;-114;10:54:48.513846
1753;1869;-116;10:54:48.513846
1751;1866;-115;10:54:48.513846
1753;1866;-113;10:54:48.513846
1757;1867;-110;10:54:48.513846
1755;1870;-115;10:54:48.513846
1752;1867;-115;10:54:48.513846
1752;1866;-114;10:54:48.513846
1751;1867;-116;10:54:48.513846
1748;1868;-120;10:54:48.513846
1749;1864;-115;10:54:48.513846
1747;1860;-113;10:54:48.513846
1744;1862;-118;10:54:48.513846
1747;1861;-114;10:54:48.513846
1748;1859;-111;10:54:48.513846
1748;1860;-112;10:54:48.513846
1747;1863;-116;10:54:48.513846
1747;1864;-117;10:54:48.513846
1748;1865;-117;10:54:48.513846
1747;1865;-118;10:54:48.513846
1746;1865;-119;10:54:48.513846
1749;1863;-114;10:54:48.513846
1749;1858;-109;10:54:48.513846
1748;1856;-108;10:54:48.513846
1751;1859;-108;10:54:48.513846
1748;1862;-114;10:54:48.513846
1749;1864;-115;10:54:48.513846
1750;1870;-120;10:54:48.513846
1754;1872;-118;10:54:48.513846
1756;1872;-116;10:54:48.513846
1754;1874;-120;10:54:48.513846
1755;1874;-119;10:54:48.513846
1758;1872;-114;10:54:48.513846
1761;1870;-109;10:54:48.513846
1759;1872;-113;10:54:48.513846
1760;1871;-111;10:54:48.513846
1765;1870;-105;10:54:48.513846
1766;1874;-108;10:54:48.513846
1762;1875;-113;10:54:48.513846
1761;1869;-108;10:54:48.513846
1759;1871;-112;10:54:48.513846
1757;1873;-116;10:54:48.513846
1756;1873;-117;10:54:48.513846
1756;1869;-113;10:54:48.513846
1755;1867;-112;10:54:48.513846
1754;1868;-114;10:54:48.513846
1757;1868;-111;10:54:48.513846
1760;1869;-109;10:54:48.513846
1761;1868;-107;10:54:48.513846
1759;1872;-113;10:54:48.513846
1755;1869;-114;10:54:48.513846
1753;1866;-113;10:54:48.513846
1753;1868;-115;10:54:48.513846
1756;1868;-112;10:54:48.513846
1757;1869;-112;10:54:48.513846
1760;1867;-107;10:54:48.513846
1763;1871;-108;10:54:48.513846
1760;1868;-108;10:54:48.513846
1756;1867;-111;10:54:48.513846
1756;1871;-115;10:54:48.513846
1760;1876;-116;10:54:48.513846
1763;1872;-109;10:54:48.513846
1764;1874;-110;10:54:48.513846
1763;1878;-115;10:54:48.513846
1763;1876;-113;10:54:48.513846
1757;1872;-115;10:54:48.513846
1759;1872;-113;10:54:48.513846
1762;1874;-112;10:54:48.513846
1761;1876;-115;10:54:48.513846
1762;1877;-115;10:54:48.513846
1765;1876;-111;10:54:48.513846
1765;1875;-110;10:54:48.513846
1763;1877;-114;10:54:48.513846
1765;1877;-112;10:54:48.513846
1765;1876;-111;10:54:48.513846
1764;1876;-112;10:54:48.513846
1763;1876;-113;10:54:48.513846
1763;1878;-115;10:54:48.513846
1763;1878;-115;10:54:48.513846
1762;1881;-119;10:54:48.513846
1764;1883;-119;10:54:48.513846
1768;1884;-116;10:54:48.513846
1769;1884;-115;10:54:48.513846
1770;1880;-110;10:54:48.513846
1769;1879;-110;10:54:48.513846
1768;1878;-110;10:54:48.513846
1769;1879;-110;10:54:48.513846
1765;1882;-117;10:54:48.513846
1767;1882;-115;10:54:48.513846
1773;1883;-110;10:54:48.513846
1771;1883;-112;10:54:48.513846
1769;1883;-114;10:54:48.513846
1769;1883;-114;10:54:48.513846
1770;1883;-113;10:54:48.513846
1771;1883;-112;10:54:48.513846
1770;1887;-117;10:54:48.513846
1769;1887;-118;10:54:48.513846
1766;1885;-119;10:54:48.513846
1767;1884;-117;10:54:48.513846
1770;1887;-117;10:54:48.513846
1771;1881;-110;10:54:48.513846
1771;1878;-107;10:54:48.513846
1769;1881;-112;10:54:48.513846
1767;1878;-111;10:54:48.513846
1766;1876;-110;10:54:48.513846
1769;1878;-109;10:54:48.513846
1769;1881;-112;10:54:48.606598
1768;1882;-114;10:54:48.606598
1771;1883;-112;10:54:48.606598
1770;1884;-114;10:54:48.606598
1771;1881;-110;10:54:48.606598
1772;1882;-110;10:54:48.606598
1771;1881;-110;10:54:48.606598
1772;1881;-109;10:54:48.606598
1774;1882;-108;10:54:48.606598
1776;1883;-107;10:54:48.606598
1775;1882;-107;10:54:48.606598
1773;1878;-105;10:54:48.606598
1775;1882;-107;10:54:48.606598
1774;1883;-109;10:54:48.606598
1772;1880;-108;10:54:48.606598
1774;1879;-105;10:54:48.606598
1770;1881;-111;10:54:48.606598
1769;1881;-112;10:54:48.606598
1769;1879;-110;10:54:48.606598
1770;1878;-108;10:54:48.606598
1766;1880;-114;10:54:48.606598
1767;1875;-108;10:54:48.606598
1767;1870;-103;10:54:48.606598
1765;1871;-106;10:54:48.606598
1765;1870;-105;10:54:48.606598
1764;1871;-107;10:54:48.606598
1760;1867;-107;10:54:48.606598
1757;1864;-107;10:54:48.606598
1755;1863;-108;10:54:48.606598
1758;1867;-109;10:54:48.606598
1758;1871;-113;10:54:48.606598
1760;1872;-112;10:54:48.606598
1762;1873;-111;10:54:48.606598
1763;1870;-107;10:54:48.606598
1763;1872;-109;10:54:48.606598
1765;1874;-109;10:54:48.606598
1766;1874;-108;10:54:48.606598
1767;1874;-107;10:54:48.606598
1767;1876;-109;10:54:48.606598
1764;1872;-108;10:54:48.606598
1764;1868;-104;10:54:48.606598
1763;1870;-107;10:54:48.606598
1761;1870;-109;10:54:48.606598
1760;1869;-109;10:54:48.606598
1763;1866;-103;10:54:48.606598
1761;1866;-105;10:54:48.606598
1756;1863;-107;10:54:48.606598
1757;1863;-106;10:54:48.606598
1758;1866;-108;10:54:48.606598
1758;1864;-106;10:54:48.606598
1754;1865;-111;10:54:48.606598
1755;1866;-111;10:54:48.606598
1754;1867;-113;10:54:48.606598
1754;1863;-109;10:54:48.606598
1758;1861;-103;10:54:48.606598
1758;1862;-104;10:54:48.606598
1753;1861;-108;10:54:48.606598
1751;1857;-106;10:54:48.606598
1752;1856;-104;10:54:48.606598
1754;1857;-103;10:54:48.606598
1755;1854;-99;10:54:48.606598
1754;1858;-104;10:54:48.606598
1756;1861;-105;10:54:48.606598
1753;1862;-109;10:54:48.606598
1752;1864;-112;10:54:48.606598
1754;1864;-110;10:54:48.606598
1756;1866;-110;10:54:48.606598
1756;1863;-107;10:54:48.606598
1757;1861;-104;10:54:48.606598
1757;1863;-106;10:54:48.606598
1758;1862;-104;10:54:48.606598
1757;1862;-105;10:54:48.606598
1755;1861;-106;10:54:48.606598
1753;1861;-108;10:54:48.606598
1758;1864;-106;10:54:48.606598
1756;1863;-107;10:54:48.606598
1753;1861;-108;10:54:48.606598
1754;1864;-110;10:54:48.606598
1757;1864;-107;10:54:48.606598
1757;1864;-107;10:54:48.606598
1756;1864;-108;10:54:48.606598
1753;1865;-112;10:54:48.606598
1754;1867;-113;10:54:48.606598
1755;1867;-112;10:54:48.606598
1763;1863;-100;10:54:48.606598
1764;1862;-98;10:54:48.606598
1759;1864;-105;10:54:48.606598
1754;1862;-108;10:54:48.606598
1751;1861;-110;10:54:48.606598
1753;1859;-106;10:54:48.606598
1752;1861;-109;10:54:48.606598
1752;1861;-109;10:54:48.606598
1751;1860;-109;10:54:48.606598
1752;1862;-110;10:54:48.606598
1749;1863;-114;10:54:48.606598
1748;1866;-118;10:54:48.606598
1748;1857;-109;10:54:48.606598
1751;1856;-105;10:54:48.606598
1747;1854;-107;10:54:48.606598
1743;1854;-111;10:54:48.606598
1742;1853;-111;10:54:48.606598
1743;1855;-112;10:54:48.606598
1740;1853;-113;10:54:48.606598
1740;1851;-111;10:54:48.606598
1745;1850;-105;10:54:48.606598
1745;1852;-107;10:54:48.606598
1739;1855;-116;10:54:48.606598
1739;1858;-119;10:54:48.606598
1744;1857;-113;10:54:48.606598
1744;1857;-113;10:54:48.606598
1744;1859;-115;10:54:48.606598
1747;1854;-107;10:54:48.606598
1749;1857;-108;10:54:48.606598
1746;1859;-113;10:54:48.606598
1750;1859;-109;10:54:48.606598
1751;1859;-108;10:54:48.606598
1758;1861;-103;10:54:48.606598
1758;1862;-104;10:54:48.606598
1756;1862;-106;10:54:48.606598
1760;1862;-102;10:54:48.606598
1760;1869;-109;10:54:48.606598
1760;1870;-110;10:54:48.606598
1761;1869;-108;10:54:48.606598
1763;1870;-107;10:54:48.606598
1764;1869;-105;10:54:48.606598
1760;1867;-107;10:54:48.606598
1760;1866;-106;10:54:48.606598
1762;1866;-104;10:54:48.606598
1762;1864;-102;10:54:48.606598
1759;1866;-107;10:54:48.606598
1761;1865;-104;10:54:48.606598
1763;1865;-102;10:54:48.606598
1762;1864;-102;10:54:48.606598
1761;1863;-102;10:54:48.606598
1758;1864;-106;10:54:48.606598
1758;1866;-108;10:54:48.606598
1756;1868;-112;10:54:48.606598
1756;1871;-115;10:54:48.606598
1755;1865;-110;10:54:48.606598
1756;1864;-108;10:54:48.606598
1758;1866;-108;10:54:48.606598
1760;1863;-103;10:54:48.606598
1760;1866;-106;10:54:48.606598
1759;1868;-109;10:54:48.606598
1763;1871;-108;10:54:48.606598
1761;1870;-109;10:54:48.606598
1758;1874;-116;10:54:48.606598
1760;1873;-113;10:54:48.606598
1761;1872;-111;10:54:48.606598
1765;1869;-104;10:54:48.606598
1767;1869;-102;10:54:48.606598
1763;1872;-109;10:54:48.606598
1763;1873;-110;10:54:48.606598
1764;1871;-107;10:54:48.606598
1764;1871;-107;10:54:48.606598
1762;1871;-109;10:54:48.606598
1760;1871;-111;10:54:48.606598
1760;1870;-110;10:54:48.606598
1761;1870;-109;10:54:48.606598
1759;1869;-110;10:54:48.606598
1762;1867;-105;10:54:48.606598
1763;1867;-104;10:54:48.606598
1761;1869;-108;10:54:48.606598
1761;1868;-107;10:54:48.606598
1760;1866;-106;10:54:48.606598
1757;1865;-108;10:54:48.606598
1756;1870;-114;10:54:48.606598
1757;1870;-113;10:54:48.606598
1755;1869;-114;10:54:48.606598
1759;1868;-109;10:54:48.606598
1760;1869;-109;10:54:48.606598
1759;1871;-112;10:54:48.606598
1758;1870;-112;10:54:48.606598
1761;1871;-110;10:54:48.606598
1762;1869;-107;10:54:48.606598
1760;1867;-107;10:54:48.606598
1762;1867;-105;10:54:48.606598
1765;1870;-105;10:54:48.606598
1763;1872;-109;10:54:48.606598
1759;1872;-113;10:54:48.606598
1760;1870;-110;10:54:48.606598
1761;1872;-111;10:54:48.606598
1758;1871;-113;10:54:48.606598
1757;1873;-116;10:54:48.606598
1758;1873;-115;10:54:48.606598
1761;1874;-113;10:54:48.606598
1763;1876;-113;10:54:48.606598
1763;1874;-111;10:54:48.606598
1765;1872;-107;10:54:48.606598
1768;1875;-107;10:54:48.606598
1769;1879;-110;10:54:48.606598
1768;1875;-107;10:54:48.606598
1767;1873;-106;10:54:48.606598
1767;1875;-108;10:54:48.606598
1765;1875;-110;10:54:48.606598
1766;1873;-107;10:54:48.606598
1764;1872;-108;10:54:48.606598
1763;1871;-108;10:54:48.606598
1760;1870;-110;10:54:48.606598
1759;1869;-110;10:54:48.606598
1753;1866;-113;10:54:48.606598
1753;1863;-110;10:54:48.606598
1754;1863;-109;10:54:48.606598
1748;1863;-115;10:54:48.606598
1749;1858;-109;10:54:48.606598
1755;1854;-99;10:54:48.606598
1753;1860;-107;10:54:48.606598
1747;1860;-113;10:54:48.606598
1748;1858;-110;10:54:48.606598
1750;1857;-107;10:54:48.606598
1744;1860;-116;10:54:48.606598
1742;1859;-117;10:54:48.606598
1741;1857;-116;10:54:48.606598
1746;1861;-115;10:54:48.606598
1747;1862;-115;10:54:48.606598
1749;1864;-115;10:54:48.606598
1752;1859;-107;10:54:48.606598
1751;1860;-109;10:54:48.606598
1749;1862;-113;10:54:48.606598
1751;1860;-109;10:54:48.606598
1750;1861;-111;10:54:48.606598
1751;1863;-112;10:54:48.606598
1752;1868;-116;10:54:48.606598
1753;1865;-112;10:54:48.606598
1755;1866;-111;10:54:48.606598
1753;1868;-115;10:54:48.606598
1752;1868;-116;10:54:48.606598
1756;1862;-106;10:54:48.606598
1754;1863;-109;10:54:48.606598
1752;1868;-116;10:54:48.606598
1750;1866;-116;10:54:48.606598
1749;1865;-116;10:54:48.606598
1753;1864;-111;10:54:48.606598
1752;1863;-111;10:54:48.606598
1751;1863;-112;10:54:48.606598
1755;1864;-109;10:54:48.606598
1752;1862;-110;10:54:48.606598
1750;1861;-111;10:54:48.606598
1750;1860;-110;10:54:48.606598
1748;1862;-114;10:54:48.606598
1748;1860;-112;10:54:48.606598
1747;1859;-112;10:54:48.606598
1745;1857;-112;10:54:48.606598
1748;1857;-109;10:54:48.606598
1748;1859;-111;10:54:48.606598
1745;1858;-113;10:54:48.606598
1745;1861;-116;10:54:48.606598
1745;1862;-117;10:54:48.606598
1747;1861;-114;10:54:48.606598
1746;1861;-115;10:54:48.606598
1748;1861;-113;10:54:48.606598
1751;1862;-111;10:54:48.606598
1750;1859;-109;10:54:48.606598
1748;1861;-113;10:54:48.606598
1751;1860;-109;10:54:48.606598
1749;1863;-114;10:54:48.624550
1749;1859;-110;10:54:48.624550
1750;1859;-109;10:54:48.624550
1747;1860;-113;10:54:48.624550
1747;1861;-114;10:54:48.624550
1748;1860;-112;10:54:48.624550
1750;1863;-113;10:54:48.624550
1751;1865;-114;10:54:48.624550
1750;1865;-115;10:54:48.624550
1751;1862;-111;10:54:48.624550
1749;1864;-115;10:54:48.624550
1753;1868;-115;10:54:48.624550
1755;1865;-110;10:54:48.624550
1755;1863;-108;10:54:48.624550
1757;1866;-109;10:54:48.624550
1757;1868;-111;10:54:48.624550
1758;1866;-108;10:54:48.624550
1755;1864;-109;10:54:48.624550
1753;1862;-109;10:54:48.624550
1752;1866;-114;10:54:48.624550
1750;1864;-114;10:54:48.624550
1746;1859;-113;10:54:48.624550
1746;1860;-114;10:54:48.624550
1753;1860;-107;10:54:48.624550
1753;1860;-107;10:54:48.624550
1748;1861;-113;10:54:48.624550
1750;1862;-112;10:54:48.624550
1753;1865;-112;10:54:48.624550
1753;1866;-113;10:54:48.624550
1751;1865;-114;10:54:48.624550
1748;1863;-115;10:54:48.624550
1748;1861;-113;10:54:48.624550
1750;1861;-111;10:54:48.624550
1748;1862;-114;10:54:48.624550
1748;1860;-112;10:54:48.624550
1748;1858;-110;10:54:48.624550
1746;1863;-117;10:54:48.624550
1746;1865;-119;10:54:48.624550
1745;1860;-115;10:54:48.624550
1745;1861;-116;10:54:48.624550
1744;1861;-117;10:54:48.624550
1747;1860;-113;10:54:48.624550
1745;1858;-113;10:54:48.624550
1748;1860;-112;10:54:48.624550
1750;1861;-111;10:54:48.624550
1749;1861;-112;10:54:48.624550
1751;1862;-111;10:54:48.624550
1752;1863;-111;10:54:48.624550
1752;1863;-111;10:54:48.624550
1752;1865;-113;10:54:48.624550
1751;1866;-115;10:54:48.624550
1753;1866;-113;10:54:48.624550
1753;1867;-114;10:54:48.624550
1751;1869;-118;10:54:48.624550
1756;1867;-111;10:54:48.624550
1756;1865;-109;10:54:48.624550
1754;1868;-114;10:54:48.624550
1753;1865;-112;10:54:48.624550
1752;1865;-113;10:54:48.624550
1754;1864;-110;10:54:48.624550
1753;1865;-112;10:54:48.624550
1752;1868;-116;10:54:48.624550
1756;1866;-110;10:54:48.624550
1754;1864;-110;10:54:48.624550
1752;1865;-113;10:54:48.624550
1753;1866;-113;10:54:48.624550
1753;1867;-114;10:54:48.624550
1750;1867;-117;10:54:48.624550
1751;1866;-115;10:54:48.624550
1752;1867;-115;10:54:48.624550
1754;1870;-116;10:54:48.624550
1753;1870;-117;10:54:48.624550
1755;1872;-117;10:54:48.624550
1755;1870;-115;10:54:48.624550
1754;1871;-117;10:54:48.624550
1758;1872;-114;10:54:48.624550
1759;1871;-112;10:54:48.624550
1759;1873;-114;10:54:48.624550
1759;1874;-115;10:54:48.624550
1761;1875;-114;10:54:48.624550
1760;1873;-113;10:54:48.624550
1761;1874;-113;10:54:48.624550
1761;1874;-113;10:54:48.624550
1759;1875;-116;10:54:48.624550
1761;1876;-115;10:54:48.624550
1763;1878;-115;10:54:48.624550
1762;1880;-118;10:54:48.624550
1763;1877;-114;10:54:48.624550
1764;1875;-111;10:54:48.624550
1765;1878;-113;10:54:48.624550
1764;1878;-114;10:54:48.624550
1763;1879;-116;10:54:48.624550
1765;1880;-115;10:54:48.624550
1767;1878;-111;10:54:48.624550
1762;1875;-113;10:54:48.624550
1760;1875;-115;10:54:48.624550
1757;1876;-119;10:54:48.624550
1759;1872;-113;10:54:48.624550
1759;1872;-113;10:54:48.624550
1760;1873;-113;10:54:48.624550
1762;1877;-115;10:54:48.624550
1765;1876;-111;10:54:48.624550
1759;1875;-116;10:54:48.624550
1758;1874;-116;10:54:48.624550
1760;1873;-113;10:54:48.624550
1759;1876;-117;10:54:48.624550
1757;1874;-117;10:54:48.624550
1756;1871;-115;10:54:48.624550
1758;1877;-119;10:54:48.624550
1758;1878;-120;10:54:48.624550
1759;1877;-118;10:54:48.624550
1759;1875;-116;10:54:48.624550
1760;1872;-112;10:54:48.624550
1760;1873;-113;10:54:48.624550
1760;1874;-114;10:54:48.624550
1759;1875;-116;10:54:48.624550
1759;1875;-116;10:54:48.624550
1755;1876;-121;10:54:48.624550
1757;1879;-122;10:54:48.624550
1759;1878;-119;10:54:48.624550
1761;1875;-114;10:54:48.624550
1760;1878;-118;10:54:48.624550
1757;1879;-122;10:54:48.624550
1757;1876;-119;10:54:48.624550
1759;1874;-115;10:54:48.624550
1758;1875;-117;10:54:48.624550
1756;1868;-112;10:54:48.624550
1759;1870;-111;10:54:48.624550
1757;1874;-117;10:54:48.624550
1754;1875;-121;10:54:48.624550
1755;1874;-119;10:54:48.624550
1758;1875;-117;10:54:48.624550
1754;1873;-119;10:54:48.624550
1753;1871;-118;10:54:48.624550
1754;1870;-116;10:54:48.624550
1754;1869;-115;10:54:48.624550
1751;1867;-116;10:54:48.624550
1752;1868;-116;10:54:48.624550
1750;1868;-118;10:54:48.624550
1748;1869;-121;10:54:48.624550
1750;1866;-116;10:54:48.624550
1749;1865;-116;10:54:48.624550
1748;1863;-115;10:54:48.624550
1747;1861;-114;10:54:48.624550
1745;1864;-119;10:54:48.624550
1746;1862;-116;10:54:48.624550
1743;1862;-119;10:54:48.624550
1744;1863;-119;10:54:48.624550
1746;1862;-116;10:54:48.624550
1746;1861;-115;10:54:48.624550
1745;1862;-117;10:54:48.624550
1747;1860;-113;10:54:48.624550
1747;1864;-117;10:54:48.624550
1749;1865;-116;10:54:48.624550
1750;1864;-114;10:54:48.624550
1749;1865;-116;10:54:48.624550
1750;1866;-116;10:54:48.624550
1749;1863;-114;10:54:48.624550
1746;1863;-117;10:54:48.624550
1749;1860;-111;10:54:48.624550
1748;1859;-111;10:54:48.624550
1749;1859;-110;10:54:48.624550
1748;1861;-113;10:54:48.624550
1748;1864;-116;10:54:48.624550
1750;1863;-113;10:54:48.624550
1750;1863;-113;10:54:48.624550
1749;1863;-114;10:54:48.624550
1750;1862;-112;10:54:48.624550
1749;1864;-115;10:54:48.624550
1749;1861;-112;10:54:48.624550
1748;1860;-112;10:54:48.624550
1752;1859;-107;10:54:48.624550
1751;1859;-108;10:54:48.624550
1747;1856;-109;10:54:48.624550
1746;1857;-111;10:54:48.624550
1745;1857;-112;10:54:48.624550
1743;1856;-113;10:54:48.624550
1743;1859;-116;10:54:48.624550
1744;1859;-115;10:54:48.624550
1745;1861;-116;10:54:48.624550
1745;1863;-118;10:54:48.624550
1749;1859;-110;10:54:48.624550
1749;1861;-112;10:54:48.624550
1748;1858;-110;10:54:48.624550
1747;1858;-111;10:54:48.624550
1748;1860;-112;10:54:48.624550
1751;1861;-110;10:54:48.624550
1750;1862;-112;10:54:48.624550
1750;1860;-110;10:54:48.624550
1748;1863;-115;10:54:48.624550
1748;1863;-115;10:54:48.624550
1749;1860;-111;10:54:48.624550
1750;1861;-111;10:54:48.624550
1751;1863;-112;10:54:48.624550
1751;1864;-113;10:54:48.624550
1747;1862;-115;10:54:48.624550
1748;1862;-114;10:54:48.624550
1749;1860;-111;10:54:48.624550
1752;1861;-109;10:54:48.624550
1752;1859;-107;10:54:48.624550
1752;1858;-106;10:54:48.624550
1750;1860;-110;10:54:48.624550
1749;1859;-110;10:54:48.624550
1748;1857;-109;10:54:48.624550
1747;1858;-111;10:54:48.624550
1747;1858;-111;10:54:48.624550
1747;1859;-112;10:54:48.624550
1747;1856;-109;10:54:48.624550
1747;1856;-109;10:54:48.624550
1744;1857;-113;10:54:48.624550
1748;1856;-108;10:54:48.624550
1747;1856;-109;10:54:48.624550
1746;1856;-110;10:54:48.624550
1745;1857;-112;10:54:48.624550
1745;1856;-111;10:54:48.624550
1746;1854;-108;10:54:48.624550
1745;1852;-107;10:54:48.624550
1747;1853;-106;10:54:48.624550
1745;1857;-112;10:54:48.624550
1746;1857;-111;10:54:48.624550
1748;1858;-110;10:54:48.624550
1750;1861;-111;10:54:48.624550
1747;1865;-118;10:54:48.624550
1749;1865;-116;10:54:48.624550
1751;1864;-113;10:54:48.624550
1752;1865;-113;10:54:48.624550
1755;1865;-110;10:54:48.624550
1758;1863;-105;10:54:48.624550
1761;1867;-106;10:54:48.624550
1759;1869;-110;10:54:48.624550
1758;1871;-113;10:54:48.624550
1759;1872;-113;10:54:48.624550
1759;1871;-112;10:54:48.624550
1757;1871;-114;10:54:48.624550
1756;1870;-114;10:54:48.624550
1756;1870;-114;10:54:48.624550
1761;1870;-109;10:54:48.624550
1760;1869;-109;10:54:48.624550
1759;1870;-111;10:54:48.624550
1761;1867;-106;10:54:48.624550
1758;1868;-110;10:54:48.624550
1755;1864;-109;10:54:48.624550
1757;1864;-107;10:54:48.624550
1753;1867;-114;10:54:48.624550
1752;1865;-113;10:54:48.624550
1753;1862;-109;10:54:48.624550
1756;1862;-106;10:54:48.624550
1757;1861;-104;10:54:48.624550
1754;1863;-109;10:54:48.624550
1755;1865;-110;10:54:48.624550
1757;1865;-108;10:54:48.624550
1755;1867;-112;10:54:48.624550
1754;1865;-111;10:54:48.624550
1755;1868;-113;10:54:48.624550
1756;1870;-114;10:54:48.624550
1755;1868;-113;10:54:48.624550
1756;1867;-111;10:54:48.624550
1759;1870;-111;10:54:48.624550
1761;1870;-109;10:54:48.624550
1760;1868;-108;10:54:48.624550
1760;1871;-111;10:54:48.624550
1759;1871;-112;10:54:48.624550
1759;1873;-114;10:54:48.624550
1759;1873;-114;10:54:48.624550
1764;1873;-109;10:54:48.624550
1761;1872;-111;10:54:48.624550
1760;1869;-109;10:54:48.624550
1761;1872;-111;10:54:48.624550
1761;1875;-114;10:54:48.624550
1761;1876;-115;10:54:48.624550
1761;1873;-112;10:54:48.624550
1763;1875;-112;10:54:48.624550
1764;1873;-109;10:54:48.624550
1762;1874;-112;10:54:48.624550
1762;1872;-110;10:54:48.624550
1762;1876;-114;10:54:48.624550
1760;1876;-116;10:54:48.624550
1762;1876;-114;10:54:48.624550
1765;1876;-111;10:54:48.624550
1767;1879;-112;10:54:48.624550
1767;1876;-109;10:54:48.624550
1767;1876;-109;10:54:48.624550
1767;1877;-110;10:54:48.624550
1763;1876;-113;10:54:48.624550
1763;1877;-114;10:54:48.624550
1762;1875;-113;10:54:48.624550
1760;1876;-116;10:54:48.624550
1754;1875;-121;10:54:48.624550
1756;1870;-114;10:54:48.624550
1757;1868;-111;10:54:48.624550
1758;1870;-112;10:54:48.624550
1757;1872;-115;10:54:48.624550
1756;1871;-115;10:54:48.624550
1758;1870;-112;10:54:48.624550
1759;1870;-111;10:54:48.624550
1756;1869;-113;10:54:48.624550
1757;1870;-113;10:54:48.624550
1755;1870;-115;10:54:48.624550
1757;1873;-116;10:54:48.624550
1757;1870;-113;10:54:48.624550
1760;1868;-108;10:54:48.624550
1761;1870;-109;10:54:48.624550
1758;1871;-113;10:54:48.624550
1756;1873;-117;10:54:48.624550
1758;1876;-118;10:54:48.624550
1755;1877;-122;10:54:48.624550
1756;1874;-118;10:54:48.624550
1760;1870;-110;10:54:48.624550
1761;1870;-109;10:54:48.624550
1757;1869;-112;10:54:48.624550
1759;1870;-111;10:54:48.624550
1758;1871;-113;10:54:48.624550
1756;1874;-118;10:54:48.624550
1755;1871;-116;10:54:48.624550
1758;1870;-112;10:54:48.624550
1756;1867;-111;10:54:48.624550
1756;1864;-108;10:54:48.624550
1755;1862;-107;10:54:48.624550
1753;1863;-110;10:54:48.624550
1748;1864;-116;10:54:48.624550
1747;1862;-115;10:54:48.624550
1749;1865;-116;10:54:48.624550
1750;1863;-113;10:54:48.624550
1749;1865;-116;10:54:48.624550
1751;1868;-117;10:54:48.624550
1751;1867;-116;10:54:48.624550
1751;1867;-116;10:54:48.624550
1750;1865;-115;10:54:48.624550
1747;1864;-117;10:54:48.624550
1746;1862;-116;10:54:48.624550
1747;1863;-116;10:54:48.624550
1750;1862;-112;10:54:48.624550
1747;1861;-114;10:54:48.624550
1749;1862;-113;10:54:48.624550
1752;1865;-113;10:54:48.624550
1750;1865;-115;10:54:48.624550
1752;1865;-113;10:54:48.624550
1750;1866;-116;10:54:48.624550
1754;1866;-112;10:54:48.624550
1757;1865;-108;10:54:48.624550
1757;1866;-109;10:54:48.624550
1756;1868;-112;10:54:48.624550
1754;1870;-116;10:54:48.624550
1755;1870;-115;10:54:48.624550
1756;1867;-111;10:54:48.624550
1752;1864;-112;10:54:48.624550
1751;1865;-114;10:54:48.624550
1753;1864;-111;10:54:48.624550
1751;1862;-111;10:54:48.624550
1749;1863;-114;10:54:48.624550
1750;1864;-114;10:54:48.624550
1752;1863;-111;10:54:48.624550
1754;1861;-107;10:54:48.624550
1753;1861;-108;10:54:48.624550
1752;1861;-109;10:54:48.624550
1750;1860;-110;10:54:48.624550
1748;1862;-114;10:54:48.624550
1748;1864;-116;10:54:48.624550
1752;1863;-111;10:54:48.624550
1753;1864;-111;10:54:48.624550
1754;1864;-110;10:54:48.624550
1752;1864;-112;10:54:48.624550
1752;1867;-115;10:54:48.624550
1754;1868;-114;10:54:48.624550
1752;1868;-116;10:54:48.624550
1754;1864;-110;10:54:48.624550
1755;1865;-110;10:54:48.624550
1755;1867;-112;10:54:48.624550
1756;1866;-110;10:54:48.624550
1756;1867;-111;10:54:48.624550
1758;1868;-110;10:54:48.624550
1762;1871;-109;10:54:48.624550
1759;1869;-110;10:54:48.624550
1758;1867;-109;10:54:48.624550
1759;1870;-111;10:54:48.624550
1761;1870;-109;10:54:48.624550
1761;1871;-110;10:54:48.624550
1760;1873;-113;10:54:48.624550
1757;1871;-114;10:54:48.624550
1759;1870;-111;10:54:48.624550
1761;1873;-112;10:54:48.624550
1763;1872;-109;10:54:48.624550
1761;1868;-107;10:54:48.624550
1761;1870;-109;10:54:48.624550
1762;1867;-105;10:54:48.624550
1756;1868;-112;10:54:48.624550
1755;1866;-111;10:54:48.624550
1759;1867;-108;10:54:48.624550
1759;1867;-108;10:54:48.624550
1760;1866;-106;10:54:48.624550
1759;1866;-107;10:54:48.624550
1757;1869;-112;10:54:48.624550
1759;1869;-110;10:54:48.624550
1759;1868;-109;10:54:48.624550
1761;1871;-110;10:54:48.624550
1760;1872;-112;10:54:48.624550
1760;1873;-113;10:54:48.624550
1762;1873;-111;10:54:48.624550
1757;1873;-116;10:54:48.624550
1758;1874;-116;10:54:48.624550
1757;1870;-113;10:54:48.624550
1756;1866;-110;10:54:48.624550
1757;1864;-107;10:54:48.624550
1753;1863;-110;10:54:48.624550
1753;1864;-111;10:54:48.624550
1756;1867;-111;10:54:48.624550
1754;1870;-116;10:54:48.624550
1750;1868;-118;10:54:48.624550
1751;1869;-118;10:54:48.624550
1754;1870;-116;10:54:48.624550
1758;1870;-112;10:54:48.624550
1760;1871;-111;10:54:48.624550
1761;1875;-114;10:54:48.624550
1763;1877;-114;10:54:48.624550
1764;1876;-112;10:54:48.624550
1766;1877;-111;10:54:48.624550
1769;1877;-108;10:54:48.624550
1770;1879;-109;10:54:48.624550
1768;1878;-110;10:54:48.624550
1766;1880;-114;10:54:48.624550
1766;1879;-113;10:54:48.624550
1766;1878;-112;10:54:48.624550
1766;1878;-112;10:54:48.624550
1766;1876;-110;10:54:48.624550
1764;1877;-113;10:54:48.624550
1764;1877;-113;10:54:48.624550
1763;1875;-112;10:54:48.624550
1762;1874;-112;10:54:48.624550
1764;1876;-112;10:54:48.624550
1764;1873;-109;10:54:48.624550
1766;1874;-108;10:54:48.624550
1761;1876;-115;10:54:48.624550
1767;1876;-109;10:54:48.624550
1767;1876;-109;10:54:48.624550
1766;1875;-109;10:54:48.624550
1765;1874;-109;10:54:48.624550
1764;1876;-112;10:54:48.624550
1764;1876;-112;10:54:48.624550
1763;1877;-114;10:54:48.624550
1765;1877;-112;10:54:48.624550
1767;1877;-110;10:54:48.624550
1766;1879;-113;10:54:48.624550
1767;1876;-109;10:54:48.624550
1767;1877;-110;10:54:48.624550
1766;1877;-111;10:54:48.624550
1765;1877;-112;10:54:48.624550
1766;1876;-110;10:54:48.624550
1764;1875;-111;10:54:48.624550
1762;1875;-113;10:54:48.624550
1764;1875;-111;10:54:48.624550
1762;1875;-113;10:54:48.624550
1761;1875;-114;10:54:48.624550
1762;1874;-112;10:54:48.624550
1762;1876;-114;10:54:48.624550
1759;1876;-117;10:54:48.624550
1761;1875;-114;10:54:48.624550
1762;1874;-112;10:54:48.624550
1762;1873;-111;10:54:48.624550
1758;1872;-114;10:54:48.624550
1758;1871;-113;10:54:48.624550
1758;1869;-111;10:54:48.624550
1757;1870;-113;10:54:48.624550
1756;1870;-114;10:54:48.624550
1757;1868;-111;10:54:48.624550
1754;1866;-112;10:54:48.624550
1754;1865;-111;10:54:48.624550
1749;1865;-116;10:54:48.624550
1749;1866;-117;10:54:48.624550
1749;1867;-118;10:54:48.624550
1752;1865;-113;10:54:48.624550
1752;1867;-115;10:54:48.624550
1750;1866;-116;10:54:48.624550
1753;1865;-112;10:54:48.624550
1753;1866;-113;10:54:48.624550
1753;1867;-114;10:54:48.624550
1752;1867;-115;10:54:48.624550
1750;1865;-115;10:54:48.624550
1750;1866;-116;10:54:48.624550
1750;1865;-115;10:54:48.624550
1749;1866;-117;10:54:48.624550
1750;1866;-116;10:54:48.624550
1753;1865;-112;10:54:48.624550
1753;1864;-111;10:54:48.624550
1754;1864;-110;10:54:48.624550
1754;1866;-112;10:54:48.624550
1756;1869;-113;10:54:48.624550
1753;1866;-113;10:54:48.624550
1751;1865;-114;10:54:48.624550
1754;1867;-113;10:54:48.624550
1755;1868;-113;10:54:48.624550
1752;1871;-119;10:54:48.624550
1756;1870;-114;10:54:48.624550
1755;1869;-114;10:54:48.624550
1755;1865;-110;10:54:48.624550
1757;1865;-108;10:54:48.624550
1753;1864;-111;10:54:48.624550
1753;1861;-108;10:54:48.624550
1756;1862;-106;10:54:48.624550
1756;1864;-108;10:54:48.624550
1753;1863;-110;10:54:48.624550
1752;1864;-112;10:54:48.624550
1750;1864;-114;10:54:48.624550
1748;1862;-114;10:54:48.624550
1747;1861;-114;10:54:48.624550
1751;1862;-111;10:54:48.624550
1752;1864;-112;10:54:48.624550
1750;1865;-115;10:54:48.624550
1749;1863;-114;10:54:48.624550
1751;1864;-113;10:54:48.624550
1754;1864;-110;10:54:48.624550
1753;1864;-111;10:54:48.625549
1753;1861;-108;10:54:48.625549
1750;1864;-114;10:54:48.625549
1749;1864;-115;10:54:48.625549
1749;1865;-116;10:54:48.625549
1752;1865;-113;10:54:48.625549
1754;1863;-109;10:54:48.625549
1753;1862;-109;10:54:48.625549
1753;1862;-109;10:54:48.625549
1755;1861;-106;10:54:48.625549
1754;1863;-109;10:54:48.625549
1752;1862;-110;10:54:48.625549
1750;1860;-110;10:54:48.625549
1746;1860;-114;10:54:48.625549
1746;1861;-115;10:54:48.625549
1744;1860;-116;10:54:48.625549
1747;1860;-113;10:54:48.625549
1746;1864;-118;10:54:48.625549
1745;1863;-118;10:54:48.625549
1746;1861;-115;10:54:48.625549
1747;1858;-111;10:54:48.625549
1744;1857;-113;10:54:48.625549
1746;1858;-112;10:54:48.625549
1749;1861;-112;10:54:48.625549
1753;1861;-108;10:54:48.625549
1749;1861;-112;10:54:48.625549
1749;1863;-114;10:54:48.625549
1752;1863;-111;10:54:48.625549
1750;1863;-113;10:54:48.625549
1751;1864;-113;10:54:48.625549
1754;1866;-112;10:54:48.625549
1754;1866;-112;10:54:48.625549
1755;1864;-109;10:54:48.625549
1754;1864;-110;10:54:48.625549
1754;1862;-108;10:54:48.625549
1754;1862;-108;10:54:48.625549
1754;1860;-106;10:54:48.625549
1751;1859;-108;10:54:48.625549
1748;1858;-110;10:54:48.625549
1748;1857;-109;10:54:48.625549
1749;1859;-110;10:54:48.625549
1747;1862;-115;10:54:48.625549
1750;1861;-111;10:54:48.625549
1752;1861;-109;10:54:48.625549
1752;1859;-107;10:54:48.625549
1754;1862;-108;10:54:48.625549
1757;1863;-106;10:54:48.625549
1759;1866;-107;10:54:48.625549
1757;1866;-109;10:54:48.625549
1756;1865;-109;10:54:48.625549
1758;1864;-106;10:54:48.625549
1755;1866;-111;10:54:48.625549
1751;1867;-116;10:54:48.625549
1753;1867;-114;10:54:48.625549
1755;1868;-113;10:54:48.625549
1755;1870;-115;10:54:48.625549
1756;1870;-114;10:54:48.625549
1756;1868;-112;10:54:48.625549
1759;1870;-111;10:54:48.625549
1763;1872;-109;10:54:48.625549
1766;1872;-106;10:54:48.625549
1769;1875;-106;10:54:48.625549
1768;1876;-108;10:54:48.625549
1768;1878;-110;10:54:48.625549
1764;1876;-112;10:54:48.625549
1764;1876;-112;10:54:48.625549
1764;1875;-111;10:54:48.625549
1762;1873;-111;10:54:48.625549
1760;1871;-111;10:54:48.625549
1759;1867;-108;10:54:48.625549
1758;1868;-110;10:54:48.625549
1755;1868;-113;10:54:48.625549
1755;1864;-109;10:54:48.625549
1754;1863;-109;10:54:48.625549
1754;1865;-111;10:54:48.625549
1755;1866;-111;10:54:48.625549
1756;1865;-109;10:54:48.625549
1753;1866;-113;10:54:48.625549
1753;1864;-111;10:54:48.625549
1753;1866;-113;10:54:48.625549
1755;1864;-109;10:54:48.625549
1758;1865;-107;10:54:48.625549
1759;1868;-109;10:54:48.625549
1757;1870;-113;10:54:48.625549
1758;1874;-116;10:54:48.625549
1761;1877;-116;10:54:48.625549
1763;1874;-111;10:54:48.625549
1767;1873;-106;10:54:48.625549
1770;1876;-106;10:54:48.625549
1766;1879;-113;10:54:48.625549
1764;1877;-113;10:54:48.625549
1762;1876;-114;10:54:48.625549
1762;1876;-114;10:54:48.625549
1761;1874;-113;10:54:48.625549
1761;1873;-112;10:54:48.625549
1759;1873;-114;10:54:48.625549
1760;1872;-112;10:54:48.625549
1759;1871;-112;10:54:48.625549
1760;1870;-110;10:54:48.625549
1762;1870;-108;10:54:48.625549
1758;1865;-107;10:54:48.625549
1755;1866;-111;10:54:48.625549
1755;1867;-112;10:54:48.625549
1751;1865;-114;10:54:48.625549
1751;1866;-115;10:54:48.625549
1753;1864;-111;10:54:48.625549
1753;1866;-113;10:54:48.625549
1753;1862;-109;10:54:48.625549
1749;1864;-115;10:54:48.625549
1748;1867;-119;10:54:48.625549
1746;1863;-117;10:54:48.625549
1745;1861;-116;10:54:48.625549
1747;1860;-113;10:54:48.625549
1750;1861;-111;10:54:48.625549
1751;1864;-113;10:54:48.625549
1751;1865;-114;10:54:48.625549
1749;1865;-116;10:54:48.625549
1751;1865;-114;10:54:48.625549
1755;1864;-109;10:54:48.625549
1753;1864;-111;10:54:48.625549
1753;1866;-113;10:54:48.625549
1755;1868;-113;10:54:48.625549
1753;1870;-117;10:54:48.625549
1752;1868;-116;10:54:48.625549
1753;1870;-117;10:54:48.625549
1756;1869;-113;10:54:48.625549
1759;1869;-110;10:54:48.625549
1760;1869;-109;10:54:48.625549
1759;1870;-111;10:54:48.625549
1759;1867;-108;10:54:48.625549
1756;1868;-112;10:54:48.625549
1754;1864;-110;10:54:48.625549
1753;1866;-113;10:54:48.625549
1748;1862;-114;10:54:48.625549
1749;1863;-114;10:54:48.625549
1751;1863;-112;10:54:48.625549
1755;1863;-108;10:54:48.625549
1753;1862;-109;10:54:48.625549
1753;1860;-107;10:54:48.625549
1751;1859;-108;10:54:48.625549
1748;1860;-112;10:54:48.625549
1746;1858;-112;10:54:48.625549
1748;1860;-112;10:54:48.625549
1750;1862;-112;10:54:48.625549
1751;1863;-112;10:54:48.625549
1748;1864;-116;10:54:48.625549
1750;1864;-114;10:54:48.625549
1750;1866;-116;10:54:48.625549
1749;1866;-117;10:54:48.625549
1754;1865;-111;10:54:48.625549
1758;1868;-110;10:54:48.625549
1756;1868;-112;10:54:48.625549
1755;1871;-116;10:54:48.625549
1755;1867;-112;10:54:48.625549
1751;1867;-116;10:54:48.625549
1752;1872;-120;10:54:48.625549
1754;1869;-115;10:54:48.625549
1756;1867;-111;10:54:48.625549
1757;1866;-109;10:54:48.625549
1755;1872;-117;10:54:48.625549
1754;1869;-115;10:54:48.625549
1760;1867;-107;10:54:48.625549
1757;1868;-111;10:54:48.625549
1756;1863;-107;10:54:48.625549
1753;1863;-110;10:54:48.625549
1752;1864;-112;10:54:48.625549
1749;1863;-114;10:54:48.625549
1749;1861;-112;10:54:48.625549
1752;1864;-112;10:54:48.625549
1749;1865;-116;10:54:48.625549
1750;1865;-115;10:54:48.625549
1752;1864;-112;10:54:48.625549
1752;1864;-112;10:54:48.625549
1753;1863;-110;10:54:48.625549
1751;1864;-113;10:54:48.625549
1755;1868;-113;10:54:48.625549
1755;1865;-110;10:54:48.625549
1753;1863;-110;10:54:48.625549
1753;1863;-110;10:54:48.625549
1754;1862;-108;10:54:48.625549
1753;1862;-109;10:54:48.625549
1753;1863;-110;10:54:48.625549
1750;1861;-111;10:54:48.625549
1750;1860;-110;10:54:48.625549
1749;1860;-111;10:54:48.625549
1747;1859;-112;10:54:48.625549
1745;1858;-113;10:54:48.625549
1745;1858;-113;10:54:48.625549
1746;1861;-115;10:54:48.625549
1746;1860;-114;10:54:48.625549
1748;1861;-113;10:54:48.625549
1747;1861;-114;10:54:48.625549
1747;1862;-115;10:54:48.625549
1751;1862;-111;10:54:48.625549
1750;1863;-113;10:54:48.625549
1748;1864;-116;10:54:48.625549
1748;1860;-112;10:54:48.625549
1748;1862;-114;10:54:48.625549
1751;1864;-113;10:54:48.625549
1752;1864;-112;10:54:48.625549
1755;1866;-111;10:54:48.625549
1758;1868;-110;10:54:48.625549
1759;1871;-112;10:54:48.625549
1758;1869;-111;10:54:48.625549
1756;1869;-113;10:54:48.625549
1755;1866;-111;10:54:48.625549
1756;1864;-108;10:54:48.625549
1757;1865;-108;10:54:48.625549
1755;1865;-110;10:54:48.625549
1753;1863;-110;10:54:48.625549
1751;1868;-117;10:54:48.625549
1751;1865;-114;10:54:48.625549
1750;1862;-112;10:54:48.625549
1750;1860;-110;10:54:48.625549
1753;1859;-106;10:54:48.625549
1751;1861;-110;10:54:48.625549
1749;1858;-109;10:54:48.625549
1753;1860;-107;10:54:48.625549
1753;1862;-109;10:54:48.625549
1753;1862;-109;10:54:48.625549
1751;1863;-112;10:54:48.625549
1750;1864;-114;10:54:48.625549
1756;1865;-109;10:54:48.625549
1754;1868;-114;10:54:48.625549
1755;1869;-114;10:54:48.625549
1757;1869;-112;10:54:48.625549
1758;1869;-111;10:54:48.625549
1757;1869;-112;10:54:48.625549
1755;1866;-111;10:54:48.625549
1758;1865;-107;10:54:48.625549
1754;1865;-111;10:54:48.625549
1751;1864;-113;10:54:48.625549
1753;1865;-112;10:54:48.625549
1756;1865;-109;10:54:48.625549
1758;1867;-109;10:54:48.625549
1758;1867;-109;10:54:48.625549
1760;1865;-105;10:54:48.625549
1759;1866;-107;10:54:48.625549
1755;1869;-114;10:54:48.625549
1758;1871;-113;10:54:48.625549
1757;1871;-114;10:54:48.625549
1760;1871;-111;10:54:48.625549
1760;1871;-111;10:54:48.625549
1759;1871;-112;10:54:48.625549
1764;1870;-106;10:54:48.625549
1766;1871;-105;10:54:48.625549
1765;1872;-107;10:54:48.625549
1765;1872;-107;10:54:48.625549
1760;1871;-111;10:54:48.625549
1759;1870;-111;10:54:48.625549
1756;1869;-113;10:54:48.625549
1753;1870;-117;10:54:48.625549
1753;1869;-116;10:54:48.625549
1757;1864;-107;10:54:48.625549
1758;1863;-105;10:54:48.625549
1759;1867;-108;10:54:48.787092
1756;1867;-111;10:54:48.787092
1757;1866;-109;10:54:48.787092
1758;1869;-111;10:54:48.787092
1759;1868;-109;10:54:48.787092
1758;1869;-111;10:54:48.787092
1752;1868;-116;10:54:48.787092
1751;1866;-115;10:54:48.787092
1754;1866;-112;10:54:48.787092
1757;1867;-110;10:54:48.787092
1758;1866;-108;10:54:48.787092
1763;1868;-105;10:54:48.787092
1761;1873;-112;10:54:48.787092
1760;1876;-116;10:54:48.787092
1765;1876;-111;10:54:48.787092
1765;1871;-106;10:54:48.787092
1762;1874;-112;10:54:48.787092
1763;1876;-113;10:54:48.787092
1761;1877;-116;10:54:48.787092
1764;1876;-112;10:54:48.787092
1766;1873;-107;10:54:48.787092
1764;1873;-109;10:54:48.787092
1765;1874;-109;10:54:48.787092
1767;1877;-110;10:54:48.787092
1765;1876;-111;10:54:48.787092
1760;1872;-112;10:54:48.787092
1761;1874;-113;10:54:48.787092
1766;1871;-105;10:54:48.787092
1767;1872;-105;10:54:48.787092
1761;1870;-109;10:54:48.787092
1759;1867;-108;10:54:48.787092
1764;1867;-103;10:54:48.787092
1758;1867;-109;10:54:48.787092
1754;1865;-111;10:54:48.787092
1754;1870;-116;10:54:48.787092
1747;1871;-124;10:54:48.787092
1749;1866;-117;10:54:48.787092
1753;1868;-115;10:54:48.787092
1749;1866;-117;10:54:48.787092
1744;1867;-123;10:54:48.787092
1748;1867;-119;10:54:48.787092
1760;1866;-106;10:54:48.787092
1761;1864;-103;10:54:48.787092
1755;1863;-108;10:54:48.787092
1751;1866;-115;10:54:48.787092
1750;1862;-112;10:54:48.787092
1747;1862;-115;10:54:48.787092
1748;1861;-113;10:54:48.787092
1748;1860;-112;10:54:48.787092
1742;1860;-118;10:54:48.787092
1740;1860;-120;10:54:48.787092
1747;1865;-118;10:54:48.787092
1752;1860;-108;10:54:48.787092
1743;1849;-106;10:54:48.787092
1734;1851;-117;10:54:48.787092
1735;1851;-116;10:54:48.787092
1730;1847;-117;10:54:48.787092
1724;1844;-120;10:54:48.787092
1728;1839;-111;10:54:48.787092
1731;1852;-121;10:54:48.787092
1736;1849;-113;10:54:48.787092
1735;1848;-113;10:54:48.787092
1739;1862;-123;10:54:48.787092
1750;1870;-120;10:54:48.787092
1753;1869;-116;10:54:48.787092
1756;1876;-120;10:54:48.787092
1764;1879;-115;10:54:48.787092
1777;1890;-113;10:54:48.787092
1785;1897;-112;10:54:48.787092
1784;1900;-116;10:54:48.787092
1780;1899;-119;10:54:48.787092
1801;1902;-101;10:54:48.787092
1813;1907;-94;10:54:48.787092
1803;1901;-98;10:54:48.787092
1786;1891;-105;10:54:48.787092
1781;1888;-107;10:54:48.787092
1778;1877;-99;10:54:48.787092
1747;1853;-106;10:54:48.787092
1737;1839;-102;10:54:48.787092
1730;1826;-96;10:54:48.787092
1713;1819;-106;10:54:48.787092
1686;1794;-108;10:54:48.787092
1664;1783;-119;10:54:48.787092
1662;1770;-108;10:54:48.787092
1664;1762;-98;10:54:48.787092
1652;1760;-108;10:54:48.787092
1645;1771;-126;10:54:48.787092
1658;1787;-129;10:54:48.787092
1676;1799;-123;10:54:48.787092
1697;1823;-126;10:54:48.787092
1704;1850;-146;10:54:48.787092
1729;1879;-150;10:54:48.787092
1758;1905;-147;10:54:48.787092
1774;1920;-146;10:54:48.787092
1789;1942;-153;10:54:48.787092
1799;1944;-145;10:54:48.787092
1824;1952;-128;10:54:48.787092
1828;1966;-138;10:54:48.787092
1835;1959;-124;10:54:48.787092
1833;1935;-102;10:54:48.787092
1819;1909;-90;10:54:48.787092
1812;1890;-78;10:54:48.787092
1785;1873;-88;10:54:48.787092
1776;1860;-84;10:54:48.787092
1762;1844;-82;10:54:48.787092
1750;1817;-67;10:54:48.787092
1737;1803;-66;10:54:48.787092
1735;1807;-72;10:54:48.787092
1732;1818;-86;10:54:48.787092
1724;1818;-94;10:54:48.787092
1716;1824;-108;10:54:48.787092
1712;1824;-112;10:54:48.787092
1729;1834;-105;10:54:48.787092
1712;1849;-137;10:54:48.787092
1701;1844;-143;10:54:48.787092
1701;1841;-140;10:54:48.787092
1700;1834;-134;10:54:48.787092
1698;1825;-127;10:54:48.787092
1688;1815;-127;10:54:48.787092
1689;1819;-130;10:54:48.787092
1676;1827;-151;10:54:48.787092
1676;1827;-151;10:54:48.787092
1690;1817;-127;10:54:48.787092
1685;1806;-121;10:54:48.787092
1678;1815;-137;10:54:48.787092
1706;1831;-125;10:54:48.787092
1753;1850;-97;10:54:48.787092
1758;1875;-117;10:54:48.787092
1776;1901;-125;10:54:48.787092
1821;1932;-111;10:54:48.787092
1846;1944;-98;10:54:48.787092
1846;1958;-112;10:54:48.787092
1879;1967;-88;10:54:48.787092
1878;1963;-85;10:54:48.787092
1845;1951;-106;10:54:48.787092
1823;1936;-113;10:54:48.787092
1817;1909;-92;10:54:48.787092
1791;1872;-81;10:54:48.787092
1711;1829;-118;10:54:48.787092
1672;1804;-132;10:54:48.787092
1674;1777;-103;10:54:48.787092
1632;1732;-100;10:54:48.787092
1595;1713;-118;10:54:48.787092
1582;1723;-141;10:54:48.787092
1586;1720;-134;10:54:48.787092
1605;1711;-106;10:54:48.787092
1651;1729;-78;10:54:48.787092
1675;1772;-97;10:54:48.787092
1709;1804;-95;10:54:48.787092
1743;1851;-108;10:54:48.787092
1774;1892;-118;10:54:48.787092
1820;1928;-108;10:54:48.787092
1843;1954;-111;10:54:48.787092
1864;1970;-106;10:54:48.787092
1864;1990;-126;10:54:48.787092
1852;2009;-157;10:54:48.787092
1843;1969;-126;10:54:48.787092
1791;1948;-157;10:54:48.787092
1783;1946;-163;10:54:48.787092
1766;1886;-120;10:54:48.787092
1723;1853;-130;10:54:48.787092
1707;1837;-130;10:54:48.787092
1690;1823;-133;10:54:48.787092
1659;1788;-129;10:54:48.787092
1706;1782;-76;10:54:48.787092
1727;1814;-87;10:54:48.787092
1734;1839;-105;10:54:48.787092
1750;1847;-97;10:54:48.787092
1786;1870;-84;10:54:48.787092
1805;1892;-87;10:54:48.787092
1819;1881;-62;10:54:48.787092
1814;1906;-92;10:54:48.787092
1810;1944;-134;10:54:48.787092
1848;1934;-86;10:54:48.787092
1805;1904;-99;10:54:48.787092
1763;1898;-135;10:54:48.787092
1745;1904;-159;10:54:48.787092
1719;1868;-149;10:54:48.787092
1720;1852;-132;10:54:48.787092
1707;1864;-157;10:54:48.787092
1714;1819;-105;10:54:48.787092
1681;1829;-148;10:54:48.787092
1694;1824;-130;10:54:48.787092
1737;1849;-112;10:54:48.787092
1788;1854;-66;10:54:48.787092
1794;1870;-76;10:54:48.787092
1811;1907;-96;10:54:48.787092
1839;1911;-72;10:54:48.787092
1863;1939;-76;10:54:48.787092
1856;1948;-92;10:54:48.787092
1874;1959;-85;10:54:48.787092
1889;1965;-76;10:54:48.787092
1832;1940;-108;10:54:48.787092
1799;1917;-118;10:54:48.787092
1765;1916;-151;10:54:48.787092
1754;1876;-122;10:54:48.787092
1696;1874;-178;10:54:48.787092
1690;1864;-174;10:54:48.787092
1706;1828;-122;10:54:48.787092
1715;1832;-117;10:54:48.787092
1735;1846;-111;10:54:48.787092
1724;1856;-132;10:54:48.787092
1755;1860;-105;10:54:48.787092
1781;1855;-74;10:54:48.787092
1809;1863;-54;10:54:48.787092
1805;1906;-101;10:54:48.787092
1856;1931;-75;10:54:48.787092
1885;1929;-44;10:54:48.787092
1859;1948;-89;10:54:48.787092
1836;1938;-102;10:54:48.787092
1835;1917;-82;10:54:48.787092
1805;1888;-83;10:54:48.787092
1758;1901;-143;10:54:48.787092
1747;1894;-147;10:54:48.787092
1718;1876;-158;10:54:48.787092
1706;1853;-147;10:54:48.787092
1700;1874;-174;10:54:48.787092
1688;1848;-160;10:54:48.787092
1723;1844;-121;10:54:48.787092
1753;1869;-116;10:54:48.787092
1748;1851;-103;10:54:48.787092
1785;1845;-60;10:54:48.787092
1783;1881;-98;10:54:48.787092
1812;1871;-59;10:54:48.787092
1843;1887;-44;10:54:48.787092
1826;1914;-88;10:54:48.787092
1790;1913;-123;10:54:48.787092
1805;1886;-81;10:54:48.787092
1768;1881;-113;10:54:48.787092
1734;1892;-158;10:54:48.787092
1727;1891;-164;10:54:48.787092
1727;1865;-138;10:54:48.787092
1729;1853;-124;10:54:48.787092
1718;1852;-134;10:54:48.787092
1732;1818;-86;10:54:48.787092
1718;1803;-85;10:54:48.787092
1721;1805;-84;10:54:48.787092
1723;1811;-88;10:54:48.787092
1723;1792;-69;10:54:48.787092
1696;1827;-131;10:54:48.787092
1663;1803;-140;10:54:48.787092
1669;1806;-137;10:54:48.787092
1684;1820;-136;10:54:48.787092
1690;1826;-136;10:54:48.787092
1690;1839;-149;10:54:48.787092
1754;1824;-70;10:54:48.787092
1754;1872;-118;10:54:48.787092
1779;1862;-83;10:54:48.787092
1809;1908;-99;10:54:48.787092
1789;1885;-96;10:54:48.787092
1801;1933;-132;10:54:48.787092
1765;1950;-185;10:54:48.787092
1801;1912;-111;10:54:48.787092
1765;1929;-164;10:54:48.787092
1783;1901;-118;10:54:48.787092
1726;1847;-121;10:54:48.793049
1760;1843;-83;10:54:48.793049
1673;1805;-132;10:54:48.793049
1709;1772;-63;10:54:48.793049
1702;1764;-62;10:54:48.793049
1679;1743;-64;10:54:48.793049
1675;1743;-68;10:54:48.793049
1711;1772;-61;10:54:48.793049
1706;1749;-43;10:54:48.793049
1685;1835;-150;10:54:48.793049
1711;1868;-157;10:54:48.793049
1748;1847;-99;10:54:48.793049
1770;1860;-90;10:54:48.793049
1738;1922;-184;10:54:48.793049
1736;1916;-180;10:54:48.793049
1757;1925;-168;10:54:48.793049
1780;1992;-212;10:54:48.793049
1791;1945;-154;10:54:48.793049
1789;1933;-144;10:54:48.793049
1802;1934;-132;10:54:48.793049
1823;1918;-95;10:54:48.793049
1790;1903;-113;10:54:48.793049
1795;1867;-72;10:54:48.793049
1800;1883;-83;10:54:48.793049
1781;1830;-49;10:54:48.793049
1763;1856;-93;10:54:48.793049
1727;1826;-99;10:54:48.793049
1742;1808;-66;10:54:48.793049
1735;1831;-96;10:54:48.793049
1727;1851;-124;10:54:48.793049
1762;1843;-81;10:54:48.793049
1756;1833;-77;10:54:48.793049
1733;1827;-94;10:54:48.793049
1740;1890;-150;10:54:48.793049
1746;1868;-122;10:54:48.793049
1712;1871;-159;10:54:48.793049
1746;1890;-144;10:54:48.793049
1762;1918;-156;10:54:48.793049
1761;1904;-143;10:54:48.793049
1783;1945;-162;10:54:48.793049
1792;1909;-117;10:54:48.793049
1796;1885;-89;10:54:48.793049
1801;1881;-80;10:54:48.793049
1815;1891;-76;10:54:48.793049
1795;1911;-116;10:54:48.793049
1785;1943;-158;10:54:48.793049
1777;1908;-131;10:54:48.793049
1770;1846;-76;10:54:48.793049
1760;1856;-96;10:54:48.793049
1753;1848;-95;10:54:48.793049
1769;1873;-104;10:54:48.793049
1755;1869;-114;10:54:48.793049
1789;1874;-85;10:54:48.793049
1811;1924;-113;10:54:48.793049
1854;1939;-85;10:54:48.793049
1844;1932;-88;10:54:48.793049
1843;1979;-136;10:54:48.793049
1832;1996;-164;10:54:48.793049
1839;1984;-145;10:54:48.793049
1818;1961;-143;10:54:48.793049
1808;1945;-137;10:54:48.793049
1794;1937;-143;10:54:48.793049
1766;1907;-141;10:54:48.793049
1765;1859;-94;10:54:48.793049
1781;1888;-107;10:54:48.793049
1776;1870;-94;10:54:48.793049
1793;1826;-33;10:54:48.793049
1801;1845;-44;10:54:48.793049
1810;1869;-59;10:54:48.793049
1812;1852;-40;10:54:48.793049
1777;1862;-85;10:54:48.793049
1783;1897;-114;10:54:48.793049
1785;1893;-108;10:54:48.793049
1789;1900;-111;10:54:48.793049
1819;1926;-107;10:54:48.793049
1820;1946;-126;10:54:48.793049
1795;1942;-147;10:54:48.793049
1804;1939;-135;10:54:48.793049
1786;1941;-155;10:54:48.793049
1807;1915;-108;10:54:48.793049
1830;1938;-108;10:54:48.793049
1777;1949;-172;10:54:48.793049
1770;1949;-179;10:54:48.793049
1775;1919;-144;10:54:48.793049
1808;1922;-114;10:54:48.793049
1837;1917;-80;10:54:48.793049
1844;1912;-68;10:54:48.793049
1878;1927;-49;10:54:48.793049
1865;1890;-25;10:54:48.793049
1846;1917;-71;10:54:48.793049
1838;1891;-53;10:54:48.793049
1848;1889;-41;10:54:48.793049
1806;1905;-99;10:54:48.793049
1794;1875;-81;10:54:48.793049
1739;1860;-121;10:54:48.793049
1713;1853;-140;10:54:48.793049
1722;1799;-77;10:54:48.793049
1677;1848;-171;10:54:48.793049
1671;1829;-158;10:54:48.793049
1668;1819;-151;10:54:48.793049
1679;1832;-153;10:54:48.793049
1674;1807;-133;10:54:48.793049
1704;1827;-123;10:54:48.793049
1685;1791;-106;10:54:48.793049
1729;1849;-120;10:54:48.793049
1748;1850;-102;10:54:48.793049
1749;1852;-103;10:54:48.793049
1767;1860;-93;10:54:48.793049
1773;1896;-123;10:54:48.793049
1782;1892;-110;10:54:48.793049
1777;1907;-130;10:54:48.793049
1751;1883;-132;10:54:48.793049
1779;1850;-71;10:54:48.793049
1777;1850;-73;10:54:48.793049
1731;1812;-81;10:54:48.793049
1709;1831;-122;10:54:48.793049
1709;1816;-107;10:54:48.793049
1699;1844;-145;10:54:48.793049
1713;1818;-105;10:54:48.793049
1720;1803;-83;10:54:48.793049
1717;1798;-81;10:54:48.793049
1740;1828;-88;10:54:48.793049
1739;1837;-98;10:54:48.793049
1693;1831;-138;10:54:48.793049
1691;1880;-189;10:54:48.793049
1682;1901;-219;10:54:48.793049
1708;1872;-164;10:54:48.793049
1716;1873;-157;10:54:48.793049
1731;1877;-146;10:54:48.793049
1739;1844;-105;10:54:48.793049
1740;1814;-74;10:54:48.793049
1731;1833;-102;10:54:48.793049
1737;1797;-60;10:54:48.793049
1766;1803;-37;10:54:48.793049
1753;1794;-41;10:54:48.793049
1762;1829;-67;10:54:48.793049
1723;1811;-88;10:54:48.793049
1703;1830;-127;10:54:48.793049
1702;1838;-136;10:54:48.793049
1682;1861;-179;10:54:48.793049
1699;1859;-160;10:54:48.793049
1698;1856;-158;10:54:48.793049
1686;1852;-166;10:54:48.793049
1718;1865;-147;10:54:48.793049
1722;1857;-135;10:54:48.793049
1720;1853;-133;10:54:48.793049
1711;1882;-171;10:54:48.793049
1735;1865;-130;10:54:48.793049
1750;1847;-97;10:54:48.793049
1746;1845;-99;10:54:48.793049
1759;1839;-80;10:54:48.793049
1775;1838;-63;10:54:48.793049
1762;1849;-87;10:54:48.793049
1790;1861;-71;10:54:48.793049
1765;1873;-108;10:54:48.793049
1780;1872;-92;10:54:48.793049
1809;1885;-76;10:54:48.793049
1792;1882;-90;10:54:48.793049
1785;1911;-126;10:54:48.793049
1771;1893;-122;10:54:48.793049
1720;1888;-168;10:54:48.793049
1730;1919;-189;10:54:48.793049
1729;1900;-171;10:54:48.793049
1719;1903;-184;10:54:48.793049
1734;1871;-137;10:54:48.793049
1753;1857;-104;10:54:48.793049
1731;1823;-92;10:54:48.793049
1699;1836;-137;10:54:48.793049
1713;1809;-96;10:54:48.793049
1714;1807;-93;10:54:48.793049
1712;1809;-97;10:54:48.793049
1700;1816;-116;10:54:48.793049
1699;1815;-116;10:54:48.793049
1703;1837;-134;10:54:48.793049
1718;1844;-126;10:54:48.793049
1750;1862;-112;10:54:48.793049
1752;1867;-115;10:54:48.793049
1781;1888;-107;10:54:48.793049
1787;1920;-133;10:54:48.793049
1791;1911;-120;10:54:48.793049
1818;1914;-96;10:54:48.793049
1847;1929;-82;10:54:48.793049
1809;1904;-95;10:54:48.793049
1779;1900;-121;10:54:48.793049
1754;1866;-112;10:54:48.793049
1754;1863;-109;10:54:48.793049
1758;1835;-77;10:54:48.793049
1715;1854;-139;10:54:48.793049
1705;1824;-119;10:54:48.793049
1706;1837;-131;10:54:48.793049
1696;1831;-135;10:54:48.793049
1674;1815;-141;10:54:48.793049
1673;1825;-152;10:54:48.793049
1705;1824;-119;10:54:48.793049
1718;1869;-151;10:54:48.793049
1704;1868;-164;10:54:48.793049
1713;1853;-140;10:54:48.793049
1732;1863;-131;10:54:48.793049
1751;1865;-114;10:54:48.793049
1755;1840;-85;10:54:48.793049
1768;1877;-109;10:54:48.793049
1798;1869;-71;10:54:48.793049
1793;1858;-65;10:54:48.793049
1783;1858;-75;10:54:48.793049
1793;1872;-79;10:54:48.793049
1792;1885;-93;10:54:48.793049
1766;1883;-117;10:54:48.793049
1754;1899;-145;10:54:48.793049
1745;1887;-142;10:54:48.793049
1714;1873;-159;10:54:48.793049
1680;1856;-176;10:54:48.793049
1693;1857;-164;10:54:48.793049
1692;1832;-140;10:54:48.793049
1687;1796;-109;10:54:48.793049
1694;1786;-92;10:54:48.793049
1672;1772;-100;10:54:48.793049
1686;1755;-69;10:54:48.793049
1709;1763;-54;10:54:48.793049
1699;1781;-82;10:54:48.793049
1735;1802;-67;10:54:48.793049
1734;1855;-121;10:54:48.793049
1722;1839;-117;10:54:48.793049
1732;1875;-143;10:54:48.793049
1752;1880;-128;10:54:48.793049
1747;1888;-141;10:54:48.793049
1752;1886;-134;10:54:48.793049
1740;1901;-161;10:54:48.793049
1753;1915;-162;10:54:48.793049
1741;1907;-166;10:54:48.793049
1764;1870;-106;10:54:48.793049
1746;1882;-136;10:54:48.793049
1752;1867;-115;10:54:48.793049
1771;1855;-84;10:54:48.793049
1751;1829;-78;10:54:48.793049
1757;1839;-82;10:54:48.793049
1741;1847;-106;10:54:48.793049
1751;1844;-93;10:54:48.793049
1743;1816;-73;10:54:48.793049
1766;1822;-56;10:54:48.793049
1733;1844;-111;10:54:48.793049
1736;1854;-118;10:54:48.793049
1762;1850;-88;10:54:48.793049
1739;1865;-126;10:54:48.793049
1731;1879;-148;10:54:48.793049
1741;1892;-151;10:54:48.793049
1755;1878;-123;10:54:48.793049
1739;1902;-163;10:54:48.793049
1746;1889;-143;10:54:48.793049
1766;1894;-128;10:54:48.793049
1772;1868;-96;10:54:48.793049
1754;1868;-114;10:54:48.793049
1766;1869;-103;10:54:48.793049
1758;1857;-99;10:54:48.793049
1765;1866;-101;10:54:48.793049
1792;1884;-92;10:54:48.793049
1793;1909;-116;10:54:48.793049
1791;1910;-119;10:54:48.793049
1785;1936;-151;10:54:48.793049
1819;1929;-110;10:54:48.793049
1827;1943;-116;10:54:48.793049
1824;1920;-96;10:54:48.793049
1821;1914;-93;10:54:48.793049
1819;1906;-87;10:54:48.793049
1810;1886;-76;10:54:48.793049
1800;1888;-88;10:54:48.793049
1786;1885;-99;10:54:48.793049
1771;1884;-113;10:54:48.793049
1784;1900;-116;10:54:48.793049
1772;1894;-122;10:54:48.793049
1776;1903;-127;10:54:48.793049
1809;1897;-88;10:54:48.793049
1799;1949;-150;10:54:48.793049
1804;1916;-112;10:54:48.793049
1817;1947;-130;10:54:48.793049
1846;1948;-102;10:54:48.793049
1834;1951;-117;10:54:48.793049
1838;1957;-119;10:54:48.793049
1833;1934;-101;10:54:48.793049
1806;1941;-135;10:54:48.793049
1779;1919;-140;10:54:48.793049
1781;1903;-122;10:54:48.793049
1787;1850;-63;10:54:48.793049
1754;1862;-108;10:54:48.793049
1758;1817;-59;10:54:48.793049
1762;1826;-64;10:54:48.793049
1745;1830;-85;10:54:48.793049
1730;1831;-101;10:54:48.793049
1743;1865;-122;10:54:48.793049
1784;1871;-87;10:54:48.793049
1758;1896;-138;10:54:48.793049
1781;1918;-137;10:54:48.793049
1775;1944;-169;10:54:48.793049
1810;1928;-118;10:54:48.793049
1803;1980;-177;10:54:48.793049
1823;1974;-151;10:54:48.793049
1845;1967;-122;10:54:48.793049
1847;1960;-113;10:54:48.793049
1828;1946;-118;10:54:48.793049
1824;1893;-69;10:54:48.793049
1819;1870;-51;10:54:48.793049
1779;1854;-75;10:54:48.793049
1773;1851;-78;10:54:48.793049
1758;1849;-91;10:54:48.793049
1736;1813;-77;10:54:48.793049
1730;1839;-109;10:54:48.793049
1738;1826;-88;10:54:48.793049
1742;1845;-103;10:54:48.793049
1707;1837;-130;10:54:48.793049
1729;1864;-135;10:54:48.793049
1733;1868;-135;10:54:48.793049
1736;1858;-122;10:54:48.793049
1751;1860;-109;10:54:48.793049
1746;1863;-117;10:54:48.793049
1755;1863;-108;10:54:48.793049
1757;1885;-128;10:54:48.793049
1759;1876;-117;10:54:48.793049
1755;1866;-111;10:54:48.793049
1756;1865;-109;10:54:48.793049
1724;1849;-125;10:54:48.793049
1719;1858;-139;10:54:48.793049
1736;1839;-103;10:54:48.793049
1732;1841;-109;10:54:48.793049
1738;1850;-112;10:54:48.793049
1732;1843;-111;10:54:48.793049
1750;1847;-97;10:54:48.793049
1739;1873;-134;10:54:48.793049
1742;1866;-124;10:54:48.793049
1745;1850;-105;10:54:48.793049
1744;1846;-102;10:54:48.793049
1739;1835;-96;10:54:48.793049
1741;1860;-119;10:54:48.793049
1725;1840;-115;10:54:48.793049
1730;1843;-113;10:54:48.793049
1732;1849;-117;10:54:48.793049
1731;1845;-114;10:54:48.793049
1740;1823;-83;10:54:48.793049
1734;1834;-100;10:54:48.793049
1720;1855;-135;10:54:48.793049
1733;1845;-112;10:54:48.793049
1746;1860;-114;10:54:48.793049
1733;1857;-124;10:54:48.793049
1721;1863;-142;10:54:48.793049
1712;1841;-129;10:54:48.793049
1712;1837;-125;10:54:48.793049
1703;1812;-109;10:54:48.793049
1685;1822;-137;10:54:48.793049
1683;1795;-112;10:54:48.793049
1678;1769;-91;10:54:48.793049
1680;1792;-112;10:54:48.793049
1687;1785;-98;10:54:48.793049
1702;1783;-81;10:54:48.793049
1694;1798;-104;10:54:48.793049
1698;1827;-129;10:54:48.793049
1720;1830;-110;10:54:48.793049
1726;1848;-122;10:54:48.793049
1734;1860;-126;10:54:48.793049
1733;1856;-123;10:54:48.793049
1731;1880;-149;10:54:48.793049
1742;1866;-124;10:54:48.793049
1753;1883;-130;10:54:48.793049
1750;1895;-145;10:54:48.793049
1755;1894;-139;10:54:48.793049
1770;1896;-126;10:54:48.793049
1769;1894;-125;10:54:48.793049
1767;1882;-115;10:54:48.793049
1764;1871;-107;10:54:48.793049
1775;1869;-94;10:54:48.793049
1760;1868;-108;10:54:48.793049
1755;1848;-93;10:54:48.793049
1736;1826;-90;10:54:48.793049
1739;1845;-106;10:54:48.793049
1719;1835;-116;10:54:48.793049
1722;1838;-116;10:54:48.793049
1736;1848;-112;10:54:48.793049
1742;1838;-96;10:54:48.793049
1724;1841;-117;10:54:48.793049
1749;1846;-97;10:54:48.793049
1724;1852;-128;10:54:48.793049
1714;1841;-127;10:54:48.793049
1719;1854;-135;10:54:48.793049
1711;1853;-142;10:54:48.793049
1740;1843;-103;10:54:48.793049
1743;1852;-109;10:54:48.793049
1734;1863;-129;10:54:48.793049
1740;1867;-127;10:54:48.793049
1739;1868;-129;10:54:48.793049
1752;1881;-129;10:54:48.793049
1744;1882;-138;10:54:48.793049
1764;1886;-122;10:54:48.793049
1775;1916;-141;10:54:48.793049
1789;1907;-118;10:54:48.793049
1788;1916;-128;10:54:48.793049
1785;1895;-110;10:54:48.793049
1780;1899;-119;10:54:48.793049
1788;1893;-105;10:54:48.793049
1797;1882;-85;10:54:48.793049
1789;1893;-104;10:54:48.793049
1807;1879;-72;10:54:48.793049
1800;1888;-88;10:54:48.793049
1793;1867;-74;10:54:48.793049
1790;1909;-119;10:54:48.793049
1778;1901;-123;10:54:48.793049
1777;1908;-131;10:54:48.793049
1756;1901;-145;10:54:48.793049
1763;1892;-129;10:54:48.793049
1753;1876;-123;10:54:48.793049
1753;1892;-139;10:54:48.793049
1753;1868;-115;10:54:48.793049
1759;1861;-102;10:54:48.793049
1764;1867;-103;10:54:48.793049
1767;1850;-83;10:54:48.793049
1764;1861;-97;10:54:48.793049
1749;1858;-109;10:54:48.793049
1773;1873;-100;10:54:48.793049
1777;1869;-92;10:54:48.793049
1789;1881;-92;10:54:48.793049
1771;1887;-116;10:54:48.793049
1767;1883;-116;10:54:48.793049
1785;1901;-116;10:54:48.793049
1781;1898;-117;10:54:48.793049
1785;1912;-127;10:54:48.793049
1786;1914;-128;10:54:48.793049
1798;1917;-119;10:54:48.793049
1797;1909;-112;10:54:48.793049
1777;1900;-123;10:54:48.793049
1772;1894;-122;10:54:48.793049
1760;1888;-128;10:54:48.793049
1763;1871;-108;10:54:48.793049
1769;1859;-90;10:54:48.793049
1775;1853;-78;10:54:48.793049
1780;1872;-92;10:54:48.793049
1781;1854;-73;10:54:48.793049
1770;1870;-100;10:54:48.793049
1776;1874;-98;10:54:48.793049
1768;1884;-116;10:54:48.793049
1765;1899;-134;10:54:48.793049
1754;1895;-141;10:54:48.793049
1762;1892;-130;10:54:48.793049
1780;1902;-122;10:54:48.793049
1767;1901;-134;10:54:48.793049
1770;1885;-115;10:54:48.793049
1765;1885;-120;10:54:48.793049
1762;1891;-129;10:54:48.793049
1775;1884;-109;10:54:48.793049
1771;1861;-90;10:54:48.793049
1775;1869;-94;10:54:48.793049
1774;1858;-84;10:54:48.793049
1774;1853;-79;10:54:48.793049
1775;1852;-77;10:54:48.793049
1770;1867;-97;10:54:48.793049
1768;1890;-122;10:54:48.793049
1775;1877;-102;10:54:48.793049
1760;1887;-127;10:54:48.793049
1771;1887;-116;10:54:48.793049
1765;1898;-133;10:54:48.793049
1751;1888;-137;10:54:48.793049
1769;1891;-122;10:54:48.793049
1754;1881;-127;10:54:48.793049
1747;1877;-130;10:54:48.793049
1740;1854;-114;10:54:48.793049
1743;1835;-92;10:54:48.793049
1746;1850;-104;10:54:48.793049
1734;1829;-95;10:54:48.793049
1736;1837;-101;10:54:48.793049
1727;1839;-112;10:54:48.793049
1737;1854;-117;10:54:48.793049
1734;1848;-114;10:54:48.793049
1742;1860;-118;10:54:48.793049
1761;1863;-102;10:54:48.793049
1761;1875;-114;10:54:48.793049
1760;1888;-128;10:54:48.793049
1735;1872;-137;10:54:48.793049
1760;1875;-115;10:54:48.793049
1749;1869;-120;10:54:48.793049
1756;1862;-106;10:54:48.793049
1749;1850;-101;10:54:48.793049
1738;1858;-120;10:54:48.793049
1750;1832;-82;10:54:48.793049
1743;1836;-93;10:54:48.793049
1742;1841;-99;10:54:48.793049
1753;1848;-95;10:54:48.793049
1737;1850;-113;10:54:48.793049
1732;1864;-132;10:54:48.793049
1737;1868;-131;10:54:48.793049
1753;1876;-123;10:54:48.793049
1754;1895;-141;10:54:48.793049
1756;1894;-138;10:54:48.793049
1760;1906;-146;10:54:48.793049
1759;1892;-133;10:54:48.793049
1763;1878;-115;10:54:48.793049
1762;1880;-118;10:54:48.793049
1753;1859;-106;10:54:48.793049
1733;1843;-110;10:54:48.793049
1731;1828;-97;10:54:48.793049
1713;1822;-109;10:54:48.793049
1704;1809;-105;10:54:48.793049
1697;1815;-118;10:54:48.793049
1718;1791;-73;10:54:48.793049
1727;1803;-76;10:54:48.793049
1734;1816;-82;10:54:48.793049
1737;1839;-102;10:54:48.793049
1745;1878;-133;10:54:48.793049
1751;1900;-149;10:54:48.793049
1780;1924;-144;10:54:48.793049
1788;1947;-159;10:54:48.793049
1799;1942;-143;10:54:48.793049
1809;1958;-149;10:54:48.793049
1816;1953;-137;10:54:48.793049
1806;1933;-127;10:54:48.793049
1803;1909;-106;10:54:48.793049
1767;1847;-80;10:54:48.793049
1753;1832;-79;10:54:48.793049
1721;1809;-88;10:54:48.793049
1712;1797;-85;10:54:48.793049
1698;1801;-103;10:54:48.793049
1692;1779;-87;10:54:48.793049
1690;1786;-96;10:54:48.793049
1688;1798;-110;10:54:48.793049
1694;1818;-124;10:54:48.793049
1705;1832;-127;10:54:48.793049
1711;1862;-151;10:54:48.793049
1747;1891;-144;10:54:48.793049
1766;1890;-124;10:54:48.793049
1781;1909;-128;10:54:48.793049
1797;1899;-102;10:54:48.793049
1799;1921;-122;10:54:48.793049
1793;1902;-109;10:54:48.793049
1790;1903;-113;10:54:48.793049
1794;1889;-95;10:54:48.793049
1767;1885;-118;10:54:48.793049
1753;1875;-122;10:54:48.793049
1736;1846;-110;10:54:48.793049
1727;1844;-117;10:54:48.793049
1721;1828;-107;10:54:48.793049
1712;1830;-118;10:54:48.793049
1731;1814;-83;10:54:48.793049
1733;1834;-101;10:54:48.793049
1722;1857;-135;10:54:48.793049
1742;1862;-120;10:54:48.793049
1756;1885;-129;10:54:48.793049
1759;1887;-128;10:54:48.793049
1770;1904;-134;10:54:48.793049
1785;1902;-117;10:54:48.793049
1794;1920;-126;10:54:48.793049
1813;1901;-88;10:54:48.793049
1810;1904;-94;10:54:48.793049
1792;1900;-108;10:54:48.793049
1780;1880;-100;10:54:48.793049
1765;1873;-108;10:54:48.793049
1757;1869;-112;10:54:48.793049
1752;1863;-111;10:54:48.793049
1741;1855;-114;10:54:48.793049
1744;1845;-101;10:54:48.793049
1738;1851;-113;10:54:48.793049
1741;1847;-106;10:54:48.793049
1746;1856;-110;10:54:48.793049
1750;1873;-123;10:54:48.793049
1747;1886;-139;10:54:48.793049
1754;1882;-128;10:54:48.793049
1775;1895;-120;10:54:48.793049
1772;1898;-126;10:54:48.793049
1791;1900;-109;10:54:48.793049
1796;1904;-108;10:54:48.793049
1805;1901;-96;10:54:48.793049
1803;1898;-95;10:54:48.793049
1795;1886;-91;10:54:48.793049
1787;1893;-106;10:54:48.793049
1778;1868;-90;10:54:48.793049
1772;1867;-95;10:54:48.793049
1744;1855;-111;10:54:48.793049
1726;1845;-119;10:54:48.793049
1732;1848;-116;10:54:48.793049
1721;1850;-129;10:54:48.793049
1735;1844;-109;10:54:48.793049
1741;1851;-110;10:54:48.793049
1736;1867;-131;10:54:48.793049
1750;1863;-113;10:54:48.793049
1752;1882;-130;10:54:48.793049
1762;1896;-134;10:54:48.793049
1779;1906;-127;10:54:48.793049
1790;1907;-117;10:54:48.793049
1810;1902;-92;10:54:48.793049
1820;1905;-85;10:54:48.793049
1811;1898;-87;10:54:48.793049
1815;1901;-86;10:54:48.793049
1817;1898;-81;10:54:48.793049
1801;1902;-101;10:54:48.793049
1784;1898;-114;10:54:48.793049
1770;1896;-126;10:54:48.793049
1756;1881;-125;10:54:48.793049
1748;1875;-127;10:54:48.793049
1736;1867;-131;10:54:48.793049
1734;1852;-118;10:54:48.793049
1735;1853;-118;10:54:48.793049
1727;1852;-125;10:54:48.793049
1716;1841;-125;10:54:48.793049
1729;1835;-106;10:54:48.793049
1732;1833;-101;10:54:48.793049
1729;1846;-117;10:54:48.793049
1744;1842;-98;10:54:48.793049
1748;1857;-109;10:54:48.793049
1767;1863;-96;10:54:48.793049
1779;1886;-107;10:54:48.793049
1778;1884;-106;10:54:48.793049
1784;1908;-124;10:54:48.793049
1791;1908;-117;10:54:48.793049
1791;1913;-122;10:54:48.793049
1792;1919;-127;10:54:48.793049
1798;1911;-113;10:54:48.793049
1793;1905;-112;10:54:48.793049
1795;1893;-98;10:54:48.793049
1781;1890;-109;10:54:48.793049
1777;1877;-100;10:54:48.793049
1770;1874;-104;10:54:48.793049
1752;1865;-113;10:54:48.793049
1747;1869;-122;10:54:48.793049
1747;1860;-113;10:54:48.793049
1747;1860;-113;10:54:48.793049
1743;1871;-128;10:54:48.793049
1752;1866;-114;10:54:48.793049
1752;1863;-111;10:54:48.793049
1757;1867;-110;10:54:48.793049
1756;1869;-113;10:54:48.793049
1759;1864;-105;10:54:48.793049
1755;1874;-119;10:54:48.793049
1766;1873;-107;10:54:48.793049
1766;1883;-117;10:54:48.793049
1756;1886;-130;10:54:48.793049
1758;1877;-119;10:54:48.793049
1763;1886;-123;10:54:48.793049
1762;1880;-118;10:54:48.793049
1759;1871;-112;10:54:48.793049
1758;1878;-120;10:54:48.793049
1768;1872;-104;10:54:48.793049
1759;1869;-110;10:54:48.793049
1764;1874;-110;10:54:48.793049
1763;1879;-116;10:54:48.793049
1753;1871;-118;10:54:48.793049
1770;1871;-101;10:54:48.793049
1768;1870;-102;10:54:48.793049
1762;1872;-110;10:54:48.793049
1764;1874;-110;10:54:48.793049
1762;1887;-125;10:54:48.793049
1768;1876;-108;10:54:48.793049
1758;1879;-121;10:54:48.793049
1765;1883;-118;10:54:48.793049
1766;1882;-116;10:54:48.793049
1762;1877;-115;10:54:48.793049
1762;1875;-113;10:54:48.793049
1763;1878;-115;10:54:48.793049
1762;1868;-106;10:54:48.793049
1758;1876;-118;10:54:48.793049
1749;1867;-118;10:54:48.793049
1747;1858;-111;10:54:48.793049
1747;1864;-117;10:54:48.793049
1750;1860;-110;10:54:48.793049
1744;1866;-122;10:54:48.793049
1744;1856;-112;10:54:48.793049
1738;1853;-115;10:54:48.793049
1734;1856;-122;10:54:48.793049
1731;1862;-131;10:54:48.793049
1735;1859;-124;10:54:48.793049
1742;1866;-124;10:54:48.793049
1743;1858;-115;10:54:48.793049
1747;1867;-120;10:54:48.793049
1760;1871;-111;10:54:48.793049
1757;1872;-115;10:54:48.793049
1765;1865;-100;10:54:48.793049
1776;1872;-96;10:54:48.793049
1779;1870;-91;10:54:48.793049
1766;1871;-105;10:54:48.793049
1764;1880;-116;10:54:48.793049
1757;1875;-118;10:54:48.793049
1758;1870;-112;10:54:48.793049
1758;1872;-114;10:54:48.793049
1754;1870;-116;10:54:48.793049
1750;1860;-110;10:54:48.793049
1736;1856;-120;10:54:48.793049
1723;1850;-127;10:54:48.793049
1721;1845;-124;10:54:48.793049
1715;1840;-125;10:54:48.793049
1715;1825;-110;10:54:48.793049
1724;1842;-118;10:54:48.793049
1719;1837;-118;10:54:48.793049
1729;1844;-115;10:54:48.793049
1744;1852;-108;10:54:48.793049
1745;1854;-109;10:54:48.793049
1762;1864;-102;10:54:48.793049
1760;1870;-110;10:54:48.793049
1764;1877;-113;10:54:48.793049
1771;1880;-109;10:54:48.793049
1774;1885;-111;10:54:48.793049
1771;1873;-102;10:54:48.793049
1767;1883;-116;10:54:48.793049
1764;1873;-109;10:54:48.793049
1754;1866;-112;10:54:48.793049
1741;1868;-127;10:54:48.793049
1745;1861;-116;10:54:48.793049
1739;1860;-121;10:54:48.793049
1735;1851;-116;10:54:48.793049
1730;1860;-130;10:54:48.793049
1732;1849;-117;10:54:48.793049
1744;1842;-98;10:54:48.793049
1744;1848;-104;10:54:48.793049
1748;1856;-108;10:54:48.793049
1746;1858;-112;10:54:48.793049
1749;1862;-113;10:54:48.793049
1747;1870;-123;10:54:48.793049
1752;1873;-121;10:54:48.793049
1758;1873;-115;10:54:48.793049
1757;1881;-124;10:54:48.793049
1768;1871;-103;10:54:48.793049
1764;1886;-122;10:54:48.793049
1756;1869;-113;10:54:48.793049
1763;1872;-109;10:54:48.793049
1754;1864;-110;10:54:48.793049
1748;1862;-114;10:54:48.793049
1747;1857;-110;10:54:48.793049
1744;1855;-111;10:54:48.793049
1740;1857;-117;10:54:48.793049
1745;1849;-104;10:54:48.793049
1735;1849;-114;10:54:48.793049
1732;1845;-113;10:54:48.793049
1741;1858;-117;10:54:48.793049
1736;1850;-114;10:54:48.793049
1735;1854;-119;10:54:48.793049
1742;1859;-117;10:54:48.793049
1744;1858;-114;10:54:48.793049
1739;1882;-143;10:54:48.793049
1758;1877;-119;10:54:48.793049
1769;1882;-113;10:54:48.793049
1773;1885;-112;10:54:48.793049
1773;1888;-115;10:54:48.793049
1767;1886;-119;10:54:48.793049
1770;1884;-114;10:54:48.793049
1778;1887;-109;10:54:48.793049
1778;1885;-107;10:54:48.793049
1783;1877;-94;10:54:48.793049
1780;1874;-94;10:54:48.793049
1771;1863;-92;10:54:48.793049
1758;1872;-114;10:54:48.793049
1764;1869;-105;10:54:48.793049
1753;1871;-118;10:54:48.793049
1753;1865;-112;10:54:48.793049
1750;1864;-114;10:54:48.793049
1741;1860;-119;10:54:48.793049
1739;1858;-119;10:54:48.793049
1738;1860;-122;10:54:48.793049
1732;1856;-124;10:54:48.793049
1733;1850;-117;10:54:48.793049
1744;1855;-111;10:54:48.793049
1748;1857;-109;10:54:48.793049
1756;1853;-97;10:54:48.793049
1756;1867;-111;10:54:48.793049
1757;1865;-108;10:54:48.793049
1759;1871;-112;10:54:48.793049
1763;1879;-116;10:54:48.793049
1765;1880;-115;10:54:48.793049
1767;1884;-117;10:54:48.793049
1761;1878;-117;10:54:48.793049
1770;1889;-119;10:54:48.793049
1778;1888;-110;10:54:48.793049
1774;1889;-115;10:54:48.793049
1774;1887;-113;10:54:48.793049
1777;1890;-113;10:54:48.793049
1770;1875;-105;10:54:48.793049
1764;1874;-110;10:54:48.793049
1763;1866;-103;10:54:48.793049
1761;1857;-96;10:54:48.793049
1754;1853;-99;10:54:48.793049
1755;1849;-94;10:54:48.793049
1739;1842;-103;10:54:48.793049
1734;1857;-123;10:54:48.793049
1737;1858;-121;10:54:48.793049
1744;1859;-115;10:54:48.793049
1741;1863;-122;10:54:48.793049
1743;1864;-121;10:54:48.793049
1745;1866;-121;10:54:48.793049
1754;1869;-115;10:54:48.793049
1763;1869;-106;10:54:48.793049
1758;1875;-117;10:54:48.793049
1762;1874;-112;10:54:48.793049
1759;1874;-115;10:54:48.793049
1762;1867;-105;10:54:48.793049
1755;1863;-108;10:54:48.793049
1749;1858;-109;10:54:48.793049
1748;1855;-107;10:54:48.793049
1741;1861;-120;10:54:48.793049
1738;1854;-116;10:54:48.793049
1742;1857;-115;10:54:48.793049
1747;1850;-103;10:54:48.793049
1742;1849;-107;10:54:48.793049
1737;1854;-117;10:54:48.793049
1740;1853;-113;10:54:48.793049
1741;1865;-124;10:54:48.793049
1745;1869;-124;10:54:48.793049
1751;1872;-121;10:54:48.793049
1767;1867;-100;10:54:48.793049
1771;1877;-106;10:54:48.793049
1776;1871;-95;10:54:48.793049
1774;1879;-105;10:54:48.793049
1767;1879;-112;10:54:48.793049
1769;1878;-109;10:54:48.793049
1768;1877;-109;10:54:48.793049
1764;1873;-109;10:54:48.793049
1767;1874;-107;10:54:48.793049
1763;1876;-113;10:54:48.793049
1770;1880;-110;10:54:48.793049
1762;1871;-109;10:54:48.793049
1757;1870;-113;10:54:48.793049
1763;1865;-102;10:54:48.793049
1760;1872;-112;10:54:48.793049
1756;1869;-113;10:54:48.793049
1754;1877;-123;10:54:48.793049
1763;1877;-114;10:54:48.793049
1767;1872;-105;10:54:48.793049
1766;1875;-109;10:54:48.793049
1766;1874;-108;10:54:48.793049
1773;1875;-102;10:54:48.793049
1773;1867;-94;10:54:48.793049
1773;1870;-97;10:54:48.793049
1764;1875;-111;10:54:48.793049
1761;1873;-112;10:54:48.793049
1760;1873;-113;10:54:48.793049
1760;1878;-118;10:54:48.793049
1764;1876;-112;10:54:48.793049
1761;1875;-114;10:54:48.793049
1763;1875;-112;10:54:48.793049
1760;1874;-114;10:54:48.793049
1760;1882;-122;10:54:48.793049
1771;1885;-114;10:54:48.793049
1766;1875;-109;10:54:48.793049
1767;1886;-119;10:54:48.793049
1773;1868;-95;10:54:48.793049
1768;1878;-110;10:54:48.793049
1765;1882;-117;10:54:48.793049
1775;1883;-108;10:54:48.793049
1771;1885;-114;10:54:48.793049
1776;1878;-102;10:54:48.793049
1778;1881;-103;10:54:48.793049
1768;1870;-102;10:54:48.793049
1769;1869;-100;10:54:48.793049
1768;1874;-106;10:54:48.793049
1757;1867;-110;10:54:48.793049
1761;1866;-105;10:54:48.793049
1755;1867;-112;10:54:48.793049
1759;1874;-115;10:54:48.793049
1756;1873;-117;10:54:48.793049
1757;1878;-121;10:54:48.793049
1759;1880;-121;10:54:48.793049
1764;1883;-119;10:54:48.793049
1763;1881;-118;10:54:48.793049
1765;1880;-115;10:54:48.793049
1773;1880;-107;10:54:48.793049
1767;1880;-113;10:54:48.793049
1761;1878;-117;10:54:48.793049
1769;1879;-110;10:54:48.793049
1761;1866;-105;10:54:48.793049
1763;1870;-107;10:54:48.793049
1764;1862;-98;10:54:48.793049
1765;1864;-99;10:54:48.793049
1761;1867;-106;10:54:48.793049
1759;1869;-110;10:54:48.793049
1763;1874;-111;10:54:48.793049
1761;1876;-115;10:54:48.793049
1766;1883;-117;10:54:48.793049
1761;1882;-121;10:54:48.793049
1763;1888;-125;10:54:48.793049
1756;1883;-127;10:54:48.793049
1755;1880;-125;10:54:48.793049
1755;1883;-128;10:54:48.793049
1753;1873;-120;10:54:48.793049
1759;1867;-108;10:54:48.793049
1760;1867;-107;10:54:48.793049
1757;1856;-99;10:54:48.793049
1747;1854;-107;10:54:48.793049
1751;1851;-100;10:54:48.793049
1743;1855;-112;10:54:48.793049
1746;1854;-108;10:54:48.793049
1749;1852;-103;10:54:48.793049
1751;1858;-107;10:54:48.793049
1753;1865;-112;10:54:48.793049
1758;1873;-115;10:54:48.793049
1761;1875;-114;10:54:48.793049
1773;1886;-113;10:54:48.793049
1781;1883;-102;10:54:48.793049
1772;1888;-116;10:54:48.793049
1770;1877;-107;10:54:48.793049
1772;1878;-106;10:54:48.793049
1771;1873;-102;10:54:48.793049
1774;1870;-96;10:54:48.793049
1763;1868;-105;10:54:48.793049
1763;1858;-95;10:54:48.793049
1751;1857;-106;10:54:48.793049
1743;1852;-109;10:54:48.793049
1739;1846;-107;10:54:48.793049
1743;1847;-104;10:54:48.793049
1746;1854;-108;10:54:48.793049
1743;1851;-108;10:54:48.793049
1743;1853;-110;10:54:48.793049
1747;1865;-118;10:54:48.793049
1750;1865;-115;10:54:48.793049
1755;1871;-116;10:54:48.793049
1764;1872;-108;10:54:48.793049
1765;1878;-113;10:54:48.793049
1765;1884;-119;10:54:48.793049
1769;1877;-108;10:54:48.793049
1767;1877;-110;10:54:48.793049
1768;1872;-104;10:54:48.793049
1768;1871;-103;10:54:48.793049
1763;1864;-101;10:54:48.793049
1761;1860;-99;10:54:48.793049
1761;1860;-99;10:54:48.793049
1760;1865;-105;10:54:48.793049
1755;1854;-99;10:54:48.793049
1754;1854;-100;10:54:48.793049
1751;1860;-109;10:54:48.793049
1756;1866;-110;10:54:48.793049
1760;1863;-103;10:54:48.793049
1762;1863;-101;10:54:48.793049
1767;1874;-107;10:54:48.793049
1766;1872;-106;10:54:48.793049
1768;1879;-111;10:54:48.793049
1764;1875;-111;10:54:48.793049
1771;1877;-106;10:54:48.793049
1773;1881;-108;10:54:48.793049
1769;1869;-100;10:54:48.793049
1771;1876;-105;10:54:48.793049
1770;1872;-102;10:54:48.793049
1766;1868;-102;10:54:48.793049
1758;1861;-103;10:54:48.793049
1754;1863;-109;10:54:48.793049
1751;1852;-101;10:54:48.793049
1748;1854;-106;10:54:48.793049
1750;1854;-104;10:54:48.793049
1746;1856;-110;10:54:48.793049
1746;1860;-114;10:54:48.793049
1754;1860;-106;10:54:48.793049
1752;1867;-115;10:54:48.793049
1756;1864;-108;10:54:48.793049
1762;1871;-109;10:54:48.793049
1762;1873;-111;10:54:48.793049
1765;1874;-109;10:54:48.793049
1767;1879;-112;10:54:48.793049
1769;1878;-109;10:54:48.793049
1780;1879;-99;10:54:48.793049
1777;1878;-101;10:54:48.793049
1777;1876;-99;10:54:48.793049
1772;1872;-100;10:54:48.793049
1772;1878;-106;10:54:48.793049
1770;1871;-101;10:54:48.793049
1765;1865;-100;10:54:48.793049
1762;1866;-104;10:54:48.793049
1764;1860;-96;10:54:48.793049
1763;1861;-98;10:54:48.793049
1754;1861;-107;10:54:48.793049
1758;1863;-105;10:54:48.793049
1755;1862;-107;10:54:48.793049
1754;1859;-105;10:54:48.793049
1750;1863;-113;10:54:48.793049
1750;1867;-117;10:54:48.793049
1753;1868;-115;10:54:48.793049
1757;1866;-109;10:54:48.793049
1755;1864;-109;10:54:48.793049
1754;1863;-109;10:54:48.793049
1760;1856;-96;10:54:48.793049
1757;1856;-99;10:54:48.793049
1765;1857;-92;10:54:48.793049
1759;1859;-100;10:54:48.793049
1757;1863;-106;10:54:48.793049
1758;1859;-101;10:54:48.793049
1755;1871;-116;10:54:48.793049
1755;1869;-114;10:54:48.793049
1755;1870;-115;10:54:48.793049
1758;1865;-107;10:54:48.793049
1756;1864;-108;10:54:48.793049
1758;1869;-111;10:54:48.793049
1759;1869;-110;10:54:48.793049
1760;1867;-107;10:54:48.793049
1761;1866;-105;10:54:48.793049
1756;1871;-115;10:54:48.793049
1757;1861;-104;10:54:48.793049
1757;1863;-106;10:54:48.793049
1754;1863;-109;10:54:48.793049
1757;1868;-111;10:54:48.793049
1753;1867;-114;10:54:48.793049
1756;1862;-106;10:54:48.793049
1755;1857;-102;10:54:48.793049
1747;1861;-114;10:54:48.793049
1746;1858;-112;10:54:48.793049
1746;1851;-105;10:54:48.793049
1743;1852;-109;10:54:48.793049
1744;1852;-108;10:54:48.793049
1737;1848;-111;10:54:48.793049
1740;1841;-101;10:54:48.793049
1738;1849;-111;10:54:48.793049
1738;1849;-111;10:54:48.793049
1740;1848;-108;10:54:48.793049
1740;1855;-115;10:54:48.793049
1743;1855;-112;10:54:48.793049
1741;1860;-119;10:54:48.793049
1746;1853;-107;10:54:48.793049
1748;1857;-109;10:54:48.793049
1747;1857;-110;10:54:48.793049
1752;1858;-106;10:54:48.793049
1744;1861;-117;10:54:48.793049
1744;1863;-119;10:54:48.793049
1744;1866;-122;10:54:48.793049
1749;1860;-111;10:54:48.793049
1755;1859;-104;10:54:48.793049
1750;1862;-112;10:54:48.793049
1752;1860;-108;10:54:48.793049
1759;1859;-100;10:54:48.793049
1754;1859;-105;10:54:48.793049
1759;1860;-101;10:54:48.793049
1758;1858;-100;10:54:48.793049
1756;1858;-102;10:54:48.793049
1751;1864;-113;10:54:48.793049
1750;1862;-112;10:54:48.793049
1747;1861;-114;10:54:48.793049
1753;1857;-104;10:54:48.794073
1750;1858;-108;10:54:48.794073
1748;1859;-111;10:54:48.794073
1749;1868;-119;10:54:48.794073
1754;1868;-114;10:54:48.794073
1751;1864;-113;10:54:48.794073
1752;1861;-109;10:54:48.794073
1752;1863;-111;10:54:48.794073
1751;1869;-118;10:54:48.794073
1754;1862;-108;10:54:48.794073
1753;1863;-110;10:54:48.794073
1761;1862;-101;10:54:48.794073
1760;1861;-101;10:54:48.794073
1759;1865;-106;10:54:48.794073
1756;1861;-105;10:54:48.794073
1754;1865;-111;10:54:48.794073
1754;1863;-109;10:54:48.794073
1755;1861;-106;10:54:48.794073
1754;1861;-107;10:54:48.794073
1744;1859;-115;10:54:48.794073
1752;1857;-105;10:54:48.794073
1754;1860;-106;10:54:48.794073
1753;1855;-102;10:54:48.794073
1752;1858;-106;10:54:48.794073
1751;1864;-113;10:54:48.794073
1751;1860;-109;10:54:48.794073
1748;1866;-118;10:54:48.794073
1755;1866;-111;10:54:48.794073
1752;1863;-111;10:54:48.794073
1761;1863;-102;10:54:48.794073
1754;1869;-115;10:54:48.794073
1758;1866;-108;10:54:48.794073
1760;1867;-107;10:54:48.794073
1759;1868;-109;10:54:48.794073
1758;1870;-112;10:54:48.794073
1766;1866;-100;10:54:48.794073
1770;1870;-100;10:54:48.794073
1765;1872;-107;10:54:48.794073
1767;1879;-112;10:54:48.794073
1776;1874;-98;10:54:48.794073
1772;1877;-105;10:54:48.794073
1765;1875;-110;10:54:48.794073
1770;1875;-105;10:54:48.794073
1774;1875;-101;10:54:48.794073
1768;1865;-97;10:54:48.794073
1758;1868;-110;10:54:48.794073
1756;1866;-110;10:54:48.794073
1754;1862;-108;10:54:48.794073
1752;1858;-106;10:54:48.794073
1753;1860;-107;10:54:48.794073
1755;1863;-108;10:54:48.794073
1756;1858;-102;10:54:48.794073
1751;1865;-114;10:54:48.794073
1754;1866;-112;10:54:48.794073
1753;1863;-110;10:54:48.794073
1756;1864;-108;10:54:48.794073
1761;1864;-103;10:54:48.794073
1759;1874;-115;10:54:48.794073
1760;1875;-115;10:54:48.794073
1749;1871;-122;10:54:48.794073
1758;1874;-116;10:54:48.794073
1761;1868;-107;10:54:48.794073
1765;1869;-104;10:54:48.794073
1762;1862;-100;10:54:48.794073
1754;1863;-109;10:54:48.794073
1759;1858;-99;10:54:48.794073
1752;1858;-106;10:54:48.794073
1757;1862;-105;10:54:48.794073
1759;1866;-107;10:54:48.794073
1763;1866;-103;10:54:48.794073
1763;1867;-104;10:54:48.794073
1757;1870;-113;10:54:48.794073
1764;1869;-105;10:54:48.794073
1761;1877;-116;10:54:48.794073
1759;1878;-119;10:54:48.794073
1766;1880;-114;10:54:48.794073
1771;1877;-106;10:54:48.794073
1774;1877;-103;10:54:48.794073
1773;1876;-103;10:54:48.794073
1767;1881;-114;10:54:48.794073
1769;1882;-113;10:54:48.794073
1772;1882;-110;10:54:48.794073
1771;1879;-108;10:54:48.794073
1770;1878;-108;10:54:48.794073
1766;1876;-110;10:54:48.794073
1757;1873;-116;10:54:48.794073
1761;1874;-113;10:54:48.794073
1760;1871;-111;10:54:48.794073
1767;1870;-103;10:54:48.794073
1766;1870;-104;10:54:48.794073
1757;1873;-116;10:54:48.794073
1757;1869;-112;10:54:48.794073
1758;1872;-114;10:54:48.794073
1759;1873;-114;10:54:48.794073
1756;1869;-113;10:54:48.794073
1759;1870;-111;10:54:48.794073
1752;1871;-119;10:54:48.794073
1745;1864;-119;10:54:48.794073
1751;1867;-116;10:54:48.794073
1753;1866;-113;10:54:48.794073
1755;1868;-113;10:54:48.794073
1756;1869;-113;10:54:48.794073
1757;1868;-111;10:54:48.794073
1761;1870;-109;10:54:48.794073
1758;1869;-111;10:54:48.794073
1752;1876;-124;10:54:48.794073
1756;1871;-115;10:54:48.794073
1762;1874;-112;10:54:48.794073
1759;1874;-115;10:54:48.794073
1767;1876;-109;10:54:48.794073
1765;1880;-115;10:54:48.794073
1771;1882;-111;10:54:48.794073
1772;1885;-113;10:54:48.794073
1770;1882;-112;10:54:48.794073
1777;1879;-102;10:54:48.794073
1773;1879;-106;10:54:48.794073
1771;1876;-105;10:54:48.794073
1769;1875;-106;10:54:48.794073
1767;1875;-108;10:54:48.794073
1761;1875;-114;10:54:48.794073
1755;1877;-122;10:54:48.794073
1753;1872;-119;10:54:48.794073
1753;1867;-114;10:54:48.794073
1751;1866;-115;10:54:48.794073
1748;1863;-115;10:54:48.794073
1747;1865;-118;10:54:48.794073
1744;1865;-121;10:54:48.794073
1740;1858;-118;10:54:48.794073
1742;1858;-116;10:54:48.794073
1742;1851;-109;10:54:48.794073
1737;1848;-111;10:54:48.794073
1738;1852;-114;10:54:48.794073
1747;1852;-105;10:54:48.794073
1745;1854;-109;10:54:48.794073
1745;1859;-114;10:54:48.794073
1745;1868;-123;10:54:48.794073
1744;1863;-119;10:54:48.794073
1747;1862;-115;10:54:48.794073
1748;1861;-113;10:54:48.794073
1747;1862;-115;10:54:48.794073
1756;1858;-102;10:54:48.794073
1756;1860;-104;10:54:48.794073
1748;1865;-117;10:54:48.794073
1745;1860;-115;10:54:48.794073
1748;1860;-112;10:54:48.794073
1745;1856;-111;10:54:48.794073
1744;1856;-112;10:54:48.794073
1747;1859;-112;10:54:48.794073
1750;1858;-108;10:54:48.794073
1746;1861;-115;10:54:48.794073
1743;1859;-116;10:54:48.794073
1744;1858;-114;10:54:48.794073
1744;1861;-117;10:54:48.794073
1746;1860;-114;10:54:48.794073
1749;1860;-111;10:54:48.794073
1748;1861;-113;10:54:48.794073
1748;1866;-118;10:54:48.794073
1752;1867;-115;10:54:48.794073
1754;1865;-111;10:54:48.794073
1753;1861;-108;10:54:48.794073
1752;1864;-112;10:54:48.794073
1752;1862;-110;10:54:48.794073
1749;1856;-107;10:54:48.794073
1752;1854;-102;10:54:48.794073
1746;1854;-108;10:54:48.794073
1742;1858;-116;10:54:48.794073
1738;1849;-111;10:54:48.794073
1742;1851;-109;10:54:48.794073
1735;1850;-115;10:54:48.794073
1735;1856;-121;10:54:48.794073
1741;1856;-115;10:54:48.794073
1746;1850;-104;10:54:48.794073
1741;1859;-118;10:54:48.794073
1743;1859;-116;10:54:48.794073
1743;1860;-117;10:54:48.794073
1741;1863;-122;10:54:48.794073
1744;1863;-119;10:54:48.794073
1749;1870;-121;10:54:48.794073
1755;1871;-116;10:54:48.794073
1755;1870;-115;10:54:48.794073
1753;1866;-113;10:54:48.794073
1760;1866;-106;10:54:48.794073
1759;1865;-106;10:54:48.794073
1751;1862;-111;10:54:48.794073
1750;1857;-107;10:54:48.794073
1749;1861;-112;10:54:48.794073
1749;1855;-106;10:54:48.794073
1740;1853;-113;10:54:48.794073
1737;1855;-118;10:54:48.794073
1741;1855;-114;10:54:48.794073
1746;1857;-111;10:54:48.794073
1743;1857;-114;10:54:48.794073
1745;1859;-114;10:54:48.794073
1749;1858;-109;10:54:48.794073
1756;1862;-106;10:54:48.794073
1758;1866;-108;10:54:48.794073
1760;1868;-108;10:54:48.794073
1759;1869;-110;10:54:48.794073
1755;1868;-113;10:54:48.794073
1753;1873;-120;10:54:48.794073
1754;1871;-117;10:54:48.794073
1753;1870;-117;10:54:48.794073
1757;1864;-107;10:54:48.794073
1755;1867;-112;10:54:48.794073
1746;1857;-111;10:54:48.794073
1739;1858;-119;10:54:48.794073
1739;1858;-119;10:54:48.794073
1742;1860;-118;10:54:48.794073
1739;1858;-119;10:54:48.794073
1741;1858;-117;10:54:48.794073
1749;1856;-107;10:54:48.794073
1745;1860;-115;10:54:48.794073
1747;1865;-118;10:54:48.794073
1752;1865;-113;10:54:48.794073
1760;1869;-109;10:54:48.794073
1761;1869;-108;10:54:48.794073
1762;1874;-112;10:54:48.794073
1759;1874;-115;10:54:48.794073
1760;1874;-114;10:54:48.794073
1761;1878;-117;10:54:48.794073
1763;1875;-112;10:54:48.794073
1763;1876;-113;10:54:48.794073
1766;1872;-106;10:54:48.794073
1768;1875;-107;10:54:48.794073
1762;1872;-110;10:54:48.794073
1762;1874;-112;10:54:48.794073
1762;1876;-114;10:54:48.794073
1765;1877;-112;10:54:48.794073
1761;1877;-116;10:54:48.794073
1759;1880;-121;10:54:48.794073
1763;1877;-114;10:54:48.794073
1759;1876;-117;10:54:48.794073
1762;1879;-117;10:54:48.794073
1760;1878;-118;10:54:48.794073
1761;1875;-114;10:54:48.794073
1762;1874;-112;10:54:48.794073
1760;1870;-110;10:54:48.794073
1752;1867;-115;10:54:48.794073
1755;1863;-108;10:54:48.794073
1757;1867;-110;10:54:48.794073
1750;1864;-114;10:54:48.794073
1749;1865;-116;10:54:48.794073
1749;1866;-117;10:54:48.794073
1755;1862;-107;10:54:48.794073
1751;1862;-111;10:54:48.794073
1747;1867;-120;10:54:48.794073
1753;1870;-117;10:54:48.794073
1756;1873;-117;10:54:48.794073
1753;1873;-120;10:54:48.794073
1752;1873;-121;10:54:48.794073
1753;1875;-122;10:54:48.794073
1753;1874;-121;10:54:48.794073
1755;1871;-116;10:54:48.794073
1752;1872;-120;10:54:48.794073
1756;1871;-115;10:54:48.794073
1764;1874;-110;10:54:48.879810
1763;1876;-113;10:54:48.879810
1762;1874;-112;10:54:48.879810
1759;1872;-113;10:54:48.879810
1761;1874;-113;10:54:48.879810
1754;1871;-117;10:54:48.879810
1749;1871;-122;10:54:48.879810
1747;1870;-123;10:54:48.879810
1748;1870;-122;10:54:48.879810
1755;1871;-116;10:54:48.879810
1752;1872;-120;10:54:48.879810
1756;1871;-115;10:54:48.879810
1757;1873;-116;10:54:48.879810
1761;1871;-110;10:54:48.879810
1760;1873;-113;10:54:48.879810
1760;1874;-114;10:54:48.879810
1763;1877;-114;10:54:48.879810
1763;1875;-112;10:54:48.879810
1763;1877;-114;10:54:48.879810
1758;1875;-117;10:54:48.879810
1756;1873;-117;10:54:48.879810
1755;1873;-118;10:54:48.879810
1755;1870;-115;10:54:48.879810
1754;1868;-114;10:54:48.879810
1753;1866;-113;10:54:48.879810
1750;1860;-110;10:54:48.879810
1748;1862;-114;10:54:48.879810
1747;1861;-114;10:54:48.879810
1752;1864;-112;10:54:48.879810
1753;1866;-113;10:54:48.879810
1757;1869;-112;10:54:48.879810
1760;1872;-112;10:54:48.879810
1761;1872;-111;10:54:48.879810
1759;1877;-118;10:54:48.879810
1758;1875;-117;10:54:48.879810
1762;1871;-109;10:54:48.879810
1761;1873;-112;10:54:48.879810
1756;1872;-116;10:54:48.879810
1758;1874;-116;10:54:48.879810
1762;1873;-111;10:54:48.879810
1765;1875;-110;10:54:48.879810
1763;1870;-107;10:54:48.879810
1761;1874;-113;10:54:48.879810
1758;1871;-113;10:54:48.879810
1755;1869;-114;10:54:48.879810
1755;1865;-110;10:54:48.879810
1756;1865;-109;10:54:48.879810
1760;1862;-102;10:54:48.879810
1756;1861;-105;10:54:48.879810
1752;1863;-111;10:54:48.879810
1753;1860;-107;10:54:48.879810
1753;1862;-109;10:54:48.879810
1750;1859;-109;10:54:48.879810
1749;1864;-115;10:54:48.879810
1747;1865;-118;10:54:48.879810
1749;1867;-118;10:54:48.879810
1743;1865;-122;10:54:48.879810
1742;1861;-119;10:54:48.879810
1744;1862;-118;10:54:48.879810
1749;1862;-113;10:54:48.879810
1746;1859;-113;10:54:48.879810
1744;1864;-120;10:54:48.879810
1745;1861;-116;10:54:48.879810
1745;1860;-115;10:54:48.879810
1745;1858;-113;10:54:48.879810
1740;1860;-120;10:54:48.879810
1739;1863;-124;10:54:48.879810
1738;1863;-125;10:54:48.879810
1742;1861;-119;10:54:48.879810
1745;1859;-114;10:54:48.879810
1745;1860;-115;10:54:48.879810
1748;1865;-117;10:54:48.879810
1749;1864;-115;10:54:48.879810
1752;1865;-113;10:54:48.879810
1749;1865;-116;10:54:48.879810
1749;1867;-118;10:54:48.879810
1751;1866;-115;10:54:48.879810
1748;1866;-118;10:54:48.879810
1745;1865;-120;10:54:48.879810
1746;1862;-116;10:54:48.879810
1748;1858;-110;10:54:48.879810
1745;1856;-111;10:54:48.879810
1742;1854;-112;10:54:48.879810
1736;1854;-118;10:54:48.879810
1737;1853;-116;10:54:48.879810
1739;1853;-114;10:54:48.879810
1739;1849;-110;10:54:48.879810
1735;1849;-114;10:54:48.879810
1739;1853;-114;10:54:48.879810
1738;1852;-114;10:54:48.879810
1739;1856;-117;10:54:48.879810
1744;1859;-115;10:54:48.879810
1742;1858;-116;10:54:48.879810
1740;1858;-118;10:54:48.879810
1740;1855;-115;10:54:48.879810
1739;1860;-121;10:54:48.879810
1740;1856;-116;10:54:48.879810
1740;1854;-114;10:54:48.879810
1736;1856;-120;10:54:48.879810
1734;1852;-118;10:54:48.879810
1735;1848;-113;10:54:48.879810
1735;1848;-113;10:54:48.879810
1734;1848;-114;10:54:48.879810
1734;1849;-115;10:54:48.879810
1732;1850;-118;10:54:48.879810
1736;1847;-111;10:54:48.879810
1732;1845;-113;10:54:48.879810
1733;1846;-113;10:54:48.879810
1734;1850;-116;10:54:48.879810
1738;1856;-118;10:54:48.879810
1739;1856;-117;10:54:48.879810
1742;1864;-122;10:54:48.879810
1746;1868;-122;10:54:48.879810
1751;1873;-122;10:54:48.879810
1751;1873;-122;10:54:48.879810
1754;1874;-120;10:54:48.879810
1754;1872;-118;10:54:48.879810
1759;1869;-110;10:54:48.879810
1759;1861;-102;10:54:48.879810
1762;1866;-104;10:54:48.879810
1759;1868;-109;10:54:48.879810
1759;1868;-109;10:54:48.879810
1761;1870;-109;10:54:48.879810
1763;1875;-112;10:54:48.879810
1762;1878;-116;10:54:48.879810
1764;1879;-115;10:54:48.879810
1762;1882;-120;10:54:48.879810
1766;1881;-115;10:54:48.879810
1762;1878;-116;10:54:48.879810
1762;1877;-115;10:54:48.879810
1758;1877;-119;10:54:48.879810
1757;1876;-119;10:54:48.879810
1759;1874;-115;10:54:48.879810
1756;1875;-119;10:54:48.879810
1756;1869;-113;10:54:48.879810
1756;1869;-113;10:54:48.879810
1753;1866;-113;10:54:48.879810
1757;1867;-110;10:54:48.879810
1753;1865;-112;10:54:48.879810
1750;1864;-114;10:54:48.879810
1751;1865;-114;10:54:48.879810
1753;1865;-112;10:54:48.879810
1749;1868;-119;10:54:48.879810
1745;1862;-117;10:54:48.879810
1742;1864;-122;10:54:48.879810
1747;1866;-119;10:54:48.879810
1749;1869;-120;10:54:48.879810
1750;1866;-116;10:54:48.879810
1754;1869;-115;10:54:48.879810
1756;1874;-118;10:54:48.879810
1757;1868;-111;10:54:48.879810
1758;1869;-111;10:54:48.879810
1756;1870;-114;10:54:48.879810
1759;1871;-112;10:54:48.879810
1762;1874;-112;10:54:48.879810
1760;1874;-114;10:54:48.879810
1761;1878;-117;10:54:48.879810
1765;1874;-109;10:54:48.879810
1763;1871;-108;10:54:48.879810
1759;1869;-110;10:54:48.879810
1762;1873;-111;10:54:48.879810
1765;1875;-110;10:54:48.879810
1765;1875;-110;10:54:48.879810
1764;1876;-112;10:54:48.879810
1764;1875;-111;10:54:48.879810
1764;1874;-110;10:54:48.879810
1767;1877;-110;10:54:48.879810
1771;1877;-106;10:54:48.879810
1771;1876;-105;10:54:48.879810
1769;1878;-109;10:54:48.879810
1772;1875;-103;10:54:48.879810
1766;1877;-111;10:54:48.879810
1767;1876;-109;10:54:48.879810
1765;1882;-117;10:54:48.879810
1765;1882;-117;10:54:48.879810
1764;1878;-114;10:54:48.879810
1763;1879;-116;10:54:48.879810
1762;1882;-120;10:54:48.879810
1765;1886;-121;10:54:48.879810
1769;1883;-114;10:54:48.879810
1771;1883;-112;10:54:48.879810
1771;1886;-115;10:54:48.879810
1770;1884;-114;10:54:48.879810
1771;1880;-109;10:54:48.879810
1771;1879;-108;10:54:48.879810
1773;1879;-106;10:54:48.879810
1773;1876;-103;10:54:48.879810
1769;1877;-108;10:54:48.879810
1765;1870;-105;10:54:48.879810
1761;1874;-113;10:54:48.879810
1764;1871;-107;10:54:48.879810
1763;1873;-110;10:54:48.879810
1757;1876;-119;10:54:48.879810
1756;1873;-117;10:54:48.879810
1761;1875;-114;10:54:48.879810
1763;1873;-110;10:54:48.879810
1762;1873;-111;10:54:48.879810
1766;1872;-106;10:54:48.879810
1764;1865;-101;10:54:48.879810
1761;1866;-105;10:54:48.879810
1758;1865;-107;10:54:48.879810
1758;1865;-107;10:54:48.879810
1758;1866;-108;10:54:48.879810
1760;1864;-104;10:54:48.879810
1757;1864;-107;10:54:48.879810
1755;1863;-108;10:54:48.879810
1753;1865;-112;10:54:48.879810
1748;1864;-116;10:54:48.879810
1747;1864;-117;10:54:48.879810
1746;1861;-115;10:54:48.879810
1745;1858;-113;10:54:48.879810
1742;1858;-116;10:54:48.879810
1744;1860;-116;10:54:48.879810
1744;1860;-116;10:54:48.879810
1748;1860;-112;10:54:48.879810
1745;1860;-115;10:54:48.879810
1750;1861;-111;10:54:48.879810
1753;1863;-110;10:54:48.879810
1755;1871;-116;10:54:48.879810
1757;1875;-118;10:54:48.879810
1760;1870;-110;10:54:48.879810
1760;1875;-115;10:54:48.879810
1760;1876;-116;10:54:48.879810
1762;1875;-113;10:54:48.879810
1761;1877;-116;10:54:48.879810
1760;1874;-114;10:54:48.879810
1759;1874;-115;10:54:48.879810
1760;1872;-112;10:54:48.879810
1761;1869;-108;10:54:48.879810
1761;1869;-108;10:54:48.879810
1757;1867;-110;10:54:48.879810
1755;1868;-113;10:54:48.879810
1757;1863;-106;10:54:48.879810
1758;1863;-105;10:54:48.879810
1758;1866;-108;10:54:48.879810
1756;1868;-112;10:54:48.879810
1759;1870;-111;10:54:48.879810
1760;1877;-117;10:54:48.879810
1759;1877;-118;10:54:48.879810
1759;1880;-121;10:54:48.879810
1759;1879;-120;10:54:48.879810
1757;1872;-115;10:54:48.879810
1756;1873;-117;10:54:48.879810
1755;1866;-111;10:54:48.879810
1747;1861;-114;10:54:48.879810
1742;1856;-114;10:54:48.879810
1741;1854;-113;10:54:48.879810
1739;1853;-114;10:54:48.879810
1735;1852;-117;10:54:48.879810
1733;1853;-120;10:54:48.879810
1736;1849;-113;10:54:48.879810
1739;1853;-114;10:54:48.879810
1739;1851;-112;10:54:48.879810
1738;1851;-113;10:54:48.879810
1736;1854;-118;10:54:48.879810
1738;1862;-124;10:54:48.899756
1741;1860;-119;10:54:48.899756
1743;1864;-121;10:54:48.899756
1746;1863;-117;10:54:48.899756
1749;1866;-117;10:54:48.899756
1749;1867;-118;10:54:48.899756
1748;1869;-121;10:54:48.899756
1754;1871;-117;10:54:48.899756
1756;1869;-113;10:54:48.899756
1756;1868;-112;10:54:48.899756
1758;1865;-107;10:54:48.899756
1754;1866;-112;10:54:48.899756
1752;1865;-113;10:54:48.899756
1751;1864;-113;10:54:48.899756
1752;1860;-108;10:54:48.899756
1752;1860;-108;10:54:48.899756
1750;1859;-109;10:54:48.899756
1750;1861;-111;10:54:48.899756
1752;1862;-110;10:54:48.899756
1749;1865;-116;10:54:48.899756
1750;1865;-115;10:54:48.899756
1754;1865;-111;10:54:48.899756
1752;1867;-115;10:54:48.899756
1752;1866;-114;10:54:48.899756
1753;1869;-116;10:54:48.899756
1748;1865;-117;10:54:48.899756
1749;1865;-116;10:54:48.899756
1752;1867;-115;10:54:48.899756
1754;1867;-113;10:54:48.899756
1756;1869;-113;10:54:48.899756
1758;1868;-110;10:54:48.899756
1754;1868;-114;10:54:48.899756
1752;1866;-114;10:54:48.899756
1755;1865;-110;10:54:48.899756
1752;1864;-112;10:54:48.899756
1749;1864;-115;10:54:48.899756
1751;1862;-111;10:54:48.899756
1748;1862;-114;10:54:48.899756
1747;1862;-115;10:54:48.899756
1748;1862;-114;10:54:48.899756
1748;1862;-114;10:54:48.899756
1748;1860;-112;10:54:48.899756
1748;1862;-114;10:54:48.899756
1751;1863;-112;10:54:48.899756
1753;1864;-111;10:54:48.899756
1751;1863;-112;10:54:48.899756
1751;1866;-115;10:54:48.899756
1751;1864;-113;10:54:48.899756
1751;1867;-116;10:54:48.899756
1755;1868;-113;10:54:48.899756
1754;1867;-113;10:54:48.899756
1753;1869;-116;10:54:48.899756
1758;1866;-108;10:54:48.899756
1758;1865;-107;10:54:48.899756
1757;1864;-107;10:54:48.899756
1752;1865;-113;10:54:48.899756
1753;1864;-111;10:54:48.899756
1752;1867;-115;10:54:48.899756
1748;1861;-113;10:54:48.899756
1750;1861;-111;10:54:48.899756
1750;1864;-114;10:54:48.899756
1751;1863;-112;10:54:48.899756
1752;1864;-112;10:54:48.899756
1755;1863;-108;10:54:48.899756
1754;1868;-114;10:54:48.899756
1754;1864;-110;10:54:48.899756
1755;1866;-111;10:54:48.899756
1754;1868;-114;10:54:48.899756
1755;1867;-112;10:54:48.899756
1756;1870;-114;10:54:48.899756
1757;1868;-111;10:54:48.899756
1754;1868;-114;10:54:48.899756
1757;1869;-112;10:54:48.899756
1756;1868;-112;10:54:48.899756
1758;1869;-111;10:54:48.899756
1760;1871;-111;10:54:48.899756
1761;1874;-113;10:54:48.899756
1764;1876;-112;10:54:48.899756
1764;1878;-114;10:54:48.899756
1763;1880;-117;10:54:48.899756
1767;1882;-115;10:54:48.899756
1772;1884;-112;10:54:48.899756
1774;1882;-108;10:54:48.899756
1773;1882;-109;10:54:48.899756
1773;1883;-110;10:54:48.899756
1773;1883;-110;10:54:48.899756
1773;1882;-109;10:54:48.899756
1775;1882;-107;10:54:48.899756
1772;1880;-108;10:54:48.899756
1771;1879;-108;10:54:48.899756
1770;1877;-107;10:54:48.899756
1768;1876;-108;10:54:48.899756
1769;1874;-105;10:54:48.899756
1770;1875;-105;10:54:48.899756
1766;1877;-111;10:54:48.899756
1765;1877;-112;10:54:48.899756
1769;1880;-111;10:54:48.899756
1770;1878;-108;10:54:48.899756
1770;1879;-109;10:54:48.899756
1771;1882;-111;10:54:48.899756
1768;1881;-113;10:54:48.899756
1766;1880;-114;10:54:48.899756
1766;1879;-113;10:54:48.899756
1769;1881;-112;10:54:48.899756
1766;1877;-111;10:54:48.899756
1766;1876;-110;10:54:48.899756
1765;1879;-114;10:54:48.899756
1765;1880;-115;10:54:48.899756
1764;1877;-113;10:54:48.899756
1766;1881;-115;10:54:48.899756
1766;1881;-115;10:54:48.899756
1763;1878;-115;10:54:48.899756
1764;1880;-116;10:54:48.899756
1763;1880;-117;10:54:48.899756
1764;1876;-112;10:54:48.899756
1767;1880;-113;10:54:48.899756
1769;1881;-112;10:54:48.899756
1771;1883;-112;10:54:48.899756
1771;1881;-110;10:54:48.899756
1772;1886;-114;10:54:48.899756
1770;1887;-117;10:54:48.899756
1772;1885;-113;10:54:48.899756
1773;1887;-114;10:54:48.899756
1772;1887;-115;10:54:48.899756
1774;1886;-112;10:54:48.899756
1773;1883;-110;10:54:48.899756
1770;1883;-113;10:54:48.899756
1766;1879;-113;10:54:48.899756
1766;1874;-108;10:54:48.899756
1764;1873;-109;10:54:48.899756
1758;1871;-113;10:54:48.899756
1755;1870;-115;10:54:48.899756
1755;1867;-112;10:54:48.899756
1753;1865;-112;10:54:48.899756
1752;1862;-110;10:54:48.899756
1753;1862;-109;10:54:48.899756
1750;1859;-109;10:54:48.899756
1746;1861;-115;10:54:48.899756
1746;1862;-116;10:54:48.899756
1747;1861;-114;10:54:48.899756
1747;1864;-117;10:54:48.899756
1750;1860;-110;10:54:48.899756
1749;1862;-113;10:54:48.899756
1749;1862;-113;10:54:48.899756
1749;1863;-114;10:54:48.899756
1748;1861;-113;10:54:48.899756
1744;1862;-118;10:54:48.899756
1743;1860;-117;10:54:48.899756
1745;1861;-116;10:54:48.899756
1745;1861;-116;10:54:48.899756
1742;1861;-119;10:54:48.899756
1745;1858;-113;10:54:48.899756
1743;1859;-116;10:54:48.899756
1743;1858;-115;10:54:48.899756
1741;1858;-117;10:54:48.899756
1740;1858;-118;10:54:48.899756
1741;1859;-118;10:54:48.899756
1742;1859;-117;10:54:48.899756
1745;1861;-116;10:54:48.899756
1745;1864;-119;10:54:48.899756
1746;1864;-118;10:54:48.899756
1747;1862;-115;10:54:48.899756
1749;1861;-112;10:54:48.899756
1749;1858;-109;10:54:48.899756
1750;1856;-106;10:54:48.899756
1750;1861;-111;10:54:48.899756
1744;1862;-118;10:54:48.899756
1744;1860;-116;10:54:48.899756
1747;1862;-115;10:54:48.899756
1744;1859;-115;10:54:48.899756
1742;1856;-114;10:54:48.899756
1747;1861;-114;10:54:48.899756
1747;1861;-114;10:54:48.899756
1744;1857;-113;10:54:48.899756
1745;1856;-111;10:54:48.899756
1749;1856;-107;10:54:48.899756
1746;1859;-113;10:54:48.899756
1750;1862;-112;10:54:48.899756
1750;1863;-113;10:54:48.899756
1749;1860;-111;10:54:48.899756
1748;1862;-114;10:54:48.899756
1745;1862;-117;10:54:48.899756
1747;1865;-118;10:54:48.899756
1748;1865;-117;10:54:48.899756
1750;1861;-111;10:54:48.899756
1750;1864;-114;10:54:48.899756
1752;1862;-110;10:54:48.899756
1751;1863;-112;10:54:48.899756
1753;1864;-111;10:54:48.899756
1754;1867;-113;10:54:48.899756
1754;1866;-112;10:54:48.899756
1755;1866;-111;10:54:48.899756
1759;1869;-110;10:54:48.899756
1761;1869;-108;10:54:48.899756
1760;1870;-110;10:54:48.899756
1760;1873;-113;10:54:48.899756
1760;1877;-117;10:54:48.899756
1762;1876;-114;10:54:48.899756
1762;1878;-116;10:54:48.899756
1762;1877;-115;10:54:48.899756
1764;1874;-110;10:54:48.899756
1769;1876;-107;10:54:48.899756
1766;1875;-109;10:54:48.899756
1763;1877;-114;10:54:48.899756
1767;1879;-112;10:54:48.899756
1768;1878;-110;10:54:48.899756
1764;1873;-109;10:54:48.899756
1759;1875;-116;10:54:48.899756
1763;1878;-115;10:54:48.899756
1763;1874;-111;10:54:48.899756
1759;1870;-111;10:54:48.899756
1763;1871;-108;10:54:48.899756
1765;1870;-105;10:54:48.899756
1761;1871;-110;10:54:48.899756
1764;1874;-110;10:54:48.899756
1764;1876;-112;10:54:48.899756
1765;1878;-113;10:54:48.899756
1768;1878;-110;10:54:48.899756
1765;1879;-114;10:54:48.899756
1763;1882;-119;10:54:48.899756
1766;1883;-117;10:54:48.899756
1767;1884;-117;10:54:48.899756
1769;1884;-115;10:54:48.899756
1770;1882;-112;10:54:48.899756
1769;1883;-114;10:54:48.899756
1772;1888;-116;10:54:48.899756
1770;1884;-114;10:54:48.899756
1771;1883;-112;10:54:48.899756
1769;1883;-114;10:54:48.899756
1770;1885;-115;10:54:48.899756
1768;1882;-114;10:54:48.899756
1769;1880;-111;10:54:48.899756
1768;1878;-110;10:54:48.899756
1767;1878;-111;10:54:48.899756
1770;1879;-109;10:54:48.899756
1771;1881;-110;10:54:48.899756
1770;1883;-113;10:54:48.899756
1774;1883;-109;10:54:48.899756
1772;1883;-111;10:54:48.899756
1771;1883;-112;10:54:48.899756
1771;1885;-114;10:54:48.899756
1772;1883;-111;10:54:48.899756
1769;1882;-113;10:54:48.899756
1764;1878;-114;10:54:48.899756
1764;1876;-112;10:54:48.899756
1762;1873;-111;10:54:48.899756
1763;1872;-109;10:54:48.899756
1761;1873;-112;10:54:48.899756
1759;1870;-111;10:54:48.899756
1756;1871;-115;10:54:48.899756
1754;1869;-115;10:54:48.899756
1754;1868;-114;10:54:48.899756
1754;1869;-115;10:54:48.899756
1759;1871;-112;10:54:48.899756
1760;1870;-110;10:54:48.899756
1759;1870;-111;10:54:48.899756
1753;1868;-115;10:54:48.899756
1752;1869;-117;10:54:48.899756
1752;1870;-118;10:54:48.899756
1751;1868;-117;10:54:48.899756
1752;1869;-117;10:54:48.899756
1749;1868;-119;10:54:48.899756
1751;1870;-119;10:54:48.899756
1749;1869;-120;10:54:48.899756
1750;1869;-119;10:54:48.899756
1754;1868;-114;10:54:48.899756
1758;1866;-108;10:54:48.899756
1756;1869;-113;10:54:48.899756
1756;1870;-114;10:54:48.899756
1755;1870;-115;10:54:48.899756
1757;1872;-115;10:54:48.899756
1762;1869;-107;10:54:48.899756
1755;1870;-115;10:54:48.899756
1755;1872;-117;10:54:48.899756
1751;1872;-121;10:54:48.899756
1748;1868;-120;10:54:48.899756
1749;1868;-119;10:54:48.899756
1752;1868;-116;10:54:48.899756
1753;1868;-115;10:54:48.899756
1752;1863;-111;10:54:48.899756
1750;1863;-113;10:54:48.899756
1747;1860;-113;10:54:48.899756
1748;1858;-110;10:54:48.899756
1744;1855;-111;10:54:48.899756
1739;1853;-114;10:54:48.899756
1736;1855;-119;10:54:48.899756
1739;1851;-112;10:54:48.899756
1740;1853;-113;10:54:48.899756
1743;1851;-108;10:54:48.899756
1743;1853;-110;10:54:48.899756
1741;1854;-113;10:54:48.899756
1739;1855;-116;10:54:48.899756
1738;1856;-118;10:54:48.899756
1736;1856;-120;10:54:48.899756
1737;1857;-120;10:54:48.899756
1744;1858;-114;10:54:48.899756
1744;1860;-116;10:54:48.899756
1744;1857;-113;10:54:48.899756
1745;1860;-115;10:54:48.899756
1743;1862;-119;10:54:48.899756
1743;1865;-122;10:54:48.899756
1748;1863;-115;10:54:48.899756
1751;1867;-116;10:54:48.899756
1750;1866;-116;10:54:48.899756
1747;1867;-120;10:54:48.899756
1750;1865;-115;10:54:48.899756
1753;1864;-111;10:54:48.899756
1751;1867;-116;10:54:48.899756
1748;1866;-118;10:54:48.899756
1750;1862;-112;10:54:48.899756
1750;1860;-110;10:54:48.899756
1747;1862;-115;10:54:48.899756
1751;1860;-109;10:54:48.899756
1749;1861;-112;10:54:48.899756
1748;1858;-110;10:54:48.899756
1750;1861;-111;10:54:48.899756
1749;1863;-114;10:54:48.899756
1745;1859;-114;10:54:48.899756
1748;1863;-115;10:54:48.899756
1747;1859;-112;10:54:48.899756
1744;1858;-114;10:54:48.899756
1744;1855;-111;10:54:48.899756
1744;1858;-114;10:54:48.899756
1741;1856;-115;10:54:48.899756
1742;1857;-115;10:54:48.899756
1740;1856;-116;10:54:48.899756
1739;1852;-113;10:54:48.899756
1740;1854;-114;10:54:48.899756
1739;1856;-117;10:54:48.899756
1741;1855;-114;10:54:48.899756
1744;1856;-112;10:54:48.899756
1745;1857;-112;10:54:48.899756
1749;1860;-111;10:54:48.899756
1749;1860;-111;10:54:48.899756
1749;1862;-113;10:54:48.899756
1750;1865;-115;10:54:48.899756
1748;1866;-118;10:54:48.899756
1753;1867;-114;10:54:48.899756
1755;1870;-115;10:54:48.899756
1757;1872;-115;10:54:48.899756
1759;1870;-111;10:54:48.899756
1762;1870;-108;10:54:48.899756
1760;1869;-109;10:54:48.899756
1757;1869;-112;10:54:48.899756
1758;1869;-111;10:54:48.899756
1757;1868;-111;10:54:48.899756
1754;1866;-112;10:54:48.899756
1757;1865;-108;10:54:48.899756
1756;1864;-108;10:54:48.899756
1753;1860;-107;10:54:48.899756
1750;1859;-109;10:54:48.899756
1746;1858;-112;10:54:48.899756
1746;1860;-114;10:54:48.899756
1748;1861;-113;10:54:48.899756
1750;1862;-112;10:54:48.899756
1747;1861;-114;10:54:48.899756
1746;1861;-115;10:54:48.899756
1749;1858;-109;10:54:48.899756
1749;1856;-107;10:54:48.899756
1750;1859;-109;10:54:48.899756
1751;1862;-111;10:54:48.899756
1755;1866;-111;10:54:48.899756
1755;1868;-113;10:54:48.899756
1757;1869;-112;10:54:48.899756
1758;1870;-112;10:54:48.899756
1757;1875;-118;10:54:48.899756
1754;1874;-120;10:54:48.899756
1754;1870;-116;10:54:48.899756
1756;1874;-118;10:54:48.899756
1760;1872;-112;10:54:48.899756
1757;1871;-114;10:54:48.899756
1758;1870;-112;10:54:48.899756
1758;1872;-114;10:54:48.899756
1759;1870;-111;10:54:48.899756
1757;1867;-110;10:54:48.899756
1757;1865;-108;10:54:48.899756
1756;1864;-108;10:54:48.899756
1753;1865;-112;10:54:48.899756
1756;1863;-107;10:54:48.899756
1754;1860;-106;10:54:48.899756
1754;1862;-108;10:54:48.899756
1756;1864;-108;10:54:48.899756
1758;1867;-109;10:54:48.899756
1758;1868;-110;10:54:48.899756
1758;1871;-113;10:54:48.899756
1759;1872;-113;10:54:48.899756
1759;1872;-113;10:54:48.899756
1759;1871;-112;10:54:48.899756
1756;1871;-115;10:54:48.899756
1758;1870;-112;10:54:48.899756
1761;1871;-110;10:54:48.899756
1758;1871;-113;10:54:48.899756
1755;1866;-111;10:54:48.899756
1757;1862;-105;10:54:48.899756
1752;1864;-112;10:54:48.899756
1751;1862;-111;10:54:48.899756
1748;1863;-115;10:54:48.899756
1750;1866;-116;10:54:48.899756
1754;1865;-111;10:54:48.899756
1753;1867;-114;10:54:48.899756
1752;1868;-116;10:54:48.899756
1749;1870;-121;10:54:48.899756
1750;1869;-119;10:54:48.899756
1756;1869;-113;10:54:48.899756
1756;1866;-110;10:54:48.899756
1755;1871;-116;10:54:48.899756
1755;1871;-116;10:54:48.899756
1755;1871;-116;10:54:48.899756
1755;1870;-115;10:54:48.899756
1755;1869;-114;10:54:48.899756
1755;1870;-115;10:54:48.899756
1755;1874;-119;10:54:48.899756
1754;1872;-118;10:54:48.899756
1755;1870;-115;10:54:48.899756
1758;1871;-113;10:54:48.899756
1757;1866;-109;10:54:48.899756
1752;1863;-111;10:54:48.899756
1749;1860;-111;10:54:48.899756
1749;1866;-117;10:54:48.899756
1747;1866;-119;10:54:48.899756
1751;1867;-116;10:54:48.899756
1751;1869;-118;10:54:48.899756
1748;1866;-118;10:54:48.899756
1749;1864;-115;10:54:48.899756
1751;1860;-109;10:54:48.899756
1750;1860;-110;10:54:48.899756
1748;1859;-111;10:54:48.899756
1748;1861;-113;10:54:48.899756
1748;1859;-111;10:54:48.899756
1744;1857;-113;10:54:48.899756
1743;1857;-114;10:54:48.899756
1741;1855;-114;10:54:48.899756
1743;1856;-113;10:54:48.899756
1744;1856;-112;10:54:48.899756
1743;1855;-112;10:54:48.899756
1744;1857;-113;10:54:48.899756
1745;1858;-113;10:54:48.899756
1744;1857;-113;10:54:48.899756
1745;1857;-112;10:54:48.899756
1746;1858;-112;10:54:48.899756
1750;1859;-109;10:54:48.899756
1748;1860;-112;10:54:48.899756
1747;1860;-113;10:54:48.899756
1747;1861;-114;10:54:48.899756
1750;1857;-107;10:54:48.899756
1750;1858;-108;10:54:48.899756
1752;1860;-108;10:54:48.899756
1753;1860;-107;10:54:48.899756
1754;1865;-111;10:54:48.899756
1753;1867;-114;10:54:48.899756
1754;1865;-111;10:54:48.899756
1753;1864;-111;10:54:48.899756
1752;1865;-113;10:54:48.899756
1756;1863;-107;10:54:48.899756
1754;1863;-109;10:54:48.899756
1756;1864;-108;10:54:48.899756
1755;1865;-110;10:54:48.899756
1754;1866;-112;10:54:48.899756
1754;1867;-113;10:54:48.899756
1754;1868;-114;10:54:48.899756
1758;1871;-113;10:54:48.899756
1760;1872;-112;10:54:48.899756
1762;1873;-111;10:54:48.899756
1764;1873;-109;10:54:48.899756
1762;1873;-111;10:54:48.899756
1761;1870;-109;10:54:48.899756
1760;1872;-112;10:54:48.899756
1755;1867;-112;10:54:48.899756
1758;1868;-110;10:54:48.899756
1762;1870;-108;10:54:48.899756
1761;1869;-108;10:54:48.899756
1760;1870;-110;10:54:48.899756
1760;1871;-111;10:54:48.899756
1758;1868;-110;10:54:48.899756
1754;1869;-115;10:54:48.899756
1751;1867;-116;10:54:48.899756
1754;1867;-113;10:54:48.899756
1752;1868;-116;10:54:48.899756
1750;1867;-117;10:54:48.899756
1750;1870;-120;10:54:48.899756
1756;1868;-112;10:54:48.899756
1755;1869;-114;10:54:48.899756
1754;1869;-115;10:54:48.899756
1760;1871;-111;10:54:48.899756
1759;1871;-112;10:54:48.899756
1755;1871;-116;10:54:48.899756
1753;1869;-116;10:54:48.899756
1758;1868;-110;10:54:48.899756
1755;1868;-113;10:54:48.899756
1753;1867;-114;10:54:48.899756
1754;1867;-113;10:54:48.899756
1757;1868;-111;10:54:48.899756
1759;1868;-109;10:54:48.899756
1762;1870;-108;10:54:48.899756
1760;1874;-114;10:54:48.899756
1759;1869;-110;10:54:48.899756
1759;1870;-111;10:54:48.899756
1758;1870;-112;10:54:48.899756
1761;1871;-110;10:54:48.899756
1764;1873;-109;10:54:48.899756
1766;1878;-112;10:54:48.899756
1763;1878;-115;10:54:48.899756
1761;1876;-115;10:54:48.899756
1764;1876;-112;10:54:48.899756
1762;1873;-111;10:54:48.899756
1763;1872;-109;10:54:48.899756
1760;1868;-108;10:54:48.899756
1758;1873;-115;10:54:48.899756
1758;1873;-115;10:54:48.899756
1759;1873;-114;10:54:48.899756
1759;1868;-109;10:54:48.899756
1760;1874;-114;10:54:48.899756
1758;1874;-116;10:54:48.899756
1761;1875;-114;10:54:48.899756
1759;1876;-117;10:54:48.899756
1762;1877;-115;10:54:48.899756
1763;1875;-112;10:54:48.899756
1760;1873;-113;10:54:48.899756
1758;1873;-115;10:54:48.899756
1762;1874;-112;10:54:48.899756
1762;1875;-113;10:54:48.899756
1762;1874;-112;10:54:48.899756
1761;1874;-113;10:54:48.899756
1758;1872;-114;10:54:48.899756
1760;1872;-112;10:54:48.899756
1759;1874;-115;10:54:48.899756
1759;1875;-116;10:54:48.899756
1762;1876;-114;10:54:48.899756
1762;1875;-113;10:54:48.899756
1757;1873;-116;10:54:48.899756
1756;1874;-118;10:54:48.899756
1757;1874;-117;10:54:48.899756
1759;1873;-114;10:54:48.899756
1759;1872;-113;10:54:48.899756
1757;1869;-112;10:54:48.899756
1756;1869;-113;10:54:48.899756
1752;1868;-116;10:54:48.899756
1748;1862;-114;10:54:48.899756
1748;1859;-111;10:54:48.899756
1747;1863;-116;10:54:48.899756
1747;1865;-118;10:54:48.899756
1749;1864;-115;10:54:48.899756
1749;1864;-115;10:54:48.899756
1751;1864;-113;10:54:48.899756
1752;1863;-111;10:54:48.899756
1748;1863;-115;10:54:48.899756
1750;1863;-113;10:54:48.899756
1748;1863;-115;10:54:48.899756
1748;1863;-115;10:54:48.899756
1748;1862;-114;10:54:48.899756
1746;1862;-116;10:54:48.899756
1746;1865;-119;10:54:48.899756
1750;1864;-114;10:54:48.899756
1749;1863;-114;10:54:48.899756
1753;1865;-112;10:54:48.899756
1755;1865;-110;10:54:48.899756
1754;1866;-112;10:54:48.899756
1753;1869;-116;10:54:48.899756
1754;1871;-117;10:54:48.899756
1752;1870;-118;10:54:48.899756
1752;1866;-114;10:54:48.899756
1755;1868;-113;10:54:48.899756
1753;1865;-112;10:54:48.899756
1752;1864;-112;10:54:48.899756
1751;1862;-111;10:54:48.899756
1746;1863;-117;10:54:48.899756
1743;1859;-116;10:54:48.899756
1743;1862;-119;10:54:48.899756
1743;1862;-119;10:54:48.899756
1744;1860;-116;10:54:48.899756
1748;1858;-110;10:54:48.899756
1749;1857;-108;10:54:48.899756
1749;1857;-108;10:54:48.899756
1750;1857;-107;10:54:48.899756
1748;1858;-110;10:54:48.899756
1743;1855;-112;10:54:48.899756
1743;1859;-116;10:54:48.899756
1747;1858;-111;10:54:48.899756
1747;1860;-113;10:54:48.899756
1748;1858;-110;10:54:48.899756
1751;1862;-111;10:54:48.899756
1752;1863;-111;10:54:48.899756
1751;1861;-110;10:54:48.899756
1749;1862;-113;10:54:48.899756
1750;1862;-112;10:54:48.899756
1751;1862;-111;10:54:48.899756
1749;1860;-111;10:54:48.899756
1750;1861;-111;10:54:48.899756
1749;1862;-113;10:54:48.899756
1746;1859;-113;10:54:48.899756
1752;1865;-113;10:54:48.899756
1754;1865;-111;10:54:48.899756
1757;1866;-109;10:54:48.899756
1756;1864;-108;10:54:48.899756
1760;1867;-107;10:54:48.899756
1757;1867;-110;10:54:48.899756
1754;1868;-114;10:54:48.899756
1756;1870;-114;10:54:48.899756
1757;1869;-112;10:54:48.899756
1759;1870;-111;10:54:48.899756
1762;1872;-110;10:54:48.899756
1761;1874;-113;10:54:48.899756
1759;1873;-114;10:54:48.899756
1761;1875;-114;10:54:48.899756
1762;1879;-117;10:54:48.899756
1762;1877;-115;10:54:48.899756
1763;1878;-115;10:54:48.899756
1766;1875;-109;10:54:48.899756
1766;1875;-109;10:54:48.899756
1763;1872;-109;10:54:48.899756
1764;1875;-111;10:54:48.899756
1765;1874;-109;10:54:48.899756
1760;1871;-111;10:54:48.899756
1761;1868;-107;10:54:48.899756
1757;1867;-110;10:54:48.899756
1753;1866;-113;10:54:48.899756
1752;1867;-115;10:54:48.899756
1751;1866;-115;10:54:48.899756
1750;1866;-116;10:54:48.899756
1751;1867;-116;10:54:48.899756
1752;1866;-114;10:54:48.899756
1750;1863;-113;10:54:48.899756
1752;1864;-112;10:54:48.899756
1752;1866;-114;10:54:48.899756
1754;1867;-113;10:54:48.899756
1754;1868;-114;10:54:48.899756
1756;1868;-112;10:54:48.899756
1755;1867;-112;10:54:48.899756
1753;1868;-115;10:54:48.899756
1755;1871;-116;10:54:48.899756
1754;1872;-118;10:54:48.899756
1752;1873;-121;10:54:48.899756
1751;1871;-120;10:54:48.899756
1754;1868;-114;10:54:48.899756
1754;1870;-116;10:54:48.899756
1756;1869;-113;10:54:48.899756
1757;1868;-111;10:54:48.899756
1759;1868;-109;10:54:48.899756
1753;1869;-116;10:54:48.899756
1755;1868;-113;10:54:48.899756
1760;1869;-109;10:54:48.899756
1759;1869;-110;10:54:48.899756
1755;1870;-115;10:54:48.899756
1755;1869;-114;10:54:48.899756
1756;1868;-112;10:54:48.899756
1753;1864;-111;10:54:48.899756
1757;1863;-106;10:54:48.899756
1756;1864;-108;10:54:48.899756
1752;1865;-113;10:54:48.899756
1752;1865;-113;10:54:48.899756
1750;1864;-114;10:54:48.899756
1749;1863;-114;10:54:48.899756
1746;1862;-116;10:54:48.899756
1747;1864;-117;10:54:48.899756
1747;1862;-115;10:54:48.899756
1748;1863;-115;10:54:48.899756
1748;1864;-116;10:54:48.899756
1752;1865;-113;10:54:48.899756
1748;1865;-117;10:54:48.899756
1748;1863;-115;10:54:48.899756
1748;1861;-113;10:54:48.899756
1747;1862;-115;10:54:48.899756
1747;1861;-114;10:54:48.899756
1749;1861;-112;10:54:48.899756
1752;1865;-113;10:54:48.899756
1754;1868;-114;10:54:48.899756
1755;1868;-113;10:54:48.899756
1756;1872;-116;10:54:48.899756
1757;1873;-116;10:54:48.899756
1758;1874;-116;10:54:48.899756
1760;1878;-118;10:54:48.899756
1762;1878;-116;10:54:48.899756
1766;1877;-111;10:54:48.899756
1766;1877;-111;10:54:48.899756
1764;1876;-112;10:54:48.899756
1762;1877;-115;10:54:48.899756
1764;1878;-114;10:54:48.899756
1768;1881;-113;10:54:48.899756
1770;1882;-112;10:54:48.899756
1768;1882;-114;10:54:48.899756
1768;1883;-115;10:54:48.899756
1764;1883;-119;10:54:48.899756
1766;1879;-113;10:54:48.899756
1765;1879;-114;10:54:48.899756
1761;1875;-114;10:54:48.899756
1762;1873;-111;10:54:48.899756
1766;1872;-106;10:54:48.899756
1764;1873;-109;10:54:48.899756
1765;1871;-106;10:54:48.899756
1765;1871;-106;10:54:48.899756
1760;1873;-113;10:54:48.899756
1759;1872;-113;10:54:48.899756
1759;1872;-113;10:54:48.899756
1757;1871;-114;10:54:48.899756
1757;1874;-117;10:54:48.899756
1755;1875;-120;10:54:48.899756
1755;1873;-118;10:54:48.899756
1754;1872;-118;10:54:48.899756
1756;1871;-115;10:54:48.899756
1755;1870;-115;10:54:48.899756
1757;1872;-115;10:54:48.899756
1760;1875;-115;10:54:48.899756
1760;1875;-115;10:54:48.899756
1758;1876;-118;10:54:48.899756
1758;1878;-120;10:54:48.899756
1761;1878;-117;10:54:48.899756
1763;1877;-114;10:54:48.899756
1761;1874;-113;10:54:48.899756
1764;1878;-114;10:54:48.899756
1763;1881;-118;10:54:48.899756
1765;1882;-117;10:54:48.899756
1766;1878;-112;10:54:48.899756
1766;1880;-114;10:54:48.899756
1767;1881;-114;10:54:48.899756
1768;1885;-117;10:54:48.899756
1768;1882;-114;10:54:48.899756
1769;1881;-112;10:54:48.899756
1769;1881;-112;10:54:48.899756
1766;1880;-114;10:54:48.899756
1763;1877;-114;10:54:48.899756
1761;1877;-116;10:54:48.899756
1757;1876;-119;10:54:48.899756
1759;1875;-116;10:54:48.899756
1763;1875;-112;10:54:48.899756
1761;1875;-114;10:54:48.899756
1756;1871;-115;10:54:48.899756
1756;1870;-114;10:54:48.899756
1753;1866;-113;10:54:48.899756
1753;1864;-111;10:54:48.899756
1751;1863;-112;10:54:48.899756
1749;1866;-117;10:54:48.899756
1748;1863;-115;10:54:48.899756
1747;1861;-114;10:54:48.899756
1744;1860;-116;10:54:48.899756
1745;1861;-116;10:54:48.899756
1747;1862;-115;10:54:48.899756
1746;1864;-118;10:54:48.899756
1745;1867;-122;10:54:48.899756
1743;1864;-121;10:54:48.899756
1741;1865;-124;10:54:48.899756
1744;1862;-118;10:54:48.899756
1747;1864;-117;10:54:48.899756
1749;1863;-114;10:54:48.899756
1746;1864;-118;10:54:48.899756
1746;1866;-120;10:54:48.899756
1748;1866;-118;10:54:48.899756
1751;1866;-115;10:54:48.899756
1753;1867;-114;10:54:48.899756
1753;1870;-117;10:54:48.899756
1753;1870;-117;10:54:48.899756
1751;1868;-117;10:54:48.899756
1749;1870;-121;10:54:48.899756
1750;1869;-119;10:54:48.899756
1751;1867;-116;10:54:48.899756
1750;1870;-120;10:54:48.899756
1752;1869;-117;10:54:48.899756
1751;1869;-118;10:54:48.899756
1750;1866;-116;10:54:48.899756
1749;1864;-115;10:54:48.899756
1750;1863;-113;10:54:48.899756
1751;1859;-108;10:54:48.899756
1751;1857;-106;10:54:48.899756
1746;1861;-115;10:54:48.899756
1743;1859;-116;10:54:48.899756
1743;1857;-114;10:54:48.899756
1738;1859;-121;10:54:48.899756
1738;1859;-121;10:54:48.899756
1743;1861;-118;10:54:48.899756
1743;1863;-120;10:54:48.899756
1748;1861;-113;10:54:48.899756
1747;1864;-117;10:54:48.899756
1750;1865;-115;10:54:48.899756
1748;1864;-116;10:54:48.899756
1747;1863;-116;10:54:48.899756
1749;1864;-115;10:54:48.899756
1749;1865;-116;10:54:48.899756
1745;1865;-120;10:54:48.899756
1748;1867;-119;10:54:48.899756
1753;1869;-116;10:54:48.899756
1755;1869;-114;10:54:48.899756
1759;1868;-109;10:54:48.899756
1758;1870;-112;10:54:48.899756
1756;1871;-115;10:54:48.899756
1757;1870;-113;10:54:48.899756
1756;1869;-113;10:54:48.899756
1752;1870;-118;10:54:48.899756
1754;1870;-116;10:54:48.899756
1751;1871;-120;10:54:48.899756
1753;1873;-120;10:54:48.899756
1754;1875;-121;10:54:48.899756
1758;1873;-115;10:54:48.899756
1762;1870;-108;10:54:48.899756
1761;1869;-108;10:54:48.899756
1758;1872;-114;10:54:48.899756
1758;1873;-115;10:54:48.899756
1759;1873;-114;10:54:48.899756
1759;1873;-114;10:54:48.899756
1757;1872;-115;10:54:48.899756
1754;1875;-121;10:54:48.899756
1754;1874;-120;10:54:48.899756
1755;1869;-114;10:54:48.899756
1755;1869;-114;10:54:48.899756
1757;1871;-114;10:54:48.899756
1757;1871;-114;10:54:48.899756
1756;1871;-115;10:54:48.899756
1758;1868;-110;10:54:48.899756
1756;1867;-111;10:54:48.899756
1757;1871;-114;10:54:48.899756
1758;1873;-115;10:54:48.899756
1758;1874;-116;10:54:48.899756
1759;1874;-115;10:54:48.899756
1757;1874;-117;10:54:48.899756
1758;1874;-116;10:54:48.899756
1760;1873;-113;10:54:48.899756
1762;1875;-113;10:54:48.899756
1759;1878;-119;10:54:48.899756
1761;1881;-120;10:54:48.899756
1763;1883;-120;10:54:48.899756
1765;1883;-118;10:54:48.899756
1767;1888;-121;10:54:48.899756
1769;1888;-119;10:54:48.899756
1768;1887;-119;10:54:48.899756
1771;1888;-117;10:54:48.899756
1776;1888;-112;10:54:48.899756
1777;1885;-108;10:54:48.899756
1776;1885;-109;10:54:48.899756
1774;1885;-111;10:54:48.899756
1773;1885;-112;10:54:48.899756
1773;1887;-114;10:54:48.899756
1775;1889;-114;10:54:48.899756
1778;1890;-112;10:54:48.899756
1778;1886;-108;10:54:48.899756
1774;1886;-112;10:54:48.899756
1774;1885;-111;10:54:48.899756
1774;1885;-111;10:54:48.899756
1774;1886;-112;10:54:48.899756
1772;1883;-111;10:54:48.899756
1769;1881;-112;10:54:48.899756
1765;1881;-116;10:54:48.899756
1764;1880;-116;10:54:48.899756
1764;1875;-111;10:54:48.899756
1766;1875;-109;10:54:48.899756
1767;1876;-109;10:54:48.899756
1767;1876;-109;10:54:48.899756
1762;1874;-112;10:54:48.899756
1761;1873;-112;10:54:48.899756
1759;1873;-114;10:54:48.899756
1759;1875;-116;10:54:48.899756
1759;1877;-118;10:54:48.899756
1760;1878;-118;10:54:48.899756
1760;1877;-117;10:54:48.899756
1758;1875;-117;10:54:48.899756
1758;1874;-116;10:54:48.899756
1759;1876;-117;10:54:48.899756
1762;1874;-112;10:54:48.899756
1760;1875;-115;10:54:48.899756
1761;1876;-115;10:54:48.899756
1763;1877;-114;10:54:48.899756
1763;1877;-114;10:54:48.899756
1763;1877;-114;10:54:48.899756
1762;1879;-117;10:54:48.899756
1764;1879;-115;10:54:48.899756
1765;1877;-112;10:54:48.899756
1763;1878;-115;10:54:48.899756
1763;1877;-114;10:54:48.899756
1762;1878;-116;10:54:48.899756
1762;1877;-115;10:54:48.899756
1761;1876;-115;10:54:48.899756
1760;1873;-113;10:54:48.899756
1760;1872;-112;10:54:48.899756
1756;1872;-116;10:54:48.899756
1752;1868;-116;10:54:48.899756
1754;1867;-113;10:54:48.899756
1754;1866;-112;10:54:48.899756
1752;1864;-112;10:54:48.899756
1750;1862;-112;10:54:48.899756
1748;1861;-113;10:54:48.899756
1746;1863;-117;10:54:48.899756
1746;1862;-116;10:54:48.899756
1745;1861;-116;10:54:48.899756
1746;1863;-117;10:54:48.899756
1746;1862;-116;10:54:48.899756
1747;1862;-115;10:54:48.899756
1743;1862;-119;10:54:48.899756
1740;1862;-122;10:54:48.899756
1743;1860;-117;10:54:48.899756
1746;1859;-113;10:54:48.899756
1742;1858;-116;10:54:48.899756
1741;1856;-115;10:54:48.899756
1742;1856;-114;10:54:48.899756
1743;1858;-115;10:54:48.899756
1743;1857;-114;10:54:48.899756
1743;1852;-109;10:54:48.899756
1742;1856;-114;10:54:48.899756
1743;1860;-117;10:54:48.899756
1742;1861;-119;10:54:48.899756
1743;1861;-118;10:54:48.899756
1746;1862;-116;10:54:48.899756
1748;1863;-115;10:54:48.899756
1749;1864;-115;10:54:48.899756
1746;1865;-119;10:54:48.899756
1747;1864;-117;10:54:48.899756
1753;1867;-114;10:54:48.899756
1754;1866;-112;10:54:48.899756
1754;1865;-111;10:54:48.899756
1752;1864;-112;10:54:48.899756
1752;1864;-112;10:54:48.899756
1749;1862;-113;10:54:48.899756
1747;1863;-116;10:54:48.899756
1751;1862;-111;10:54:48.899756
1748;1862;-114;10:54:48.899756
1748;1862;-114;10:54:48.899756
1748;1860;-112;10:54:48.899756
1747;1858;-111;10:54:48.899756
1746;1860;-114;10:54:48.899756
1747;1862;-115;10:54:48.899756
1748;1863;-115;10:54:48.899756
1749;1862;-113;10:54:48.899756
1750;1862;-112;10:54:48.899756
1750;1863;-113;10:54:48.899756
1747;1865;-118;10:54:48.899756
1746;1865;-119;10:54:48.899756
1747;1865;-118;10:54:48.899756
1746;1864;-118;10:54:48.899756
1750;1867;-117;10:54:48.899756
1754;1867;-113;10:54:48.899756
1755;1865;-110;10:54:48.899756
1752;1867;-115;10:54:48.899756
1754;1869;-115;10:54:48.899756
1753;1871;-118;10:54:48.899756
1753;1868;-115;10:54:48.899756
1752;1868;-116;10:54:48.899756
1751;1868;-117;10:54:48.899756
1754;1869;-115;10:54:48.899756
1755;1868;-113;10:54:48.899756
1756;1868;-112;10:54:48.899756
1757;1867;-110;10:54:48.899756
1757;1869;-112;10:54:48.899756
1756;1870;-114;10:54:48.899756
1756;1869;-113;10:54:48.899756
1760;1867;-107;10:54:48.899756
1761;1866;-105;10:54:48.899756
1756;1870;-114;10:54:48.899756
1755;1873;-118;10:54:48.899756
1752;1872;-120;10:54:48.899756
1753;1871;-118;10:54:48.899756
1753;1871;-118;10:54:48.899756
1754;1869;-115;10:54:48.899756
1755;1869;-114;10:54:48.899756
1752;1866;-114;10:54:48.899756
1751;1865;-114;10:54:48.899756
1750;1863;-113;10:54:48.899756
1751;1864;-113;10:54:48.899756
1751;1863;-112;10:54:48.899756
1753;1865;-112;10:54:48.899756
1756;1869;-113;10:54:48.899756
1756;1867;-111;10:54:48.899756
1753;1868;-115;10:54:48.899756
1753;1869;-116;10:54:48.899756
1752;1869;-117;10:54:48.899756
1754;1869;-115;10:54:48.899756
1752;1870;-118;10:54:48.899756
1754;1868;-114;10:54:48.899756
1753;1869;-116;10:54:48.899756
1749;1866;-117;10:54:48.899756
1752;1867;-115;10:54:48.899756
1752;1868;-116;10:54:48.899756
1754;1867;-113;10:54:48.899756
1754;1867;-113;10:54:48.899756
1752;1866;-114;10:54:48.899756
1752;1867;-115;10:54:48.899756
1753;1869;-116;10:54:48.899756
1753;1869;-116;10:54:48.899756
1753;1869;-116;10:54:48.899756
1757;1868;-111;10:54:48.899756
1757;1870;-113;10:54:48.899756
1756;1870;-114;10:54:48.899756
1756;1869;-113;10:54:48.899756
1758;1871;-113;10:54:48.899756
1756;1869;-113;10:54:48.899756
1756;1866;-110;10:54:48.899756
1757;1868;-111;10:54:48.899756
1755;1866;-111;10:54:48.899756
1755;1864;-109;10:54:48.899756
1754;1865;-111;10:54:48.899756
1753;1865;-112;10:54:48.899756
1751;1864;-113;10:54:48.899756
1746;1863;-117;10:54:48.899756
1748;1864;-116;10:54:48.899756
1751;1865;-114;10:54:48.899756
1749;1865;-116;10:54:48.899756
1749;1867;-118;10:54:48.899756
1751;1867;-116;10:54:48.899756
1753;1866;-113;10:54:48.899756
1752;1866;-114;10:54:48.899756
1755;1866;-111;10:54:48.899756
1754;1866;-112;10:54:48.899756
1752;1866;-114;10:54:48.899756
1751;1866;-115;10:54:48.899756
1748;1866;-118;10:54:48.899756
1754;1868;-114;10:54:48.899756
1757;1872;-115;10:54:48.899756
1756;1872;-116;10:54:48.899756
1761;1871;-110;10:54:48.899756
1766;1874;-108;10:54:48.899756
1765;1875;-110;10:54:48.899756
1765;1873;-108;10:54:48.899756
1765;1873;-108;10:54:48.899756
1767;1879;-112;10:54:48.899756
1767;1881;-114;10:54:48.899756
1770;1880;-110;10:54:48.899756
1770;1882;-112;10:54:48.899756
1770;1880;-110;10:54:48.899756
1771;1880;-109;10:54:48.899756
1770;1878;-108;10:54:48.899756
1766;1879;-113;10:54:48.899756
1767;1878;-111;10:54:48.899756
1770;1878;-108;10:54:48.899756
1772;1878;-106;10:54:48.899756
1770;1879;-109;10:54:48.899756
1766;1879;-113;10:54:48.899756
1765;1875;-110;10:54:48.899756
1766;1874;-108;10:54:48.899756
1766;1873;-107;10:54:48.899756
1765;1874;-109;10:54:48.899756
1763;1873;-110;10:54:48.899756
1760;1872;-112;10:54:48.899756
1761;1872;-111;10:54:48.899756
1762;1872;-110;10:54:48.899756
1760;1872;-112;10:54:48.899756
1756;1871;-115;10:54:48.899756
1757;1870;-113;10:54:48.899756
1755;1869;-114;10:54:48.899756
1756;1868;-112;10:54:48.899756
1751;1866;-115;10:54:48.899756
1753;1865;-112;10:54:48.899756
1753;1869;-116;10:54:48.899756
1751;1868;-117;10:54:48.899756
1751;1867;-116;10:54:48.899756
1753;1869;-116;10:54:48.899756
1755;1868;-113;10:54:48.899756
1754;1868;-114;10:54:48.899756
1753;1868;-115;10:54:48.899756
1755;1868;-113;10:54:48.899756
1754;1868;-114;10:54:48.899756
1757;1867;-110;10:54:48.899756
1760;1869;-109;10:54:48.899756
1760;1873;-113;10:54:48.899756
1760;1873;-113;10:54:48.899756
1761;1872;-111;10:54:48.899756
1758;1871;-113;10:54:48.899756
1757;1868;-111;10:54:48.899756
1755;1867;-112;10:54:48.899756
1753;1867;-114;10:54:48.899756
1754;1866;-112;10:54:48.899756
1756;1868;-112;10:54:48.899756
1753;1866;-113;10:54:48.899756
1753;1864;-111;10:54:48.899756
1753;1864;-111;10:54:48.899756
1751;1865;-114;10:54:48.899756
1746;1861;-115;10:54:48.899756
1745;1861;-116;10:54:48.899756
1744;1861;-117;10:54:48.899756
1741;1861;-120;10:54:48.899756
1744;1860;-116;10:54:48.899756
1742;1860;-118;10:54:48.899756
1743;1859;-116;10:54:48.899756
1742;1860;-118;10:54:48.899756
1744;1858;-114;10:54:48.899756
1743;1856;-113;10:54:48.899756
1741;1855;-114;10:54:48.899756
1742;1855;-113;10:54:48.899756
1741;1857;-116;10:54:48.899756
1743;1858;-115;10:54:48.899756
1745;1858;-113;10:54:48.899756
1742;1857;-115;10:54:48.899756
1741;1857;-116;10:54:48.899756
1744;1860;-116;10:54:48.899756
1744;1863;-119;10:54:48.899756
1744;1861;-117;10:54:48.899756
1746;1860;-114;10:54:48.899756
1746;1860;-114;10:54:48.899756
1747;1861;-114;10:54:48.899756
1746;1861;-115;10:54:48.899756
1744;1861;-117;10:54:48.899756
1747;1861;-114;10:54:48.899756
1748;1861;-113;10:54:48.899756
1748;1859;-111;10:54:48.899756
1747;1862;-115;10:54:48.899756
1746;1863;-117;10:54:48.899756
1745;1859;-114;10:54:48.899756
1745;1858;-113;10:54:48.899756
1742;1861;-119;10:54:48.899756
1742;1862;-120;10:54:48.899756
1743;1859;-116;10:54:48.899756
1747;1861;-114;10:54:48.899756
1745;1860;-115;10:54:48.899756
1745;1858;-113;10:54:48.899756
1744;1859;-115;10:54:48.899756
1742;1856;-114;10:54:48.899756
1743;1858;-115;10:54:48.899756
1747;1858;-111;10:54:48.899756
1747;1861;-114;10:54:48.899756
1747;1861;-114;10:54:48.899756
1746;1862;-116;10:54:48.899756
1746;1864;-118;10:54:48.899756
1747;1863;-116;10:54:48.899756
1747;1861;-114;10:54:48.899756
1750;1862;-112;10:54:48.899756
1751;1865;-114;10:54:48.899756
1752;1865;-113;10:54:48.899756
1752;1864;-112;10:54:48.899756
1752;1864;-112;10:54:48.899756
1755;1868;-113;10:54:48.899756
1753;1866;-113;10:54:48.899756
1753;1867;-114;10:54:48.899756
1754;1867;-113;10:54:48.899756
1760;1869;-109;10:54:48.899756
1762;1870;-108;10:54:48.899756
1762;1871;-109;10:54:48.899756
1761;1869;-108;10:54:48.899756
1761;1871;-110;10:54:48.899756
1760;1870;-110;10:54:48.899756
1759;1867;-108;10:54:48.899756
1757;1868;-111;10:54:48.899756
1759;1866;-107;10:54:48.899756
1761;1868;-107;10:54:48.899756
1762;1872;-110;10:54:48.899756
1761;1872;-111;10:54:48.899756
1760;1872;-112;10:54:48.899756
1758;1871;-113;10:54:48.899756
1758;1869;-111;10:54:48.899756
1758;1868;-110;10:54:48.899756
1758;1868;-110;10:54:48.899756
1759;1869;-110;10:54:48.899756
1758;1870;-112;10:54:48.899756
1757;1871;-114;10:54:48.899756
1760;1872;-112;10:54:48.899756
1760;1873;-113;10:54:48.899756
1760;1872;-112;10:54:48.899756
1761;1872;-111;10:54:48.899756
1762;1873;-111;10:54:48.899756
1764;1874;-110;10:54:48.899756
1762;1873;-111;10:54:48.899756
1763;1877;-114;10:54:48.899756
1764;1875;-111;10:54:48.899756
1762;1877;-115;10:54:48.899756
1763;1878;-115;10:54:48.899756
1761;1876;-115;10:54:48.899756
1757;1876;-119;10:54:48.899756
1762;1874;-112;10:54:48.899756
1764;1874;-110;10:54:48.899756
1761;1873;-112;10:54:48.899756
1758;1874;-116;10:54:48.899756
1757;1875;-118;10:54:48.899756
1756;1874;-118;10:54:48.899756
1754;1872;-118;10:54:48.899756
1756;1873;-117;10:54:48.899756
1756;1872;-116;10:54:48.899756
1756;1871;-115;10:54:48.899756
1756;1872;-116;10:54:48.899756
1756;1872;-116;10:54:48.899756
1756;1871;-115;10:54:48.899756
1756;1872;-116;10:54:48.899756
1759;1873;-114;10:54:48.899756
1758;1875;-117;10:54:48.899756
1759;1875;-116;10:54:48.899756
1759;1875;-116;10:54:48.899756
1759;1873;-114;10:54:48.899756
1755;1873;-118;10:54:48.899756
1756;1873;-117;10:54:48.899756
1756;1872;-116;10:54:48.899756
1756;1870;-114;10:54:48.899756
1754;1867;-113;10:54:48.899756
1753;1873;-120;10:54:48.899756
1756;1872;-116;10:54:48.899756
1754;1872;-118;10:54:48.899756
1754;1869;-115;10:54:48.899756
1753;1868;-115;10:54:48.899756
1751;1866;-115;10:54:48.899756
1751;1866;-115;10:54:48.899756
1752;1865;-113;10:54:48.899756
1750;1864;-114;10:54:48.899756
1751;1866;-115;10:54:48.899756
1754;1866;-112;10:54:48.899756
1754;1868;-114;10:54:48.899756
1752;1871;-119;10:54:48.899756
1753;1873;-120;10:54:48.899756
1756;1876;-120;10:54:48.899756
1758;1874;-116;10:54:48.899756
1761;1874;-113;10:54:48.899756
1761;1874;-113;10:54:48.899756
1759;1878;-119;10:54:48.899756
1759;1876;-117;10:54:48.899756
1762;1878;-116;10:54:48.899756
1761;1878;-117;10:54:48.899756
1761;1878;-117;10:54:48.899756
1761;1877;-116;10:54:48.899756
1761;1876;-115;10:54:48.899756
1758;1875;-117;10:54:48.899756
1757;1876;-119;10:54:48.899756
1761;1876;-115;10:54:48.899756
1760;1875;-115;10:54:48.899756
1759;1876;-117;10:54:48.899756
1757;1873;-116;10:54:48.899756
1756;1873;-117;10:54:48.899756
1756;1872;-116;10:54:48.899756
1754;1870;-116;10:54:48.899756
1752;1869;-117;10:54:48.899756
1752;1868;-116;10:54:48.899756
1754;1870;-116;10:54:48.899756
1752;1868;-116;10:54:48.899756
1749;1867;-118;10:54:48.899756
1752;1868;-116;10:54:48.899756
1754;1868;-114;10:54:48.899756
1751;1867;-116;10:54:48.899756
1746;1865;-119;10:54:48.899756
1745;1867;-122;10:54:48.899756
1746;1869;-123;10:54:48.899756
1750;1869;-119;10:54:48.899756
1751;1865;-114;10:54:48.899756
1751;1868;-117;10:54:48.899756
1750;1870;-120;10:54:48.899756
1748;1866;-118;10:54:48.899756
1748;1864;-116;10:54:48.899756
1749;1863;-114;10:54:48.899756
1748;1860;-112;10:54:48.899756
1748;1863;-115;10:54:48.899756
1748;1862;-114;10:54:48.899756
1749;1861;-112;10:54:48.899756
1747;1863;-116;10:54:48.899756
1747;1862;-115;10:54:48.899756
1746;1865;-119;10:54:48.899756
1751;1868;-117;10:54:48.899756
1755;1868;-113;10:54:48.899756
1753;1870;-117;10:54:48.899756
1756;1868;-112;10:54:48.899756
1756;1869;-113;10:54:48.899756
1758;1871;-113;10:54:48.899756
1757;1869;-112;10:54:48.899756
1756;1870;-114;10:54:48.899756
1759;1869;-110;10:54:48.899756
1761;1869;-108;10:54:48.899756
1756;1868;-112;10:54:48.899756
1756;1867;-111;10:54:48.899756
1752;1865;-113;10:54:48.899756
1752;1868;-116;10:54:48.899756
1753;1867;-114;10:54:48.899756
1755;1864;-109;10:54:48.899756
1750;1865;-115;10:54:48.899756
1749;1866;-117;10:54:48.899756
1752;1865;-113;10:54:48.899756
1749;1865;-116;10:54:48.899756
1751;1863;-112;10:54:48.899756
1748;1862;-114;10:54:48.899756
1749;1862;-113;10:54:48.899756
1751;1865;-114;10:54:48.899756
1753;1865;-112;10:54:48.899756
1753;1866;-113;10:54:48.899756
1754;1865;-111;10:54:48.899756
1755;1865;-110;10:54:48.899756
1754;1867;-113;10:54:48.899756
1757;1869;-112;10:54:48.899756
1758;1872;-114;10:54:48.899756
1758;1871;-113;10:54:48.899756
1760;1875;-115;10:54:48.899756
1758;1874;-116;10:54:48.899756
1756;1874;-118;10:54:48.899756
1757;1873;-116;10:54:48.899756
1761;1872;-111;10:54:48.899756
1763;1873;-110;10:54:48.899756
1762;1870;-108;10:54:48.899756
1762;1872;-110;10:54:48.899756
1762;1870;-108;10:54:48.899756
1759;1872;-113;10:54:48.899756
1754;1867;-113;10:54:48.997495
1751;1867;-116;10:54:48.997495
1751;1868;-117;10:54:48.997495
1752;1869;-117;10:54:48.997495
1753;1870;-117;10:54:48.997495
1754;1868;-114;10:54:48.997495
1754;1870;-116;10:54:48.997495
1753;1870;-117;10:54:48.997495
1754;1871;-117;10:54:48.997495
1754;1870;-116;10:54:48.997495
1755;1870;-115;10:54:48.997495
1756;1874;-118;10:54:48.997495
1757;1875;-118;10:54:48.997495
1761;1874;-113;10:54:48.997495
1760;1873;-113;10:54:48.997495
1758;1869;-111;10:54:48.997495
1757;1873;-116;10:54:48.997495
1759;1873;-114;10:54:48.997495
1756;1870;-114;10:54:48.997495
1753;1873;-120;10:54:48.997495
1757;1876;-119;10:54:48.997495
1755;1874;-119;10:54:48.997495
1755;1873;-118;10:54:48.997495
1756;1871;-115;10:54:48.997495
1755;1872;-117;10:54:48.997495
1755;1871;-116;10:54:48.997495
1757;1871;-114;10:54:48.997495
1757;1868;-111;10:54:48.997495
1755;1866;-111;10:54:48.997495
1755;1870;-115;10:54:48.997495
1754;1869;-115;10:54:48.997495
1753;1869;-116;10:54:48.997495
1754;1869;-115;10:54:48.997495
1754;1871;-117;10:54:48.997495
1752;1872;-120;10:54:48.997495
1754;1872;-118;10:54:48.997495
1753;1868;-115;10:54:48.997495
1751;1867;-116;10:54:48.997495
1754;1868;-114;10:54:48.997495
1755;1869;-114;10:54:48.997495
1752;1867;-115;10:54:48.997495
1750;1866;-116;10:54:48.997495
1751;1871;-120;10:54:48.997495
1756;1869;-113;10:54:48.997495
1755;1868;-113;10:54:48.997495
1755;1867;-112;10:54:48.997495
1757;1868;-111;10:54:48.997495
1756;1869;-113;10:54:48.997495
1757;1872;-115;10:54:48.997495
1757;1872;-115;10:54:48.997495
1757;1873;-116;10:54:48.997495
1757;1873;-116;10:54:48.997495
1758;1871;-113;10:54:48.997495
1757;1872;-115;10:54:48.997495
1756;1871;-115;10:54:48.997495
1757;1872;-115;10:54:48.997495
1756;1870;-114;10:54:48.997495
1757;1871;-114;10:54:48.997495
1758;1872;-114;10:54:48.997495
1756;1870;-114;10:54:48.997495
1757;1872;-115;10:54:48.997495
1757;1873;-116;10:54:48.997495
1756;1875;-119;10:54:48.997495
1754;1869;-115;10:54:48.997495
1754;1865;-111;10:54:48.997495
1753;1865;-112;10:54:48.997495
1755;1866;-111;10:54:48.997495
1752;1865;-113;10:54:48.997495
1750;1866;-116;10:54:48.997495
1751;1865;-114;10:54:48.997495
1750;1865;-115;10:54:48.997495
1753;1863;-110;10:54:48.997495
1757;1865;-108;10:54:48.997495
1756;1868;-112;10:54:48.997495
1755;1867;-112;10:54:48.997495
1756;1868;-112;10:54:48.997495
1757;1866;-109;10:54:48.997495
1757;1868;-111;10:54:48.997495
1755;1867;-112;10:54:48.997495
1756;1868;-112;10:54:48.997495
1756;1869;-113;10:54:48.997495
1758;1869;-111;10:54:48.997495
1758;1872;-114;10:54:48.997495
1755;1873;-118;10:54:48.997495
1755;1872;-117;10:54:48.997495
1760;1870;-110;10:54:48.997495
1761;1872;-111;10:54:48.997495
1758;1871;-113;10:54:48.997495
1758;1873;-115;10:54:48.997495
1758;1871;-113;10:54:48.997495
1759;1870;-111;10:54:48.997495
1757;1868;-111;10:54:48.997495
1756;1869;-113;10:54:48.997495
1757;1869;-112;10:54:48.997495
1755;1870;-115;10:54:48.997495
1751;1871;-120;10:54:48.997495
1753;1870;-117;10:54:48.997495
1756;1871;-115;10:54:48.997495
1759;1869;-110;10:54:48.997495
1761;1871;-110;10:54:48.997495
1760;1873;-113;10:54:48.997495
1759;1871;-112;10:54:48.997495
1764;1874;-110;10:54:48.997495
1763;1876;-113;10:54:48.997495
1762;1872;-110;10:54:48.997495
1763;1875;-112;10:54:48.997495
1759;1876;-117;10:54:48.997495
1760;1876;-116;10:54:48.997495
1763;1874;-111;10:54:48.997495
1765;1878;-113;10:54:48.997495
1763;1876;-113;10:54:48.997495
1755;1876;-121;10:54:48.997495
1752;1868;-116;10:54:48.997495
1750;1869;-119;10:54:48.997495
1752;1866;-114;10:54:48.997495
1757;1860;-103;10:54:48.997495
1756;1868;-112;10:54:48.997495
1754;1865;-111;10:54:48.997495
1750;1870;-120;10:54:48.997495
1751;1862;-111;10:54:48.997495
1767;1864;-97;10:54:48.997495
1761;1873;-112;10:54:48.997495
1761;1880;-119;10:54:48.997495
1761;1870;-109;10:54:48.997495
1747;1883;-136;10:54:48.997495
1750;1869;-119;10:54:48.997495
1763;1866;-103;10:54:48.997495
1753;1876;-123;10:54:48.997495
1765;1863;-98;10:54:48.997495
1759;1865;-106;10:54:48.997495
1754;1871;-117;10:54:48.997495
1763;1869;-106;10:54:48.997495
1750;1877;-127;10:54:48.997495
1755;1871;-116;10:54:48.997495
1759;1868;-109;10:54:48.997495
1753;1872;-119;10:54:48.997495
1758;1869;-111;10:54:48.997495
1757;1869;-112;10:54:48.997495
1759;1873;-114;10:54:48.997495
1769;1868;-99;10:54:48.997495
1759;1879;-120;10:54:48.997495
1753;1875;-122;10:54:48.997495
1763;1866;-103;10:54:48.997495
1757;1880;-123;10:54:48.997495
1768;1877;-109;10:54:48.997495
1769;1878;-109;10:54:48.997495
1762;1883;-121;10:54:48.997495
1777;1877;-100;10:54:48.997495
1764;1887;-123;10:54:48.997495
1770;1886;-116;10:54:48.997495
1771;1879;-108;10:54:48.997495
1767;1889;-122;10:54:48.997495
1771;1881;-110;10:54:48.997495
1757;1883;-126;10:54:48.997495
1755;1877;-122;10:54:48.997495
1758;1863;-105;10:54:48.997495
1750;1866;-116;10:54:48.997495
1758;1860;-102;10:54:48.997495
1756;1858;-102;10:54:48.997495
1746;1864;-118;10:54:48.997495
1743;1864;-121;10:54:48.997495
1745;1862;-117;10:54:48.997495
1753;1867;-114;10:54:48.997495
1759;1867;-108;10:54:48.997495
1757;1876;-119;10:54:48.997495
1753;1875;-122;10:54:48.997495
1758;1872;-114;10:54:48.997495
1756;1873;-117;10:54:48.997495
1757;1877;-120;10:54:48.997495
1751;1874;-123;10:54:48.997495
1757;1875;-118;10:54:48.997495
1769;1877;-108;10:54:48.997495
1769;1877;-108;10:54:48.997495
1772;1882;-110;10:54:48.997495
1778;1880;-102;10:54:48.997495
1779;1888;-109;10:54:48.997495
1766;1887;-121;10:54:48.997495
1760;1876;-116;10:54:48.997495
1754;1878;-124;10:54:48.997495
1758;1871;-113;10:54:48.997495
1755;1874;-119;10:54:48.997495
1750;1866;-116;10:54:48.997495
1758;1856;-98;10:54:48.997495
1758;1861;-103;10:54:48.997495
1761;1860;-99;10:54:48.997495
1758;1864;-106;10:54:48.997495
1753;1865;-112;10:54:48.997495
1770;1870;-100;10:54:48.997495
1760;1882;-122;10:54:48.997495
1756;1882;-126;10:54:48.997495
1758;1875;-117;10:54:48.997495
1748;1883;-135;10:54:48.997495
1754;1871;-117;10:54:48.997495
1761;1865;-104;10:54:48.997495
1754;1868;-114;10:54:48.997495
1766;1863;-97;10:54:48.997495
1767;1870;-103;10:54:48.997495
1766;1874;-108;10:54:48.997495
1766;1876;-110;10:54:48.997495
1756;1876;-120;10:54:48.997495
1760;1875;-115;10:54:48.997495
1747;1872;-125;10:54:48.997495
1738;1868;-130;10:54:48.997495
1749;1866;-117;10:54:48.997495
1752;1866;-114;10:54:48.997495
1754;1865;-111;10:54:48.997495
1753;1864;-111;10:54:48.997495
1756;1870;-114;10:54:48.997495
1768;1874;-106;10:54:48.997495
1758;1876;-118;10:54:48.997495
1749;1877;-128;10:54:48.997495
1759;1874;-115;10:54:48.997495
1767;1878;-111;10:54:48.997495
1769;1877;-108;10:54:48.997495
1768;1870;-102;10:54:48.997495
1768;1870;-102;10:54:48.997495
1775;1880;-105;10:54:48.997495
1772;1882;-110;10:54:48.997495
1768;1887;-119;10:54:48.997495
1769;1886;-117;10:54:48.997495
1765;1891;-126;10:54:48.997495
1765;1885;-120;10:54:48.997495
1767;1878;-111;10:54:48.997495
1766;1877;-111;10:54:48.997495
1766;1873;-107;10:54:48.997495
1762;1872;-110;10:54:48.997495
1757;1865;-108;10:54:48.997495
1756;1866;-110;10:54:48.997495
1757;1868;-111;10:54:48.997495
1758;1866;-108;10:54:48.997495
1759;1863;-104;10:54:48.997495
1754;1861;-107;10:54:48.997495
1749;1866;-117;10:54:48.997495
1743;1862;-119;10:54:48.997495
1743;1859;-116;10:54:48.997495
1746;1856;-110;10:54:48.997495
1754;1857;-103;10:54:48.997495
1759;1865;-106;10:54:48.997495
1766;1866;-100;10:54:48.997495
1769;1875;-106;10:54:48.997495
1769;1882;-113;10:54:48.997495
1771;1885;-114;10:54:48.997495
1769;1885;-116;10:54:48.997495
1764;1881;-117;10:54:48.997495
1763;1882;-119;10:54:48.997495
1761;1874;-113;10:54:48.997495
1761;1869;-108;10:54:48.997495
1765;1864;-99;10:54:48.997495
1771;1858;-87;10:54:48.997495
1775;1866;-91;10:54:48.997495
1771;1868;-97;10:54:48.997495
1756;1869;-113;10:54:48.997495
1764;1873;-109;10:54:48.997495
1753;1873;-120;10:54:48.997495
1747;1871;-124;10:54:48.997495
1748;1860;-112;10:54:49.014454
1752;1853;-101;10:54:49.014454
1760;1848;-88;10:54:49.014454
1756;1856;-100;10:54:49.014454
1768;1856;-88;10:54:49.014454
1764;1869;-105;10:54:49.014454
1754;1874;-120;10:54:49.014454
1753;1879;-126;10:54:49.014454
1748;1880;-132;10:54:49.014454
1754;1876;-122;10:54:49.014454
1754;1871;-117;10:54:49.014454
1754;1864;-110;10:54:49.014454
1753;1855;-102;10:54:49.014454
1755;1854;-99;10:54:49.014454
1756;1858;-102;10:54:49.014454
1758;1856;-98;10:54:49.014454
1749;1859;-110;10:54:49.014454
1747;1866;-119;10:54:49.014454
1744;1864;-120;10:54:49.014454
1744;1857;-113;10:54:49.014454
1744;1851;-107;10:54:49.014454
1746;1853;-107;10:54:49.014454
1754;1848;-94;10:54:49.014454
1752;1854;-102;10:54:49.014454
1752;1852;-100;10:54:49.014454
1750;1860;-110;10:54:49.014454
1752;1863;-111;10:54:49.014454
1759;1871;-112;10:54:49.014454
1752;1873;-121;10:54:49.014454
1751;1871;-120;10:54:49.014454
1761;1872;-111;10:54:49.014454
1769;1873;-104;10:54:49.014454
1771;1873;-102;10:54:49.014454
1774;1876;-102;10:54:49.014454
1774;1880;-106;10:54:49.014454
1765;1878;-113;10:54:49.014454
1756;1878;-122;10:54:49.014454
1756;1871;-115;10:54:49.014454
1763;1871;-108;10:54:49.014454
1757;1867;-110;10:54:49.014454
1757;1861;-104;10:54:49.014454
1751;1853;-102;10:54:49.014454
1753;1848;-95;10:54:49.014454
1754;1846;-92;10:54:49.014454
1748;1845;-97;10:54:49.014454
1741;1842;-101;10:54:49.014454
1732;1847;-115;10:54:49.014454
1729;1849;-120;10:54:49.014454
1724;1843;-119;10:54:49.014454
1725;1837;-112;10:54:49.014454
1735;1839;-104;10:54:49.014454
1742;1844;-102;10:54:49.014454
1743;1847;-104;10:54:49.014454
1744;1852;-108;10:54:49.014454
1744;1860;-116;10:54:49.014454
1747;1868;-121;10:54:49.014454
1746;1869;-123;10:54:49.014454
1738;1869;-131;10:54:49.014454
1740;1866;-126;10:54:49.014454
1748;1861;-113;10:54:49.014454
1756;1862;-106;10:54:49.014454
1758;1861;-103;10:54:49.014454
1761;1865;-104;10:54:49.014454
1763;1871;-108;10:54:49.014454
1758;1871;-113;10:54:49.014454
1757;1870;-113;10:54:49.014454
1755;1872;-117;10:54:49.014454
1752;1872;-120;10:54:49.014454
1751;1871;-120;10:54:49.014454
1750;1868;-118;10:54:49.014454
1757;1862;-105;10:54:49.014454
1757;1859;-102;10:54:49.014454
1759;1856;-97;10:54:49.014454
1761;1860;-99;10:54:49.014454
1762;1863;-101;10:54:49.014454
1761;1868;-107;10:54:49.014454
1757;1874;-117;10:54:49.014454
1754;1875;-121;10:54:49.014454
1759;1876;-117;10:54:49.014454
1764;1876;-112;10:54:49.014454
1763;1872;-109;10:54:49.014454
1762;1870;-108;10:54:49.014454
1768;1869;-101;10:54:49.014454
1769;1872;-103;10:54:49.014454
1766;1871;-105;10:54:49.014454
1764;1874;-110;10:54:49.014454
1768;1876;-108;10:54:49.014454
1764;1878;-114;10:54:49.014454
1760;1875;-115;10:54:49.014454
1762;1870;-108;10:54:49.014454
1764;1867;-103;10:54:49.014454
1762;1864;-102;10:54:49.014454
1760;1865;-105;10:54:49.014454
1758;1864;-106;10:54:49.014454
1757;1865;-108;10:54:49.014454
1761;1866;-105;10:54:49.014454
1758;1869;-111;10:54:49.014454
1755;1867;-112;10:54:49.014454
1756;1871;-115;10:54:49.014454
1756;1873;-117;10:54:49.014454
1754;1871;-117;10:54:49.014454
1754;1864;-110;10:54:49.014454
1758;1863;-105;10:54:49.014454
1757;1868;-111;10:54:49.014454
1757;1865;-108;10:54:49.014454
1757;1865;-108;10:54:49.014454
1758;1868;-110;10:54:49.014454
1760;1872;-112;10:54:49.014454
1757;1874;-117;10:54:49.014454
1757;1872;-115;10:54:49.014454
1754;1869;-115;10:54:49.014454
1753;1865;-112;10:54:49.014454
1754;1861;-107;10:54:49.014454
1754;1859;-105;10:54:49.014454
1755;1860;-105;10:54:49.014454
1755;1863;-108;10:54:49.014454
1752;1865;-113;10:54:49.014454
1749;1863;-114;10:54:49.014454
1746;1861;-115;10:54:49.014454
1744;1859;-115;10:54:49.014454
1745;1860;-115;10:54:49.014454
1747;1858;-111;10:54:49.014454
1750;1857;-107;10:54:49.014454
1754;1861;-107;10:54:49.014454
1754;1861;-107;10:54:49.014454
1756;1865;-109;10:54:49.014454
1755;1867;-112;10:54:49.014454
1752;1869;-117;10:54:49.014454
1752;1872;-120;10:54:49.014454
1757;1870;-113;10:54:49.014454
1759;1873;-114;10:54:49.014454
1758;1872;-114;10:54:49.014454
1757;1867;-110;10:54:49.014454
1754;1866;-112;10:54:49.014454
1756;1863;-107;10:54:49.014454
1754;1863;-109;10:54:49.014454
1752;1865;-113;10:54:49.014454
1754;1866;-112;10:54:49.014454
1757;1864;-107;10:54:49.014454
1761;1866;-105;10:54:49.014454
1759;1870;-111;10:54:49.014454
1759;1866;-107;10:54:49.014454
1762;1869;-107;10:54:49.014454
1756;1870;-114;10:54:49.014454
1752;1867;-115;10:54:49.014454
1754;1868;-114;10:54:49.014454
1754;1867;-113;10:54:49.014454
1757;1864;-107;10:54:49.014454
1760;1864;-104;10:54:49.014454
1757;1864;-107;10:54:49.014454
1757;1865;-108;10:54:49.014454
1757;1864;-107;10:54:49.014454
1756;1865;-109;10:54:49.014454
1756;1864;-108;10:54:49.014454
1755;1863;-108;10:54:49.014454
1753;1862;-109;10:54:49.014454
1750;1863;-113;10:54:49.014454
1752;1863;-111;10:54:49.014454
1755;1863;-108;10:54:49.014454
1753;1864;-111;10:54:49.014454
1750;1859;-109;10:54:49.014454
1747;1858;-111;10:54:49.014454
1746;1858;-112;10:54:49.014454
1746;1859;-113;10:54:49.014454
1748;1860;-112;10:54:49.014454
1750;1860;-110;10:54:49.014454
1753;1861;-108;10:54:49.014454
1751;1863;-112;10:54:49.014454
1752;1863;-111;10:54:49.014454
1751;1864;-113;10:54:49.014454
1754;1864;-110;10:54:49.014454
1756;1865;-109;10:54:49.014454
1757;1865;-108;10:54:49.014454
1755;1866;-111;10:54:49.014454
1757;1867;-110;10:54:49.014454
1759;1870;-111;10:54:49.014454
1759;1870;-111;10:54:49.014454
1759;1870;-111;10:54:49.014454
1762;1869;-107;10:54:49.014454
1761;1870;-109;10:54:49.014454
1755;1871;-116;10:54:49.014454
1755;1874;-119;10:54:49.014454
1756;1874;-118;10:54:49.014454
1754;1872;-118;10:54:49.014454
1759;1867;-108;10:54:49.014454
1759;1864;-105;10:54:49.014454
1759;1864;-105;10:54:49.014454
1759;1864;-105;10:54:49.014454
1757;1864;-107;10:54:49.014454
1759;1863;-104;10:54:49.014454
1758;1864;-106;10:54:49.014454
1752;1864;-112;10:54:49.014454
1747;1865;-118;10:54:49.014454
1745;1865;-120;10:54:49.014454
1749;1863;-114;10:54:49.014454
1750;1859;-109;10:54:49.014454
1750;1858;-108;10:54:49.014454
1751;1857;-106;10:54:49.014454
1753;1861;-108;10:54:49.014454
1752;1862;-110;10:54:49.014454
1755;1861;-106;10:54:49.014454
1754;1862;-108;10:54:49.014454
1750;1863;-113;10:54:49.014454
1748;1866;-118;10:54:49.014454
1747;1864;-117;10:54:49.014454
1745;1862;-117;10:54:49.014454
1748;1861;-113;10:54:49.014454
1752;1858;-106;10:54:49.014454
1753;1856;-103;10:54:49.014454
1753;1855;-102;10:54:49.014454
1753;1860;-107;10:54:49.014454
1755;1864;-109;10:54:49.014454
1753;1869;-116;10:54:49.014454
1753;1868;-115;10:54:49.014454
1753;1869;-116;10:54:49.014454
1756;1868;-112;10:54:49.014454
1759;1870;-111;10:54:49.014454
1760;1870;-110;10:54:49.014454
1763;1871;-108;10:54:49.014454
1765;1870;-105;10:54:49.014454
1764;1871;-107;10:54:49.014454
1761;1871;-110;10:54:49.014454
1757;1872;-115;10:54:49.014454
1758;1871;-113;10:54:49.014454
1760;1869;-109;10:54:49.014454
1758;1869;-111;10:54:49.014454
1760;1868;-108;10:54:49.014454
1758;1868;-110;10:54:49.014454
1757;1868;-111;10:54:49.014454
1758;1868;-110;10:54:49.014454
1760;1870;-110;10:54:49.014454
1759;1871;-112;10:54:49.014454
1759;1869;-110;10:54:49.014454
1758;1870;-112;10:54:49.014454
1756;1866;-110;10:54:49.014454
1755;1868;-113;10:54:49.014454
1758;1869;-111;10:54:49.014454
1763;1869;-106;10:54:49.014454
1762;1869;-107;10:54:49.014454
1763;1868;-105;10:54:49.014454
1767;1870;-103;10:54:49.014454
1765;1873;-108;10:54:49.014454
1761;1870;-109;10:54:49.014454
1759;1871;-112;10:54:49.014454
1757;1871;-114;10:54:49.014454
1761;1873;-112;10:54:49.014454
1761;1871;-110;10:54:49.014454
1762;1871;-109;10:54:49.014454
1763;1870;-107;10:54:49.014454
1765;1872;-107;10:54:49.014454
1765;1872;-107;10:54:49.014454
1762;1871;-109;10:54:49.014454
1759;1870;-111;10:54:49.014454
1761;1871;-110;10:54:49.014454
1761;1870;-109;10:54:49.014454
1759;1872;-113;10:54:49.015447
1759;1870;-111;10:54:49.015447
1756;1867;-111;10:54:49.015447
1752;1862;-110;10:54:49.015447
1751;1860;-109;10:54:49.015447
1753;1863;-110;10:54:49.015447
1754;1864;-110;10:54:49.015447
1752;1863;-111;10:54:49.015447
1752;1865;-113;10:54:49.015447
1754;1866;-112;10:54:49.015447
1753;1865;-112;10:54:49.015447
1754;1867;-113;10:54:49.015447
1756;1867;-111;10:54:49.015447
1757;1868;-111;10:54:49.015447
1753;1869;-116;10:54:49.015447
1755;1870;-115;10:54:49.015447
1757;1872;-115;10:54:49.015447
1757;1873;-116;10:54:49.015447
1757;1873;-116;10:54:49.015447
1756;1872;-116;10:54:49.015447
1757;1873;-116;10:54:49.015447
1759;1873;-114;10:54:49.015447
1755;1871;-116;10:54:49.015447
1755;1869;-114;10:54:49.015447
1753;1870;-117;10:54:49.015447
1753;1869;-116;10:54:49.015447
1755;1868;-113;10:54:49.015447
1755;1866;-111;10:54:49.015447
1755;1867;-112;10:54:49.015447
1755;1866;-111;10:54:49.015447
1750;1867;-117;10:54:49.015447
1751;1865;-114;10:54:49.015447
1749;1862;-113;10:54:49.015447
1748;1864;-116;10:54:49.015447
1749;1864;-115;10:54:49.015447
1751;1864;-113;10:54:49.015447
1750;1865;-115;10:54:49.015447
1749;1864;-115;10:54:49.015447
1750;1864;-114;10:54:49.015447
1750;1865;-115;10:54:49.015447
1755;1864;-109;10:54:49.015447
1753;1864;-111;10:54:49.015447
1752;1863;-111;10:54:49.015447
1749;1863;-114;10:54:49.015447
1746;1863;-117;10:54:49.015447
1748;1861;-113;10:54:49.015447
1751;1862;-111;10:54:49.015447
1747;1860;-113;10:54:49.015447
1748;1862;-114;10:54:49.015447
1748;1864;-116;10:54:49.015447
1749;1863;-114;10:54:49.015447
1747;1862;-115;10:54:49.015447
1747;1861;-114;10:54:49.015447
1747;1860;-113;10:54:49.015447
1748;1859;-111;10:54:49.015447
1744;1860;-116;10:54:49.015447
1745;1858;-113;10:54:49.015447
1743;1858;-115;10:54:49.015447
1742;1858;-116;10:54:49.015447
1743;1858;-115;10:54:49.015447
1745;1858;-113;10:54:49.015447
1746;1857;-111;10:54:49.015447
1744;1859;-115;10:54:49.015447
1746;1862;-116;10:54:49.015447
1749;1863;-114;10:54:49.015447
1745;1861;-116;10:54:49.015447
1743;1861;-118;10:54:49.015447
1746;1861;-115;10:54:49.015447
1746;1859;-113;10:54:49.015447
1745;1861;-116;10:54:49.015447
1745;1863;-118;10:54:49.015447
1747;1868;-121;10:54:49.015447
1752;1867;-115;10:54:49.015447
1753;1863;-110;10:54:49.015447
1753;1862;-109;10:54:49.015447
1754;1864;-110;10:54:49.015447
1753;1866;-113;10:54:49.015447
1757;1866;-109;10:54:49.015447
1754;1866;-112;10:54:49.015447
1752;1867;-115;10:54:49.015447
1752;1867;-115;10:54:49.015447
1753;1867;-114;10:54:49.015447
1751;1866;-115;10:54:49.015447
1755;1866;-111;10:54:49.015447
1757;1866;-109;10:54:49.015447
1754;1864;-110;10:54:49.015447
1754;1867;-113;10:54:49.015447
1755;1866;-111;10:54:49.015447
1752;1863;-111;10:54:49.015447
1751;1863;-112;10:54:49.015447
1752;1868;-116;10:54:49.015447
1751;1868;-117;10:54:49.015447
1751;1867;-116;10:54:49.015447
1753;1866;-113;10:54:49.015447
1755;1866;-111;10:54:49.015447
1752;1866;-114;10:54:49.015447
1752;1865;-113;10:54:49.015447
1751;1866;-115;10:54:49.015447
1751;1866;-115;10:54:49.015447
1751;1864;-113;10:54:49.015447
1750;1866;-116;10:54:49.015447
1748;1868;-120;10:54:49.015447
1748;1868;-120;10:54:49.015447
1751;1869;-118;10:54:49.015447
1754;1867;-113;10:54:49.015447
1756;1868;-112;10:54:49.015447
1759;1867;-108;10:54:49.015447
1757;1868;-111;10:54:49.015447
1754;1868;-114;10:54:49.015447
1754;1870;-116;10:54:49.015447
1754;1871;-117;10:54:49.015447
1753;1871;-118;10:54:49.015447
1756;1871;-115;10:54:49.015447
1755;1871;-116;10:54:49.015447
1755;1870;-115;10:54:49.015447
1756;1870;-114;10:54:49.015447
1755;1868;-113;10:54:49.015447
1755;1866;-111;10:54:49.015447
1752;1865;-113;10:54:49.015447
1752;1866;-114;10:54:49.015447
1752;1863;-111;10:54:49.015447
1750;1864;-114;10:54:49.015447
1750;1863;-113;10:54:49.015447
1750;1863;-113;10:54:49.015447
1749;1863;-114;10:54:49.015447
1750;1864;-114;10:54:49.015447
1752;1866;-114;10:54:49.015447
1753;1868;-115;10:54:49.015447
1753;1870;-117;10:54:49.015447
1754;1869;-115;10:54:49.015447
1753;1871;-118;10:54:49.015447
1754;1870;-116;10:54:49.015447
1755;1868;-113;10:54:49.015447
1755;1869;-114;10:54:49.015447
1754;1868;-114;10:54:49.015447
1756;1866;-110;10:54:49.015447
1755;1866;-111;10:54:49.015447
1752;1864;-112;10:54:49.015447
1754;1864;-110;10:54:49.015447
1753;1865;-112;10:54:49.015447
1749;1865;-116;10:54:49.015447
1749;1863;-114;10:54:49.015447
1752;1867;-115;10:54:49.015447
1754;1866;-112;10:54:49.015447
1753;1866;-113;10:54:49.015447
1755;1865;-110;10:54:49.015447
1754;1865;-111;10:54:49.015447
1756;1864;-108;10:54:49.015447
1756;1864;-108;10:54:49.015447
1758;1866;-108;10:54:49.015447
1755;1865;-110;10:54:49.015447
1754;1866;-112;10:54:49.015447
1753;1865;-112;10:54:49.015447
1750;1863;-113;10:54:49.015447
1748;1862;-114;10:54:49.015447
1750;1861;-111;10:54:49.015447
1750;1862;-112;10:54:49.015447
1751;1862;-111;10:54:49.015447
1752;1862;-110;10:54:49.015447
1750;1862;-112;10:54:49.015447
1747;1860;-113;10:54:49.015447
1749;1862;-113;10:54:49.015447
1749;1864;-115;10:54:49.015447
1751;1860;-109;10:54:49.015447
1750;1857;-107;10:54:49.015447
1749;1858;-109;10:54:49.015447
1749;1862;-113;10:54:49.015447
1747;1860;-113;10:54:49.015447
1748;1862;-114;10:54:49.015447
1750;1863;-113;10:54:49.015447
1751;1863;-112;10:54:49.015447
1752;1863;-111;10:54:49.015447
1750;1867;-117;10:54:49.015447
1754;1867;-113;10:54:49.015447
1751;1868;-117;10:54:49.015447
1752;1867;-115;10:54:49.015447
1753;1869;-116;10:54:49.015447
1754;1869;-115;10:54:49.015447
1758;1867;-109;10:54:49.015447
1760;1867;-107;10:54:49.015447
1758;1864;-106;10:54:49.015447
1758;1867;-109;10:54:49.015447
1756;1866;-110;10:54:49.015447
1754;1865;-111;10:54:49.015447
1753;1868;-115;10:54:49.015447
1757;1871;-114;10:54:49.015447
1758;1871;-113;10:54:49.015447
1757;1869;-112;10:54:49.015447
1756;1870;-114;10:54:49.015447
1756;1869;-113;10:54:49.015447
1756;1868;-112;10:54:49.015447
1757;1867;-110;10:54:49.015447
1756;1866;-110;10:54:49.015447
1756;1868;-112;10:54:49.015447
1756;1869;-113;10:54:49.015447
1757;1868;-111;10:54:49.015447
1755;1862;-107;10:54:49.015447
1752;1864;-112;10:54:49.015447
1756;1866;-110;10:54:49.015447
1753;1865;-112;10:54:49.015447
1752;1863;-111;10:54:49.015447
1751;1861;-110;10:54:49.015447
1749;1863;-114;10:54:49.015447
1751;1864;-113;10:54:49.015447
1752;1863;-111;10:54:49.015447
1749;1863;-114;10:54:49.015447
1751;1865;-114;10:54:49.015447
1752;1864;-112;10:54:49.015447
1751;1867;-116;10:54:49.015447
1753;1869;-116;10:54:49.015447
1753;1869;-116;10:54:49.015447
1756;1871;-115;10:54:49.015447
1757;1871;-114;10:54:49.015447
1758;1873;-115;10:54:49.015447
1758;1873;-115;10:54:49.015447
1755;1873;-118;10:54:49.015447
1757;1871;-114;10:54:49.015447
1757;1871;-114;10:54:49.015447
1758;1874;-116;10:54:49.015447
1759;1873;-114;10:54:49.015447
1759;1874;-115;10:54:49.015447
1761;1873;-112;10:54:49.015447
1760;1872;-112;10:54:49.015447
1760;1873;-113;10:54:49.015447
1760;1875;-115;10:54:49.015447
1761;1873;-112;10:54:49.015447
1761;1872;-111;10:54:49.015447
1759;1870;-111;10:54:49.015447
1759;1871;-112;10:54:49.015447
1758;1871;-113;10:54:49.015447
1756;1867;-111;10:54:49.015447
1755;1869;-114;10:54:49.015447
1753;1869;-116;10:54:49.015447
1751;1868;-117;10:54:49.015447
1752;1867;-115;10:54:49.015447
1752;1865;-113;10:54:49.015447
1749;1866;-117;10:54:49.015447
1750;1867;-117;10:54:49.015447
1750;1866;-116;10:54:49.015447
1751;1864;-113;10:54:49.015447
1753;1866;-113;10:54:49.015447
1753;1868;-115;10:54:49.015447
1752;1868;-116;10:54:49.015447
1754;1868;-114;10:54:49.015447
1753;1868;-115;10:54:49.015447
1754;1866;-112;10:54:49.015447
1754;1869;-115;10:54:49.015447
1754;1870;-116;10:54:49.015447
1752;1870;-118;10:54:49.015447
1754;1869;-115;10:54:49.015447
1754;1871;-117;10:54:49.015447
1755;1870;-115;10:54:49.015447
1757;1870;-113;10:54:49.015447
1755;1869;-114;10:54:49.015447
1753;1868;-115;10:54:49.015447
1751;1869;-118;10:54:49.015447
1752;1866;-114;10:54:49.015447
1753;1867;-114;10:54:49.015447
1754;1866;-112;10:54:49.015447
1753;1864;-111;10:54:49.015447
1748;1864;-116;10:54:49.015447
1748;1863;-115;10:54:49.015447
1751;1863;-112;10:54:49.015447
1748;1865;-117;10:54:49.015447
1752;1864;-112;10:54:49.015447
1750;1864;-114;10:54:49.015447
1749;1867;-118;10:54:49.015447
1751;1867;-116;10:54:49.015447
1750;1865;-115;10:54:49.015447
1752;1863;-111;10:54:49.015447
1750;1862;-112;10:54:49.015447
1746;1861;-115;10:54:49.015447
1748;1863;-115;10:54:49.015447
1749;1862;-113;10:54:49.015447
1745;1860;-115;10:54:49.015447
1748;1860;-112;10:54:49.015447
1746;1863;-117;10:54:49.015447
1744;1860;-116;10:54:49.015447
1748;1863;-115;10:54:49.015447
1749;1861;-112;10:54:49.015447
1748;1864;-116;10:54:49.015447
1748;1860;-112;10:54:49.015447
1747;1861;-114;10:54:49.015447
1749;1860;-111;10:54:49.015447
1747;1861;-114;10:54:49.015447
1748;1863;-115;10:54:49.015447
1750;1864;-114;10:54:49.015447
1747;1863;-116;10:54:49.015447
1747;1864;-117;10:54:49.015447
1746;1865;-119;10:54:49.015447
1750;1863;-113;10:54:49.015447
1750;1861;-111;10:54:49.015447
1750;1859;-109;10:54:49.015447
1750;1860;-110;10:54:49.015447
1752;1864;-112;10:54:49.015447
1754;1863;-109;10:54:49.015447
1753;1865;-112;10:54:49.015447
1752;1867;-115;10:54:49.015447
1756;1869;-113;10:54:49.015447
1756;1872;-116;10:54:49.015447
1757;1872;-115;10:54:49.015447
1755;1872;-117;10:54:49.015447
1759;1873;-114;10:54:49.015447
1762;1874;-112;10:54:49.015447
1761;1871;-110;10:54:49.015447
1764;1868;-104;10:54:49.015447
1764;1871;-107;10:54:49.015447
1760;1872;-112;10:54:49.015447
1759;1871;-112;10:54:49.015447
1757;1870;-113;10:54:49.015447
1757;1868;-111;10:54:49.015447
1757;1870;-113;10:54:49.015447
1759;1873;-114;10:54:49.015447
1759;1874;-115;10:54:49.015447
1760;1871;-111;10:54:49.015447
1762;1872;-110;10:54:49.015447
1759;1875;-116;10:54:49.015447
1758;1872;-114;10:54:49.015447
1757;1872;-115;10:54:49.015447
1760;1872;-112;10:54:49.015447
1757;1870;-113;10:54:49.015447
1758;1872;-114;10:54:49.015447
1761;1874;-113;10:54:49.015447
1761;1870;-109;10:54:49.015447
1759;1871;-112;10:54:49.015447
1760;1873;-113;10:54:49.015447
1759;1876;-117;10:54:49.015447
1757;1873;-116;10:54:49.015447
1758;1872;-114;10:54:49.015447
1759;1873;-114;10:54:49.015447
1759;1872;-113;10:54:49.015447
1759;1874;-115;10:54:49.015447
1760;1872;-112;10:54:49.015447
1758;1871;-113;10:54:49.015447
1759;1871;-112;10:54:49.015447
1759;1871;-112;10:54:49.015447
1758;1871;-113;10:54:49.015447
1756;1871;-115;10:54:49.015447
1752;1868;-116;10:54:49.015447
1750;1865;-115;10:54:49.015447
1749;1866;-117;10:54:49.015447
1750;1862;-112;10:54:49.015447
1749;1864;-115;10:54:49.015447
1750;1866;-116;10:54:49.015447
1752;1866;-114;10:54:49.015447
1751;1869;-118;10:54:49.015447
1751;1866;-115;10:54:49.015447
1749;1865;-116;10:54:49.015447
1751;1865;-114;10:54:49.015447
1747;1866;-119;10:54:49.015447
1747;1862;-115;10:54:49.015447
1745;1862;-117;10:54:49.015447
1746;1862;-116;10:54:49.015447
1747;1861;-114;10:54:49.015447
1749;1863;-114;10:54:49.015447
1748;1865;-117;10:54:49.015447
1748;1861;-113;10:54:49.015447
1746;1860;-114;10:54:49.015447
1749;1859;-110;10:54:49.015447
1748;1863;-115;10:54:49.015447
1746;1861;-115;10:54:49.015447
1745;1863;-118;10:54:49.015447
1748;1863;-115;10:54:49.015447
1748;1860;-112;10:54:49.015447
1748;1862;-114;10:54:49.015447
1748;1863;-115;10:54:49.015447
1749;1862;-113;10:54:49.015447
1750;1867;-117;10:54:49.015447
1755;1869;-114;10:54:49.015447
1754;1869;-115;10:54:49.015447
1757;1870;-113;10:54:49.015447
1757;1870;-113;10:54:49.015447
1760;1869;-109;10:54:49.015447
1759;1870;-111;10:54:49.015447
1760;1869;-109;10:54:49.015447
1759;1871;-112;10:54:49.015447
1759;1869;-110;10:54:49.015447
1760;1871;-111;10:54:49.015447
1762;1872;-110;10:54:49.015447
1763;1874;-111;10:54:49.015447
1763;1874;-111;10:54:49.015447
1765;1872;-107;10:54:49.015447
1764;1874;-110;10:54:49.015447
1760;1872;-112;10:54:49.015447
1761;1873;-112;10:54:49.015447
1762;1876;-114;10:54:49.015447
1759;1874;-115;10:54:49.015447
1758;1873;-115;10:54:49.015447
1758;1873;-115;10:54:49.015447
1756;1871;-115;10:54:49.015447
1757;1869;-112;10:54:49.015447
1756;1870;-114;10:54:49.015447
1755;1871;-116;10:54:49.015447
1755;1872;-117;10:54:49.015447
1757;1871;-114;10:54:49.015447
1756;1873;-117;10:54:49.015447
1756;1872;-116;10:54:49.015447
1754;1870;-116;10:54:49.015447
1756;1871;-115;10:54:49.015447
1755;1872;-117;10:54:49.015447
1754;1873;-119;10:54:49.015447
1754;1872;-118;10:54:49.015447
1755;1868;-113;10:54:49.015447
1758;1872;-114;10:54:49.015447
1762;1874;-112;10:54:49.015447
1760;1874;-114;10:54:49.015447
1759;1872;-113;10:54:49.015447
1762;1874;-112;10:54:49.015447
1759;1876;-117;10:54:49.015447
1758;1875;-117;10:54:49.015447
1759;1874;-115;10:54:49.015447
1761;1875;-114;10:54:49.015447
1761;1873;-112;10:54:49.015447
1758;1870;-112;10:54:49.015447
1758;1870;-112;10:54:49.015447
1758;1872;-114;10:54:49.015447
1758;1872;-114;10:54:49.015447
1757;1870;-113;10:54:49.015447
1755;1876;-121;10:54:49.015447
1759;1873;-114;10:54:49.015447
1751;1872;-121;10:54:49.015447
1754;1869;-115;10:54:49.015447
1751;1870;-119;10:54:49.015447
1754;1868;-114;10:54:49.015447
1757;1871;-114;10:54:49.015447
1755;1871;-116;10:54:49.015447
1757;1871;-114;10:54:49.015447
1756;1868;-112;10:54:49.015447
1752;1869;-117;10:54:49.015447
1753;1868;-115;10:54:49.015447
1751;1866;-115;10:54:49.015447
1750;1865;-115;10:54:49.015447
1748;1866;-118;10:54:49.015447
1749;1867;-118;10:54:49.015447
1751;1871;-120;10:54:49.015447
1752;1868;-116;10:54:49.015447
1751;1869;-118;10:54:49.015447
1752;1867;-115;10:54:49.015447
1751;1867;-116;10:54:49.015447
1749;1865;-116;10:54:49.015447
1750;1863;-113;10:54:49.015447
1753;1865;-112;10:54:49.015447
1749;1865;-116;10:54:49.015447
1751;1865;-114;10:54:49.015447
1753;1869;-116;10:54:49.015447
1751;1868;-117;10:54:49.015447
1751;1869;-118;10:54:49.015447
1754;1870;-116;10:54:49.015447
1753;1871;-118;10:54:49.015447
1753;1868;-115;10:54:49.015447
1753;1867;-114;10:54:49.015447
1752;1867;-115;10:54:49.015447
1755;1868;-113;10:54:49.015447
1753;1866;-113;10:54:49.015447
1752;1869;-117;10:54:49.015447
1753;1866;-113;10:54:49.015447
1753;1869;-116;10:54:49.015447
1753;1870;-117;10:54:49.015447
1753;1869;-116;10:54:49.015447
1751;1869;-118;10:54:49.015447
1752;1865;-113;10:54:49.015447
1751;1869;-118;10:54:49.015447
1751;1870;-119;10:54:49.015447
1753;1870;-117;10:54:49.015447
1754;1870;-116;10:54:49.015447
1753;1869;-116;10:54:49.015447
1750;1866;-116;10:54:49.015447
1747;1867;-120;10:54:49.015447
1751;1871;-120;10:54:49.015447
1749;1865;-116;10:54:49.015447
1749;1865;-116;10:54:49.015447
1752;1866;-114;10:54:49.015447
1753;1867;-114;10:54:49.015447
1754;1870;-116;10:54:49.015447
1757;1870;-113;10:54:49.015447
1755;1871;-116;10:54:49.015447
1754;1871;-117;10:54:49.015447
1758;1873;-115;10:54:49.015447
1757;1870;-113;10:54:49.015447
1755;1873;-118;10:54:49.015447
1757;1874;-117;10:54:49.015447
1759;1875;-116;10:54:49.015447
1760;1874;-114;10:54:49.015447
1761;1872;-111;10:54:49.015447
1757;1871;-114;10:54:49.015447
1758;1873;-115;10:54:49.015447
1757;1872;-115;10:54:49.015447
1759;1871;-112;10:54:49.015447
1759;1869;-110;10:54:49.015447
1764;1872;-108;10:54:49.015447
1762;1873;-111;10:54:49.015447
1760;1872;-112;10:54:49.015447
1760;1871;-111;10:54:49.015447
1760;1873;-113;10:54:49.015447
1762;1870;-108;10:54:49.015447
1755;1868;-113;10:54:49.015447
1755;1868;-113;10:54:49.015447
1758;1874;-116;10:54:49.015447
1757;1869;-112;10:54:49.015447
1753;1872;-119;10:54:49.015447
1753;1869;-116;10:54:49.015447
1754;1872;-118;10:54:49.015447
1756;1870;-114;10:54:49.015447
1754;1874;-120;10:54:49.015447
1755;1872;-117;10:54:49.015447
1755;1873;-118;10:54:49.015447
1755;1869;-114;10:54:49.015447
1755;1871;-116;10:54:49.015447
1753;1869;-116;10:54:49.015447
1756;1875;-119;10:54:49.015447
1761;1873;-112;10:54:49.182227
1762;1874;-112;10:54:49.182227
1761;1878;-117;10:54:49.182227
1758;1878;-120;10:54:49.182227
1763;1879;-116;10:54:49.182227
1769;1878;-109;10:54:49.182227
1764;1880;-116;10:54:49.182227
1767;1882;-115;10:54:49.182227
1765;1883;-118;10:54:49.182227
1767;1881;-114;10:54:49.182227
1770;1880;-110;10:54:49.182227
1769;1878;-109;10:54:49.182227
1767;1878;-111;10:54:49.182227
1764;1879;-115;10:54:49.182227
1763;1880;-117;10:54:49.182227
1766;1882;-116;10:54:49.182227
1768;1879;-111;10:54:49.182227
1766;1880;-114;10:54:49.182227
1768;1881;-113;10:54:49.182227
1766;1882;-116;10:54:49.182227
1763;1884;-121;10:54:49.182227
1765;1880;-115;10:54:49.182227
1766;1879;-113;10:54:49.182227
1764;1877;-113;10:54:49.182227
1764;1880;-116;10:54:49.182227
1764;1880;-116;10:54:49.182227
1765;1881;-116;10:54:49.182227
1764;1882;-118;10:54:49.182227
1766;1880;-114;10:54:49.182227
1764;1880;-116;10:54:49.182227
1759;1878;-119;10:54:49.182227
1761;1877;-116;10:54:49.182227
1761;1878;-117;10:54:49.182227
1762;1879;-117;10:54:49.182227
1761;1874;-113;10:54:49.182227
1760;1873;-113;10:54:49.182227
1756;1872;-116;10:54:49.182227
1756;1871;-115;10:54:49.182227
1755;1870;-115;10:54:49.182227
1752;1867;-115;10:54:49.182227
1751;1864;-113;10:54:49.182227
1751;1864;-113;10:54:49.182227
1745;1868;-123;10:54:49.182227
1750;1865;-115;10:54:49.182227
1750;1868;-118;10:54:49.182227
1754;1867;-113;10:54:49.182227
1753;1868;-115;10:54:49.182227
1755;1868;-113;10:54:49.182227
1756;1873;-117;10:54:49.182227
1757;1875;-118;10:54:49.182227
1755;1879;-124;10:54:49.182227
1760;1876;-116;10:54:49.182227
1761;1877;-116;10:54:49.182227
1763;1878;-115;10:54:49.182227
1764;1874;-110;10:54:49.182227
1761;1873;-112;10:54:49.182227
1762;1877;-115;10:54:49.182227
1759;1870;-111;10:54:49.182227
1762;1869;-107;10:54:49.182227
1757;1870;-113;10:54:49.182227
1755;1868;-113;10:54:49.182227
1754;1871;-117;10:54:49.182227
1754;1869;-115;10:54:49.182227
1755;1866;-111;10:54:49.182227
1753;1864;-111;10:54:49.182227
1749;1867;-118;10:54:49.182227
1751;1865;-114;10:54:49.182227
1751;1866;-115;10:54:49.182227
1749;1866;-117;10:54:49.182227
1748;1864;-116;10:54:49.182227
1751;1865;-114;10:54:49.182227
1751;1865;-114;10:54:49.182227
1749;1864;-115;10:54:49.182227
1750;1867;-117;10:54:49.182227
1753;1867;-114;10:54:49.182227
1757;1868;-111;10:54:49.182227
1755;1865;-110;10:54:49.182227
1750;1869;-119;10:54:49.182227
1754;1865;-111;10:54:49.182227
1750;1867;-117;10:54:49.182227
1749;1863;-114;10:54:49.182227
1753;1866;-113;10:54:49.182227
1752;1869;-117;10:54:49.182227
1755;1870;-115;10:54:49.182227
1757;1867;-110;10:54:49.182227
1752;1869;-117;10:54:49.182227
1754;1866;-112;10:54:49.182227
1758;1865;-107;10:54:49.182227
1755;1862;-107;10:54:49.182227
1750;1860;-110;10:54:49.182227
1745;1861;-116;10:54:49.182227
1743;1859;-116;10:54:49.182227
1741;1855;-114;10:54:49.182227
1742;1856;-114;10:54:49.182227
1742;1857;-115;10:54:49.182227
1740;1856;-116;10:54:49.182227
1740;1858;-118;10:54:49.182227
1740;1854;-114;10:54:49.182227
1743;1854;-111;10:54:49.182227
1740;1856;-116;10:54:49.182227
1747;1858;-111;10:54:49.182227
1745;1861;-116;10:54:49.182227
1745;1859;-114;10:54:49.182227
1745;1861;-116;10:54:49.182227
1747;1864;-117;10:54:49.182227
1744;1864;-120;10:54:49.182227
1745;1862;-117;10:54:49.182227
1745;1862;-117;10:54:49.182227
1753;1866;-113;10:54:49.182227
1754;1863;-109;10:54:49.182227
1752;1863;-111;10:54:49.182227
1752;1867;-115;10:54:49.182227
1753;1867;-114;10:54:49.182227
1755;1868;-113;10:54:49.182227
1759;1867;-108;10:54:49.182227
1756;1869;-113;10:54:49.182227
1754;1869;-115;10:54:49.182227
1756;1870;-114;10:54:49.182227
1758;1868;-110;10:54:49.182227
1754;1871;-117;10:54:49.182227
1757;1870;-113;10:54:49.182227
1758;1870;-112;10:54:49.182227
1756;1867;-111;10:54:49.182227
1757;1868;-111;10:54:49.182227
1755;1867;-112;10:54:49.182227
1756;1866;-110;10:54:49.182227
1755;1867;-112;10:54:49.182227
1759;1868;-109;10:54:49.182227
1758;1866;-108;10:54:49.182227
1756;1868;-112;10:54:49.182227
1755;1869;-114;10:54:49.182227
1755;1872;-117;10:54:49.182227
1756;1871;-115;10:54:49.182227
1756;1870;-114;10:54:49.182227
1756;1870;-114;10:54:49.182227
1748;1869;-121;10:54:49.182227
1752;1868;-116;10:54:49.182227
1758;1870;-112;10:54:49.182227
1756;1868;-112;10:54:49.182227
1758;1867;-109;10:54:49.182227
1759;1868;-109;10:54:49.182227
1755;1868;-113;10:54:49.182227
1753;1867;-114;10:54:49.182227
1752;1868;-116;10:54:49.182227
1749;1869;-120;10:54:49.182227
1752;1871;-119;10:54:49.182227
1752;1868;-116;10:54:49.182227
1751;1864;-113;10:54:49.182227
1750;1867;-117;10:54:49.182227
1752;1868;-116;10:54:49.182227
1754;1870;-116;10:54:49.182227
1751;1868;-117;10:54:49.182227
1751;1865;-114;10:54:49.182227
1752;1866;-114;10:54:49.182227
1749;1865;-116;10:54:49.182227
1751;1868;-117;10:54:49.182227
1752;1867;-115;10:54:49.182227
1752;1872;-120;10:54:49.182227
1756;1866;-110;10:54:49.182227
1759;1871;-112;10:54:49.182227
1758;1871;-113;10:54:49.182227
1759;1868;-109;10:54:49.182227
1762;1873;-111;10:54:49.182227
1760;1873;-113;10:54:49.182227
1760;1876;-116;10:54:49.182227
1761;1876;-115;10:54:49.182227
1763;1878;-115;10:54:49.182227
1761;1875;-114;10:54:49.182227
1758;1874;-116;10:54:49.182227
1763;1875;-112;10:54:49.182227
1765;1876;-111;10:54:49.182227
1765;1876;-111;10:54:49.182227
1763;1872;-109;10:54:49.182227
1760;1873;-113;10:54:49.182227
1757;1875;-118;10:54:49.182227
1760;1874;-114;10:54:49.182227
1759;1876;-117;10:54:49.182227
1758;1875;-117;10:54:49.182227
1766;1877;-111;10:54:49.182227
1765;1877;-112;10:54:49.182227
1766;1872;-106;10:54:49.182227
1763;1873;-110;10:54:49.182227
1759;1870;-111;10:54:49.182227
1759;1873;-114;10:54:49.182227
1756;1870;-114;10:54:49.182227
1756;1875;-119;10:54:49.182227
1753;1876;-123;10:54:49.182227
1754;1875;-121;10:54:49.182227
1759;1875;-116;10:54:49.182227
1764;1872;-108;10:54:49.182227
1760;1873;-113;10:54:49.182227
1759;1871;-112;10:54:49.182227
1758;1875;-117;10:54:49.182227
1761;1876;-115;10:54:49.182227
1759;1878;-119;10:54:49.182227
1764;1876;-112;10:54:49.182227
1759;1878;-119;10:54:49.182227
1760;1879;-119;10:54:49.182227
1762;1881;-119;10:54:49.182227
1758;1879;-121;10:54:49.182227
1760;1881;-121;10:54:49.182227
1761;1876;-115;10:54:49.182227
1760;1877;-117;10:54:49.182227
1762;1875;-113;10:54:49.182227
1760;1873;-113;10:54:49.182227
1756;1877;-121;10:54:49.182227
1754;1875;-121;10:54:49.182227
1754;1872;-118;10:54:49.182227
1756;1870;-114;10:54:49.182227
1758;1870;-112;10:54:49.182227
1757;1875;-118;10:54:49.182227
1753;1871;-118;10:54:49.182227
1755;1866;-111;10:54:49.182227
1755;1867;-112;10:54:49.182227
1753;1866;-113;10:54:49.182227
1749;1872;-123;10:54:49.182227
1751;1873;-122;10:54:49.182227
1753;1869;-116;10:54:49.182227
1752;1872;-120;10:54:49.182227
1751;1868;-117;10:54:49.182227
1753;1867;-114;10:54:49.182227
1755;1868;-113;10:54:49.182227
1755;1869;-114;10:54:49.182227
1753;1869;-116;10:54:49.182227
1752;1870;-118;10:54:49.182227
1750;1870;-120;10:54:49.182227
1752;1868;-116;10:54:49.182227
1753;1870;-117;10:54:49.182227
1751;1864;-113;10:54:49.182227
1755;1868;-113;10:54:49.182227
1758;1868;-110;10:54:49.182227
1756;1868;-112;10:54:49.182227
1758;1869;-111;10:54:49.182227
1756;1871;-115;10:54:49.182227
1755;1872;-117;10:54:49.182227
1753;1870;-117;10:54:49.182227
1755;1870;-115;10:54:49.182227
1755;1868;-113;10:54:49.182227
1758;1870;-112;10:54:49.182227
1759;1866;-107;10:54:49.182227
1756;1865;-109;10:54:49.182227
1756;1866;-110;10:54:49.182227
1755;1866;-111;10:54:49.182227
1750;1867;-117;10:54:49.182227
1750;1867;-117;10:54:49.182227
1751;1865;-114;10:54:49.182227
1753;1866;-113;10:54:49.182227
1746;1864;-118;10:54:49.182227
1750;1864;-114;10:54:49.182227
1749;1863;-114;10:54:49.182227
1750;1862;-112;10:54:49.182227
1750;1862;-112;10:54:49.182227
1750;1861;-111;10:54:49.182227
1746;1860;-114;10:54:49.182227
1747;1861;-114;10:54:49.182227
1743;1860;-117;10:54:49.188151
1742;1859;-117;10:54:49.188151
1744;1862;-118;10:54:49.188151
1746;1859;-113;10:54:49.188151
1742;1860;-118;10:54:49.188151
1743;1861;-118;10:54:49.188151
1745;1861;-116;10:54:49.188151
1744;1860;-116;10:54:49.188151
1748;1863;-115;10:54:49.188151
1744;1862;-118;10:54:49.188151
1747;1863;-116;10:54:49.188151
1748;1865;-117;10:54:49.188151
1752;1865;-113;10:54:49.188151
1752;1862;-110;10:54:49.188151
1749;1864;-115;10:54:49.188151
1751;1861;-110;10:54:49.188151
1751;1864;-113;10:54:49.188151
1750;1863;-113;10:54:49.188151
1749;1865;-116;10:54:49.188151
1753;1865;-112;10:54:49.188151
1752;1866;-114;10:54:49.188151
1754;1867;-113;10:54:49.188151
1755;1869;-114;10:54:49.188151
1752;1867;-115;10:54:49.188151
1752;1864;-112;10:54:49.188151
1754;1863;-109;10:54:49.188151
1755;1867;-112;10:54:49.188151
1752;1865;-113;10:54:49.188151
1754;1864;-110;10:54:49.188151
1754;1864;-110;10:54:49.188151
1752;1862;-110;10:54:49.188151
1752;1860;-108;10:54:49.188151
1755;1868;-113;10:54:49.188151
1752;1867;-115;10:54:49.188151
1751;1865;-114;10:54:49.188151
1750;1868;-118;10:54:49.188151
1752;1862;-110;10:54:49.188151
1753;1864;-111;10:54:49.188151
1751;1862;-111;10:54:49.188151
1751;1868;-117;10:54:49.188151
1755;1863;-108;10:54:49.188151
1755;1866;-111;10:54:49.188151
1756;1868;-112;10:54:49.188151
1754;1869;-115;10:54:49.188151
1756;1868;-112;10:54:49.188151
1758;1867;-109;10:54:49.188151
1756;1868;-112;10:54:49.188151
1755;1862;-107;10:54:49.188151
1756;1867;-111;10:54:49.188151
1758;1870;-112;10:54:49.188151
1758;1870;-112;10:54:49.188151
1760;1872;-112;10:54:49.188151
1761;1872;-111;10:54:49.188151
1758;1874;-116;10:54:49.188151
1757;1871;-114;10:54:49.188151
1759;1872;-113;10:54:49.188151
1757;1868;-111;10:54:49.188151
1759;1868;-109;10:54:49.188151
1756;1866;-110;10:54:49.188151
1757;1867;-110;10:54:49.188151
1752;1865;-113;10:54:49.188151
1753;1861;-108;10:54:49.188151
1753;1862;-109;10:54:49.188151
1750;1860;-110;10:54:49.188151
1745;1861;-116;10:54:49.188151
1747;1860;-113;10:54:49.188151
1745;1860;-115;10:54:49.188151
1747;1858;-111;10:54:49.188151
1747;1860;-113;10:54:49.188151
1745;1867;-122;10:54:49.188151
1747;1865;-118;10:54:49.188151
1750;1865;-115;10:54:49.188151
1750;1861;-111;10:54:49.188151
1748;1863;-115;10:54:49.188151
1746;1861;-115;10:54:49.188151
1749;1862;-113;10:54:49.188151
1745;1863;-118;10:54:49.188151
1744;1861;-117;10:54:49.188151
1751;1857;-106;10:54:49.188151
1746;1862;-116;10:54:49.188151
1745;1858;-113;10:54:49.188151
1749;1857;-108;10:54:49.188151
1748;1859;-111;10:54:49.188151
1750;1858;-108;10:54:49.188151
1749;1856;-107;10:54:49.188151
1747;1861;-114;10:54:49.188151
1747;1860;-113;10:54:49.188151
1746;1861;-115;10:54:49.188151
1745;1860;-115;10:54:49.188151
1747;1862;-115;10:54:49.188151
1749;1861;-112;10:54:49.188151
1744;1860;-116;10:54:49.188151
1746;1861;-115;10:54:49.188151
1748;1860;-112;10:54:49.188151
1752;1861;-109;10:54:49.188151
1750;1860;-110;10:54:49.188151
1749;1858;-109;10:54:49.188151
1751;1863;-112;10:54:49.188151
1750;1863;-113;10:54:49.188151
1750;1862;-112;10:54:49.188151
1749;1859;-110;10:54:49.188151
1752;1864;-112;10:54:49.188151
1752;1865;-113;10:54:49.188151
1752;1862;-110;10:54:49.188151
1750;1865;-115;10:54:49.188151
1754;1865;-111;10:54:49.188151
1750;1865;-115;10:54:49.188151
1754;1866;-112;10:54:49.188151
1756;1866;-110;10:54:49.188151
1755;1867;-112;10:54:49.188151
1753;1865;-112;10:54:49.188151
1752;1866;-114;10:54:49.188151
1754;1865;-111;10:54:49.188151
1752;1862;-110;10:54:49.188151
1752;1867;-115;10:54:49.188151
1755;1870;-115;10:54:49.188151
1756;1873;-117;10:54:49.188151
1758;1870;-112;10:54:49.188151
1758;1875;-117;10:54:49.188151
1759;1876;-117;10:54:49.188151
1762;1876;-114;10:54:49.188151
1762;1873;-111;10:54:49.188151
1765;1872;-107;10:54:49.188151
1762;1875;-113;10:54:49.188151
1765;1874;-109;10:54:49.188151
1765;1872;-107;10:54:49.188151
1761;1872;-111;10:54:49.188151
1764;1879;-115;10:54:49.188151
1766;1876;-110;10:54:49.188151
1766;1876;-110;10:54:49.188151
1761;1872;-111;10:54:49.188151
1763;1871;-108;10:54:49.188151
1758;1876;-118;10:54:49.188151
1759;1871;-112;10:54:49.188151
1760;1876;-116;10:54:49.188151
1757;1873;-116;10:54:49.188151
1758;1869;-111;10:54:49.188151
1757;1870;-113;10:54:49.188151
1752;1869;-117;10:54:49.188151
1754;1870;-116;10:54:49.188151
1753;1867;-114;10:54:49.188151
1755;1865;-110;10:54:49.188151
1756;1868;-112;10:54:49.188151
1752;1868;-116;10:54:49.188151
1756;1874;-118;10:54:49.188151
1755;1869;-114;10:54:49.188151
1753;1871;-118;10:54:49.188151
1755;1871;-116;10:54:49.188151
1758;1874;-116;10:54:49.188151
1754;1870;-116;10:54:49.188151
1755;1871;-116;10:54:49.188151
1755;1872;-117;10:54:49.188151
1756;1875;-119;10:54:49.188151
1760;1871;-111;10:54:49.188151
1755;1874;-119;10:54:49.188151
1757;1870;-113;10:54:49.188151
1758;1872;-114;10:54:49.188151
1759;1873;-114;10:54:49.188151
1758;1870;-112;10:54:49.188151
1760;1872;-112;10:54:49.188151
1758;1870;-112;10:54:49.188151
1758;1871;-113;10:54:49.188151
1758;1866;-108;10:54:49.188151
1758;1869;-111;10:54:49.188151
1756;1866;-110;10:54:49.188151
1753;1872;-119;10:54:49.188151
1751;1868;-117;10:54:49.188151
1755;1870;-115;10:54:49.188151
1749;1870;-121;10:54:49.188151
1751;1870;-119;10:54:49.188151
1750;1867;-117;10:54:49.188151
1754;1864;-110;10:54:49.188151
1755;1868;-113;10:54:49.188151
1752;1867;-115;10:54:49.188151
1752;1869;-117;10:54:49.188151
1752;1867;-115;10:54:49.188151
1754;1865;-111;10:54:49.188151
1757;1868;-111;10:54:49.188151
1755;1868;-113;10:54:49.188151
1752;1868;-116;10:54:49.188151
1753;1866;-113;10:54:49.188151
1752;1866;-114;10:54:49.188151
1750;1866;-116;10:54:49.188151
1750;1866;-116;10:54:49.188151
1749;1864;-115;10:54:49.188151
1752;1865;-113;10:54:49.188151
1752;1864;-112;10:54:49.188151
1750;1864;-114;10:54:49.188151
1748;1859;-111;10:54:49.188151
1749;1864;-115;10:54:49.188151
1751;1865;-114;10:54:49.188151
1751;1861;-110;10:54:49.188151
1747;1862;-115;10:54:49.188151
1749;1865;-116;10:54:49.188151
1750;1867;-117;10:54:49.188151
1750;1866;-116;10:54:49.188151
1752;1866;-114;10:54:49.188151
1751;1866;-115;10:54:49.188151
1757;1867;-110;10:54:49.188151
1755;1866;-111;10:54:49.188151
1752;1865;-113;10:54:49.188151
1756;1867;-111;10:54:49.188151
1753;1863;-110;10:54:49.188151
1751;1865;-114;10:54:49.188151
1753;1865;-112;10:54:49.188151
1752;1867;-115;10:54:49.188151
1755;1868;-113;10:54:49.188151
1757;1867;-110;10:54:49.188151
1758;1867;-109;10:54:49.188151
1758;1866;-108;10:54:49.188151
1757;1869;-112;10:54:49.188151
1756;1870;-114;10:54:49.188151
1759;1868;-109;10:54:49.188151
1758;1869;-111;10:54:49.188151
1758;1871;-113;10:54:49.188151
1760;1872;-112;10:54:49.188151
1758;1873;-115;10:54:49.188151
1759;1876;-117;10:54:49.188151
1756;1871;-115;10:54:49.188151
1763;1873;-110;10:54:49.188151
1761;1875;-114;10:54:49.188151
1760;1871;-111;10:54:49.188151
1755;1869;-114;10:54:49.188151
1757;1872;-115;10:54:49.188151
1759;1872;-113;10:54:49.188151
1756;1870;-114;10:54:49.188151
1761;1870;-109;10:54:49.188151
1761;1870;-109;10:54:49.188151
1756;1870;-114;10:54:49.188151
1757;1870;-113;10:54:49.188151
1756;1870;-114;10:54:49.188151
1754;1865;-111;10:54:49.188151
1758;1865;-107;10:54:49.188151
1754;1865;-111;10:54:49.188151
1754;1869;-115;10:54:49.188151
1755;1868;-113;10:54:49.188151
1756;1870;-114;10:54:49.188151
1756;1869;-113;10:54:49.188151
1751;1868;-117;10:54:49.188151
1755;1868;-113;10:54:49.188151
1757;1871;-114;10:54:49.188151
1755;1868;-113;10:54:49.188151
1759;1872;-113;10:54:49.188151
1762;1871;-109;10:54:49.188151
1762;1873;-111;10:54:49.188151
1763;1865;-102;10:54:49.188151
1760;1873;-113;10:54:49.188151
1762;1873;-111;10:54:49.188151
1759;1875;-116;10:54:49.188151
1763;1870;-107;10:54:49.188151
1760;1873;-113;10:54:49.188151
1759;1871;-112;10:54:49.188151
1760;1869;-109;10:54:49.188151
1758;1867;-109;10:54:49.188151
1755;1871;-116;10:54:49.188151
1754;1870;-116;10:54:49.189148
1754;1866;-112;10:54:49.189148
1754;1870;-116;10:54:49.189148
1752;1871;-119;10:54:49.189148
1755;1868;-113;10:54:49.189148
1754;1870;-116;10:54:49.189148
1755;1867;-112;10:54:49.189148
1752;1865;-113;10:54:49.189148
1754;1865;-111;10:54:49.189148
1756;1867;-111;10:54:49.189148
1755;1871;-116;10:54:49.189148
1758;1869;-111;10:54:49.189148
1756;1869;-113;10:54:49.189148
1758;1869;-111;10:54:49.189148
1754;1871;-117;10:54:49.189148
1756;1867;-111;10:54:49.189148
1758;1870;-112;10:54:49.189148
1754;1865;-111;10:54:49.189148
1757;1866;-109;10:54:49.189148
1758;1869;-111;10:54:49.189148
1758;1868;-110;10:54:49.189148
1757;1868;-111;10:54:49.189148
1758;1871;-113;10:54:49.189148
1759;1869;-110;10:54:49.189148
1756;1869;-113;10:54:49.189148
1757;1870;-113;10:54:49.189148
1759;1871;-112;10:54:49.189148
1755;1868;-113;10:54:49.189148
1762;1873;-111;10:54:49.189148
1763;1872;-109;10:54:49.189148
1763;1875;-112;10:54:49.189148
1763;1872;-109;10:54:49.189148
1762;1875;-113;10:54:49.189148
1761;1875;-114;10:54:49.189148
1762;1874;-112;10:54:49.189148
1760;1873;-113;10:54:49.189148
1759;1873;-114;10:54:49.189148
1760;1873;-113;10:54:49.189148
1761;1873;-112;10:54:49.189148
1760;1869;-109;10:54:49.189148
1759;1866;-107;10:54:49.189148
1758;1869;-111;10:54:49.189148
1752;1870;-118;10:54:49.189148
1756;1869;-113;10:54:49.189148
1755;1872;-117;10:54:49.189148
1755;1870;-115;10:54:49.189148
1758;1871;-113;10:54:49.189148
1758;1872;-114;10:54:49.189148
1757;1873;-116;10:54:49.189148
1760;1874;-114;10:54:49.189148
1763;1875;-112;10:54:49.189148
1760;1873;-113;10:54:49.189148
1761;1874;-113;10:54:49.189148
1762;1872;-110;10:54:49.189148
1761;1873;-112;10:54:49.189148
1760;1877;-117;10:54:49.189148
1758;1875;-117;10:54:49.189148
1758;1874;-116;10:54:49.189148
1758;1874;-116;10:54:49.189148
1757;1872;-115;10:54:49.189148
1760;1871;-111;10:54:49.189148
1759;1872;-113;10:54:49.189148
1759;1872;-113;10:54:49.189148
1758;1873;-115;10:54:49.189148
1758;1873;-115;10:54:49.189148
1754;1868;-114;10:54:49.189148
1756;1869;-113;10:54:49.189148
1754;1866;-112;10:54:49.189148
1754;1870;-116;10:54:49.189148
1751;1867;-116;10:54:49.189148
1751;1863;-112;10:54:49.189148
1748;1867;-119;10:54:49.189148
1749;1864;-115;10:54:49.189148
1752;1867;-115;10:54:49.189148
1751;1863;-112;10:54:49.189148
1750;1865;-115;10:54:49.189148
1750;1865;-115;10:54:49.189148
1748;1866;-118;10:54:49.189148
1746;1864;-118;10:54:49.189148
1748;1864;-116;10:54:49.189148
1749;1866;-117;10:54:49.189148
1753;1866;-113;10:54:49.189148
1752;1864;-112;10:54:49.189148
1753;1869;-116;10:54:49.189148
1750;1865;-115;10:54:49.189148
1752;1872;-120;10:54:49.189148
1753;1871;-118;10:54:49.189148
1757;1872;-115;10:54:49.189148
1755;1868;-113;10:54:49.189148
1757;1870;-113;10:54:49.189148
1758;1874;-116;10:54:49.189148
1760;1870;-110;10:54:49.189148
1761;1870;-109;10:54:49.189148
1760;1876;-116;10:54:49.189148
1759;1877;-118;10:54:49.189148
1760;1878;-118;10:54:49.189148
1764;1873;-109;10:54:49.189148
1764;1874;-110;10:54:49.189148
1763;1873;-110;10:54:49.189148
1763;1873;-110;10:54:49.189148
1762;1877;-115;10:54:49.189148
1764;1876;-112;10:54:49.189148
1761;1875;-114;10:54:49.189148
1760;1873;-113;10:54:49.189148
1759;1871;-112;10:54:49.189148
1760;1876;-116;10:54:49.189148
1759;1872;-113;10:54:49.189148
1758;1870;-112;10:54:49.189148
1758;1872;-114;10:54:49.189148
1759;1875;-116;10:54:49.189148
1760;1873;-113;10:54:49.189148
1758;1872;-114;10:54:49.189148
1759;1871;-112;10:54:49.189148
1759;1874;-115;10:54:49.189148
1760;1875;-115;10:54:49.189148
1760;1874;-114;10:54:49.189148
1758;1873;-115;10:54:49.189148
1757;1874;-117;10:54:49.189148
1758;1873;-115;10:54:49.189148
1760;1876;-116;10:54:49.189148
1755;1877;-122;10:54:49.189148
1755;1872;-117;10:54:49.189148
1756;1874;-118;10:54:49.189148
1759;1873;-114;10:54:49.189148
1757;1871;-114;10:54:49.189148
1754;1874;-120;10:54:49.189148
1754;1875;-121;10:54:49.189148
1756;1875;-119;10:54:49.189148
1759;1874;-115;10:54:49.189148
1755;1870;-115;10:54:49.189148
1754;1870;-116;10:54:49.189148
1754;1869;-115;10:54:49.189148
1753;1869;-116;10:54:49.189148
1752;1867;-115;10:54:49.189148
1752;1865;-113;10:54:49.189148
1754;1867;-113;10:54:49.189148
1753;1869;-116;10:54:49.189148
1753;1868;-115;10:54:49.189148
1752;1868;-116;10:54:49.189148
1753;1867;-114;10:54:49.189148
1753;1868;-115;10:54:49.189148
1751;1866;-115;10:54:49.189148
1754;1868;-114;10:54:49.189148
1750;1869;-119;10:54:49.189148
1752;1870;-118;10:54:49.189148
1753;1868;-115;10:54:49.189148
1751;1867;-116;10:54:49.189148
1752;1868;-116;10:54:49.189148
1757;1867;-110;10:54:49.189148
1752;1867;-115;10:54:49.189148
1752;1872;-120;10:54:49.189148
1752;1869;-117;10:54:49.189148
1754;1868;-114;10:54:49.189148
1757;1868;-111;10:54:49.189148
1757;1871;-114;10:54:49.189148
1756;1867;-111;10:54:49.189148
1756;1870;-114;10:54:49.189148
1757;1873;-116;10:54:49.189148
1758;1874;-116;10:54:49.189148
1756;1870;-114;10:54:49.189148
1759;1872;-113;10:54:49.189148
1760;1871;-111;10:54:49.189148
1761;1870;-109;10:54:49.189148
1760;1870;-110;10:54:49.189148
1757;1869;-112;10:54:49.189148
1756;1870;-114;10:54:49.189148
1757;1867;-110;10:54:49.189148
1758;1868;-110;10:54:49.189148
1754;1870;-116;10:54:49.189148
1755;1869;-114;10:54:49.189148
1758;1869;-111;10:54:49.189148
1756;1866;-110;10:54:49.189148
1754;1865;-111;10:54:49.189148
1754;1866;-112;10:54:49.189148
1755;1868;-113;10:54:49.189148
1756;1867;-111;10:54:49.189148
1756;1873;-117;10:54:49.189148
1756;1866;-110;10:54:49.189148
1755;1870;-115;10:54:49.189148
1754;1869;-115;10:54:49.189148
1754;1874;-120;10:54:49.189148
1753;1868;-115;10:54:49.189148
1751;1870;-119;10:54:49.189148
1754;1871;-117;10:54:49.189148
1756;1873;-117;10:54:49.189148
1759;1874;-115;10:54:49.189148
1756;1872;-116;10:54:49.189148
1756;1874;-118;10:54:49.189148
1758;1869;-111;10:54:49.189148
1756;1875;-119;10:54:49.189148
1757;1872;-115;10:54:49.189148
1757;1872;-115;10:54:49.189148
1759;1871;-112;10:54:49.189148
1760;1875;-115;10:54:49.189148
1757;1871;-114;10:54:49.189148
1756;1874;-118;10:54:49.189148
1756;1872;-116;10:54:49.189148
1759;1870;-111;10:54:49.189148
1757;1876;-119;10:54:49.189148
1760;1873;-113;10:54:49.189148
1759;1874;-115;10:54:49.189148
1762;1875;-113;10:54:49.189148
1759;1872;-113;10:54:49.189148
1760;1871;-111;10:54:49.189148
1757;1876;-119;10:54:49.189148
1758;1874;-116;10:54:49.189148
1761;1873;-112;10:54:49.189148
1762;1876;-114;10:54:49.189148
1763;1873;-110;10:54:49.189148
1758;1873;-115;10:54:49.189148
1760;1871;-111;10:54:49.189148
1757;1870;-113;10:54:49.189148
1757;1869;-112;10:54:49.189148
1756;1866;-110;10:54:49.189148
1756;1870;-114;10:54:49.189148
1756;1870;-114;10:54:49.189148
1754;1867;-113;10:54:49.189148
1755;1873;-118;10:54:49.189148
1753;1871;-118;10:54:49.189148
1753;1870;-117;10:54:49.189148
1752;1871;-119;10:54:49.189148
1755;1870;-115;10:54:49.189148
1756;1870;-114;10:54:49.189148
1757;1870;-113;10:54:49.189148
1756;1868;-112;10:54:49.189148
1759;1872;-113;10:54:49.189148
1760;1868;-108;10:54:49.189148
1759;1868;-109;10:54:49.189148
1754;1869;-115;10:54:49.189148
1755;1874;-119;10:54:49.189148
1754;1875;-121;10:54:49.189148
1758;1873;-115;10:54:49.189148
1757;1876;-119;10:54:49.189148
1761;1874;-113;10:54:49.189148
1759;1875;-116;10:54:49.189148
1759;1874;-115;10:54:49.189148
1760;1873;-113;10:54:49.189148
1759;1871;-112;10:54:49.189148
1760;1874;-114;10:54:49.189148
1758;1873;-115;10:54:49.189148
1759;1874;-115;10:54:49.189148
1758;1869;-111;10:54:49.189148
1758;1874;-116;10:54:49.189148
1758;1871;-113;10:54:49.189148
1760;1870;-110;10:54:49.189148
1754;1868;-114;10:54:49.189148
1756;1870;-114;10:54:49.189148
1757;1870;-113;10:54:49.189148
1758;1871;-113;10:54:49.189148
1759;1871;-112;10:54:49.189148
1757;1873;-116;10:54:49.189148
1756;1868;-112;10:54:49.189148
1757;1870;-113;10:54:49.189148
1755;1867;-112;10:54:49.189148
1757;1870;-113;10:54:49.189148
1758;1871;-113;10:54:49.190161
1758;1869;-111;10:54:49.190161
1758;1872;-114;10:54:49.190161
1760;1870;-110;10:54:49.190161
1757;1876;-119;10:54:49.190161
1758;1872;-114;10:54:49.190161
1759;1873;-114;10:54:49.190161
1760;1872;-112;10:54:49.190161
1762;1876;-114;10:54:49.190161
1759;1874;-115;10:54:49.190161
1760;1873;-113;10:54:49.190161
1761;1874;-113;10:54:49.190161
1760;1871;-111;10:54:49.190161
1760;1872;-112;10:54:49.190161
1761;1869;-108;10:54:49.190161
1756;1871;-115;10:54:49.190161
1759;1870;-111;10:54:49.190161
1761;1872;-111;10:54:49.190161
1756;1871;-115;10:54:49.190161
1761;1872;-111;10:54:49.190161
1763;1873;-110;10:54:49.190161
1763;1874;-111;10:54:49.190161
1764;1874;-110;10:54:49.190161
1765;1874;-109;10:54:49.190161
1759;1872;-113;10:54:49.190161
1764;1874;-110;10:54:49.190161
1762;1871;-109;10:54:49.190161
1760;1875;-115;10:54:49.190161
1759;1876;-117;10:54:49.190161
1761;1872;-111;10:54:49.190161
1758;1871;-113;10:54:49.190161
1761;1869;-108;10:54:49.190161
1760;1871;-111;10:54:49.190161
1757;1868;-111;10:54:49.190161
1755;1870;-115;10:54:49.190161
1753;1867;-114;10:54:49.190161
1754;1872;-118;10:54:49.190161
1754;1871;-117;10:54:49.190161
1754;1870;-116;10:54:49.190161
1757;1868;-111;10:54:49.190161
1757;1869;-112;10:54:49.190161
1756;1867;-111;10:54:49.190161
1756;1869;-113;10:54:49.190161
1753;1865;-112;10:54:49.190161
1752;1870;-118;10:54:49.190161
1756;1865;-109;10:54:49.190161
1750;1865;-115;10:54:49.190161
1753;1867;-114;10:54:49.190161
1748;1869;-121;10:54:49.190161
1749;1868;-119;10:54:49.190161
1751;1865;-114;10:54:49.190161
1750;1864;-114;10:54:49.190161
1751;1865;-114;10:54:49.190161
1754;1866;-112;10:54:49.190161
1750;1864;-114;10:54:49.190161
1749;1860;-111;10:54:49.190161
1750;1863;-113;10:54:49.190161
1750;1868;-118;10:54:49.190161
1754;1870;-116;10:54:49.190161
1754;1865;-111;10:54:49.190161
1752;1861;-109;10:54:49.190161
1755;1866;-111;10:54:49.190161
1756;1867;-111;10:54:49.190161
1753;1865;-112;10:54:49.190161
1755;1864;-109;10:54:49.190161
1755;1863;-108;10:54:49.190161
1752;1866;-114;10:54:49.190161
1752;1868;-116;10:54:49.190161
1752;1864;-112;10:54:49.190161
1751;1868;-117;10:54:49.190161
1753;1864;-111;10:54:49.190161
1752;1868;-116;10:54:49.190161
1753;1861;-108;10:54:49.190161
1752;1867;-115;10:54:49.190161
1752;1863;-111;10:54:49.190161
1756;1862;-106;10:54:49.190161
1755;1864;-109;10:54:49.190161
1751;1866;-115;10:54:49.190161
1752;1860;-108;10:54:49.190161
1754;1865;-111;10:54:49.190161
1751;1860;-109;10:54:49.190161
1750;1860;-110;10:54:49.190161
1750;1863;-113;10:54:49.190161
1749;1861;-112;10:54:49.190161
1751;1863;-112;10:54:49.190161
1755;1866;-111;10:54:49.190161
1753;1868;-115;10:54:49.190161
1754;1868;-114;10:54:49.190161
1758;1870;-112;10:54:49.190161
1761;1869;-108;10:54:49.190161
1761;1866;-105;10:54:49.190161
1761;1867;-106;10:54:49.190161
1762;1874;-112;10:54:49.190161
1761;1867;-106;10:54:49.190161
1762;1871;-109;10:54:49.190161
1762;1873;-111;10:54:49.190161
1760;1872;-112;10:54:49.190161
1761;1875;-114;10:54:49.190161
1760;1871;-111;10:54:49.190161
1760;1873;-113;10:54:49.190161
1761;1870;-109;10:54:49.190161
1764;1873;-109;10:54:49.190161
1761;1870;-109;10:54:49.190161
1760;1874;-114;10:54:49.190161
1758;1869;-111;10:54:49.190161
1757;1869;-112;10:54:49.190161
1759;1868;-109;10:54:49.190161
1758;1867;-109;10:54:49.190161
1751;1867;-116;10:54:49.190161
1756;1865;-109;10:54:49.190161
1753;1869;-116;10:54:49.190161
1754;1864;-110;10:54:49.190161
1754;1865;-111;10:54:49.190161
1756;1863;-107;10:54:49.190161
1754;1869;-115;10:54:49.190161
1754;1867;-113;10:54:49.190161
1752;1868;-116;10:54:49.190161
1751;1865;-114;10:54:49.190161
1752;1870;-118;10:54:49.190161
1755;1871;-116;10:54:49.190161
1755;1870;-115;10:54:49.190161
1755;1867;-112;10:54:49.190161
1754;1866;-112;10:54:49.190161
1755;1868;-113;10:54:49.190161
1759;1866;-107;10:54:49.190161
1761;1867;-106;10:54:49.190161
1759;1871;-112;10:54:49.190161
1756;1871;-115;10:54:49.190161
1761;1869;-108;10:54:49.190161
1760;1870;-110;10:54:49.190161
1755;1871;-116;10:54:49.190161
1756;1870;-114;10:54:49.190161
1757;1873;-116;10:54:49.190161
1759;1872;-113;10:54:49.190161
1761;1873;-112;10:54:49.190161
1760;1875;-115;10:54:49.190161
1761;1874;-113;10:54:49.190161
1763;1874;-111;10:54:49.190161
1767;1873;-106;10:54:49.190161
1765;1873;-108;10:54:49.190161
1764;1874;-110;10:54:49.190161
1761;1871;-110;10:54:49.190161
1762;1875;-113;10:54:49.190161
1761;1874;-113;10:54:49.190161
1762;1872;-110;10:54:49.190161
1763;1872;-109;10:54:49.190161
1761;1872;-111;10:54:49.190161
1763;1873;-110;10:54:49.190161
1763;1871;-108;10:54:49.190161
1764;1872;-108;10:54:49.190161
1764;1872;-108;10:54:49.190161
1764;1875;-111;10:54:49.190161
1763;1873;-110;10:54:49.190161
1762;1871;-109;10:54:49.190161
1761;1872;-111;10:54:49.190161
1763;1877;-114;10:54:49.190161
1763;1875;-112;10:54:49.190161
1761;1875;-114;10:54:49.190161
1761;1877;-116;10:54:49.190161
1766;1874;-108;10:54:49.190161
1764;1872;-108;10:54:49.190161
1763;1876;-113;10:54:49.190161
1764;1874;-110;10:54:49.190161
1763;1876;-113;10:54:49.190161
1763;1874;-111;10:54:49.190161
1764;1870;-106;10:54:49.190161
1760;1873;-113;10:54:49.190161
1762;1871;-109;10:54:49.190161
1761;1871;-110;10:54:49.190161
1762;1871;-109;10:54:49.190161
1762;1868;-106;10:54:49.190161
1763;1873;-110;10:54:49.190161
1760;1874;-114;10:54:49.190161
1758;1871;-113;10:54:49.190161
1758;1871;-113;10:54:49.190161
1759;1871;-112;10:54:49.190161
1759;1872;-113;10:54:49.190161
1760;1873;-113;10:54:49.190161
1762;1874;-112;10:54:49.190161
1760;1871;-111;10:54:49.190161
1760;1869;-109;10:54:49.190161
1757;1872;-115;10:54:49.190161
1755;1868;-113;10:54:49.190161
1756;1867;-111;10:54:49.190161
1755;1864;-109;10:54:49.190161
1751;1867;-116;10:54:49.190161
1752;1866;-114;10:54:49.190161
1748;1866;-118;10:54:49.190161
1750;1870;-120;10:54:49.190161
1752;1864;-112;10:54:49.190161
1751;1868;-117;10:54:49.190161
1751;1872;-121;10:54:49.190161
1753;1868;-115;10:54:49.190161
1750;1870;-120;10:54:49.190161
1753;1866;-113;10:54:49.190161
1757;1864;-107;10:54:49.190161
1755;1864;-109;10:54:49.190161
1755;1867;-112;10:54:49.190161
1754;1869;-115;10:54:49.190161
1751;1869;-118;10:54:49.190161
1753;1866;-113;10:54:49.190161
1752;1869;-117;10:54:49.190161
1753;1865;-112;10:54:49.190161
1754;1868;-114;10:54:49.190161
1754;1866;-112;10:54:49.190161
1759;1868;-109;10:54:49.190161
1759;1873;-114;10:54:49.190161
1766;1872;-106;10:54:49.190161
1767;1872;-105;10:54:49.190161
1766;1875;-109;10:54:49.190161
1764;1873;-109;10:54:49.190161
1763;1878;-115;10:54:49.190161
1760;1874;-114;10:54:49.190161
1762;1878;-116;10:54:49.190161
1760;1880;-120;10:54:49.190161
1761;1874;-113;10:54:49.190161
1759;1871;-112;10:54:49.190161
1763;1874;-111;10:54:49.190161
1757;1872;-115;10:54:49.190161
1755;1867;-112;10:54:49.190161
1752;1864;-112;10:54:49.190161
1754;1870;-116;10:54:49.190161
1752;1866;-114;10:54:49.190161
1750;1865;-115;10:54:49.190161
1746;1867;-121;10:54:49.190161
1752;1864;-112;10:54:49.190161
1751;1868;-117;10:54:49.190161
1754;1868;-114;10:54:49.190161
1753;1866;-113;10:54:49.190161
1756;1869;-113;10:54:49.190161
1755;1870;-115;10:54:49.190161
1759;1870;-111;10:54:49.190161
1760;1876;-116;10:54:49.190161
1756;1877;-121;10:54:49.190161
1761;1875;-114;10:54:49.190161
1760;1879;-119;10:54:49.190161
1761;1873;-112;10:54:49.190161
1759;1877;-118;10:54:49.190161
1755;1873;-118;10:54:49.190161
1759;1873;-114;10:54:49.190161
1760;1877;-117;10:54:49.190161
1760;1872;-112;10:54:49.190161
1758;1873;-115;10:54:49.190161
1764;1876;-112;10:54:49.190161
1767;1874;-107;10:54:49.190161
1762;1877;-115;10:54:49.190161
1764;1871;-107;10:54:49.190161
1763;1874;-111;10:54:49.190161
1758;1871;-113;10:54:49.190161
1760;1871;-111;10:54:49.190161
1753;1872;-119;10:54:49.190161
1758;1874;-116;10:54:49.190161
1756;1870;-114;10:54:49.190161
1755;1871;-116;10:54:49.190161
1755;1874;-119;10:54:49.190161
1756;1867;-111;10:54:49.190161
1756;1869;-113;10:54:49.190161
1754;1870;-116;10:54:49.190161
1758;1869;-111;10:54:49.190161
1758;1868;-110;10:54:49.190161
1757;1867;-110;10:54:49.190161
1755;1870;-115;10:54:49.190161
1754;1871;-117;10:54:49.190161
1760;1869;-109;10:54:49.190161
1755;1867;-112;10:54:49.190161
1754;1868;-114;10:54:49.190161
1759;1872;-113;10:54:49.190161
1758;1871;-113;10:54:49.190161
1755;1869;-114;10:54:49.190161
1758;1869;-111;10:54:49.190161
1759;1873;-114;10:54:49.190161
1760;1872;-112;10:54:49.190161
1759;1874;-115;10:54:49.190161
1757;1872;-115;10:54:49.190161
1761;1872;-111;10:54:49.190161
1760;1873;-113;10:54:49.190161
1759;1868;-109;10:54:49.190161
1755;1871;-116;10:54:49.190161
1755;1870;-115;10:54:49.190161
1758;1876;-118;10:54:49.190161
1759;1868;-109;10:54:49.190161
1759;1872;-113;10:54:49.190161
1758;1873;-115;10:54:49.190161
1759;1870;-111;10:54:49.190161
1756;1868;-112;10:54:49.190161
1755;1868;-113;10:54:49.190161
1751;1868;-117;10:54:49.190161
1754;1868;-114;10:54:49.190161
1754;1868;-114;10:54:49.190161
1753;1865;-112;10:54:49.190161
1750;1864;-114;10:54:49.190161
1752;1869;-117;10:54:49.190161
1751;1864;-113;10:54:49.190161
1750;1866;-116;10:54:49.190161
1753;1865;-112;10:54:49.190161
1753;1862;-109;10:54:49.190161
1754;1870;-116;10:54:49.190161
1751;1866;-115;10:54:49.190161
1752;1868;-116;10:54:49.190161
1754;1868;-114;10:54:49.190161
1752;1867;-115;10:54:49.190161
1756;1867;-111;10:54:49.190161
1755;1869;-114;10:54:49.190161
1755;1868;-113;10:54:49.190161
1755;1867;-112;10:54:49.190161
1755;1868;-113;10:54:49.190161
1753;1865;-112;10:54:49.190161
1752;1867;-115;10:54:49.190161
1754;1869;-115;10:54:49.190161
1754;1866;-112;10:54:49.190161
1755;1868;-113;10:54:49.190161
1755;1869;-114;10:54:49.190161
1759;1868;-109;10:54:49.190161
1753;1867;-114;10:54:49.190161
1756;1868;-112;10:54:49.190161
1757;1867;-110;10:54:49.190161
1754;1870;-116;10:54:49.190161
1759;1868;-109;10:54:49.190161
1760;1867;-107;10:54:49.190161
1759;1874;-115;10:54:49.190161
1757;1873;-116;10:54:49.190161
1763;1873;-110;10:54:49.190161
1762;1870;-108;10:54:49.190161
1763;1871;-108;10:54:49.190161
1762;1873;-111;10:54:49.190161
1762;1873;-111;10:54:49.190161
1759;1876;-117;10:54:49.190161
1760;1874;-114;10:54:49.190161
1761;1875;-114;10:54:49.190161
1761;1873;-112;10:54:49.190161
1763;1872;-109;10:54:49.190161
1763;1875;-112;10:54:49.190161
1762;1875;-113;10:54:49.190161
1757;1873;-116;10:54:49.190161
1761;1875;-114;10:54:49.190161
1766;1873;-107;10:54:49.190161
1763;1874;-111;10:54:49.190161
1759;1871;-112;10:54:49.190161
1759;1876;-117;10:54:49.190161
1760;1869;-109;10:54:49.190161
1761;1872;-111;10:54:49.190161
1761;1868;-107;10:54:49.190161
1757;1872;-115;10:54:49.190161
1758;1871;-113;10:54:49.190161
1758;1869;-111;10:54:49.190161
1758;1869;-111;10:54:49.190161
1758;1871;-113;10:54:49.190161
1756;1873;-117;10:54:49.190161
1757;1868;-111;10:54:49.190161
1760;1869;-109;10:54:49.190161
1759;1871;-112;10:54:49.190161
1760;1868;-108;10:54:49.190161
1759;1868;-109;10:54:49.190161
1759;1869;-110;10:54:49.190161
1761;1870;-109;10:54:49.190161
1763;1870;-107;10:54:49.190161
1761;1873;-112;10:54:49.190161
1761;1871;-110;10:54:49.190161
1760;1876;-116;10:54:49.190161
1761;1875;-114;10:54:49.190161
1759;1872;-113;10:54:49.190161
1762;1875;-113;10:54:49.190161
1761;1873;-112;10:54:49.190161
1763;1871;-108;10:54:49.190161
1762;1870;-108;10:54:49.190161
1759;1869;-110;10:54:49.190161
1758;1873;-115;10:54:49.190161
1759;1865;-106;10:54:49.190161
1755;1871;-116;10:54:49.190161
1753;1864;-111;10:54:49.190161
1753;1872;-119;10:54:49.190161
1756;1868;-112;10:54:49.190161
1752;1868;-116;10:54:49.190161
1752;1869;-117;10:54:49.190161
1753;1868;-115;10:54:49.190161
1750;1866;-116;10:54:49.190161
1751;1863;-112;10:54:49.190161
1755;1865;-110;10:54:49.190161
1754;1862;-108;10:54:49.190161
1751;1864;-113;10:54:49.190161
1751;1860;-109;10:54:49.190161
1752;1866;-114;10:54:49.190161
1751;1864;-113;10:54:49.190161
1751;1867;-116;10:54:49.190161
1752;1869;-117;10:54:49.190161
1755;1868;-113;10:54:49.190161
1758;1869;-111;10:54:49.190161
1757;1867;-110;10:54:49.190161
1755;1871;-116;10:54:49.190161
1759;1869;-110;10:54:49.190161
1759;1869;-110;10:54:49.190161
1764;1870;-106;10:54:49.190161
1766;1872;-106;10:54:49.190161
1766;1872;-106;10:54:49.190161
1762;1874;-112;10:54:49.190161
1761;1877;-116;10:54:49.190161
1760;1875;-115;10:54:49.190161
1763;1873;-110;10:54:49.190161
1766;1876;-110;10:54:49.190161
1765;1874;-109;10:54:49.190161
1763;1875;-112;10:54:49.190161
1759;1870;-111;10:54:49.190161
1760;1874;-114;10:54:49.190161
1759;1875;-116;10:54:49.190161
1758;1865;-107;10:54:49.190161
1754;1864;-110;10:54:49.190161
1755;1867;-112;10:54:49.190161
1755;1866;-111;10:54:49.190161
1755;1866;-111;10:54:49.190161
1754;1866;-112;10:54:49.190161
1752;1868;-116;10:54:49.190161
1756;1870;-114;10:54:49.190161
1757;1870;-113;10:54:49.190161
1754;1869;-115;10:54:49.190161
1758;1864;-106;10:54:49.190161
1757;1867;-110;10:54:49.190161
1753;1866;-113;10:54:49.190161
1757;1866;-109;10:54:49.190161
1756;1866;-110;10:54:49.190161
1753;1866;-113;10:54:49.190161
1754;1868;-114;10:54:49.190161
1754;1871;-117;10:54:49.190161
1753;1868;-115;10:54:49.190161
1754;1870;-116;10:54:49.190161
1753;1865;-112;10:54:49.190161
1755;1870;-115;10:54:49.190161
1753;1863;-110;10:54:49.190161
1753;1865;-112;10:54:49.190161
1753;1862;-109;10:54:49.190161
1751;1862;-111;10:54:49.190161
1754;1862;-108;10:54:49.190161
1755;1865;-110;10:54:49.190161
1752;1864;-112;10:54:49.190161
1750;1862;-112;10:54:49.190161
1751;1861;-110;10:54:49.190161
1750;1863;-113;10:54:49.190161
1750;1861;-111;10:54:49.190161
1752;1863;-111;10:54:49.190161
1744;1865;-121;10:54:49.190161
1749;1861;-112;10:54:49.190161
1747;1861;-114;10:54:49.190161
1750;1859;-109;10:54:49.190161
1749;1861;-112;10:54:49.190161
1752;1857;-105;10:54:49.190161
1749;1857;-108;10:54:49.190161
1748;1860;-112;10:54:49.190161
1750;1861;-111;10:54:49.190161
1750;1857;-107;10:54:49.190161
1748;1861;-113;10:54:49.190161
1750;1858;-108;10:54:49.190161
1749;1861;-112;10:54:49.190161
1748;1858;-110;10:54:49.190161
1750;1862;-112;10:54:49.190161
1749;1860;-111;10:54:49.190161
1750;1864;-114;10:54:49.190161
1753;1860;-107;10:54:49.190161
1750;1860;-110;10:54:49.190161
1749;1862;-113;10:54:49.190161
1749;1862;-113;10:54:49.190161
1750;1860;-110;10:54:49.190161
1750;1862;-112;10:54:49.190161
1750;1858;-108;10:54:49.190161
1752;1857;-105;10:54:49.190161
1753;1857;-104;10:54:49.190161
1752;1861;-109;10:54:49.190161
1752;1860;-108;10:54:49.190161
1752;1859;-107;10:54:49.190161
1752;1864;-112;10:54:49.190161
1748;1861;-113;10:54:49.190161
1753;1862;-109;10:54:49.190161
1750;1862;-112;10:54:49.190161
1749;1861;-112;10:54:49.190161
1752;1860;-108;10:54:49.190161
1753;1860;-107;10:54:49.190161
1752;1860;-108;10:54:49.190161
1750;1856;-106;10:54:49.190161
1751;1860;-109;10:54:49.190161
1750;1860;-110;10:54:49.190161
1749;1860;-111;10:54:49.190161
1750;1859;-109;10:54:49.190161
1750;1860;-110;10:54:49.190161
1751;1862;-111;10:54:49.190161
1750;1863;-113;10:54:49.190161
1752;1858;-106;10:54:49.190161
1755;1866;-111;10:54:49.190161
1758;1866;-108;10:54:49.190161
1761;1868;-107;10:54:49.190161
1757;1871;-114;10:54:49.190161
1759;1869;-110;10:54:49.190161
1760;1873;-113;10:54:49.190161
1762;1872;-110;10:54:49.190161
1762;1867;-105;10:54:49.190161
1763;1874;-111;10:54:49.190161
1763;1873;-110;10:54:49.190161
1763;1871;-108;10:54:49.190161
1766;1870;-104;10:54:49.190161
1764;1877;-113;10:54:49.190161
1762;1871;-109;10:54:49.190161
1765;1871;-106;10:54:49.190161
1762;1870;-108;10:54:49.190161
1764;1870;-106;10:54:49.190161
1768;1873;-105;10:54:49.190161
1771;1877;-106;10:54:49.190161
1768;1876;-108;10:54:49.190161
1770;1873;-103;10:54:49.190161
1767;1879;-112;10:54:49.190161
1769;1878;-109;10:54:49.190161
1769;1878;-109;10:54:49.190161
1771;1877;-106;10:54:49.190161
1769;1876;-107;10:54:49.190161
1774;1873;-99;10:54:49.190161
1771;1877;-106;10:54:49.190161
1766;1877;-111;10:54:49.190161
1767;1879;-112;10:54:49.190161
1765;1876;-111;10:54:49.190161
1765;1875;-110;10:54:49.190161
1760;1873;-113;10:54:49.190161
1765;1875;-110;10:54:49.190161
1763;1874;-111;10:54:49.190161
1762;1874;-112;10:54:49.190161
1765;1873;-108;10:54:49.190161
1766;1875;-109;10:54:49.190161
1764;1875;-111;10:54:49.190161
1765;1877;-112;10:54:49.190161
1765;1878;-113;10:54:49.190161
1766;1876;-110;10:54:49.190161
1766;1876;-110;10:54:49.190161
1764;1877;-113;10:54:49.190161
1765;1879;-114;10:54:49.190161
1765;1881;-116;10:54:49.190161
1766;1881;-115;10:54:49.190161
1771;1877;-106;10:54:49.190161
1769;1881;-112;10:54:49.190161
1773;1878;-105;10:54:49.190161
1771;1882;-111;10:54:49.190161
1774;1881;-107;10:54:49.190161
1768;1882;-114;10:54:49.190161
1775;1881;-106;10:54:49.190161
1774;1883;-109;10:54:49.190161
1773;1883;-110;10:54:49.190161
1772;1881;-109;10:54:49.190161
1771;1883;-112;10:54:49.190161
1772;1882;-110;10:54:49.190161
1772;1880;-108;10:54:49.190161
1774;1880;-106;10:54:49.190161
1772;1877;-105;10:54:49.190161
1770;1880;-110;10:54:49.190161
1769;1879;-110;10:54:49.190161
1766;1874;-108;10:54:49.190161
1763;1878;-115;10:54:49.190161
1765;1873;-108;10:54:49.190161
1767;1877;-110;10:54:49.190161
1763;1874;-111;10:54:49.190161
1765;1877;-112;10:54:49.190161
1764;1873;-109;10:54:49.190161
1764;1874;-110;10:54:49.190161
1762;1871;-109;10:54:49.190161
1764;1872;-108;10:54:49.190161
1759;1872;-113;10:54:49.190161
1760;1872;-112;10:54:49.190161
1759;1872;-113;10:54:49.190161
1758;1872;-114;10:54:49.190161
1755;1866;-111;10:54:49.190161
1759;1868;-109;10:54:49.190161
1755;1868;-113;10:54:49.190161
1755;1867;-112;10:54:49.190161
1753;1867;-114;10:54:49.190161
1754;1866;-112;10:54:49.190161
1751;1866;-115;10:54:49.190161
1750;1864;-114;10:54:49.190161
1750;1865;-115;10:54:49.190161
1754;1865;-111;10:54:49.190161
1754;1864;-110;10:54:49.190161
1754;1864;-110;10:54:49.190161
1756;1867;-111;10:54:49.190161
1756;1865;-109;10:54:49.190161
1756;1867;-111;10:54:49.190161
1754;1866;-112;10:54:49.190161
1754;1869;-115;10:54:49.190161
1752;1866;-114;10:54:49.190161
1752;1867;-115;10:54:49.190161
1759;1866;-107;10:54:49.190161
1754;1867;-113;10:54:49.190161
1756;1867;-111;10:54:49.190161
1757;1866;-109;10:54:49.190161
1753;1869;-116;10:54:49.190161
1755;1864;-109;10:54:49.190161
1758;1867;-109;10:54:49.190161
1755;1866;-111;10:54:49.190161
1751;1864;-113;10:54:49.190161
1748;1861;-113;10:54:49.190161
1746;1863;-117;10:54:49.190161
1744;1862;-118;10:54:49.190161
1745;1862;-117;10:54:49.190161
1747;1862;-115;10:54:49.190161
1748;1861;-113;10:54:49.190161
1748;1859;-111;10:54:49.190161
1750;1860;-110;10:54:49.190161
1750;1858;-108;10:54:49.190161
1748;1858;-110;10:54:49.190161
1750;1859;-109;10:54:49.190161
1748;1862;-114;10:54:49.190161
1747;1859;-112;10:54:49.190161
1749;1862;-113;10:54:49.190161
1750;1861;-111;10:54:49.190161
1748;1865;-117;10:54:49.190161
1749;1863;-114;10:54:49.190161
1752;1866;-114;10:54:49.190161
1749;1864;-115;10:54:49.190161
1750;1865;-115;10:54:49.190161
1753;1863;-110;10:54:49.190161
1754;1866;-112;10:54:49.190161
1753;1860;-107;10:54:49.190161
1752;1863;-111;10:54:49.190161
1750;1862;-112;10:54:49.190161
1754;1863;-109;10:54:49.190161
1756;1861;-105;10:54:49.190161
1754;1860;-106;10:54:49.190161
1750;1862;-112;10:54:49.190161
1750;1859;-109;10:54:49.190161
1750;1858;-108;10:54:49.190161
1752;1857;-105;10:54:49.190161
1753;1860;-107;10:54:49.190161
1753;1856;-103;10:54:49.190161
1750;1857;-107;10:54:49.190161
1754;1859;-105;10:54:49.190161
1752;1857;-105;10:54:49.190161
1755;1855;-100;10:54:49.190161
1751;1855;-104;10:54:49.190161
1753;1855;-102;10:54:49.190161
1755;1858;-103;10:54:49.190161
1751;1857;-106;10:54:49.190161
1751;1858;-107;10:54:49.190161
1754;1862;-108;10:54:49.190161
1756;1861;-105;10:54:49.190161
1756;1860;-104;10:54:49.190161
1756;1861;-105;10:54:49.190161
1756;1863;-107;10:54:49.190161
1760;1864;-104;10:54:49.190161
1760;1864;-104;10:54:49.190161
1762;1865;-103;10:54:49.190161
1760;1861;-101;10:54:49.190161
1756;1864;-108;10:54:49.190161
1757;1861;-104;10:54:49.190161
1757;1862;-105;10:54:49.190161
1759;1861;-102;10:54:49.190161
1762;1863;-101;10:54:49.190161
1761;1860;-99;10:54:49.190161
1760;1867;-107;10:54:49.190161
1761;1864;-103;10:54:49.190161
1758;1865;-107;10:54:49.190161
1759;1863;-104;10:54:49.190161
1763;1865;-102;10:54:49.190161
1761;1865;-104;10:54:49.190161
1760;1868;-108;10:54:49.190161
1762;1865;-103;10:54:49.190161
1760;1866;-106;10:54:49.190161
1763;1864;-101;10:54:49.190161
1761;1864;-103;10:54:49.190161
1763;1864;-101;10:54:49.190161
1758;1862;-104;10:54:49.190161
1759;1864;-105;10:54:49.190161
1759;1858;-99;10:54:49.190161
1753;1860;-107;10:54:49.190161
1754;1859;-105;10:54:49.190161
1753;1861;-108;10:54:49.190161
1753;1857;-104;10:54:49.190161
1755;1862;-107;10:54:49.190161
1754;1860;-106;10:54:49.190161
1754;1862;-108;10:54:49.190161
1753;1860;-107;10:54:49.190161
1755;1859;-104;10:54:49.190161
1752;1859;-107;10:54:49.190161
1753;1861;-108;10:54:49.190161
1752;1861;-109;10:54:49.190161
1754;1860;-106;10:54:49.190161
1755;1859;-104;10:54:49.190161
1751;1859;-108;10:54:49.190161
1757;1863;-106;10:54:49.190161
1756;1860;-104;10:54:49.190161
1752;1862;-110;10:54:49.190161
1755;1865;-110;10:54:49.190161
1762;1868;-106;10:54:49.190161
1761;1868;-107;10:54:49.190161
1761;1866;-105;10:54:49.190161
1763;1868;-105;10:54:49.190161
1766;1868;-102;10:54:49.190161
1765;1868;-103;10:54:49.190161
1760;1869;-109;10:54:49.190161
1762;1868;-106;10:54:49.190161
1767;1868;-101;10:54:49.190161
1767;1871;-104;10:54:49.190161
1766;1868;-102;10:54:49.190161
1765;1870;-105;10:54:49.190161
1768;1869;-101;10:54:49.190161
1766;1871;-105;10:54:49.190161
1765;1869;-104;10:54:49.190161
1764;1870;-106;10:54:49.190161
1767;1871;-104;10:54:49.190161
1767;1869;-102;10:54:49.190161
1762;1866;-104;10:54:49.190161
1765;1866;-101;10:54:49.190161
1764;1865;-101;10:54:49.190161
1761;1865;-104;10:54:49.190161
1755;1864;-109;10:54:49.190161
1760;1865;-105;10:54:49.190161
1757;1863;-106;10:54:49.190161
1756;1863;-107;10:54:49.190161
1755;1859;-104;10:54:49.190161
1757;1861;-104;10:54:49.190161
1755;1858;-103;10:54:49.190161
1753;1861;-108;10:54:49.190161
1755;1866;-111;10:54:49.190161
1757;1861;-104;10:54:49.190161
1758;1865;-107;10:54:49.190161
1759;1866;-107;10:54:49.190161
1761;1865;-104;10:54:49.190161
1759;1864;-105;10:54:49.190161
1762;1870;-108;10:54:49.190161
1764;1867;-103;10:54:49.190161
1763;1869;-106;10:54:49.190161
1766;1870;-104;10:54:49.190161
1769;1869;-100;10:54:49.190161
1765;1869;-104;10:54:49.190161
1764;1870;-106;10:54:49.190161
1761;1870;-109;10:54:49.190161
1756;1863;-107;10:54:49.190161
1759;1867;-108;10:54:49.190161
1759;1866;-107;10:54:49.190161
1761;1864;-103;10:54:49.190161
1755;1861;-106;10:54:49.190161
1756;1866;-110;10:54:49.190161
1758;1861;-103;10:54:49.190161
1759;1863;-104;10:54:49.190161
1754;1864;-110;10:54:49.190161
1750;1860;-110;10:54:49.190161
1752;1859;-107;10:54:49.190161
1752;1858;-106;10:54:49.190161
1750;1862;-112;10:54:49.190161
1749;1860;-111;10:54:49.190161
1752;1859;-107;10:54:49.190161
1753;1858;-105;10:54:49.190161
1754;1858;-104;10:54:49.190161
1751;1860;-109;10:54:49.190161
1754;1857;-103;10:54:49.190161
1754;1861;-107;10:54:49.190161
1749;1862;-113;10:54:49.190161
1753;1861;-108;10:54:49.190161
1753;1862;-109;10:54:49.190161
1758;1860;-102;10:54:49.190161
1755;1861;-106;10:54:49.190161
1754;1861;-107;10:54:49.190161
1758;1863;-105;10:54:49.190161
1753;1865;-112;10:54:49.190161
1754;1859;-105;10:54:49.190161
1756;1861;-105;10:54:49.190161
1752;1859;-107;10:54:49.190161
1753;1861;-108;10:54:49.190161
1754;1862;-108;10:54:49.190161
1753;1864;-111;10:54:49.190161
1754;1862;-108;10:54:49.190161
1757;1862;-105;10:54:49.190161
1756;1862;-106;10:54:49.190161
1755;1863;-108;10:54:49.190161
1754;1858;-104;10:54:49.190161
1754;1861;-107;10:54:49.190161
1756;1865;-109;10:54:49.190161
1757;1863;-106;10:54:49.190161
1758;1860;-102;10:54:49.190161
1757;1863;-106;10:54:49.190161
1754;1864;-110;10:54:49.190161
1755;1862;-107;10:54:49.190161
1756;1864;-108;10:54:49.190161
1758;1860;-102;10:54:49.190161
1759;1862;-103;10:54:49.190161
1755;1860;-105;10:54:49.190161
1758;1863;-105;10:54:49.190161
1758;1862;-104;10:54:49.190161
1755;1864;-109;10:54:49.190161
1756;1861;-105;10:54:49.190161
1756;1866;-110;10:54:49.190161
1751;1864;-113;10:54:49.190161
1753;1866;-113;10:54:49.190161
1758;1863;-105;10:54:49.190161
1757;1865;-108;10:54:49.190161
1757;1863;-106;10:54:49.190161
1758;1865;-107;10:54:49.190161
1756;1867;-111;10:54:49.190161
1758;1863;-105;10:54:49.190161
1762;1866;-104;10:54:49.190161
1758;1867;-109;10:54:49.190161
1760;1866;-106;10:54:49.190161
1759;1867;-108;10:54:49.190161
1758;1868;-110;10:54:49.190161
1758;1870;-112;10:54:49.190161
1756;1868;-112;10:54:49.190161
1759;1868;-109;10:54:49.190161
1761;1870;-109;10:54:49.190161
1761;1867;-106;10:54:49.190161
1759;1863;-104;10:54:49.190161
1757;1862;-105;10:54:49.190161
1758;1866;-108;10:54:49.190161
1756;1858;-102;10:54:49.190161
1757;1859;-102;10:54:49.190161
1759;1858;-99;10:54:49.190161
1752;1861;-109;10:54:49.190161
1753;1860;-107;10:54:49.190161
1753;1859;-106;10:54:49.190161
1752;1864;-112;10:54:49.190161
1753;1860;-107;10:54:49.190161
1752;1859;-107;10:54:49.190161
1751;1860;-109;10:54:49.190161
1752;1860;-108;10:54:49.190161
1754;1863;-109;10:54:49.190161
1754;1861;-107;10:54:49.190161
1749;1862;-113;10:54:49.190161
1756;1862;-106;10:54:49.190161
1754;1861;-107;10:54:49.190161
1750;1862;-112;10:54:49.190161
1750;1864;-114;10:54:49.190161
1750;1863;-113;10:54:49.190161
1749;1862;-113;10:54:49.190161
1748;1860;-112;10:54:49.190161
1746;1862;-116;10:54:49.190161
1750;1866;-116;10:54:49.190161
1754;1861;-107;10:54:49.190161
1753;1862;-109;10:54:49.190161
1752;1861;-109;10:54:49.190161
1750;1859;-109;10:54:49.190161
1753;1864;-111;10:54:49.190161
1752;1861;-109;10:54:49.190161
1751;1863;-112;10:54:49.190161
1754;1862;-108;10:54:49.190161
1756;1865;-109;10:54:49.190161
1756;1864;-108;10:54:49.190161
1756;1867;-111;10:54:49.190161
1756;1868;-112;10:54:49.190161
1761;1868;-107;10:54:49.190161
1763;1867;-104;10:54:49.190161
1764;1871;-107;10:54:49.190161
1762;1868;-106;10:54:49.190161
1765;1870;-105;10:54:49.190161
1761;1867;-106;10:54:49.190161
1762;1874;-112;10:54:49.190161
1762;1870;-108;10:54:49.190161
1761;1869;-108;10:54:49.190161
1762;1871;-109;10:54:49.190161
1761;1871;-110;10:54:49.190161
1761;1869;-108;10:54:49.190161
1759;1872;-113;10:54:49.190161
1758;1867;-109;10:54:49.190161
1758;1872;-114;10:54:49.190161
1759;1869;-110;10:54:49.190161
1760;1873;-113;10:54:49.190161
1763;1871;-108;10:54:49.190161
1761;1870;-109;10:54:49.190161
1762;1872;-110;10:54:49.190161
1764;1870;-106;10:54:49.190161
1764;1873;-109;10:54:49.190161
1759;1870;-111;10:54:49.190161
1759;1867;-108;10:54:49.190161
1762;1875;-113;10:54:49.190161
1763;1873;-110;10:54:49.190161
1764;1874;-110;10:54:49.190161
1764;1874;-110;10:54:49.190161
1764;1875;-111;10:54:49.190161
1765;1871;-106;10:54:49.190161
1763;1871;-108;10:54:49.190161
1765;1872;-107;10:54:49.190161
1766;1872;-106;10:54:49.190161
1765;1872;-107;10:54:49.190161
1765;1871;-106;10:54:49.190161
1761;1875;-114;10:54:49.190161
1763;1872;-109;10:54:49.190161
1765;1873;-108;10:54:49.190161
1763;1873;-110;10:54:49.190161
1762;1872;-110;10:54:49.190161
1763;1873;-110;10:54:49.190161
1765;1871;-106;10:54:49.190161
1761;1871;-110;10:54:49.190161
1761;1868;-107;10:54:49.190161
1760;1869;-109;10:54:49.190161
1758;1868;-110;10:54:49.190161
1755;1865;-110;10:54:49.190161
1758;1871;-113;10:54:49.190161
1758;1869;-111;10:54:49.190161
1757;1868;-111;10:54:49.190161
1755;1865;-110;10:54:49.190161
1754;1867;-113;10:54:49.190161
1754;1865;-111;10:54:49.190161
1756;1864;-108;10:54:49.190161
1751;1864;-113;10:54:49.190161
1750;1864;-114;10:54:49.190161
1750;1863;-113;10:54:49.190161
1750;1863;-113;10:54:49.190161
1751;1864;-113;10:54:49.190161
1750;1863;-113;10:54:49.190161
1750;1866;-116;10:54:49.190161
1751;1863;-112;10:54:49.190161
1752;1866;-114;10:54:49.190161
1755;1866;-111;10:54:49.190161
1753;1869;-116;10:54:49.190161
1754;1864;-110;10:54:49.190161
1756;1866;-110;10:54:49.190161
1753;1865;-112;10:54:49.190161
1754;1869;-115;10:54:49.190161
1753;1866;-113;10:54:49.190161
1756;1867;-111;10:54:49.190161
1758;1868;-110;10:54:49.190161
1755;1868;-113;10:54:49.190161
1757;1869;-112;10:54:49.190161
1757;1866;-109;10:54:49.190161
1751;1869;-118;10:54:49.190161
1753;1867;-114;10:54:49.190161
1752;1865;-113;10:54:49.190161
1753;1861;-108;10:54:49.190161
1751;1859;-108;10:54:49.190161
1751;1865;-114;10:54:49.190161
1745;1862;-117;10:54:49.190161
1745;1863;-118;10:54:49.190161
1745;1857;-112;10:54:49.190161
1748;1859;-111;10:54:49.190161
1743;1857;-114;10:54:49.190161
1742;1855;-113;10:54:49.190161
1742;1854;-112;10:54:49.190161
1743;1854;-111;10:54:49.190161
1740;1852;-112;10:54:49.190161
1743;1854;-111;10:54:49.190161
1744;1858;-114;10:54:49.190161
1744;1857;-113;10:54:49.190161
1745;1857;-112;10:54:49.190161
1746;1861;-115;10:54:49.190161
1749;1861;-112;10:54:49.190161
1751;1862;-111;10:54:49.190161
1754;1863;-109;10:54:49.190161
1752;1866;-114;10:54:49.190161
1753;1866;-113;10:54:49.190161
1754;1869;-115;10:54:49.190161
1753;1867;-114;10:54:49.190161
1750;1866;-116;10:54:49.190161
1753;1866;-113;10:54:49.190161
1750;1863;-113;10:54:49.190161
1747;1863;-116;10:54:49.190161
1751;1862;-111;10:54:49.190161
1751;1860;-109;10:54:49.190161
1747;1859;-112;10:54:49.190161
1751;1861;-110;10:54:49.190161
1749;1857;-108;10:54:49.190161
1749;1861;-112;10:54:49.190161
1748;1861;-113;10:54:49.190161
1749;1861;-112;10:54:49.190161
1746;1861;-115;10:54:49.190161
1749;1860;-111;10:54:49.190161
1749;1861;-112;10:54:49.190161
1747;1859;-112;10:54:49.190161
1746;1859;-113;10:54:49.190161
1748;1859;-111;10:54:49.190161
1748;1862;-114;10:54:49.190161
1749;1860;-111;10:54:49.190161
1746;1859;-113;10:54:49.190161
1747;1860;-113;10:54:49.190161
1749;1862;-113;10:54:49.190161
1744;1862;-118;10:54:49.190161
1747;1861;-114;10:54:49.190161
1748;1864;-116;10:54:49.190161
1749;1864;-115;10:54:49.190161
1751;1862;-111;10:54:49.190161
1750;1862;-112;10:54:49.190161
1749;1863;-114;10:54:49.190161
1749;1864;-115;10:54:49.190161
1752;1865;-113;10:54:49.190161
1752;1866;-114;10:54:49.190161
1752;1861;-109;10:54:49.190161
1753;1860;-107;10:54:49.190161
1749;1863;-114;10:54:49.190161
1747;1858;-111;10:54:49.190161
1747;1859;-112;10:54:49.190161
1749;1860;-111;10:54:49.190161
1749;1859;-110;10:54:49.190161
1744;1856;-112;10:54:49.190161
1744;1859;-115;10:54:49.190161
1745;1859;-114;10:54:49.190161
1746;1861;-115;10:54:49.190161
1745;1859;-114;10:54:49.190161
1747;1864;-117;10:54:49.190161
1748;1860;-112;10:54:49.190161
1750;1861;-111;10:54:49.190161
1749;1859;-110;10:54:49.190161
1752;1860;-108;10:54:49.190161
1751;1864;-113;10:54:49.190161
1755;1861;-106;10:54:49.190161
1753;1866;-113;10:54:49.190161
1751;1865;-114;10:54:49.190161
1753;1863;-110;10:54:49.190161
1753;1867;-114;10:54:49.190161
1752;1863;-111;10:54:49.190161
1754;1865;-111;10:54:49.190161
1754;1865;-111;10:54:49.190161
1758;1863;-105;10:54:49.190161
1757;1863;-106;10:54:49.190161
1758;1866;-108;10:54:49.190161
1758;1865;-107;10:54:49.190161
1761;1868;-107;10:54:49.190161
1758;1868;-110;10:54:49.190161
1759;1869;-110;10:54:49.190161
1762;1868;-106;10:54:49.190161
1758;1870;-112;10:54:49.190161
1760;1872;-112;10:54:49.190161
1757;1866;-109;10:54:49.190161
1756;1867;-111;10:54:49.190161
1756;1863;-107;10:54:49.190161
1753;1867;-114;10:54:49.190161
1751;1860;-109;10:54:49.190161
1754;1865;-111;10:54:49.190161
1756;1865;-109;10:54:49.190161
1754;1863;-109;10:54:49.190161
1756;1866;-110;10:54:49.190161
1758;1867;-109;10:54:49.190161
1757;1868;-111;10:54:49.190161
1759;1870;-111;10:54:49.190161
1762;1875;-113;10:54:49.190161
1763;1876;-113;10:54:49.190161
1765;1874;-109;10:54:49.190161
1767;1876;-109;10:54:49.190161
1767;1876;-109;10:54:49.190161
1765;1875;-110;10:54:49.190161
1765;1876;-111;10:54:49.190161
1764;1876;-112;10:54:49.190161
1762;1877;-115;10:54:49.190161
1763;1876;-113;10:54:49.190161
1764;1876;-112;10:54:49.190161
1760;1874;-114;10:54:49.190161
1756;1873;-117;10:54:49.190161
1759;1870;-111;10:54:49.190161
1758;1869;-111;10:54:49.190161
1753;1870;-117;10:54:49.190161
1757;1872;-115;10:54:49.190161
1758;1868;-110;10:54:49.190161
1755;1869;-114;10:54:49.190161
1757;1866;-109;10:54:49.190161
1759;1867;-108;10:54:49.190161
1753;1866;-113;10:54:49.190161
1753;1865;-112;10:54:49.190161
1756;1868;-112;10:54:49.190161
1757;1866;-109;10:54:49.190161
1758;1870;-112;10:54:49.190161
1759;1867;-108;10:54:49.190161
1755;1869;-114;10:54:49.190161
1758;1869;-111;10:54:49.190161
1759;1872;-113;10:54:49.190161
1759;1869;-110;10:54:49.190161
1758;1868;-110;10:54:49.190161
1761;1873;-112;10:54:49.190161
1763;1874;-111;10:54:49.190161
1760;1875;-115;10:54:49.190161
1761;1872;-111;10:54:49.190161
1759;1873;-114;10:54:49.190161
1764;1874;-110;10:54:49.190161
1762;1871;-109;10:54:49.190161
1758;1868;-110;10:54:49.190161
1758;1872;-114;10:54:49.190161
1758;1868;-110;10:54:49.190161
1757;1865;-108;10:54:49.190161
1754;1864;-110;10:54:49.190161
1755;1863;-108;10:54:49.190161
1753;1866;-113;10:54:49.190161
1753;1861;-108;10:54:49.190161
1748;1859;-111;10:54:49.190161
1744;1861;-117;10:54:49.190161
1746;1862;-116;10:54:49.190161
1748;1862;-114;10:54:49.190161
1747;1858;-111;10:54:49.190161
1750;1860;-110;10:54:49.190161
1748;1859;-111;10:54:49.190161
1744;1860;-116;10:54:49.190161
1746;1860;-114;10:54:49.190161
1749;1865;-116;10:54:49.190161
1748;1858;-110;10:54:49.190161
1748;1862;-114;10:54:49.190161
1749;1863;-114;10:54:49.190161
1746;1861;-115;10:54:49.190161
1747;1861;-114;10:54:49.190161
1747;1861;-114;10:54:49.190161
1747;1862;-115;10:54:49.190161
1752;1862;-110;10:54:49.190161
1754;1866;-112;10:54:49.190161
1753;1865;-112;10:54:49.190161
1754;1863;-109;10:54:49.190161
1754;1865;-111;10:54:49.190161
1754;1864;-110;10:54:49.190161
1753;1867;-114;10:54:49.190161
1757;1865;-108;10:54:49.190161
1756;1865;-109;10:54:49.190161
1756;1865;-109;10:54:49.190161
1757;1867;-110;10:54:49.190161
1755;1865;-110;10:54:49.190161
1755;1864;-109;10:54:49.190161
1756;1867;-111;10:54:49.190161
1757;1868;-111;10:54:49.190161
1755;1864;-109;10:54:49.190161
1756;1869;-113;10:54:49.190161
1759;1869;-110;10:54:49.190161
1758;1865;-107;10:54:49.190161
1756;1866;-110;10:54:49.190161
1758;1868;-110;10:54:49.190161
1754;1866;-112;10:54:49.190161
1750;1862;-112;10:54:49.190161
1753;1864;-111;10:54:49.190161
1753;1859;-106;10:54:49.190161
1752;1860;-108;10:54:49.190161
1750;1862;-112;10:54:49.190161
1749;1862;-113;10:54:49.190161
1751;1864;-113;10:54:49.190161
1752;1864;-112;10:54:49.190161
1753;1863;-110;10:54:49.190161
1754;1868;-114;10:54:49.190161
1755;1865;-110;10:54:49.190161
1753;1866;-113;10:54:49.190161
1756;1866;-110;10:54:49.190161
1759;1870;-111;10:54:49.190161
1755;1869;-114;10:54:49.190161
1760;1869;-109;10:54:49.190161
1760;1873;-113;10:54:49.190161
1761;1874;-113;10:54:49.190161
1762;1872;-110;10:54:49.190161
1763;1875;-112;10:54:49.190161
1760;1873;-113;10:54:49.190161
1760;1872;-112;10:54:49.190161
1763;1873;-110;10:54:49.190161
1763;1873;-110;10:54:49.190161
1762;1872;-110;10:54:49.190161
1761;1875;-114;10:54:49.190161
1762;1876;-114;10:54:49.190161
1762;1875;-113;10:54:49.190161
1763;1875;-112;10:54:49.190161
1764;1874;-110;10:54:49.190161
1762;1876;-114;10:54:49.190161
1768;1875;-107;10:54:49.190161
1761;1871;-110;10:54:49.190161
1761;1875;-114;10:54:49.190161
1761;1872;-111;10:54:49.190161
1761;1870;-109;10:54:49.190161
1760;1871;-111;10:54:49.190161
1757;1868;-111;10:54:49.190161
1758;1871;-113;10:54:49.190161
1757;1871;-114;10:54:49.190161
1753;1868;-115;10:54:49.190161
1754;1866;-112;10:54:49.190161
1753;1865;-112;10:54:49.190161
1753;1865;-112;10:54:49.190161
1752;1866;-114;10:54:49.190161
1749;1863;-114;10:54:49.190161
1748;1864;-116;10:54:49.190161
1750;1867;-117;10:54:49.190161
1753;1867;-114;10:54:49.190161
1751;1867;-116;10:54:49.190161
1751;1865;-114;10:54:49.190161
1756;1866;-110;10:54:49.190161
1752;1863;-111;10:54:49.190161
1751;1868;-117;10:54:49.190161
1754;1867;-113;10:54:49.190161
1754;1866;-112;10:54:49.190161
1755;1866;-111;10:54:49.190161
1758;1867;-109;10:54:49.190161
1758;1865;-107;10:54:49.190161
1753;1869;-116;10:54:49.190161
1757;1869;-112;10:54:49.190161
1758;1872;-114;10:54:49.190161
1756;1872;-116;10:54:49.190161
1762;1871;-109;10:54:49.190161
1760;1871;-111;10:54:49.190161
1760;1869;-109;10:54:49.190161
1764;1873;-109;10:54:49.190161
1760;1870;-110;10:54:49.190161
1759;1871;-112;10:54:49.190161
1758;1870;-112;10:54:49.190161
1759;1868;-109;10:54:49.190161
1758;1866;-108;10:54:49.190161
1754;1868;-114;10:54:49.190161
1757;1868;-111;10:54:49.190161
1754;1865;-111;10:54:49.190161
1754;1868;-114;10:54:49.190161
1753;1868;-115;10:54:49.190161
1754;1866;-112;10:54:49.190161
1755;1869;-114;10:54:49.190161
1756;1869;-113;10:54:49.190161
1756;1868;-112;10:54:49.190161
1757;1868;-111;10:54:49.190161
1754;1867;-113;10:54:49.190161
1754;1866;-112;10:54:49.190161
1753;1867;-114;10:54:49.190161
1752;1868;-116;10:54:49.190161
1754;1868;-114;10:54:49.190161
1756;1870;-114;10:54:49.190161
1757;1868;-111;10:54:49.190161
1755;1868;-113;10:54:49.190161
1759;1871;-112;10:54:49.190161
1757;1870;-113;10:54:49.190161
1755;1871;-116;10:54:49.190161
1754;1868;-114;10:54:49.190161
1753;1870;-117;10:54:49.190161
1752;1865;-113;10:54:49.190161
1753;1867;-114;10:54:49.190161
1755;1866;-111;10:54:49.190161
1752;1867;-115;10:54:49.190161
1751;1862;-111;10:54:49.190161
1752;1865;-113;10:54:49.190161
1754;1865;-111;10:54:49.190161
1752;1865;-113;10:54:49.190161
1752;1865;-113;10:54:49.190161
1751;1865;-114;10:54:49.190161
1751;1861;-110;10:54:49.190161
1751;1865;-114;10:54:49.190161
1753;1864;-111;10:54:49.190161
1754;1867;-113;10:54:49.190161
1754;1866;-112;10:54:49.190161
1755;1865;-110;10:54:49.190161
1751;1865;-114;10:54:49.190161
1749;1863;-114;10:54:49.190161
1751;1862;-111;10:54:49.190161
1749;1861;-112;10:54:49.190161
1746;1859;-113;10:54:49.190161
1748;1858;-110;10:54:49.190161
1751;1857;-106;10:54:49.190161
1746;1857;-111;10:54:49.190161
1746;1861;-115;10:54:49.190161
1750;1858;-108;10:54:49.190161
1749;1859;-110;10:54:49.190161
1745;1859;-114;10:54:49.190161
1746;1861;-115;10:54:49.190161
1750;1864;-114;10:54:49.190161
1750;1860;-110;10:54:49.190161
1750;1860;-110;10:54:49.190161
1752;1864;-112;10:54:49.190161
1753;1865;-112;10:54:49.190161
1752;1866;-114;10:54:49.190161
1755;1866;-111;10:54:49.190161
1754;1868;-114;10:54:49.190161
1758;1867;-109;10:54:49.190161
1760;1866;-106;10:54:49.190161
1760;1867;-107;10:54:49.190161
1759;1871;-112;10:54:49.190161
1760;1870;-110;10:54:49.190161
1760;1869;-109;10:54:49.190161
1759;1871;-112;10:54:49.190161
1762;1868;-106;10:54:49.190161
1765;1870;-105;10:54:49.190161
1761;1867;-106;10:54:49.190161
1759;1869;-110;10:54:49.190161
1759;1869;-110;10:54:49.190161
1756;1869;-113;10:54:49.190161
1756;1865;-109;10:54:49.190161
1754;1865;-111;10:54:49.190161
1753;1866;-113;10:54:49.190161
1754;1865;-111;10:54:49.190161
1755;1865;-110;10:54:49.190161
1754;1863;-109;10:54:49.190161
1750;1865;-115;10:54:49.190161
1752;1864;-112;10:54:49.190161
1755;1868;-113;10:54:49.190161
1753;1868;-115;10:54:49.190161
1751;1868;-117;10:54:49.190161
1753;1867;-114;10:54:49.190161
1753;1868;-115;10:54:49.190161
1756;1865;-109;10:54:49.190161
1755;1861;-106;10:54:49.190161
1751;1866;-115;10:54:49.190161
1754;1863;-109;10:54:49.190161
1754;1863;-109;10:54:49.190161
1750;1865;-115;10:54:49.190161
1752;1869;-117;10:54:49.190161
1753;1864;-111;10:54:49.190161
1753;1869;-116;10:54:49.190161
1753;1868;-115;10:54:49.190161
1754;1867;-113;10:54:49.190161
1755;1867;-112;10:54:49.240016
1758;1873;-115;10:54:49.240016
1758;1869;-111;10:54:49.240016
1760;1871;-111;10:54:49.240016
1761;1871;-110;10:54:49.240016
1760;1869;-109;10:54:49.240016
1760;1870;-110;10:54:49.240016
1757;1867;-110;10:54:49.240016
1757;1868;-111;10:54:49.240016
1757;1867;-110;10:54:49.240016
1758;1867;-109;10:54:49.240016
1756;1868;-112;10:54:49.240016
1759;1867;-108;10:54:49.240016
1757;1868;-111;10:54:49.240016
1754;1867;-113;10:54:49.240016
1757;1864;-107;10:54:49.240016
1754;1864;-110;10:54:49.240016
1752;1862;-110;10:54:49.240016
1755;1862;-107;10:54:49.240016
1754;1863;-109;10:54:49.240016
1753;1860;-107;10:54:49.240016
1752;1858;-106;10:54:49.240016
1750;1860;-110;10:54:49.240016
1750;1862;-112;10:54:49.240016
1750;1861;-111;10:54:49.240016
1747;1860;-113;10:54:49.240016
1747;1861;-114;10:54:49.240016
1747;1857;-110;10:54:49.240016
1747;1856;-109;10:54:49.240016
1744;1861;-117;10:54:49.240016
1747;1861;-114;10:54:49.240016
1747;1860;-113;10:54:49.240016
1749;1862;-113;10:54:49.240016
1752;1864;-112;10:54:49.240016
1751;1865;-114;10:54:49.240016
1751;1862;-111;10:54:49.240016
1752;1865;-113;10:54:49.240016
1755;1865;-110;10:54:49.240016
1753;1865;-112;10:54:49.240016
1755;1868;-113;10:54:49.240016
1756;1871;-115;10:54:49.240016
1755;1869;-114;10:54:49.240016
1755;1868;-113;10:54:49.240016
1759;1868;-109;10:54:49.240016
1757;1870;-113;10:54:49.240016
1755;1869;-114;10:54:49.240016
1754;1866;-112;10:54:49.240016
1754;1865;-111;10:54:49.240016
1758;1866;-108;10:54:49.240016
1755;1863;-108;10:54:49.240016
1754;1865;-111;10:54:49.240016
1755;1864;-109;10:54:49.240016
1756;1865;-109;10:54:49.240016
1754;1864;-110;10:54:49.240016
1752;1867;-115;10:54:49.240016
1754;1866;-112;10:54:49.240016
1752;1868;-116;10:54:49.240016
1752;1866;-114;10:54:49.240016
1753;1870;-117;10:54:49.240016
1754;1868;-114;10:54:49.240016
1751;1866;-115;10:54:49.240016
1753;1868;-115;10:54:49.240016
1754;1868;-114;10:54:49.240016
1753;1868;-115;10:54:49.240016
1758;1866;-108;10:54:49.240016
1758;1869;-111;10:54:49.240016
1756;1868;-112;10:54:49.240016
1755;1867;-112;10:54:49.240016
1756;1868;-112;10:54:49.240016
1756;1871;-115;10:54:49.240016
1760;1870;-110;10:54:49.240016
1760;1872;-112;10:54:49.240016
1764;1875;-111;10:54:49.240016
1762;1874;-112;10:54:49.240016
1762;1874;-112;10:54:49.240016
1762;1875;-113;10:54:49.240016
1764;1876;-112;10:54:49.240016
1765;1877;-112;10:54:49.240016
1764;1879;-115;10:54:49.240016
1763;1877;-114;10:54:49.240016
1764;1874;-110;10:54:49.240016
1762;1874;-112;10:54:49.240016
1759;1873;-114;10:54:49.240016
1759;1872;-113;10:54:49.240016
1759;1867;-108;10:54:49.240016
1757;1868;-111;10:54:49.240016
1756;1866;-110;10:54:49.240016
1755;1867;-112;10:54:49.240016
1752;1869;-117;10:54:49.240016
1754;1866;-112;10:54:49.240016
1755;1866;-111;10:54:49.240016
1754;1864;-110;10:54:49.240016
1754;1865;-111;10:54:49.240016
1753;1866;-113;10:54:49.240016
1756;1866;-110;10:54:49.240016
1758;1870;-112;10:54:49.240016
1757;1872;-115;10:54:49.240016
1760;1871;-111;10:54:49.240016
1760;1875;-115;10:54:49.240016
1757;1875;-118;10:54:49.240016
1760;1875;-115;10:54:49.240016
1763;1877;-114;10:54:49.240016
1762;1880;-118;10:54:49.240016
1762;1875;-113;10:54:49.240016
1762;1876;-114;10:54:49.240016
1760;1874;-114;10:54:49.240016
1758;1874;-116;10:54:49.240016
1758;1874;-116;10:54:49.240016
1761;1872;-111;10:54:49.240016
1758;1870;-112;10:54:49.240016
1761;1872;-111;10:54:49.240016
1761;1875;-114;10:54:49.240016
1760;1873;-113;10:54:49.240016
1760;1872;-112;10:54:49.240016
1762;1875;-113;10:54:49.240016
1759;1880;-121;10:54:49.240016
1763;1878;-115;10:54:49.240016
1762;1874;-112;10:54:49.240016
1761;1878;-117;10:54:49.240016
1761;1874;-113;10:54:49.240016
1763;1876;-113;10:54:49.240016
1762;1875;-113;10:54:49.240016
1760;1874;-114;10:54:49.240016
1759;1871;-112;10:54:49.240016
1761;1874;-113;10:54:49.240016
1760;1870;-110;10:54:49.240016
1755;1873;-118;10:54:49.240016
1753;1871;-118;10:54:49.240016
1755;1870;-115;10:54:49.240016
1751;1870;-119;10:54:49.240016
1749;1864;-115;10:54:49.240016
1751;1867;-116;10:54:49.240016
1752;1866;-114;10:54:49.240016
1753;1866;-113;10:54:49.240016
1754;1868;-114;10:54:49.240016
1753;1866;-113;10:54:49.240016
1752;1867;-115;10:54:49.240016
1752;1866;-114;10:54:49.240016
1749;1866;-117;10:54:49.240016
1747;1868;-121;10:54:49.240016
1751;1868;-117;10:54:49.240016
1752;1867;-115;10:54:49.240016
1752;1864;-112;10:54:49.240016
1752;1866;-114;10:54:49.240016
1754;1867;-113;10:54:49.240016
1751;1867;-116;10:54:49.240016
1752;1868;-116;10:54:49.240016
1755;1871;-116;10:54:49.240016
1754;1870;-116;10:54:49.240016
1754;1867;-113;10:54:49.240016
1755;1871;-116;10:54:49.240016
1755;1874;-119;10:54:49.240016
1758;1872;-114;10:54:49.240016
1759;1872;-113;10:54:49.240016
1759;1873;-114;10:54:49.240016
1757;1871;-114;10:54:49.240016
1757;1870;-113;10:54:49.240016
1759;1870;-111;10:54:49.240016
1757;1869;-112;10:54:49.240016
1754;1866;-112;10:54:49.240016
1751;1869;-118;10:54:49.240016
1752;1866;-114;10:54:49.240016
1750;1864;-114;10:54:49.240016
1752;1865;-113;10:54:49.240016
1752;1867;-115;10:54:49.240016
1749;1864;-115;10:54:49.240016
1746;1864;-118;10:54:49.240016
1751;1864;-113;10:54:49.240016
1751;1865;-114;10:54:49.240016
1752;1867;-115;10:54:49.240016
1753;1870;-117;10:54:49.240016
1752;1866;-114;10:54:49.240016
1753;1869;-116;10:54:49.240016
1754;1868;-114;10:54:49.240016
1752;1866;-114;10:54:49.240016
1753;1868;-115;10:54:49.240016
1750;1864;-114;10:54:49.240016
1750;1863;-113;10:54:49.240016
1748;1863;-115;10:54:49.240016
1745;1863;-118;10:54:49.240016
1745;1862;-117;10:54:49.240016
1748;1866;-118;10:54:49.240016
1749;1865;-116;10:54:49.240016
1749;1866;-117;10:54:49.240016
1750;1866;-116;10:54:49.240016
1751;1865;-114;10:54:49.240016
1753;1869;-116;10:54:49.240016
1756;1863;-107;10:54:49.240016
1754;1867;-113;10:54:49.240016
1757;1869;-112;10:54:49.240016
1758;1868;-110;10:54:49.240016
1755;1866;-111;10:54:49.240016
1753;1869;-116;10:54:49.240016
1756;1867;-111;10:54:49.240016
1755;1866;-111;10:54:49.240016
1753;1863;-110;10:54:49.240016
1754;1866;-112;10:54:49.240016
1754;1867;-113;10:54:49.240016
1751;1866;-115;10:54:49.240016
1750;1865;-115;10:54:49.240016
1751;1866;-115;10:54:49.240016
1751;1866;-115;10:54:49.240016
1751;1866;-115;10:54:49.240016
1751;1865;-114;10:54:49.240016
1752;1862;-110;10:54:49.240016
1751;1862;-111;10:54:49.240016
1753;1863;-110;10:54:49.240016
1751;1863;-112;10:54:49.240016
1751;1861;-110;10:54:49.240016
1748;1864;-116;10:54:49.240016
1747;1865;-118;10:54:49.240016
1747;1867;-120;10:54:49.240016
1750;1867;-117;10:54:49.240016
1752;1865;-113;10:54:49.240016
1749;1866;-117;10:54:49.240016
1747;1866;-119;10:54:49.240016
1753;1871;-118;10:54:49.240016
1752;1864;-112;10:54:49.240016
1750;1868;-118;10:54:49.240016
1753;1869;-116;10:54:49.240016
1754;1870;-116;10:54:49.240016
1753;1867;-114;10:54:49.240016
1756;1868;-112;10:54:49.240016
1756;1870;-114;10:54:49.240016
1755;1872;-117;10:54:49.240016
1757;1871;-114;10:54:49.240016
1758;1874;-116;10:54:49.240016
1758;1872;-114;10:54:49.240016
1757;1873;-116;10:54:49.240016
1758;1869;-111;10:54:49.240016
1760;1870;-110;10:54:49.240016
1757;1871;-114;10:54:49.240016
1755;1870;-115;10:54:49.240016
1752;1868;-116;10:54:49.240016
1756;1868;-112;10:54:49.240016
1753;1864;-111;10:54:49.240016
1753;1867;-114;10:54:49.240016
1752;1862;-110;10:54:49.240016
1749;1862;-113;10:54:49.240016
1751;1859;-108;10:54:49.240016
1754;1859;-105;10:54:49.240016
1751;1859;-108;10:54:49.240016
1749;1863;-114;10:54:49.240016
1750;1862;-112;10:54:49.240016
1748;1859;-111;10:54:49.240016
1751;1862;-111;10:54:49.240016
1751;1864;-113;10:54:49.240016
1747;1865;-118;10:54:49.240016
1749;1866;-117;10:54:49.240016
1751;1868;-117;10:54:49.240016
1754;1866;-112;10:54:49.240016
1752;1866;-114;10:54:49.240016
1753;1867;-114;10:54:49.240016
1752;1865;-113;10:54:49.240016
1753;1863;-110;10:54:49.240016
1753;1869;-116;10:54:49.256970
1754;1871;-117;10:54:49.256970
1755;1868;-113;10:54:49.256970
1756;1869;-113;10:54:49.256970
1759;1872;-113;10:54:49.256970
1759;1871;-112;10:54:49.256970
1762;1872;-110;10:54:49.256970
1762;1872;-110;10:54:49.256970
1762;1871;-109;10:54:49.256970
1760;1871;-111;10:54:49.256970
1761;1873;-112;10:54:49.256970
1764;1872;-108;10:54:49.256970
1763;1871;-108;10:54:49.256970
1762;1875;-113;10:54:49.256970
1759;1870;-111;10:54:49.256970
1758;1870;-112;10:54:49.256970
1760;1868;-108;10:54:49.256970
1760;1868;-108;10:54:49.256970
1757;1867;-110;10:54:49.256970
1755;1869;-114;10:54:49.256970
1755;1869;-114;10:54:49.256970
1754;1866;-112;10:54:49.256970
1753;1865;-112;10:54:49.256970
1754;1866;-112;10:54:49.256970
1755;1867;-112;10:54:49.256970
1755;1869;-114;10:54:49.256970
1756;1869;-113;10:54:49.256970
1759;1866;-107;10:54:49.256970
1757;1868;-111;10:54:49.256970
1754;1868;-114;10:54:49.256970
1753;1870;-117;10:54:49.256970
1754;1870;-116;10:54:49.256970
1758;1871;-113;10:54:49.256970
1759;1872;-113;10:54:49.256970
1758;1872;-114;10:54:49.256970
1758;1874;-116;10:54:49.256970
1761;1872;-111;10:54:49.256970
1758;1872;-114;10:54:49.256970
1759;1870;-111;10:54:49.256970
1757;1870;-113;10:54:49.256970
1759;1872;-113;10:54:49.256970
1760;1869;-109;10:54:49.256970
1759;1870;-111;10:54:49.256970
1758;1870;-112;10:54:49.256970
1759;1869;-110;10:54:49.256970
1760;1869;-109;10:54:49.256970
1760;1871;-111;10:54:49.256970
1759;1871;-112;10:54:49.256970
1759;1871;-112;10:54:49.256970
1758;1871;-113;10:54:49.256970
1759;1871;-112;10:54:49.256970
1762;1868;-106;10:54:49.256970
1759;1870;-111;10:54:49.256970
1759;1872;-113;10:54:49.256970
1758;1871;-113;10:54:49.256970
1757;1869;-112;10:54:49.256970
1755;1870;-115;10:54:49.256970
1754;1869;-115;10:54:49.256970
1752;1867;-115;10:54:49.256970
1753;1867;-114;10:54:49.256970
1754;1869;-115;10:54:49.256970
1755;1867;-112;10:54:49.256970
1756;1868;-112;10:54:49.256970
1754;1869;-115;10:54:49.256970
1753;1868;-115;10:54:49.256970
1756;1870;-114;10:54:49.256970
1758;1869;-111;10:54:49.256970
1755;1868;-113;10:54:49.256970
1754;1868;-114;10:54:49.256970
1757;1868;-111;10:54:49.256970
1756;1867;-111;10:54:49.256970
1752;1868;-116;10:54:49.256970
1754;1870;-116;10:54:49.256970
1755;1869;-114;10:54:49.256970
1756;1870;-114;10:54:49.256970
1757;1868;-111;10:54:49.256970
1756;1869;-113;10:54:49.256970
1756;1870;-114;10:54:49.256970
1760;1870;-110;10:54:49.256970
1761;1868;-107;10:54:49.256970
1758;1871;-113;10:54:49.256970
1761;1870;-109;10:54:49.256970
1761;1869;-108;10:54:49.256970
1759;1871;-112;10:54:49.256970
1757;1869;-112;10:54:49.256970
1756;1869;-113;10:54:49.256970
1755;1869;-114;10:54:49.256970
1755;1866;-111;10:54:49.256970
1756;1866;-110;10:54:49.256970
1755;1865;-110;10:54:49.256970
1750;1863;-113;10:54:49.256970
1748;1861;-113;10:54:49.256970
1749;1862;-113;10:54:49.256970
1748;1861;-113;10:54:49.256970
1749;1862;-113;10:54:49.256970
1750;1862;-112;10:54:49.256970
1749;1862;-113;10:54:49.256970
1747;1860;-113;10:54:49.256970
1749;1861;-112;10:54:49.256970
1752;1863;-111;10:54:49.256970
1749;1862;-113;10:54:49.256970
1748;1860;-112;10:54:49.256970
1753;1866;-113;10:54:49.256970
1753;1866;-113;10:54:49.256970
1750;1864;-114;10:54:49.256970
1751;1866;-115;10:54:49.256970
1754;1869;-115;10:54:49.256970
1752;1866;-114;10:54:49.256970
1751;1865;-114;10:54:49.256970
1753;1866;-113;10:54:49.256970
1753;1865;-112;10:54:49.256970
1753;1867;-114;10:54:49.256970
1754;1867;-113;10:54:49.256970
1756;1869;-113;10:54:49.256970
1756;1867;-111;10:54:49.256970
1760;1867;-107;10:54:49.256970
1757;1866;-109;10:54:49.256970
1755;1870;-115;10:54:49.256970
1758;1866;-108;10:54:49.256970
1758;1867;-109;10:54:49.256970
1759;1870;-111;10:54:49.256970
1756;1868;-112;10:54:49.256970
1757;1866;-109;10:54:49.256970
1755;1866;-111;10:54:49.256970
1754;1866;-112;10:54:49.256970
1753;1865;-112;10:54:49.256970
1754;1868;-114;10:54:49.256970
1755;1867;-112;10:54:49.256970
1757;1867;-110;10:54:49.256970
1756;1864;-108;10:54:49.256970
1757;1866;-109;10:54:49.256970
1758;1868;-110;10:54:49.256970
1757;1867;-110;10:54:49.256970
1756;1870;-114;10:54:49.256970
1756;1866;-110;10:54:49.256970
1756;1866;-110;10:54:49.256970
1755;1866;-111;10:54:49.256970
1752;1866;-114;10:54:49.256970
1752;1869;-117;10:54:49.256970
1756;1870;-114;10:54:49.256970
1753;1870;-117;10:54:49.256970
1753;1867;-114;10:54:49.256970
1757;1871;-114;10:54:49.256970
1757;1869;-112;10:54:49.256970
1755;1872;-117;10:54:49.256970
1759;1873;-114;10:54:49.256970
1761;1871;-110;10:54:49.256970
1759;1872;-113;10:54:49.256970
1760;1875;-115;10:54:49.256970
1763;1876;-113;10:54:49.256970
1761;1875;-114;10:54:49.256970
1763;1873;-110;10:54:49.256970
1765;1877;-112;10:54:49.256970
1762;1877;-115;10:54:49.256970
1767;1877;-110;10:54:49.256970
1767;1877;-110;10:54:49.256970
1768;1879;-111;10:54:49.256970
1766;1880;-114;10:54:49.256970
1766;1879;-113;10:54:49.256970
1765;1875;-110;10:54:49.256970
1764;1877;-113;10:54:49.256970
1764;1879;-115;10:54:49.256970
1765;1880;-115;10:54:49.256970
1767;1876;-109;10:54:49.256970
1765;1876;-111;10:54:49.256970
1768;1877;-109;10:54:49.256970
1765;1876;-111;10:54:49.256970
1765;1878;-113;10:54:49.256970
1765;1880;-115;10:54:49.256970
1769;1880;-111;10:54:49.256970
1766;1875;-109;10:54:49.256970
1764;1873;-109;10:54:49.256970
1762;1876;-114;10:54:49.256970
1763;1874;-111;10:54:49.256970
1759;1876;-117;10:54:49.256970
1757;1874;-117;10:54:49.256970
1758;1873;-115;10:54:49.256970
1758;1872;-114;10:54:49.256970
1759;1871;-112;10:54:49.256970
1760;1872;-112;10:54:49.256970
1762;1871;-109;10:54:49.256970
1761;1871;-110;10:54:49.256970
1759;1869;-110;10:54:49.256970
1760;1872;-112;10:54:49.256970
1761;1871;-110;10:54:49.256970
1760;1871;-111;10:54:49.256970
1759;1872;-113;10:54:49.256970
1761;1874;-113;10:54:49.256970
1761;1872;-111;10:54:49.256970
1760;1874;-114;10:54:49.256970
1763;1874;-111;10:54:49.256970
1765;1876;-111;10:54:49.256970
1763;1878;-115;10:54:49.256970
1765;1875;-110;10:54:49.256970
1764;1876;-112;10:54:49.256970
1761;1874;-113;10:54:49.256970
1760;1870;-110;10:54:49.256970
1763;1872;-109;10:54:49.256970
1760;1871;-111;10:54:49.256970
1761;1869;-108;10:54:49.256970
1759;1872;-113;10:54:49.256970
1757;1877;-120;10:54:49.256970
1757;1874;-117;10:54:49.256970
1757;1872;-115;10:54:49.256970
1757;1869;-112;10:54:49.256970
1756;1870;-114;10:54:49.256970
1757;1870;-113;10:54:49.256970
1758;1868;-110;10:54:49.256970
1757;1868;-111;10:54:49.256970
1758;1866;-108;10:54:49.256970
1756;1866;-110;10:54:49.256970
1755;1867;-112;10:54:49.256970
1752;1866;-114;10:54:49.256970
1754;1866;-112;10:54:49.256970
1752;1865;-113;10:54:49.256970
1753;1865;-112;10:54:49.256970
1750;1867;-117;10:54:49.256970
1750;1866;-116;10:54:49.256970
1751;1865;-114;10:54:49.256970
1755;1867;-112;10:54:49.256970
1752;1866;-114;10:54:49.256970
1749;1867;-118;10:54:49.256970
1753;1869;-116;10:54:49.256970
1757;1872;-115;10:54:49.256970
1758;1871;-113;10:54:49.256970
1757;1870;-113;10:54:49.256970
1758;1873;-115;10:54:49.256970
1758;1871;-113;10:54:49.256970
1756;1870;-114;10:54:49.256970
1756;1867;-111;10:54:49.256970
1757;1871;-114;10:54:49.256970
1759;1869;-110;10:54:49.256970
1757;1869;-112;10:54:49.256970
1756;1866;-110;10:54:49.256970
1757;1867;-110;10:54:49.256970
1756;1865;-109;10:54:49.256970
1756;1865;-109;10:54:49.256970
1758;1867;-109;10:54:49.256970
1755;1864;-109;10:54:49.256970
1754;1864;-110;10:54:49.256970
1755;1868;-113;10:54:49.256970
1753;1862;-109;10:54:49.256970
1752;1862;-110;10:54:49.256970
1751;1863;-112;10:54:49.256970
1750;1861;-111;10:54:49.256970
1750;1863;-113;10:54:49.256970
1753;1861;-108;10:54:49.256970
1751;1860;-109;10:54:49.256970
1749;1860;-111;10:54:49.256970
1751;1861;-110;10:54:49.256970
1750;1863;-113;10:54:49.256970
1750;1861;-111;10:54:49.256970
1749;1862;-113;10:54:49.256970
1751;1860;-109;10:54:49.256970
1746;1862;-116;10:54:49.256970
1748;1861;-113;10:54:49.368668
1749;1862;-113;10:54:49.368668
1751;1862;-111;10:54:49.368668
1750;1861;-111;10:54:49.368668
1752;1862;-110;10:54:49.368668
1753;1861;-108;10:54:49.368668
1754;1859;-105;10:54:49.368668
1751;1862;-111;10:54:49.368668
1753;1861;-108;10:54:49.368668
1754;1863;-109;10:54:49.368668
1752;1864;-112;10:54:49.368668
1749;1862;-113;10:54:49.368668
1751;1861;-110;10:54:49.368668
1749;1862;-113;10:54:49.368668
1750;1861;-111;10:54:49.368668
1747;1862;-115;10:54:49.368668
1752;1863;-111;10:54:49.368668
1752;1859;-107;10:54:49.368668
1750;1858;-108;10:54:49.368668
1751;1860;-109;10:54:49.368668
1753;1859;-106;10:54:49.368668
1750;1860;-110;10:54:49.368668
1750;1861;-111;10:54:49.368668
1751;1864;-113;10:54:49.368668
1750;1864;-114;10:54:49.368668
1750;1863;-113;10:54:49.368668
1751;1868;-117;10:54:49.368668
1755;1867;-112;10:54:49.368668
1757;1866;-109;10:54:49.368668
1758;1864;-106;10:54:49.368668
1756;1865;-109;10:54:49.368668
1755;1867;-112;10:54:49.368668
1753;1865;-112;10:54:49.368668
1753;1863;-110;10:54:49.368668
1758;1866;-108;10:54:49.368668
1757;1864;-107;10:54:49.368668
1754;1863;-109;10:54:49.368668
1754;1865;-111;10:54:49.368668
1758;1867;-109;10:54:49.368668
1754;1866;-112;10:54:49.368668
1756;1867;-111;10:54:49.368668
1757;1867;-110;10:54:49.368668
1752;1871;-119;10:54:49.368668
1758;1870;-112;10:54:49.368668
1759;1872;-113;10:54:49.368668
1762;1873;-111;10:54:49.368668
1763;1871;-108;10:54:49.368668
1765;1872;-107;10:54:49.368668
1763;1875;-112;10:54:49.368668
1763;1872;-109;10:54:49.368668
1762;1871;-109;10:54:49.368668
1759;1873;-114;10:54:49.368668
1763;1873;-110;10:54:49.368668
1765;1873;-108;10:54:49.368668
1760;1869;-109;10:54:49.368668
1764;1873;-109;10:54:49.368668
1766;1873;-107;10:54:49.368668
1761;1872;-111;10:54:49.368668
1756;1870;-114;10:54:49.368668
1760;1872;-112;10:54:49.368668
1760;1871;-111;10:54:49.368668
1755;1870;-115;10:54:49.368668
1755;1870;-115;10:54:49.368668
1756;1871;-115;10:54:49.368668
1757;1870;-113;10:54:49.368668
1757;1868;-111;10:54:49.368668
1758;1867;-109;10:54:49.368668
1756;1869;-113;10:54:49.368668
1757;1869;-112;10:54:49.368668
1758;1871;-113;10:54:49.368668
1757;1873;-116;10:54:49.368668
1757;1873;-116;10:54:49.368668
1758;1872;-114;10:54:49.368668
1758;1873;-115;10:54:49.368668
1757;1871;-114;10:54:49.368668
1757;1870;-113;10:54:49.368668
1755;1871;-116;10:54:49.368668
1754;1872;-118;10:54:49.368668
1759;1873;-114;10:54:49.368668
1757;1868;-111;10:54:49.368668
1757;1871;-114;10:54:49.368668
1760;1871;-111;10:54:49.368668
1762;1871;-109;10:54:49.368668
1760;1871;-111;10:54:49.368668
1756;1869;-113;10:54:49.368668
1758;1872;-114;10:54:49.368668
1758;1875;-117;10:54:49.368668
1759;1870;-111;10:54:49.368668
1757;1870;-113;10:54:49.368668
1762;1872;-110;10:54:49.368668
1763;1872;-109;10:54:49.368668
1758;1872;-114;10:54:49.368668
1757;1870;-113;10:54:49.368668
1761;1872;-111;10:54:49.368668
1759;1870;-111;10:54:49.368668
1759;1868;-109;10:54:49.368668
1758;1867;-109;10:54:49.368668
1756;1868;-112;10:54:49.368668
1752;1865;-113;10:54:49.368668
1752;1866;-114;10:54:49.368668
1753;1865;-112;10:54:49.368668
1757;1864;-107;10:54:49.368668
1753;1864;-111;10:54:49.368668
1753;1865;-112;10:54:49.368668
1752;1864;-112;10:54:49.368668
1751;1866;-115;10:54:49.368668
1751;1868;-117;10:54:49.368668
1752;1866;-114;10:54:49.368668
1752;1867;-115;10:54:49.368668
1753;1869;-116;10:54:49.368668
1753;1866;-113;10:54:49.368668
1752;1869;-117;10:54:49.368668
1753;1869;-116;10:54:49.368668
1755;1866;-111;10:54:49.368668
1754;1864;-110;10:54:49.368668
1755;1868;-113;10:54:49.368668
1756;1868;-112;10:54:49.368668
1755;1869;-114;10:54:49.368668
1758;1868;-110;10:54:49.368668
1761;1871;-110;10:54:49.368668
1757;1869;-112;10:54:49.368668
1755;1869;-114;10:54:49.368668
1757;1871;-114;10:54:49.368668
1753;1871;-118;10:54:49.368668
1758;1870;-112;10:54:49.368668
1756;1871;-115;10:54:49.368668
1758;1872;-114;10:54:49.368668
1760;1868;-108;10:54:49.368668
1760;1873;-113;10:54:49.368668
1759;1866;-107;10:54:49.368668
1757;1866;-109;10:54:49.368668
1755;1867;-112;10:54:49.368668
1755;1867;-112;10:54:49.368668
1753;1867;-114;10:54:49.368668
1752;1864;-112;10:54:49.368668
1751;1868;-117;10:54:49.368668
1752;1866;-114;10:54:49.368668
1752;1865;-113;10:54:49.368668
1752;1863;-111;10:54:49.368668
1754;1867;-113;10:54:49.368668
1753;1866;-113;10:54:49.368668
1754;1866;-112;10:54:49.368668
1756;1867;-111;10:54:49.368668
1755;1868;-113;10:54:49.368668
1753;1868;-115;10:54:49.368668
1751;1866;-115;10:54:49.368668
1750;1870;-120;10:54:49.368668
1752;1871;-119;10:54:49.368668
1753;1870;-117;10:54:49.368668
1758;1872;-114;10:54:49.368668
1756;1868;-112;10:54:49.368668
1759;1870;-111;10:54:49.368668
1757;1871;-114;10:54:49.368668
1756;1868;-112;10:54:49.368668
1757;1868;-111;10:54:49.368668
1753;1868;-115;10:54:49.368668
1757;1868;-111;10:54:49.368668
1757;1869;-112;10:54:49.368668
1758;1871;-113;10:54:49.368668
1759;1869;-110;10:54:49.368668
1756;1868;-112;10:54:49.368668
1759;1870;-111;10:54:49.368668
1759;1872;-113;10:54:49.368668
1759;1869;-110;10:54:49.368668
1758;1869;-111;10:54:49.368668
1757;1869;-112;10:54:49.368668
1758;1867;-109;10:54:49.368668
1754;1864;-110;10:54:49.368668
1755;1868;-113;10:54:49.368668
1753;1867;-114;10:54:49.368668
1752;1866;-114;10:54:49.368668
1752;1865;-113;10:54:49.368668
1755;1865;-110;10:54:49.368668
1751;1863;-112;10:54:49.368668
1751;1863;-112;10:54:49.368668
1751;1861;-110;10:54:49.368668
1749;1862;-113;10:54:49.368668
1751;1863;-112;10:54:49.368668
1750;1866;-116;10:54:49.368668
1747;1864;-117;10:54:49.368668
1751;1863;-112;10:54:49.368668
1752;1863;-111;10:54:49.368668
1750;1863;-113;10:54:49.368668
1749;1862;-113;10:54:49.368668
1749;1862;-113;10:54:49.368668
1748;1865;-117;10:54:49.368668
1749;1865;-116;10:54:49.368668
1751;1866;-115;10:54:49.368668
1748;1868;-120;10:54:49.368668
1752;1867;-115;10:54:49.368668
1754;1868;-114;10:54:49.368668
1756;1869;-113;10:54:49.368668
1756;1869;-113;10:54:49.368668
1755;1868;-113;10:54:49.368668
1757;1868;-111;10:54:49.368668
1758;1869;-111;10:54:49.368668
1758;1873;-115;10:54:49.368668
1758;1875;-117;10:54:49.368668
1758;1873;-115;10:54:49.368668
1758;1872;-114;10:54:49.368668
1758;1872;-114;10:54:49.368668
1758;1871;-113;10:54:49.368668
1758;1870;-112;10:54:49.368668
1756;1870;-114;10:54:49.368668
1755;1868;-113;10:54:49.368668
1757;1870;-113;10:54:49.368668
1752;1868;-116;10:54:49.368668
1754;1865;-111;10:54:49.368668
1754;1864;-110;10:54:49.368668
1754;1864;-110;10:54:49.368668
1756;1863;-107;10:54:49.368668
1752;1863;-111;10:54:49.368668
1752;1867;-115;10:54:49.368668
1750;1867;-117;10:54:49.368668
1751;1866;-115;10:54:49.368668
1755;1865;-110;10:54:49.368668
1750;1866;-116;10:54:49.368668
1754;1866;-112;10:54:49.368668
1755;1866;-111;10:54:49.368668
1754;1866;-112;10:54:49.368668
1752;1864;-112;10:54:49.368668
1753;1868;-115;10:54:49.368668
1755;1866;-111;10:54:49.368668
1751;1866;-115;10:54:49.368668
1752;1867;-115;10:54:49.368668
1753;1866;-113;10:54:49.368668
1751;1869;-118;10:54:49.368668
1752;1868;-116;10:54:49.368668
1751;1868;-117;10:54:49.368668
1753;1873;-120;10:54:49.368668
1759;1868;-109;10:54:49.368668
1761;1869;-108;10:54:49.368668
1760;1868;-108;10:54:49.368668
1763;1870;-107;10:54:49.368668
1763;1872;-109;10:54:49.368668
1760;1872;-112;10:54:49.368668
1757;1871;-114;10:54:49.368668
1759;1869;-110;10:54:49.368668
1757;1868;-111;10:54:49.368668
1752;1868;-116;10:54:49.368668
1756;1868;-112;10:54:49.368668
1756;1868;-112;10:54:49.368668
1758;1866;-108;10:54:49.368668
1759;1867;-108;10:54:49.368668
1758;1869;-111;10:54:49.368668
1759;1870;-111;10:54:49.368668
1760;1874;-114;10:54:49.368668
1759;1870;-111;10:54:49.368668
1761;1870;-109;10:54:49.368668
1757;1872;-115;10:54:49.368668
1756;1873;-117;10:54:49.368668
1756;1868;-112;10:54:49.368668
1756;1870;-114;10:54:49.368668
1756;1868;-112;10:54:49.368668
1756;1869;-113;10:54:49.368668
1756;1867;-111;10:54:49.386620
1752;1868;-116;10:54:49.386620
1756;1865;-109;10:54:49.386620
1753;1867;-114;10:54:49.386620
1757;1869;-112;10:54:49.386620
1756;1871;-115;10:54:49.386620
1754;1872;-118;10:54:49.386620
1757;1868;-111;10:54:49.386620
1757;1870;-113;10:54:49.386620
1755;1872;-117;10:54:49.386620
1758;1871;-113;10:54:49.386620
1761;1873;-112;10:54:49.386620
1763;1871;-108;10:54:49.386620
1762;1871;-109;10:54:49.386620
1763;1873;-110;10:54:49.386620
1762;1874;-112;10:54:49.386620
1760;1872;-112;10:54:49.386620
1759;1872;-113;10:54:49.386620
1758;1871;-113;10:54:49.386620
1758;1871;-113;10:54:49.386620
1758;1873;-115;10:54:49.386620
1759;1870;-111;10:54:49.386620
1761;1869;-108;10:54:49.386620
1758;1870;-112;10:54:49.386620
1757;1870;-113;10:54:49.386620
1757;1870;-113;10:54:49.386620
1754;1865;-111;10:54:49.386620
1757;1868;-111;10:54:49.386620
1752;1869;-117;10:54:49.386620
1750;1866;-116;10:54:49.386620
1750;1868;-118;10:54:49.386620
1754;1867;-113;10:54:49.386620
1754;1868;-114;10:54:49.386620
1749;1868;-119;10:54:49.386620
1754;1864;-110;10:54:49.386620
1752;1868;-116;10:54:49.386620
1753;1867;-114;10:54:49.386620
1755;1871;-116;10:54:49.386620
1756;1870;-114;10:54:49.386620
1756;1868;-112;10:54:49.386620
1758;1870;-112;10:54:49.386620
1756;1869;-113;10:54:49.386620
1758;1874;-116;10:54:49.386620
1756;1871;-115;10:54:49.386620
1757;1873;-116;10:54:49.386620
1756;1876;-120;10:54:49.386620
1758;1874;-116;10:54:49.386620
1762;1872;-110;10:54:49.386620
1762;1876;-114;10:54:49.386620
1764;1876;-112;10:54:49.386620
1763;1876;-113;10:54:49.386620
1759;1875;-116;10:54:49.386620
1759;1874;-115;10:54:49.386620
1761;1874;-113;10:54:49.386620
1760;1873;-113;10:54:49.386620
1756;1868;-112;10:54:49.386620
1759;1870;-111;10:54:49.386620
1757;1869;-112;10:54:49.386620
1758;1869;-111;10:54:49.386620
1756;1868;-112;10:54:49.386620
1755;1869;-114;10:54:49.386620
1755;1872;-117;10:54:49.386620
1752;1871;-119;10:54:49.386620
1752;1869;-117;10:54:49.386620
1749;1869;-120;10:54:49.386620
1750;1868;-118;10:54:49.386620
1750;1861;-111;10:54:49.386620
1749;1860;-111;10:54:49.386620
1747;1860;-113;10:54:49.386620
1746;1858;-112;10:54:49.386620
1745;1858;-113;10:54:49.386620
1746;1857;-111;10:54:49.386620
1744;1860;-116;10:54:49.386620
1744;1858;-114;10:54:49.386620
1741;1859;-118;10:54:49.386620
1743;1859;-116;10:54:49.386620
1744;1863;-119;10:54:49.386620
1745;1862;-117;10:54:49.386620
1747;1863;-116;10:54:49.386620
1747;1861;-114;10:54:49.386620
1749;1864;-115;10:54:49.386620
1750;1863;-113;10:54:49.386620
1747;1861;-114;10:54:49.386620
1749;1863;-114;10:54:49.386620
1753;1868;-115;10:54:49.386620
1754;1864;-110;10:54:49.386620
1753;1865;-112;10:54:49.386620
1754;1864;-110;10:54:49.386620
1752;1868;-116;10:54:49.386620
1752;1865;-113;10:54:49.386620
1753;1864;-111;10:54:49.386620
1754;1864;-110;10:54:49.386620
1753;1867;-114;10:54:49.386620
1751;1866;-115;10:54:49.386620
1752;1861;-109;10:54:49.386620
1750;1863;-113;10:54:49.386620
1752;1865;-113;10:54:49.386620
1754;1863;-109;10:54:49.386620
1752;1863;-111;10:54:49.386620
1755;1862;-107;10:54:49.386620
1754;1866;-112;10:54:49.386620
1752;1861;-109;10:54:49.386620
1753;1864;-111;10:54:49.386620
1751;1860;-109;10:54:49.386620
1750;1862;-112;10:54:49.386620
1751;1863;-112;10:54:49.386620
1752;1862;-110;10:54:49.386620
1752;1865;-113;10:54:49.386620
1752;1865;-113;10:54:49.386620
1754;1861;-107;10:54:49.386620
1753;1863;-110;10:54:49.386620
1750;1865;-115;10:54:49.386620
1752;1867;-115;10:54:49.386620
1751;1868;-117;10:54:49.386620
1752;1866;-114;10:54:49.386620
1755;1866;-111;10:54:49.386620
1757;1865;-108;10:54:49.386620
1756;1868;-112;10:54:49.386620
1755;1867;-112;10:54:49.386620
1753;1864;-111;10:54:49.386620
1755;1869;-114;10:54:49.386620
1757;1867;-110;10:54:49.386620
1760;1870;-110;10:54:49.386620
1758;1869;-111;10:54:49.386620
1760;1872;-112;10:54:49.386620
1762;1874;-112;10:54:49.386620
1760;1869;-109;10:54:49.386620
1760;1869;-109;10:54:49.386620
1758;1870;-112;10:54:49.386620
1760;1874;-114;10:54:49.386620
1758;1873;-115;10:54:49.386620
1756;1870;-114;10:54:49.386620
1758;1870;-112;10:54:49.386620
1758;1872;-114;10:54:49.386620
1756;1872;-116;10:54:49.386620
1756;1868;-112;10:54:49.386620
1757;1870;-113;10:54:49.386620
1754;1869;-115;10:54:49.386620
1758;1870;-112;10:54:49.386620
1753;1868;-115;10:54:49.386620
1754;1865;-111;10:54:49.386620
1758;1865;-107;10:54:49.386620
1754;1869;-115;10:54:49.386620
1754;1866;-112;10:54:49.386620
1753;1869;-116;10:54:49.386620
1755;1869;-114;10:54:49.386620
1756;1868;-112;10:54:49.386620
1752;1871;-119;10:54:49.386620
1756;1869;-113;10:54:49.386620
1752;1868;-116;10:54:49.386620
1751;1870;-119;10:54:49.386620
1753;1866;-113;10:54:49.386620
1753;1865;-112;10:54:49.386620
1753;1866;-113;10:54:49.386620
1753;1867;-114;10:54:49.386620
1754;1869;-115;10:54:49.386620
1753;1867;-114;10:54:49.386620
1755;1869;-114;10:54:49.386620
1755;1870;-115;10:54:49.386620
1756;1869;-113;10:54:49.386620
1760;1872;-112;10:54:49.386620
1760;1868;-108;10:54:49.386620
1759;1870;-111;10:54:49.386620
1759;1872;-113;10:54:49.386620
1758;1874;-116;10:54:49.386620
1759;1876;-117;10:54:49.386620
1758;1873;-115;10:54:49.386620
1756;1875;-119;10:54:49.386620
1759;1872;-113;10:54:49.386620
1760;1873;-113;10:54:49.386620
1758;1869;-111;10:54:49.386620
1756;1871;-115;10:54:49.386620
1755;1871;-116;10:54:49.386620
1753;1869;-116;10:54:49.386620
1753;1867;-114;10:54:49.386620
1756;1867;-111;10:54:49.386620
1755;1865;-110;10:54:49.386620
1751;1868;-117;10:54:49.386620
1753;1864;-111;10:54:49.386620
1756;1864;-108;10:54:49.386620
1752;1867;-115;10:54:49.386620
1753;1864;-111;10:54:49.386620
1754;1866;-112;10:54:49.386620
1752;1872;-120;10:54:49.386620
1752;1870;-118;10:54:49.386620
1752;1869;-117;10:54:49.386620
1753;1869;-116;10:54:49.386620
1754;1868;-114;10:54:49.386620
1755;1869;-114;10:54:49.386620
1754;1867;-113;10:54:49.386620
1756;1867;-111;10:54:49.386620
1754;1868;-114;10:54:49.386620
1758;1873;-115;10:54:49.386620
1761;1871;-110;10:54:49.386620
1758;1867;-109;10:54:49.386620
1758;1871;-113;10:54:49.386620
1760;1875;-115;10:54:49.386620
1758;1870;-112;10:54:49.386620
1757;1869;-112;10:54:49.386620
1759;1875;-116;10:54:49.386620
1761;1875;-114;10:54:49.386620
1762;1874;-112;10:54:49.386620
1763;1875;-112;10:54:49.386620
1763;1872;-109;10:54:49.386620
1759;1870;-111;10:54:49.386620
1758;1875;-117;10:54:49.386620
1754;1867;-113;10:54:49.386620
1757;1870;-113;10:54:49.386620
1755;1870;-115;10:54:49.386620
1752;1869;-117;10:54:49.386620
1754;1869;-115;10:54:49.386620
1755;1868;-113;10:54:49.386620
1756;1864;-108;10:54:49.386620
1754;1862;-108;10:54:49.386620
1755;1865;-110;10:54:49.386620
1755;1864;-109;10:54:49.386620
1753;1864;-111;10:54:49.386620
1752;1864;-112;10:54:49.386620
1749;1867;-118;10:54:49.386620
1750;1866;-116;10:54:49.386620
1750;1865;-115;10:54:49.386620
1748;1863;-115;10:54:49.386620
1747;1864;-117;10:54:49.386620
1751;1863;-112;10:54:49.386620
1751;1860;-109;10:54:49.386620
1750;1860;-110;10:54:49.386620
1750;1861;-111;10:54:49.386620
1748;1862;-114;10:54:49.386620
1747;1858;-111;10:54:49.386620
1748;1863;-115;10:54:49.386620
1748;1863;-115;10:54:49.386620
1750;1867;-117;10:54:49.386620
1751;1867;-116;10:54:49.386620
1753;1866;-113;10:54:49.386620
1753;1865;-112;10:54:49.386620
1754;1870;-116;10:54:49.386620
1753;1868;-115;10:54:49.386620
1755;1871;-116;10:54:49.386620
1758;1872;-114;10:54:49.386620
1758;1869;-111;10:54:49.386620
1754;1867;-113;10:54:49.386620
1757;1871;-114;10:54:49.386620
1759;1867;-108;10:54:49.386620
1757;1866;-109;10:54:49.386620
1755;1866;-111;10:54:49.386620
1756;1866;-110;10:54:49.386620
1756;1869;-113;10:54:49.386620
1754;1869;-115;10:54:49.386620
1754;1867;-113;10:54:49.386620
1757;1870;-113;10:54:49.386620
1756;1868;-112;10:54:49.386620
1756;1869;-113;10:54:49.386620
1757;1870;-113;10:54:49.386620
1761;1872;-111;10:54:49.386620
1760;1868;-108;10:54:49.386620
1762;1870;-108;10:54:49.386620
1763;1871;-108;10:54:49.386620
1758;1873;-115;10:54:49.386620
1756;1872;-116;10:54:49.386620
1759;1869;-110;10:54:49.386620
1760;1866;-106;10:54:49.386620
1756;1866;-110;10:54:49.386620
1755;1868;-113;10:54:49.386620
1757;1870;-113;10:54:49.386620
1759;1866;-107;10:54:49.386620
1758;1868;-110;10:54:49.386620
1759;1868;-109;10:54:49.386620
1762;1874;-112;10:54:49.386620
1762;1872;-110;10:54:49.386620
1762;1870;-108;10:54:49.386620
1764;1871;-107;10:54:49.386620
1762;1873;-111;10:54:49.386620
1764;1870;-106;10:54:49.386620
1763;1871;-108;10:54:49.386620
1761;1873;-112;10:54:49.386620
1761;1873;-112;10:54:49.386620
1762;1872;-110;10:54:49.386620
1761;1870;-109;10:54:49.386620
1758;1871;-113;10:54:49.386620
1759;1871;-112;10:54:49.386620
1761;1871;-110;10:54:49.386620
1763;1870;-107;10:54:49.386620
1762;1872;-110;10:54:49.386620
1761;1870;-109;10:54:49.386620
1759;1871;-112;10:54:49.386620
1761;1870;-109;10:54:49.386620
1760;1871;-111;10:54:49.386620
1759;1868;-109;10:54:49.386620
1757;1866;-109;10:54:49.386620
1754;1872;-118;10:54:49.386620
1757;1870;-113;10:54:49.386620
1758;1865;-107;10:54:49.386620
1752;1867;-115;10:54:49.386620
1751;1864;-113;10:54:49.386620
1754;1866;-112;10:54:49.386620
1751;1863;-112;10:54:49.386620
1751;1864;-113;10:54:49.386620
1752;1863;-111;10:54:49.386620
1751;1866;-115;10:54:49.386620
1750;1865;-115;10:54:49.386620
1752;1863;-111;10:54:49.386620
1755;1865;-110;10:54:49.386620
1756;1866;-110;10:54:49.386620
1754;1865;-111;10:54:49.386620
1752;1868;-116;10:54:49.386620
1755;1870;-115;10:54:49.386620
1756;1871;-115;10:54:49.386620
1756;1868;-112;10:54:49.386620
1757;1870;-113;10:54:49.386620
1756;1871;-115;10:54:49.386620
1757;1871;-114;10:54:49.386620
1756;1872;-116;10:54:49.386620
1757;1872;-115;10:54:49.386620
1756;1871;-115;10:54:49.386620
1756;1868;-112;10:54:49.386620
1760;1871;-111;10:54:49.386620
1756;1869;-113;10:54:49.386620
1756;1867;-111;10:54:49.386620
1756;1868;-112;10:54:49.386620
1759;1866;-107;10:54:49.386620
1759;1868;-109;10:54:49.386620
1756;1866;-110;10:54:49.386620
1757;1865;-108;10:54:49.386620
1758;1866;-108;10:54:49.386620
1754;1866;-112;10:54:49.386620
1754;1863;-109;10:54:49.386620
1754;1864;-110;10:54:49.386620
1753;1867;-114;10:54:49.386620
1752;1866;-114;10:54:49.386620
1756;1868;-112;10:54:49.386620
1753;1865;-112;10:54:49.386620
1754;1864;-110;10:54:49.386620
1757;1867;-110;10:54:49.386620
1757;1867;-110;10:54:49.386620
1754;1863;-109;10:54:49.386620
1753;1866;-113;10:54:49.386620
1755;1865;-110;10:54:49.386620
1753;1868;-115;10:54:49.386620
1756;1865;-109;10:54:49.386620
1755;1872;-117;10:54:49.386620
1756;1870;-114;10:54:49.386620
1757;1872;-115;10:54:49.386620
1759;1867;-108;10:54:49.386620
1759;1872;-113;10:54:49.386620
1758;1871;-113;10:54:49.386620
1762;1869;-107;10:54:49.386620
1760;1869;-109;10:54:49.386620
1758;1872;-114;10:54:49.386620
1759;1873;-114;10:54:49.386620
1760;1875;-115;10:54:49.386620
1761;1876;-115;10:54:49.386620
1760;1873;-113;10:54:49.386620
1761;1873;-112;10:54:49.386620
1758;1868;-110;10:54:49.386620
1760;1873;-113;10:54:49.386620
1763;1872;-109;10:54:49.386620
1761;1872;-111;10:54:49.386620
1760;1869;-109;10:54:49.386620
1760;1871;-111;10:54:49.386620
1760;1874;-114;10:54:49.386620
1758;1872;-114;10:54:49.386620
1760;1869;-109;10:54:49.386620
1757;1869;-112;10:54:49.386620
1753;1867;-114;10:54:49.386620
1756;1867;-111;10:54:49.386620
1754;1867;-113;10:54:49.386620
1755;1870;-115;10:54:49.386620
1754;1864;-110;10:54:49.386620
1755;1868;-113;10:54:49.386620
1752;1868;-116;10:54:49.386620
1751;1865;-114;10:54:49.386620
1754;1867;-113;10:54:49.386620
1751;1865;-114;10:54:49.386620
1752;1866;-114;10:54:49.386620
1751;1864;-113;10:54:49.386620
1752;1866;-114;10:54:49.386620
1754;1869;-115;10:54:49.386620
1750;1869;-119;10:54:49.386620
1751;1870;-119;10:54:49.386620
1752;1874;-122;10:54:49.386620
1756;1872;-116;10:54:49.386620
1760;1873;-113;10:54:49.386620
1757;1872;-115;10:54:49.386620
1756;1874;-118;10:54:49.386620
1761;1875;-114;10:54:49.386620
1761;1872;-111;10:54:49.386620
1760;1873;-113;10:54:49.386620
1759;1874;-115;10:54:49.386620
1760;1876;-116;10:54:49.386620
1759;1877;-118;10:54:49.386620
1762;1875;-113;10:54:49.386620
1760;1875;-115;10:54:49.386620
1763;1876;-113;10:54:49.386620
1762;1874;-112;10:54:49.386620
1760;1875;-115;10:54:49.386620
1758;1874;-116;10:54:49.386620
1761;1875;-114;10:54:49.386620
1759;1874;-115;10:54:49.386620
1760;1873;-113;10:54:49.386620
1761;1875;-114;10:54:49.386620
1759;1874;-115;10:54:49.386620
1758;1873;-115;10:54:49.386620
1760;1875;-115;10:54:49.386620
1757;1870;-113;10:54:49.386620
1754;1871;-117;10:54:49.386620
1754;1868;-114;10:54:49.386620
1751;1872;-121;10:54:49.386620
1752;1867;-115;10:54:49.386620
1752;1868;-116;10:54:49.386620
1754;1867;-113;10:54:49.386620
1752;1867;-115;10:54:49.386620
1749;1865;-116;10:54:49.386620
1748;1866;-118;10:54:49.386620
1750;1867;-117;10:54:49.386620
1747;1867;-120;10:54:49.386620
1747;1865;-118;10:54:49.386620
1750;1869;-119;10:54:49.386620
1751;1867;-116;10:54:49.386620
1753;1867;-114;10:54:49.386620
1755;1871;-116;10:54:49.386620
1753;1870;-117;10:54:49.386620
1760;1875;-115;10:54:49.386620
1759;1870;-111;10:54:49.386620
1756;1870;-114;10:54:49.386620
1758;1871;-113;10:54:49.386620
1758;1872;-114;10:54:49.386620
1760;1870;-110;10:54:49.386620
1760;1868;-108;10:54:49.386620
1757;1872;-115;10:54:49.386620
1756;1873;-117;10:54:49.386620
1759;1871;-112;10:54:49.386620
1758;1872;-114;10:54:49.386620
1758;1871;-113;10:54:49.386620
1754;1869;-115;10:54:49.386620
1754;1869;-115;10:54:49.386620
1755;1871;-116;10:54:49.386620
1754;1867;-113;10:54:49.386620
1750;1865;-115;10:54:49.386620
1752;1863;-111;10:54:49.386620
1751;1863;-112;10:54:49.386620
1748;1862;-114;10:54:49.386620
1748;1859;-111;10:54:49.386620
1750;1864;-114;10:54:49.386620
1747;1864;-117;10:54:49.386620
1748;1865;-117;10:54:49.386620
1748;1866;-118;10:54:49.386620
1749;1864;-115;10:54:49.386620
1750;1866;-116;10:54:49.386620
1751;1864;-113;10:54:49.386620
1749;1866;-117;10:54:49.386620
1750;1870;-120;10:54:49.386620
1752;1868;-116;10:54:49.386620
1750;1868;-118;10:54:49.386620
1749;1866;-117;10:54:49.386620
1750;1869;-119;10:54:49.386620
1752;1868;-116;10:54:49.386620
1753;1861;-108;10:54:49.386620
1753;1866;-113;10:54:49.386620
1754;1868;-114;10:54:49.386620
1752;1868;-116;10:54:49.386620
1751;1871;-120;10:54:49.386620
1755;1869;-114;10:54:49.386620
1756;1869;-113;10:54:49.386620
1755;1871;-116;10:54:49.386620
1755;1872;-117;10:54:49.386620
1756;1867;-111;10:54:49.386620
1754;1870;-116;10:54:49.386620
1757;1869;-112;10:54:49.386620
1755;1868;-113;10:54:49.386620
1754;1865;-111;10:54:49.386620
1753;1866;-113;10:54:49.386620
1753;1864;-111;10:54:49.386620
1754;1862;-108;10:54:49.386620
1753;1863;-110;10:54:49.386620
1752;1866;-114;10:54:49.386620
1752;1863;-111;10:54:49.386620
1753;1864;-111;10:54:49.386620
1751;1862;-111;10:54:49.386620
1749;1863;-114;10:54:49.386620
1749;1864;-115;10:54:49.386620
1750;1866;-116;10:54:49.386620
1752;1866;-114;10:54:49.386620
1752;1865;-113;10:54:49.386620
1752;1868;-116;10:54:49.386620
1753;1866;-113;10:54:49.386620
1753;1864;-111;10:54:49.386620
1752;1863;-111;10:54:49.386620
1754;1866;-112;10:54:49.386620
1751;1865;-114;10:54:49.386620
1753;1868;-115;10:54:49.386620
1756;1872;-116;10:54:49.386620
1758;1873;-115;10:54:49.386620
1760;1876;-116;10:54:49.386620
1762;1878;-116;10:54:49.386620
1763;1874;-111;10:54:49.386620
1761;1877;-116;10:54:49.386620
1766;1878;-112;10:54:49.386620
1764;1875;-111;10:54:49.386620
1764;1877;-113;10:54:49.386620
1769;1876;-107;10:54:49.386620
1768;1877;-109;10:54:49.386620
1765;1875;-110;10:54:49.386620
1763;1876;-113;10:54:49.386620
1765;1878;-113;10:54:49.386620
1767;1873;-106;10:54:49.386620
1764;1873;-109;10:54:49.386620
1763;1874;-111;10:54:49.386620
1763;1875;-112;10:54:49.386620
1760;1872;-112;10:54:49.386620
1757;1872;-115;10:54:49.386620
1761;1872;-111;10:54:49.386620
1761;1870;-109;10:54:49.386620
1756;1869;-113;10:54:49.386620
1758;1873;-115;10:54:49.386620
1759;1868;-109;10:54:49.386620
1757;1868;-111;10:54:49.386620
1758;1868;-110;10:54:49.386620
1757;1870;-113;10:54:49.386620
1757;1871;-114;10:54:49.386620
1756;1868;-112;10:54:49.386620
1757;1872;-115;10:54:49.386620
1755;1869;-114;10:54:49.386620
1759;1867;-108;10:54:49.386620
1758;1869;-111;10:54:49.386620
1755;1869;-114;10:54:49.386620
1757;1873;-116;10:54:49.386620
1756;1871;-115;10:54:49.386620
1758;1871;-113;10:54:49.386620
1759;1872;-113;10:54:49.386620
1759;1873;-114;10:54:49.386620
1759;1870;-111;10:54:49.386620
1759;1872;-113;10:54:49.386620
1762;1872;-110;10:54:49.386620
1760;1872;-112;10:54:49.386620
1762;1871;-109;10:54:49.386620
1761;1870;-109;10:54:49.386620
1757;1873;-116;10:54:49.386620
1760;1867;-107;10:54:49.386620
1756;1873;-117;10:54:49.386620
1758;1870;-112;10:54:49.386620
1758;1871;-113;10:54:49.386620
1756;1871;-115;10:54:49.386620
1759;1871;-112;10:54:49.386620
1760;1869;-109;10:54:49.386620
1755;1868;-113;10:54:49.386620
1756;1867;-111;10:54:49.386620
1755;1867;-112;10:54:49.386620
1753;1867;-114;10:54:49.386620
1756;1867;-111;10:54:49.386620
1754;1866;-112;10:54:49.386620
1752;1866;-114;10:54:49.386620
1754;1866;-112;10:54:49.386620
1756;1863;-107;10:54:49.386620
1755;1864;-109;10:54:49.386620
1752;1865;-113;10:54:49.386620
1750;1863;-113;10:54:49.386620
1749;1866;-117;10:54:49.386620
1746;1862;-116;10:54:49.386620
1746;1863;-117;10:54:49.386620
1748;1866;-118;10:54:49.386620
1748;1868;-120;10:54:49.386620
1752;1868;-116;10:54:49.386620
1756;1867;-111;10:54:49.386620
1757;1869;-112;10:54:49.386620
1758;1866;-108;10:54:49.386620
1758;1870;-112;10:54:49.386620
1756;1870;-114;10:54:49.386620
1758;1873;-115;10:54:49.386620
1760;1872;-112;10:54:49.386620
1761;1873;-112;10:54:49.386620
1760;1877;-117;10:54:49.386620
1762;1875;-113;10:54:49.386620
1764;1872;-108;10:54:49.386620
1760;1872;-112;10:54:49.386620
1761;1875;-114;10:54:49.386620
1764;1869;-105;10:54:49.386620
1759;1871;-112;10:54:49.386620
1760;1868;-108;10:54:49.386620
1760;1869;-109;10:54:49.386620
1758;1872;-114;10:54:49.386620
1756;1869;-113;10:54:49.386620
1757;1870;-113;10:54:49.386620
1760;1868;-108;10:54:49.386620
1757;1873;-116;10:54:49.386620
1760;1871;-111;10:54:49.386620
1761;1874;-113;10:54:49.386620
1762;1874;-112;10:54:49.386620
1762;1871;-109;10:54:49.386620
1760;1872;-112;10:54:49.386620
1759;1872;-113;10:54:49.386620
1762;1874;-112;10:54:49.386620
1761;1872;-111;10:54:49.386620
1761;1873;-112;10:54:49.386620
1760;1872;-112;10:54:49.386620
1760;1874;-114;10:54:49.386620
1760;1875;-115;10:54:49.386620
1762;1874;-112;10:54:49.386620
1762;1873;-111;10:54:49.386620
1764;1875;-111;10:54:49.386620
1760;1873;-113;10:54:49.386620
1758;1875;-117;10:54:49.386620
1761;1876;-115;10:54:49.386620
1763;1875;-112;10:54:49.386620
1765;1877;-112;10:54:49.386620
1764;1877;-113;10:54:49.386620
1765;1878;-113;10:54:49.386620
1763;1874;-111;10:54:49.386620
1763;1877;-114;10:54:49.386620
1765;1878;-113;10:54:49.386620
1763;1877;-114;10:54:49.386620
1766;1875;-109;10:54:49.386620
1764;1875;-111;10:54:49.386620
1761;1872;-111;10:54:49.386620
1762;1875;-113;10:54:49.386620
1762;1873;-111;10:54:49.386620
1762;1873;-111;10:54:49.386620
1762;1873;-111;10:54:49.386620
1759;1873;-114;10:54:49.386620
1759;1872;-113;10:54:49.386620
1761;1875;-114;10:54:49.386620
1760;1873;-113;10:54:49.386620
1757;1872;-115;10:54:49.386620
1756;1869;-113;10:54:49.386620
1757;1869;-112;10:54:49.386620
1758;1871;-113;10:54:49.386620
1755;1867;-112;10:54:49.386620
1753;1870;-117;10:54:49.386620
1756;1871;-115;10:54:49.386620
1754;1868;-114;10:54:49.386620
1751;1865;-114;10:54:49.386620
1752;1867;-115;10:54:49.386620
1754;1871;-117;10:54:49.386620
1753;1869;-116;10:54:49.386620
1753;1867;-114;10:54:49.386620
1753;1869;-116;10:54:49.386620
1751;1873;-122;10:54:49.386620
1754;1870;-116;10:54:49.386620
1755;1870;-115;10:54:49.386620
1754;1872;-118;10:54:49.386620
1755;1868;-113;10:54:49.386620
1757;1869;-112;10:54:49.386620
1758;1869;-111;10:54:49.386620
1756;1868;-112;10:54:49.386620
1758;1871;-113;10:54:49.386620
1760;1871;-111;10:54:49.386620
1762;1872;-110;10:54:49.386620
1760;1870;-110;10:54:49.386620
1759;1871;-112;10:54:49.386620
1759;1873;-114;10:54:49.386620
1759;1868;-109;10:54:49.386620
1759;1868;-109;10:54:49.386620
1756;1869;-113;10:54:49.386620
1757;1868;-111;10:54:49.386620
1756;1868;-112;10:54:49.386620
1754;1862;-108;10:54:49.386620
1753;1867;-114;10:54:49.386620
1756;1868;-112;10:54:49.386620
1756;1866;-110;10:54:49.386620
1754;1865;-111;10:54:49.386620
1755;1865;-110;10:54:49.386620
1757;1864;-107;10:54:49.386620
1755;1863;-108;10:54:49.386620
1752;1865;-113;10:54:49.386620
1752;1863;-111;10:54:49.386620
1749;1865;-116;10:54:49.386620
1751;1864;-113;10:54:49.386620
1753;1867;-114;10:54:49.386620
1752;1865;-113;10:54:49.386620
1752;1865;-113;10:54:49.386620
1751;1865;-114;10:54:49.386620
1752;1863;-111;10:54:49.386620
1752;1865;-113;10:54:49.386620
1752;1864;-112;10:54:49.386620
1750;1862;-112;10:54:49.386620
1752;1864;-112;10:54:49.386620
1753;1865;-112;10:54:49.386620
1754;1866;-112;10:54:49.386620
1755;1869;-114;10:54:49.386620
1755;1865;-110;10:54:49.386620
1759;1869;-110;10:54:49.386620
1759;1871;-112;10:54:49.386620
1759;1870;-111;10:54:49.386620
1756;1870;-114;10:54:49.386620
1759;1873;-114;10:54:49.386620
1760;1873;-113;10:54:49.386620
1759;1873;-114;10:54:49.386620
1756;1871;-115;10:54:49.386620
1759;1870;-111;10:54:49.386620
1756;1869;-113;10:54:49.386620
1753;1866;-113;10:54:49.386620
1755;1864;-109;10:54:49.386620
1753;1866;-113;10:54:49.386620
1751;1861;-110;10:54:49.386620
1751;1862;-111;10:54:49.386620
1749;1861;-112;10:54:49.386620
1748;1862;-114;10:54:49.386620
1747;1861;-114;10:54:49.386620
1747;1861;-114;10:54:49.386620
1748;1863;-115;10:54:49.386620
1749;1863;-114;10:54:49.386620
1751;1863;-112;10:54:49.386620
1748;1863;-115;10:54:49.386620
1748;1863;-115;10:54:49.386620
1750;1862;-112;10:54:49.386620
1752;1862;-110;10:54:49.386620
1750;1861;-111;10:54:49.386620
1751;1863;-112;10:54:49.386620
1751;1863;-112;10:54:49.386620
1752;1862;-110;10:54:49.386620
1753;1866;-113;10:54:49.386620
1753;1863;-110;10:54:49.386620
1753;1866;-113;10:54:49.386620
1756;1867;-111;10:54:49.386620
1756;1868;-112;10:54:49.386620
1752;1865;-113;10:54:49.386620
1755;1866;-111;10:54:49.386620
1757;1868;-111;10:54:49.386620
1759;1868;-109;10:54:49.386620
1759;1866;-107;10:54:49.386620
1757;1868;-111;10:54:49.386620
1759;1870;-111;10:54:49.386620
1760;1868;-108;10:54:49.386620
1763;1868;-105;10:54:49.386620
1759;1871;-112;10:54:49.386620
1760;1870;-110;10:54:49.386620
1762;1871;-109;10:54:49.386620
1759;1871;-112;10:54:49.386620
1761;1868;-107;10:54:49.386620
1760;1872;-112;10:54:49.386620
1759;1871;-112;10:54:49.386620
1759;1869;-110;10:54:49.386620
1757;1867;-110;10:54:49.386620
1757;1869;-112;10:54:49.386620
1757;1871;-114;10:54:49.386620
1755;1869;-114;10:54:49.386620
1756;1865;-109;10:54:49.386620
1755;1866;-111;10:54:49.386620
1753;1867;-114;10:54:49.386620
1752;1868;-116;10:54:49.386620
1754;1867;-113;10:54:49.386620
1757;1866;-109;10:54:49.386620
1753;1868;-115;10:54:49.386620
1754;1867;-113;10:54:49.386620
1756;1862;-106;10:54:49.386620
1754;1861;-107;10:54:49.386620
1753;1864;-111;10:54:49.386620
1757;1866;-109;10:54:49.386620
1759;1865;-106;10:54:49.386620
1757;1863;-106;10:54:49.386620
1758;1866;-108;10:54:49.386620
1756;1865;-109;10:54:49.386620
1755;1866;-111;10:54:49.386620
1759;1863;-104;10:54:49.386620
1762;1865;-103;10:54:49.386620
1760;1867;-107;10:54:49.386620
1761;1867;-106;10:54:49.386620
1758;1868;-110;10:54:49.386620
1758;1865;-107;10:54:49.386620
1760;1866;-106;10:54:49.386620
1758;1866;-108;10:54:49.386620
1758;1865;-107;10:54:49.386620
1755;1864;-109;10:54:49.386620
1756;1863;-107;10:54:49.386620
1752;1861;-109;10:54:49.386620
1754;1861;-107;10:54:49.386620
1751;1859;-108;10:54:49.387622
1751;1858;-107;10:54:49.387622
1750;1859;-109;10:54:49.387622
1752;1856;-104;10:54:49.387622
1749;1856;-107;10:54:49.387622
1746;1854;-108;10:54:49.387622
1749;1855;-106;10:54:49.387622
1746;1856;-110;10:54:49.387622
1743;1856;-113;10:54:49.387622
1747;1859;-112;10:54:49.387622
1745;1858;-113;10:54:49.387622
1746;1858;-112;10:54:49.387622
1751;1861;-110;10:54:49.387622
1750;1859;-109;10:54:49.387622
1750;1858;-108;10:54:49.387622
1751;1859;-108;10:54:49.387622
1748;1859;-111;10:54:49.387622
1751;1858;-107;10:54:49.387622
1748;1855;-107;10:54:49.387622
1752;1860;-108;10:54:49.387622
1752;1860;-108;10:54:49.387622
1752;1859;-107;10:54:49.387622
1753;1860;-107;10:54:49.387622
1755;1860;-105;10:54:49.387622
1755;1860;-105;10:54:49.387622
1757;1860;-103;10:54:49.387622
1756;1861;-105;10:54:49.387622
1753;1859;-106;10:54:49.387622
1754;1861;-107;10:54:49.387622
1755;1862;-107;10:54:49.387622
1758;1863;-105;10:54:49.387622
1760;1861;-101;10:54:49.387622
1758;1860;-102;10:54:49.387622
1757;1860;-103;10:54:49.387622
1758;1862;-104;10:54:49.387622
1756;1863;-107;10:54:49.387622
1757;1861;-104;10:54:49.387622
1754;1860;-106;10:54:49.387622
1753;1861;-108;10:54:49.387622
1752;1860;-108;10:54:49.387622
1754;1857;-103;10:54:49.387622
1752;1857;-105;10:54:49.387622
1752;1858;-106;10:54:49.387622
1751;1854;-103;10:54:49.387622
1749;1857;-108;10:54:49.387622
1747;1857;-110;10:54:49.387622
1749;1856;-107;10:54:49.387622
1748;1855;-107;10:54:49.387622
1748;1855;-107;10:54:49.387622
1748;1856;-108;10:54:49.387622
1745;1855;-110;10:54:49.387622
1748;1858;-110;10:54:49.387622
1753;1859;-106;10:54:49.387622
1752;1859;-107;10:54:49.387622
1750;1860;-110;10:54:49.387622
1752;1862;-110;10:54:49.387622
1753;1861;-108;10:54:49.387622
1751;1858;-107;10:54:49.387622
1750;1859;-109;10:54:49.387622
1753;1861;-108;10:54:49.387622
1754;1862;-108;10:54:49.387622
1753;1857;-104;10:54:49.387622
1755;1858;-103;10:54:49.387622
1755;1860;-105;10:54:49.387622
1755;1859;-104;10:54:49.387622
1752;1859;-107;10:54:49.387622
1752;1859;-107;10:54:49.387622
1750;1860;-110;10:54:49.387622
1753;1863;-110;10:54:49.387622
1755;1861;-106;10:54:49.387622
1753;1860;-107;10:54:49.387622
1754;1860;-106;10:54:49.387622
1757;1860;-103;10:54:49.387622
1754;1858;-104;10:54:49.387622
1752;1860;-108;10:54:49.387622
1756;1861;-105;10:54:49.387622
1756;1861;-105;10:54:49.387622
1754;1862;-108;10:54:49.387622
1754;1861;-107;10:54:49.387622
1753;1863;-110;10:54:49.387622
1752;1862;-110;10:54:49.387622
1754;1863;-109;10:54:49.387622
1752;1859;-107;10:54:49.387622
1754;1860;-106;10:54:49.387622
1752;1859;-107;10:54:49.387622
1750;1858;-108;10:54:49.387622
1754;1861;-107;10:54:49.387622
1753;1861;-108;10:54:49.387622
1752;1859;-107;10:54:49.387622
1752;1860;-108;10:54:49.387622
1752;1862;-110;10:54:49.387622
1756;1863;-107;10:54:49.387622
1754;1864;-110;10:54:49.387622
1755;1865;-110;10:54:49.387622
1756;1867;-111;10:54:49.387622
1759;1866;-107;10:54:49.387622
1761;1867;-106;10:54:49.387622
1762;1869;-107;10:54:49.387622
1761;1871;-110;10:54:49.387622
1765;1869;-104;10:54:49.387622
1763;1872;-109;10:54:49.387622
1760;1869;-109;10:54:49.387622
1763;1868;-105;10:54:49.387622
1763;1871;-108;10:54:49.387622
1763;1869;-106;10:54:49.387622
1761;1869;-108;10:54:49.387622
1759;1870;-111;10:54:49.387622
1762;1869;-107;10:54:49.387622
1759;1869;-110;10:54:49.387622
1758;1870;-112;10:54:49.387622
1759;1871;-112;10:54:49.387622
1763;1869;-106;10:54:49.387622
1762;1867;-105;10:54:49.387622
1760;1866;-106;10:54:49.387622
1760;1869;-109;10:54:49.387622
1758;1868;-110;10:54:49.387622
1759;1866;-107;10:54:49.387622
1761;1870;-109;10:54:49.387622
1759;1869;-110;10:54:49.387622
1760;1869;-109;10:54:49.387622
1760;1871;-111;10:54:49.387622
1758;1869;-111;10:54:49.387622
1758;1872;-114;10:54:49.387622
1762;1870;-108;10:54:49.387622
1763;1868;-105;10:54:49.387622
1760;1869;-109;10:54:49.387622
1760;1869;-109;10:54:49.387622
1761;1869;-108;10:54:49.387622
1761;1871;-110;10:54:49.387622
1762;1872;-110;10:54:49.387622
1764;1870;-106;10:54:49.387622
1763;1875;-112;10:54:49.387622
1762;1875;-113;10:54:49.387622
1763;1874;-111;10:54:49.387622
1765;1875;-110;10:54:49.387622
1767;1875;-108;10:54:49.387622
1766;1875;-109;10:54:49.387622
1768;1875;-107;10:54:49.387622
1768;1874;-106;10:54:49.387622
1768;1875;-107;10:54:49.387622
1765;1874;-109;10:54:49.387622
1768;1874;-106;10:54:49.387622
1768;1876;-108;10:54:49.387622
1766;1872;-106;10:54:49.387622
1763;1873;-110;10:54:49.387622
1763;1873;-110;10:54:49.387622
1763;1872;-109;10:54:49.387622
1764;1873;-109;10:54:49.387622
1764;1874;-110;10:54:49.387622
1763;1870;-107;10:54:49.387622
1761;1871;-110;10:54:49.387622
1758;1868;-110;10:54:49.387622
1757;1868;-111;10:54:49.387622
1758;1867;-109;10:54:49.387622
1757;1867;-110;10:54:49.387622
1756;1866;-110;10:54:49.387622
1755;1867;-112;10:54:49.387622
1757;1865;-108;10:54:49.387622
1757;1866;-109;10:54:49.387622
1757;1866;-109;10:54:49.387622
1756;1863;-107;10:54:49.387622
1756;1863;-107;10:54:49.387622
1752;1864;-112;10:54:49.387622
1752;1864;-112;10:54:49.387622
1749;1863;-114;10:54:49.387622
1750;1865;-115;10:54:49.387622
1754;1863;-109;10:54:49.387622
1755;1867;-112;10:54:49.387622
1757;1864;-107;10:54:49.387622
1757;1863;-106;10:54:49.387622
1757;1867;-110;10:54:49.387622
1756;1868;-112;10:54:49.387622
1757;1867;-110;10:54:49.387622
1759;1866;-107;10:54:49.387622
1759;1866;-107;10:54:49.387622
1758;1867;-109;10:54:49.387622
1760;1867;-107;10:54:49.387622
1761;1870;-109;10:54:49.387622
1760;1867;-107;10:54:49.387622
1760;1868;-108;10:54:49.387622
1760;1868;-108;10:54:49.387622
1758;1868;-110;10:54:49.387622
1756;1867;-111;10:54:49.387622
1759;1866;-107;10:54:49.387622
1758;1864;-106;10:54:49.387622
1756;1864;-108;10:54:49.387622
1756;1864;-108;10:54:49.387622
1754;1864;-110;10:54:49.387622
1753;1863;-110;10:54:49.387622
1754;1864;-110;10:54:49.387622
1756;1862;-106;10:54:49.387622
1753;1860;-107;10:54:49.387622
1752;1860;-108;10:54:49.387622
1751;1858;-107;10:54:49.387622
1748;1858;-110;10:54:49.387622
1748;1858;-110;10:54:49.387622
1750;1860;-110;10:54:49.387622
1749;1859;-110;10:54:49.387622
1747;1858;-111;10:54:49.387622
1748;1859;-111;10:54:49.387622
1751;1858;-107;10:54:49.387622
1747;1855;-108;10:54:49.387622
1749;1858;-109;10:54:49.387622
1751;1861;-110;10:54:49.387622
1749;1860;-111;10:54:49.387622
1748;1860;-112;10:54:49.387622
1751;1862;-111;10:54:49.387622
1752;1862;-110;10:54:49.387622
1754;1862;-108;10:54:49.387622
1755;1862;-107;10:54:49.387622
1757;1864;-107;10:54:49.387622
1754;1865;-111;10:54:49.387622
1756;1866;-110;10:54:49.387622
1755;1864;-109;10:54:49.387622
1755;1866;-111;10:54:49.387622
1754;1866;-112;10:54:49.387622
1757;1865;-108;10:54:49.387622
1756;1866;-110;10:54:49.387622
1754;1862;-108;10:54:49.387622
1755;1862;-107;10:54:49.387622
1754;1862;-108;10:54:49.387622
1754;1859;-105;10:54:49.387622
1751;1860;-109;10:54:49.387622
1752;1862;-110;10:54:49.387622
1752;1861;-109;10:54:49.387622
1752;1858;-106;10:54:49.387622
1750;1859;-109;10:54:49.387622
1750;1858;-108;10:54:49.387622
1752;1858;-106;10:54:49.387622
1750;1861;-111;10:54:49.387622
1750;1862;-112;10:54:49.387622
1751;1861;-110;10:54:49.387622
1750;1863;-113;10:54:49.387622
1751;1861;-110;10:54:49.387622
1749;1862;-113;10:54:49.387622
1750;1863;-113;10:54:49.387622
1751;1862;-111;10:54:49.387622
1752;1865;-113;10:54:49.387622
1756;1863;-107;10:54:49.387622
1758;1864;-106;10:54:49.387622
1756;1865;-109;10:54:49.387622
1756;1866;-110;10:54:49.387622
1755;1865;-110;10:54:49.387622
1754;1867;-113;10:54:49.387622
1751;1867;-116;10:54:49.387622
1754;1870;-116;10:54:49.387622
1758;1871;-113;10:54:49.387622
1758;1870;-112;10:54:49.387622
1756;1868;-112;10:54:49.387622
1756;1870;-114;10:54:49.387622
1758;1872;-114;10:54:49.387622
1758;1872;-114;10:54:49.387622
1756;1869;-113;10:54:49.387622
1756;1869;-113;10:54:49.387622
1756;1868;-112;10:54:49.387622
1756;1864;-108;10:54:49.440477
1754;1865;-111;10:54:49.440477
1756;1864;-108;10:54:49.440477
1755;1865;-110;10:54:49.440477
1755;1866;-111;10:54:49.440477
1755;1867;-112;10:54:49.440477
1757;1871;-114;10:54:49.440477
1757;1869;-112;10:54:49.440477
1756;1870;-114;10:54:49.440477
1756;1869;-113;10:54:49.440477
1756;1871;-115;10:54:49.440477
1755;1871;-116;10:54:49.440477
1756;1870;-114;10:54:49.440477
1757;1871;-114;10:54:49.440477
1758;1871;-113;10:54:49.440477
1757;1869;-112;10:54:49.440477
1757;1868;-111;10:54:49.440477
1756;1868;-112;10:54:49.440477
1753;1868;-115;10:54:49.440477
1755;1868;-113;10:54:49.440477
1755;1865;-110;10:54:49.440477
1754;1866;-112;10:54:49.440477
1755;1866;-111;10:54:49.440477
1754;1869;-115;10:54:49.440477
1755;1867;-112;10:54:49.440477
1756;1871;-115;10:54:49.440477
1755;1869;-114;10:54:49.440477
1756;1872;-116;10:54:49.440477
1759;1874;-115;10:54:49.440477
1758;1874;-116;10:54:49.440477
1756;1872;-116;10:54:49.440477
1756;1873;-117;10:54:49.440477
1757;1870;-113;10:54:49.440477
1757;1869;-112;10:54:49.440477
1755;1868;-113;10:54:49.440477
1753;1870;-117;10:54:49.440477
1755;1871;-116;10:54:49.440477
1757;1867;-110;10:54:49.440477
1755;1864;-109;10:54:49.440477
1753;1862;-109;10:54:49.440477
1749;1859;-110;10:54:49.440477
1745;1861;-116;10:54:49.440477
1746;1861;-115;10:54:49.440477
1745;1861;-116;10:54:49.440477
1745;1862;-117;10:54:49.440477
1746;1862;-116;10:54:49.440477
1749;1860;-111;10:54:49.440477
1748;1862;-114;10:54:49.440477
1749;1862;-113;10:54:49.440477
1748;1862;-114;10:54:49.440477
1749;1859;-110;10:54:49.440477
1748;1860;-112;10:54:49.440477
1747;1861;-114;10:54:49.440477
1748;1862;-114;10:54:49.440477
1747;1862;-115;10:54:49.440477
1748;1864;-116;10:54:49.440477
1746;1862;-116;10:54:49.440477
1745;1862;-117;10:54:49.440477
1747;1863;-116;10:54:49.440477
1749;1864;-115;10:54:49.440477
1749;1865;-116;10:54:49.440477
1751;1867;-116;10:54:49.440477
1750;1864;-114;10:54:49.440477
1752;1865;-113;10:54:49.440477
1752;1864;-112;10:54:49.440477
1754;1864;-110;10:54:49.440477
1754;1867;-113;10:54:49.440477
1757;1868;-111;10:54:49.440477
1754;1868;-114;10:54:49.440477
1759;1867;-108;10:54:49.440477
1757;1868;-111;10:54:49.440477
1756;1866;-110;10:54:49.440477
1754;1866;-112;10:54:49.440477
1754;1867;-113;10:54:49.440477
1752;1867;-115;10:54:49.440477
1753;1864;-111;10:54:49.440477
1754;1864;-110;10:54:49.440477
1751;1862;-111;10:54:49.440477
1749;1861;-112;10:54:49.440477
1749;1861;-112;10:54:49.440477
1746;1858;-112;10:54:49.440477
1745;1858;-113;10:54:49.440477
1748;1855;-107;10:54:49.440477
1747;1854;-107;10:54:49.440477
1746;1858;-112;10:54:49.440477
1747;1857;-110;10:54:49.440477
1745;1857;-112;10:54:49.440477
1744;1856;-112;10:54:49.440477
1745;1858;-113;10:54:49.440477
1745;1856;-111;10:54:49.440477
1745;1858;-113;10:54:49.440477
1743;1857;-114;10:54:49.440477
1742;1857;-115;10:54:49.440477
1742;1859;-117;10:54:49.440477
1743;1858;-115;10:54:49.440477
1747;1859;-112;10:54:49.440477
1746;1857;-111;10:54:49.440477
1748;1860;-112;10:54:49.440477
1746;1861;-115;10:54:49.440477
1746;1860;-114;10:54:49.440477
1748;1859;-111;10:54:49.440477
1747;1859;-112;10:54:49.440477
1749;1860;-111;10:54:49.440477
1748;1861;-113;10:54:49.440477
1749;1862;-113;10:54:49.440477
1752;1864;-112;10:54:49.440477
1751;1863;-112;10:54:49.440477
1753;1864;-111;10:54:49.440477
1752;1863;-111;10:54:49.440477
1751;1864;-113;10:54:49.440477
1753;1865;-112;10:54:49.440477
1750;1864;-114;10:54:49.440477
1749;1864;-115;10:54:49.440477
1750;1863;-113;10:54:49.440477
1751;1864;-113;10:54:49.440477
1754;1865;-111;10:54:49.440477
1753;1866;-113;10:54:49.440477
1753;1861;-108;10:54:49.440477
1752;1861;-109;10:54:49.440477
1750;1861;-111;10:54:49.440477
1751;1863;-112;10:54:49.440477
1750;1863;-113;10:54:49.440477
1750;1864;-114;10:54:49.440477
1751;1864;-113;10:54:49.440477
1751;1864;-113;10:54:49.440477
1751;1863;-112;10:54:49.440477
1752;1865;-113;10:54:49.440477
1750;1864;-114;10:54:49.440477
1750;1866;-116;10:54:49.440477
1750;1861;-111;10:54:49.440477
1749;1864;-115;10:54:49.440477
1750;1865;-115;10:54:49.440477
1752;1865;-113;10:54:49.440477
1754;1865;-111;10:54:49.440477
1755;1865;-110;10:54:49.440477
1756;1866;-110;10:54:49.440477
1759;1866;-107;10:54:49.440477
1757;1865;-108;10:54:49.440477
1754;1867;-113;10:54:49.440477
1760;1870;-110;10:54:49.440477
1705;1845;-140;10:54:49.440477
1856;1932;-76;10:54:49.440477
1851;1915;-64;10:54:49.440477
1540;1883;-343;10:54:49.440477
1595;1700;-105;10:54:49.440477
1864;1993;-129;10:54:49.440477
1880;1660;220;10:54:49.440477
1359;1211;148;10:54:49.440477
1609;1248;361;10:54:49.440477
199;57;142;10:54:49.440477
-1831;-656;-1175;10:54:49.440477
-1591;-568;-1023;10:54:49.440477
-504;-35;-469;10:54:49.440477
2301;2603;-302;10:54:49.440477
3546;3497;49;10:54:49.440477
4966;4868;98;10:54:49.440477
4419;4430;-11;10:54:49.440477
2873;3766;-893;10:54:49.440477
2623;3944;-1321;10:54:49.440477
3109;2892;217;10:54:49.440477
4305;4140;165;10:54:49.440477
6333;4542;1791;10:54:49.440477
6107;5754;353;10:54:49.440477
4913;4664;249;10:54:49.440477
3710;3026;684;10:54:49.440477
2223;2270;-47;10:54:49.440477
2297;318;1979;10:54:49.440477
-45;-792;747;10:54:49.440477
-666;-1268;602;10:54:49.440477
-1517;-1568;51;10:54:49.440477
-3134;-1822;-1312;10:54:49.440477
-4427;-3592;-835;10:54:49.440477
-4051;-3377;-674;10:54:49.440477
-1485;-3642;2157;10:54:49.440477
-981;-1584;603;10:54:49.440477
-1337;-220;-1117;10:54:49.440477
-569;1007;-1576;10:54:49.440477
319;3091;-2772;10:54:49.440477
1782;3116;-1334;10:54:49.440477
1251;4217;-2966;10:54:49.440477
1651;3410;-1759;10:54:49.440477
2663;3419;-756;10:54:49.440477
3532;3649;-117;10:54:49.440477
4262;3687;575;10:54:49.440477
4952;4837;115;10:54:49.440477
7015;6951;64;10:54:49.440477
8541;6955;1586;10:54:49.440477
7883;5979;1904;10:54:49.440477
5275;6371;-1096;10:54:49.440477
5275;6026;-751;10:54:49.440477
5070;4146;924;10:54:49.440477
3995;3255;740;10:54:49.440477
3102;1935;1167;10:54:49.440477
3125;1063;2062;10:54:49.440477
1428;-156;1584;10:54:49.440477
46;-1328;1374;10:54:49.440477
-765;-1197;432;10:54:49.440477
-792;-1302;510;10:54:49.440477
-963;-507;-456;10:54:49.440477
-1938;-1061;-877;10:54:49.440477
-800;-1539;739;10:54:49.440477
-860;-2713;1853;10:54:49.440477
-972;-2170;1198;10:54:49.440477
-2814;-1058;-1756;10:54:49.440477
-3379;-1676;-1703;10:54:49.440477
-2190;-1511;-679;10:54:49.440477
-1221;-133;-1088;10:54:49.440477
763;2389;-1626;10:54:49.440477
1964;4324;-2360;10:54:49.440477
3125;6001;-2876;10:54:49.440477
4668;4747;-79;10:54:49.440477
4061;2700;1361;10:54:49.440477
2933;2629;304;10:54:49.440477
3767;5052;-1285;10:54:49.440477
1693;4791;-3098;10:54:49.440477
1437;4760;-3323;10:54:49.440477
2743;4431;-1688;10:54:49.440477
5253;4227;1026;10:54:49.440477
4954;4319;635;10:54:49.440477
6196;4251;1945;10:54:49.440477
5748;4007;1741;10:54:49.440477
7393;3505;3888;10:54:49.440477
6389;4443;1946;10:54:49.440477
3558;3255;303;10:54:49.440477
5438;4820;618;10:54:49.440477
4672;3756;916;10:54:49.440477
5407;2371;3036;10:54:49.440477
3076;-87;3163;10:54:49.440477
941;1423;-482;10:54:49.440477
1555;2840;-1285;10:54:49.440477
1455;1442;13;10:54:49.440477
1143;1781;-638;10:54:49.440477
0;1077;-1077;10:54:49.440477
-2226;-1609;-617;10:54:49.440477
-4020;-2166;-1854;10:54:49.440477
-5338;-3431;-1907;10:54:49.440477
-3064;-3687;623;10:54:49.440477
-5238;-3065;-2173;10:54:49.440477
-3828;-1470;-2358;10:54:49.440477
2812;20;2792;10:54:49.440477
776;-371;1147;10:54:49.440477
-1251;1764;-3015;10:54:49.440477
-1107;4147;-5254;10:54:49.440477
2178;2101;77;10:54:49.440477
1419;-2370;3789;10:54:49.440477
1657;1651;6;10:54:49.440477
1902;8872;-6970;10:54:49.440477
4998;6406;-1408;10:54:49.440477
6809;4202;2607;10:54:49.440477
11408;4753;6655;10:54:49.440477
9784;5987;3797;10:54:49.440477
3054;3820;-766;10:54:49.440477
942;3389;-2447;10:54:49.440477
1102;2552;-1450;10:54:49.440477
1778;1252;526;10:54:49.440477
3786;-52;3838;10:54:49.458428
1187;-133;1320;10:54:49.458428
-1477;-1147;-330;10:54:49.458428
-1563;-1293;-270;10:54:49.458428
-1305;-2171;866;10:54:49.458428
-1062;-2686;1624;10:54:49.458428
-3117;-436;-2681;10:54:49.458428
-2730;2828;-5558;10:54:49.458428
-806;1418;-2224;10:54:49.458428
726;879;-153;10:54:49.458428
1779;599;1180;10:54:49.458428
833;567;266;10:54:49.458428
2991;-797;3788;10:54:49.458428
2812;1655;1157;10:54:49.458428
4230;2750;1480;10:54:49.458428
5300;5780;-480;10:54:49.458428
2319;8402;-6083;10:54:49.458428
2148;4374;-2226;10:54:49.458428
3724;5898;-2174;10:54:49.458428
7622;4968;2654;10:54:49.458428
8501;6337;2164;10:54:49.458428
6498;5183;1315;10:54:49.458428
3746;4731;-985;10:54:49.458428
5359;2816;2543;10:54:49.458428
4971;3950;1021;10:54:49.458428
5237;5850;-613;10:54:49.458428
4049;5076;-1027;10:54:49.458428
2577;-18;2595;10:54:49.458428
-1401;-1748;347;10:54:49.458428
-3287;-3562;275;10:54:49.458428
-3305;-1685;-1620;10:54:49.458428
-3544;-4074;530;10:54:49.458428
-2285;-2503;218;10:54:49.458428
-1849;-2388;539;10:54:49.458428
-1387;-2028;641;10:54:49.458428
57;-326;383;10:54:49.458428
2498;2692;-194;10:54:49.458428
2126;139;1987;10:54:49.458428
2525;2519;6;10:54:49.458428
-4091;-300;-3791;10:54:49.458428
-1899;5371;-7270;10:54:49.458428
1160;4450;-3290;10:54:49.458428
5914;3341;2573;10:54:49.458428
2802;4807;-2005;10:54:49.458428
8208;4288;3920;10:54:49.458428
8720;5439;3281;10:54:49.458428
2766;4566;-1800;10:54:49.458428
3822;6889;-3067;10:54:49.458428
2224;7452;-5228;10:54:49.458428
171;-4360;4531;10:54:49.458428
-4667;1189;-5856;10:54:49.458428
880;1901;-1021;10:54:49.458428
7991;-4212;12203;10:54:49.458428
-332;-3679;3347;10:54:49.458428
5316;-182;5498;10:54:49.458428
5709;-211;5920;10:54:49.458428
1048;-1432;2480;10:54:49.458428
-55;4348;-4403;10:54:49.458428
1979;12270;-10291;10:54:49.458428
369;4380;-4011;10:54:49.458428
3162;2244;918;10:54:49.458428
5864;6819;-955;10:54:49.458428
4800;4480;320;10:54:49.458428
3086;3712;-626;10:54:49.458428
431;4497;-4066;10:54:49.458428
3085;-3391;6476;10:54:49.458428
-6020;-2155;-3865;10:54:49.458428
-3816;-1478;-2338;10:54:49.458428
-624;-5826;5202;10:54:49.458428
-5615;-7106;1491;10:54:49.458428
-2395;-4461;2066;10:54:49.458428
383;466;-83;10:54:49.458428
2577;5277;-2700;10:54:49.458428
-658;7721;-8379;10:54:49.458428
2162;7345;-5183;10:54:49.458428
5734;1045;4689;10:54:49.458428
5401;807;4594;10:54:49.458428
4881;521;4360;10:54:49.458428
-157;5090;-5247;10:54:49.458428
-2099;5276;-7375;10:54:49.458428
-2099;2422;-4521;10:54:49.458428
-1455;662;-2117;10:54:49.458428
-1837;-4124;2287;10:54:49.458428
-1469;-2065;596;10:54:49.458428
2619;-7590;10209;10:54:49.458428
4749;-1981;6730;10:54:49.458428
2402;-66;2468;10:54:49.458428
1054;3818;-2764;10:54:49.458428
2922;1927;995;10:54:49.458428
2551;2647;-96;10:54:49.458428
4241;7285;-3044;10:54:49.458428
4832;5856;-1024;10:54:49.458428
7566;7474;92;10:54:49.458428
7215;5947;1268;10:54:49.458428
5930;6056;-126;10:54:49.458428
5811;6638;-827;10:54:49.458428
7534;4247;3287;10:54:49.458428
5140;5298;-158;10:54:49.458428
-2873;3649;-6522;10:54:49.458428
-6516;1700;-8216;10:54:49.458428
-4333;-1026;-3307;10:54:49.458428
-4140;-6285;2145;10:54:49.458428
-4649;-8598;3949;10:54:49.458428
-2549;-2014;-535;10:54:49.458428
-3029;-3257;228;10:54:49.458428
-1195;-152;-1043;10:54:49.458428
3600;2072;1528;10:54:49.458428
7390;3643;3747;10:54:49.458428
6834;5101;1733;10:54:49.458428
10620;4934;5686;10:54:49.458428
10468;7589;2879;10:54:49.458428
7303;9673;-2370;10:54:49.458428
8990;13446;-4456;10:54:49.458428
7118;10391;-3273;10:54:49.458428
8872;14467;-5595;10:54:49.458428
12912;9502;3410;10:54:49.458428
10979;5323;5656;10:54:49.458428
12996;4634;8362;10:54:49.458428
6002;7106;-1104;10:54:49.458428
-646;2422;-3068;10:54:49.458428
-421;-966;545;10:54:49.458428
-1901;13;-1914;10:54:49.458428
-3959;-2242;-1717;10:54:49.458428
-6569;-7493;924;10:54:49.458428
-7824;-7461;-363;10:54:49.458428
-9230;-12350;3120;10:54:49.458428
-9188;-10025;837;10:54:49.458428
-15228;-10481;-4747;10:54:49.458428
-13956;-9110;-4846;10:54:49.458428
-7429;-8956;1527;10:54:49.458428
-1812;-5498;3686;10:54:49.458428
959;78;881;10:54:49.458428
-813;3656;-4469;10:54:49.458428
4204;7918;-3714;10:54:49.458428
10867;10979;-112;10:54:49.458428
14923;12677;2246;10:54:49.458428
16329;12695;3634;10:54:49.458428
17469;14587;2882;10:54:49.458428
12763;9942;2821;10:54:49.458428
12614;8601;4013;10:54:49.458428
11304;5651;5653;10:54:49.458428
4813;5461;-648;10:54:49.458428
-2951;2044;-4995;10:54:49.458428
-6668;2095;-8763;10:54:49.458428
-11673;-715;-10958;10:54:49.458428
-8415;-2538;-5877;10:54:49.458428
-8108;-8439;331;10:54:49.458428
-10710;-9735;-975;10:54:49.458428
-8220;-10270;2050;10:54:49.458428
-3742;-10005;6263;10:54:49.458428
-29;-5309;5280;10:54:49.458428
3622;864;2758;10:54:49.458428
3030;1201;1829;10:54:49.458428
901;4515;-3614;10:54:49.458428
101;3548;-3447;10:54:49.458428
4616;4266;350;10:54:49.458428
12477;1827;10650;10:54:49.458428
8199;7604;595;10:54:49.458428
4031;11639;-7608;10:54:49.458428
3807;11360;-7553;10:54:49.458428
4216;4788;-572;10:54:49.458428
6297;4212;2085;10:54:49.458428
6039;4761;1278;10:54:49.458428
-2490;8148;-10638;10:54:49.458428
-3514;2472;-5986;10:54:49.458428
-2236;2045;-4281;10:54:49.458428
-1175;-6212;5037;10:54:49.458428
2213;-6881;9094;10:54:49.458428
3685;-9158;12843;10:54:49.458428
1417;-6866;8283;10:54:49.458428
1456;38;1418;10:54:49.458428
2670;44;2626;10:54:49.458428
6967;5600;1367;10:54:49.458428
9105;7394;1711;10:54:49.458428
4800;14172;-9372;10:54:49.458428
3090;15790;-12700;10:54:49.458428
8123;14733;-6610;10:54:49.458428
12829;12547;282;10:54:49.458428
13248;10914;2334;10:54:49.458428
8950;7839;1111;10:54:49.458428
2229;4788;-2559;10:54:49.458428
325;2247;-1922;10:54:49.458428
1374;702;672;10:54:49.458428
-1441;-6544;5103;10:54:49.458428
-6530;-8324;1794;10:54:49.458428
-5786;-10407;4621;10:54:49.458428
-4144;-12107;7963;10:54:49.458428
-5823;-10427;4604;10:54:49.458428
-8365;-4821;-3544;10:54:49.458428
-5753;-4418;-1335;10:54:49.458428
-2580;-1443;-1137;10:54:49.458428
2242;474;1768;10:54:49.458428
3118;1717;1401;10:54:49.458428
3908;5552;-1644;10:54:49.458428
4344;10330;-5986;10:54:49.458428
5831;16905;-11074;10:54:49.458428
6150;11659;-5509;10:54:49.458428
5511;7783;-2272;10:54:49.458428
4426;3407;1019;10:54:49.458428
3994;1435;2559;10:54:49.458428
1500;-2542;4042;10:54:49.458428
1502;-2945;4447;10:54:49.458428
3004;-1478;4482;10:54:49.458428
2648;-879;3527;10:54:49.458428
-3410;-481;-2929;10:54:49.458428
-5214;-2755;-2459;10:54:49.458428
-7870;-5831;-2039;10:54:49.458428
-8249;-5850;-2399;10:54:49.458428
-2649;-2343;-306;10:54:49.458428
17;-2330;2347;10:54:49.458428
3718;1643;2075;10:54:49.458428
4300;4284;16;10:54:49.458428
2337;2060;277;10:54:49.458428
4212;5707;-1495;10:54:49.458428
6931;9384;-2453;10:54:49.458428
6091;14730;-8639;10:54:49.458428
5526;10047;-4521;10:54:49.458428
5522;7142;-1620;10:54:49.458428
4482;4990;-508;10:54:49.458428
892;5127;-4235;10:54:49.458428
3810;-299;4109;10:54:49.458428
5452;4;5448;10:54:49.458428
7695;255;7440;10:54:49.458428
5759;2185;3574;10:54:49.458428
2563;1742;821;10:54:49.458428
-165;301;-466;10:54:49.458428
1884;3782;-1898;10:54:49.458428
2653;2735;-82;10:54:49.458428
2482;3019;-537;10:54:49.458428
5957;-1026;6983;10:54:49.458428
4148;-11;4159;10:54:49.458428
2409;2026;383;10:54:49.458428
2511;3596;-1085;10:54:49.458428
480;2599;-2119;10:54:49.458428
-3202;-459;-2743;10:54:49.458428
-6330;692;-7022;10:54:49.458428
-3151;234;-3385;10:54:49.458428
747;42;705;10:54:49.458428
1611;-2877;4488;10:54:49.458428
159;-1630;1789;10:54:49.458428
-608;-500;-108;10:54:49.458428
-1738;2991;-4729;10:54:49.458428
-2579;2623;-5202;10:54:49.458428
287;4125;-3838;10:54:49.458428
4779;5317;-538;10:54:49.458428
4657;4253;404;10:54:49.458428
3516;3368;148;10:54:49.458428
4590;7411;-2821;10:54:49.458428
5014;4349;665;10:54:49.458428
8222;4518;3704;10:54:49.458428
5372;2592;2780;10:54:49.458428
1422;1133;289;10:54:49.458428
-186;1076;-1262;10:54:49.458428
-482;-5693;5211;10:54:49.458428
-2949;-6409;3460;10:54:49.458428
-3575;-7659;4084;10:54:49.458428
-3907;-6244;2337;10:54:49.458428
-1635;-6184;4549;10:54:49.458428
-1793;-3595;1802;10:54:49.458428
-1472;1616;-3088;10:54:49.458428
1344;6285;-4941;10:54:49.458428
832;7799;-6967;10:54:49.458428
3943;11010;-7067;10:54:49.458428
6214;9072;-2858;10:54:49.458428
2939;11719;-8780;10:54:49.458428
2397;10812;-8415;10:54:49.458428
6592;8403;-1811;10:54:49.458428
7802;7672;130;10:54:49.458428
8828;4234;4594;10:54:49.458428
9549;4001;5548;10:54:49.458428
8860;536;8324;10:54:49.458428
8877;3644;5233;10:54:49.458428
7728;1810;5918;10:54:49.458428
8134;3903;4231;10:54:49.458428
6812;5631;1181;10:54:49.458428
2758;5293;-2535;10:54:49.458428
708;5864;-5156;10:54:49.458428
4161;4078;83;10:54:49.458428
6003;3235;2768;10:54:49.458428
1840;1436;404;10:54:49.458428
-4053;429;-4482;10:54:49.458428
-5837;1272;-7109;10:54:49.458428
-5204;-3922;-1282;10:54:49.458428
-2972;-4494;1522;10:54:49.458428
-4248;-6597;2349;10:54:49.458428
-2732;-6873;4141;10:54:49.458428
-2632;-7328;4696;10:54:49.458428
-393;-3727;3334;10:54:49.458428
2399;-1282;3681;10:54:49.458428
1354;1777;-423;10:54:49.458428
-78;2232;-2310;10:54:49.458428
-1828;4324;-6152;10:54:49.458428
1033;5797;-4764;10:54:49.458428
1166;5728;-4562;10:54:49.458428
2282;4438;-2156;10:54:49.458428
3837;4971;-1134;10:54:49.458428
1697;5218;-3521;10:54:49.458428
-37;2162;-2199;10:54:49.458428
2715;1458;1257;10:54:49.458428
8053;1903;6150;10:54:49.458428
9080;2767;6313;10:54:49.458428
4089;6809;-2720;10:54:49.458428
2306;5995;-3689;10:54:49.458428
1387;3693;-2306;10:54:49.458428
4057;1363;2694;10:54:49.458428
3129;2123;1006;10:54:49.458428
-154;-574;420;10:54:49.458428
-1816;22;-1838;10:54:49.458428
-42;-1688;1646;10:54:49.458428
1254;113;1141;10:54:49.458428
4845;1895;2950;10:54:49.458428
3561;-266;3827;10:54:49.458428
2673;1634;1039;10:54:49.458428
4523;-395;4918;10:54:49.458428
2271;1110;1161;10:54:49.458428
406;352;54;10:54:49.458428
-1751;2486;-4237;10:54:49.458428
-2483;2200;-4683;10:54:49.458428
-3308;-351;-2957;10:54:49.458428
-1721;-1243;-478;10:54:49.458428
73;-4230;4303;10:54:49.458428
-3130;-2769;-361;10:54:49.458428
-4107;-1337;-2770;10:54:49.458428
-3522;3385;-6907;10:54:49.458428
706;4130;-3424;10:54:49.458428
4232;4343;-111;10:54:49.458428
4832;7227;-2395;10:54:49.458428
3257;8682;-5425;10:54:49.458428
4562;5398;-836;10:54:49.458428
5377;5666;-289;10:54:49.458428
5228;4058;1170;10:54:49.458428
5188;2017;3171;10:54:49.458428
5628;2362;3266;10:54:49.458428
6054;1147;4907;10:54:49.458428
2665;-458;3123;10:54:49.458428
2475;-1162;3637;10:54:49.458428
1522;968;554;10:54:49.458428
-11;439;-450;10:54:49.458428
1385;1142;243;10:54:49.458428
2441;2316;125;10:54:49.458428
2233;2014;219;10:54:49.458428
1952;3689;-1737;10:54:49.458428
1137;3957;-2820;10:54:49.458428
2164;7074;-4910;10:54:49.458428
6622;6143;479;10:54:49.458428
6666;4997;1669;10:54:49.458428
5663;6872;-1209;10:54:49.458428
4444;4058;386;10:54:49.458428
1973;1550;423;10:54:49.458428
1258;436;822;10:54:49.458428
2910;2261;649;10:54:49.458428
4272;2356;1916;10:54:49.458428
6179;1055;5124;10:54:49.458428
5958;1211;4747;10:54:49.458428
2807;1220;1587;10:54:49.458428
1497;737;760;10:54:49.458428
1436;3185;-1749;10:54:49.458428
986;2380;-1394;10:54:49.458428
85;481;-396;10:54:49.458428
-1078;333;-1411;10:54:49.458428
-4185;368;-4553;10:54:49.458428
-6003;-3930;-2073;10:54:49.458428
-8089;-4383;-3706;10:54:49.458428
-9356;-1698;-7658;10:54:49.458428
-8177;-485;-7692;10:54:49.458428
-4495;-2950;-1545;10:54:49.458428
-3655;-3579;-76;10:54:49.458428
-872;-4502;3630;10:54:49.458428
983;-4484;5467;10:54:49.458428
16;-3225;3241;10:54:49.458428
2295;1093;1202;10:54:49.458428
3630;2477;1153;10:54:49.458428
4036;3738;298;10:54:49.458428
2656;4043;-1387;10:54:49.458428
2091;4854;-2763;10:54:49.458428
3441;3951;-510;10:54:49.458428
3640;3492;148;10:54:49.458428
4702;4521;181;10:54:49.458428
5645;5311;334;10:54:49.458428
4180;4587;-407;10:54:49.458428
4001;3356;645;10:54:49.458428
2922;2991;-69;10:54:49.458428
2017;592;1425;10:54:49.458428
3266;-925;4191;10:54:49.458428
1320;-646;1966;10:54:49.458428
1317;108;1209;10:54:49.458428
-567;-878;311;10:54:49.458428
-3088;-1056;-2032;10:54:49.458428
-4235;2218;-6453;10:54:49.458428
-2149;2866;-5015;10:54:49.458428
1358;2020;-662;10:54:49.458428
2461;2368;93;10:54:49.458428
1183;3732;-2549;10:54:49.458428
1626;2927;-1301;10:54:49.458428
353;-6;359;10:54:49.458428
1123;1792;-669;10:54:49.458428
1996;609;1387;10:54:49.458428
2476;1375;1101;10:54:49.458428
2908;3588;-680;10:54:49.458428
4560;2866;1694;10:54:49.458428
5346;5653;-307;10:54:49.458428
7015;5807;1208;10:54:49.458428
8053;7291;762;10:54:49.458428
7061;8599;-1538;10:54:49.458428
6735;5940;795;10:54:49.458428
6948;3252;3696;10:54:49.458428
7008;2812;4196;10:54:49.458428
6149;4737;1412;10:54:49.458428
6679;7391;-712;10:54:49.458428
5824;5738;86;10:54:49.458428
4063;4054;9;10:54:49.458428
1901;4328;-2427;10:54:49.458428
697;2199;-1502;10:54:49.458428
-225;3558;-3783;10:54:49.458428
906;948;-42;10:54:49.458428
2516;1037;1479;10:54:49.458428
2042;791;1251;10:54:49.458428
3242;-45;3287;10:54:49.458428
3993;-80;4073;10:54:49.458428
-1133;-822;-311;10:54:49.458428
-2873;-1214;-1659;10:54:49.458428
-446;-3860;3414;10:54:49.458428
-402;-3261;2859;10:54:49.458428
-1520;-919;-601;10:54:49.458428
-3215;-1310;-1905;10:54:49.458428
-4253;-3537;-716;10:54:49.458428
-4142;-2173;-1969;10:54:49.458428
-5635;-1043;-4592;10:54:49.458428
-5661;-197;-5464;10:54:49.458428
-4873;967;-5840;10:54:49.458428
-1971;1675;-3646;10:54:49.458428
3152;3095;57;10:54:49.458428
4481;2069;2412;10:54:49.458428
3606;1650;1956;10:54:49.458428
3336;2031;1305;10:54:49.458428
3453;1905;1548;10:54:49.458428
4701;3691;1010;10:54:49.458428
5358;4219;1139;10:54:49.458428
5428;3817;1611;10:54:49.458428
3650;3467;183;10:54:49.458428
2471;2897;-426;10:54:49.458428
2820;2777;43;10:54:49.458428
3649;2033;1616;10:54:49.458428
5060;3512;1548;10:54:49.458428
1988;3830;-1842;10:54:49.458428
2063;6520;-4457;10:54:49.458428
1443;5702;-4259;10:54:49.458428
431;3920;-3489;10:54:49.458428
1829;3930;-2101;10:54:49.458428
1060;3062;-2002;10:54:49.458428
2002;2645;-643;10:54:49.458428
3812;2284;1528;10:54:49.458428
4226;1511;2715;10:54:49.458428
3894;-1170;5064;10:54:49.458428
2506;-1380;3886;10:54:49.458428
1980;343;1637;10:54:49.458428
2571;-70;2641;10:54:49.458428
2648;349;2299;10:54:49.458428
3616;1798;1818;10:54:49.458428
2280;2969;-689;10:54:49.458428
1305;3797;-2492;10:54:49.458428
1589;5071;-3482;10:54:49.458428
3111;4368;-1257;10:54:49.458428
4312;4521;-209;10:54:49.458428
4324;3270;1054;10:54:49.458428
4183;1748;2435;10:54:49.458428
2794;1471;1323;10:54:49.458428
-72;2910;-2982;10:54:49.458428
-903;3150;-4053;10:54:49.458428
738;-1067;1805;10:54:49.458428
612;-1228;1840;10:54:49.458428
76;-516;592;10:54:49.458428
-883;1432;-2315;10:54:49.458428
-1190;-3129;1939;10:54:49.458428
-1644;-1123;-521;10:54:49.458428
-1490;-213;-1277;10:54:49.458428
-1089;1969;-3058;10:54:49.458428
-1562;2394;-3956;10:54:49.458428
755;3238;-2483;10:54:49.458428
2909;3246;-337;10:54:49.458428
5045;4242;803;10:54:49.458428
3677;4841;-1164;10:54:49.458428
2259;4370;-2111;10:54:49.458428
4666;2231;2435;10:54:49.458428
4866;1844;3022;10:54:49.458428
3723;-168;3891;10:54:49.458428
2165;-1307;3472;10:54:49.458428
1850;-1051;2901;10:54:49.458428
176;1755;-1579;10:54:49.458428
1123;2207;-1084;10:54:49.458428
2818;892;1926;10:54:49.458428
1328;1340;-12;10:54:49.458428
176;979;-803;10:54:49.458428
-1312;430;-1742;10:54:49.458428
-508;2156;-2664;10:54:49.458428
-1525;1230;-2755;10:54:49.458428
-188;3663;-3851;10:54:49.458428
1103;3761;-2658;10:54:49.458428
1639;2788;-1149;10:54:49.458428
1871;2414;-543;10:54:49.458428
2852;973;1879;10:54:49.458428
3020;-917;3937;10:54:49.458428
1278;-777;2055;10:54:49.458428
-230;-1578;1348;10:54:49.458428
-492;801;-1293;10:54:49.458428
513;1797;-1284;10:54:49.458428
1594;998;596;10:54:49.458428
1799;701;1098;10:54:49.458428
933;2426;-1493;10:54:49.458428
1161;3265;-2104;10:54:49.458428
3652;4658;-1006;10:54:49.649921
4263;4453;-190;10:54:49.649921
7086;4222;2864;10:54:49.649921
7849;4185;3664;10:54:49.649921
6837;3954;2883;10:54:49.649921
3718;3746;-28;10:54:49.649921
592;2746;-2154;10:54:49.649921
618;2455;-1837;10:54:49.649921
970;2235;-1265;10:54:49.649921
2062;1426;636;10:54:49.649921
3450;1313;2137;10:54:49.649921
1700;1669;31;10:54:49.649921
-901;3273;-4174;10:54:49.649921
-810;1464;-2274;10:54:49.649921
-674;1166;-1840;10:54:49.649921
-499;1617;-2116;10:54:49.649921
-373;901;-1274;10:54:49.649921
37;-644;681;10:54:49.649921
1400;-2412;3812;10:54:49.649921
1075;-2394;3469;10:54:49.649921
1185;-284;1469;10:54:49.649921
680;1051;-371;10:54:49.649921
150;633;-483;10:54:49.649921
2484;212;2272;10:54:49.649921
3590;3729;-139;10:54:49.649921
3114;3755;-641;10:54:49.649921
1345;4554;-3209;10:54:49.649921
270;6507;-6237;10:54:49.649921
262;5471;-5209;10:54:49.649921
-839;3733;-4572;10:54:49.649921
904;3064;-2160;10:54:49.649921
3377;1404;1973;10:54:49.649921
4448;188;4260;10:54:49.649921
3841;-1295;5136;10:54:49.649921
2711;159;2552;10:54:49.649921
2501;-796;3297;10:54:49.649921
2222;-720;2942;10:54:49.649921
438;-2273;2711;10:54:49.649921
-1415;-1918;503;10:54:49.649921
-624;-502;-122;10:54:49.649921
908;2641;-1733;10:54:49.649921
1418;3307;-1889;10:54:49.649921
302;4604;-4302;10:54:49.649921
596;4185;-3589;10:54:49.649921
3106;3966;-860;10:54:49.649921
5015;1990;3025;10:54:49.649921
4173;2627;1546;10:54:49.649921
2575;3830;-1255;10:54:49.649921
1118;3856;-2738;10:54:49.649921
2076;3195;-1119;10:54:49.649921
1741;2139;-398;10:54:49.649921
752;3848;-3096;10:54:49.649921
2758;2798;-40;10:54:49.649921
3919;3304;615;10:54:49.649921
5170;4016;1154;10:54:49.649921
4797;4002;795;10:54:49.649921
4319;3580;739;10:54:49.649921
4399;2533;1866;10:54:49.649921
2388;1700;688;10:54:49.649921
1008;-401;1409;10:54:49.649921
-725;-761;36;10:54:49.649921
-1500;-2249;749;10:54:49.649921
-1878;-2022;144;10:54:49.649921
-2095;-2377;282;10:54:49.649921
-67;-363;296;10:54:49.649921
1726;-63;1789;10:54:49.649921
2370;924;1446;10:54:49.649921
347;4454;-4107;10:54:49.649921
-451;4252;-4703;10:54:49.649921
-570;3462;-4032;10:54:49.649921
1506;2286;-780;10:54:49.649921
1822;2107;-285;10:54:49.649921
941;1703;-762;10:54:49.649921
639;1796;-1157;10:54:49.649921
2201;1687;514;10:54:49.649921
4197;2716;1481;10:54:49.649921
4700;2230;2470;10:54:49.649921
3693;1218;2475;10:54:49.649921
2318;2642;-324;10:54:49.649921
3321;944;2377;10:54:49.649921
3732;1767;1965;10:54:49.649921
4243;3777;466;10:54:49.649921
3669;5354;-1685;10:54:49.649921
2607;6664;-4057;10:54:49.649921
2654;5100;-2446;10:54:49.649921
3562;4033;-471;10:54:49.649921
1448;3417;-1969;10:54:49.649921
-715;2140;-2855;10:54:49.649921
-1329;-679;-650;10:54:49.649921
-1325;-2468;1143;10:54:49.649921
-959;-4405;3446;10:54:49.649921
-2708;-5246;2538;10:54:49.649921
-3488;-4851;1363;10:54:49.649921
-4547;-6279;1732;10:54:49.649921
-3829;-5767;1938;10:54:49.649921
-958;-3494;2536;10:54:49.649921
339;-1590;1929;10:54:49.649921
320;1965;-1645;10:54:49.649921
846;4884;-4038;10:54:49.649921
2164;5862;-3698;10:54:49.649921
4575;7179;-2604;10:54:49.649921
4978;8583;-3605;10:54:49.649921
7184;10427;-3243;10:54:49.649921
7746;11136;-3390;10:54:49.649921
6755;8906;-2151;10:54:49.649921
6985;7679;-694;10:54:49.649921
8096;7226;870;10:54:49.649921
8878;6349;2529;10:54:49.649921
7714;4589;3125;10:54:49.649921
5446;2524;2922;10:54:49.649921
3171;-562;3733;10:54:49.649921
1158;-1475;2633;10:54:49.649921
1903;-1840;3743;10:54:49.649921
1832;-1111;2943;10:54:49.649921
1914;651;1263;10:54:49.649921
3245;875;2370;10:54:49.649921
1965;2911;-946;10:54:49.649921
1521;3251;-1730;10:54:49.649921
137;3982;-3845;10:54:49.649921
-2292;2948;-5240;10:54:49.649921
-2052;1865;-3917;10:54:49.649921
-1331;439;-1770;10:54:49.649921
-1423;-1955;532;10:54:49.649921
-2443;-2836;393;10:54:49.649921
-1682;-3786;2104;10:54:49.649921
-1271;-5258;3987;10:54:49.649921
-2277;-4680;2403;10:54:49.649921
-482;-1540;1058;10:54:49.649921
-1220;1878;-3098;10:54:49.649921
775;1741;-966;10:54:49.649921
308;2566;-2258;10:54:49.649921
1708;6028;-4320;10:54:49.649921
4289;6310;-2021;10:54:49.649921
5528;6294;-766;10:54:49.649921
6521;5497;1024;10:54:49.649921
6399;7065;-666;10:54:49.649921
6071;6334;-263;10:54:49.649921
4748;4458;290;10:54:49.649921
3172;3600;-428;10:54:49.649921
2365;2303;62;10:54:49.649921
1814;389;1425;10:54:49.649921
1178;-2461;3639;10:54:49.649921
552;-1241;1793;10:54:49.649921
856;-1158;2014;10:54:49.649921
2184;-66;2250;10:54:49.649921
1359;714;645;10:54:49.649921
1581;1443;138;10:54:49.649921
2430;2331;99;10:54:49.649921
2815;3266;-451;10:54:49.649921
2314;4024;-1710;10:54:49.649921
1253;4250;-2997;10:54:49.649921
-514;4285;-4799;10:54:49.649921
252;3352;-3100;10:54:49.649921
-226;2214;-2440;10:54:49.649921
-20;1209;-1229;10:54:49.649921
1007;774;233;10:54:49.649921
3297;2255;1042;10:54:49.649921
4100;1588;2512;10:54:49.649921
3164;1224;1940;10:54:49.649921
1651;864;787;10:54:49.649921
896;774;122;10:54:49.649921
1961;944;1017;10:54:49.649921
1633;-48;1681;10:54:49.649921
90;-1364;1454;10:54:49.649921
-801;-412;-389;10:54:49.649921
-1406;-971;-435;10:54:49.649921
-679;-2267;1588;10:54:49.649921
-1057;-2946;1889;10:54:49.649921
-2011;-1594;-417;10:54:49.649921
-1611;-800;-811;10:54:49.649921
-3659;1170;-4829;10:54:49.649921
-2430;2882;-5312;10:54:49.649921
54;4895;-4841;10:54:49.649921
825;3438;-2613;10:54:49.649921
1611;3355;-1744;10:54:49.649921
3077;2681;396;10:54:49.649921
4302;1447;2855;10:54:49.649921
3337;1987;1350;10:54:49.649921
3604;3914;-310;10:54:49.649921
4277;2613;1664;10:54:49.649921
4662;3248;1414;10:54:49.649921
6278;3511;2767;10:54:49.649921
6527;5179;1348;10:54:49.649921
5867;6840;-973;10:54:49.649921
5883;6546;-663;10:54:49.649921
5072;6680;-1608;10:54:49.649921
5522;6320;-798;10:54:49.649921
5443;4599;844;10:54:49.649921
5443;3205;2238;10:54:49.649921
2718;1631;1087;10:54:49.649921
-293;878;-1171;10:54:49.649921
-140;-1678;1538;10:54:49.649921
-331;-2146;1815;10:54:49.649921
-1758;-3372;1614;10:54:49.649921
-3354;-3160;-194;10:54:49.649921
-3138;-2592;-546;10:54:49.649921
-1457;-2420;963;10:54:49.649921
-1306;-1240;-66;10:54:49.649921
-127;407;-534;10:54:49.649921
1004;2026;-1022;10:54:49.649921
909;2036;-1127;10:54:49.649921
263;3631;-3368;10:54:49.649921
953;4090;-3137;10:54:49.649921
2614;4495;-1881;10:54:49.649921
3254;4919;-1665;10:54:49.649921
2221;4645;-2424;10:54:49.649921
2944;3886;-942;10:54:49.649921
2649;2760;-111;10:54:49.649921
4132;2169;1963;10:54:49.649921
4292;1057;3235;10:54:49.649921
3906;1026;2880;10:54:49.649921
2396;1242;1154;10:54:49.649921
1966;1049;917;10:54:49.649921
2238;407;1831;10:54:49.649921
1624;1426;198;10:54:49.649921
540;1695;-1155;10:54:49.649921
400;2466;-2066;10:54:49.649921
1502;2616;-1114;10:54:49.649921
1390;3021;-1631;10:54:49.649921
1032;3020;-1988;10:54:49.649921
1104;3217;-2113;10:54:49.649921
1993;2117;-124;10:54:49.649921
2754;-144;2898;10:54:49.649921
2439;-379;2818;10:54:49.649921
2762;532;2230;10:54:49.649921
963;910;53;10:54:49.649921
-1530;2462;-3992;10:54:49.649921
-1641;2327;-3968;10:54:49.649921
86;1657;-1571;10:54:49.649921
2091;1738;353;10:54:49.649921
1378;1834;-456;10:54:49.649921
2044;2375;-331;10:54:49.649921
3054;2080;974;10:54:49.649921
3679;3012;667;10:54:49.649921
3784;2404;1380;10:54:49.649921
3821;3046;775;10:54:49.649921
3512;2668;844;10:54:49.649921
3975;2474;1501;10:54:49.649921
4768;2384;2384;10:54:49.649921
4618;1961;2657;10:54:49.649921
3224;1396;1828;10:54:49.649921
1587;1730;-143;10:54:49.649921
-303;946;-1249;10:54:49.649921
675;813;-138;10:54:49.649921
1532;1949;-417;10:54:49.649921
1602;2505;-903;10:54:49.649921
-215;3292;-3507;10:54:49.649921
-451;3876;-4327;10:54:49.649921
-140;3894;-4034;10:54:49.649921
1577;4555;-2978;10:54:49.649921
3143;4810;-1667;10:54:49.649921
3060;4382;-1322;10:54:49.649921
3251;2911;340;10:54:49.649921
4056;2838;1218;10:54:49.649921
3272;681;2591;10:54:49.649921
1704;89;1615;10:54:49.660890
-239;-743;504;10:54:49.660890
-713;-1326;613;10:54:49.660890
232;-1181;1413;10:54:49.660890
963;-425;1388;10:54:49.660890
1406;-336;1742;10:54:49.660890
302;-722;1024;10:54:49.660890
632;-1825;2457;10:54:49.660890
614;-55;669;10:54:49.660890
383;1139;-756;10:54:49.660890
503;2595;-2092;10:54:49.660890
-789;2504;-3293;10:54:49.660890
1543;3871;-2328;10:54:49.660890
2393;4023;-1630;10:54:49.660890
2175;4136;-1961;10:54:49.660890
1631;5241;-3610;10:54:49.660890
1119;4382;-3263;10:54:49.660890
2208;2162;46;10:54:49.660890
2878;1695;1183;10:54:49.660890
2924;1385;1539;10:54:49.660890
3080;1656;1424;10:54:49.660890
4186;1519;2667;10:54:49.660890
3967;3679;288;10:54:49.660890
3385;3570;-185;10:54:49.660890
2768;4374;-1606;10:54:49.660890
4573;3809;764;10:54:49.660890
5160;2789;2371;10:54:49.660890
5248;2288;2960;10:54:49.660890
4363;2687;1676;10:54:49.660890
3196;2420;776;10:54:49.660890
2785;2416;369;10:54:49.660890
3584;1986;1598;10:54:49.660890
2535;1944;591;10:54:49.660890
278;1476;-1198;10:54:49.660890
-507;1397;-1904;10:54:49.660890
-1316;1074;-2390;10:54:49.660890
-3175;1445;-4620;10:54:49.660890
-2091;1866;-3957;10:54:49.660890
-1235;955;-2190;10:54:49.660890
-1957;92;-2049;10:54:49.660890
-1475;-648;-827;10:54:49.660890
-673;-1332;659;10:54:49.660890
844;-1425;2269;10:54:49.660890
866;-1446;2312;10:54:49.660890
612;-1030;1642;10:54:49.660890
471;-317;788;10:54:49.660890
1037;234;803;10:54:49.660890
1524;1022;502;10:54:49.660890
1443;1104;339;10:54:49.660890
2660;1190;1470;10:54:49.660890
3849;2027;1822;10:54:49.660890
4478;3602;876;10:54:49.660890
3765;4162;-397;10:54:49.660890
1921;4537;-2616;10:54:49.660890
2918;4687;-1769;10:54:49.660890
3848;5005;-1157;10:54:49.660890
3747;5878;-2131;10:54:49.660890
2631;5293;-2662;10:54:49.660890
2978;4329;-1351;10:54:49.660890
3470;3654;-184;10:54:49.660890
3905;2740;1165;10:54:49.660890
4095;2252;1843;10:54:49.660890
3749;2826;923;10:54:49.660890
3372;3502;-130;10:54:49.660890
3312;1835;1477;10:54:49.660890
3503;1055;2448;10:54:49.660890
1833;1175;658;10:54:49.660890
1036;1119;-83;10:54:49.660890
-136;-367;231;10:54:49.660890
-1822;-2153;331;10:54:49.660890
-1764;-2810;1046;10:54:49.660890
-2282;-3518;1236;10:54:49.660890
-3574;-2841;-733;10:54:49.660890
-3916;-2300;-1616;10:54:49.660890
-4062;-1344;-2718;10:54:49.660890
-3042;-200;-2842;10:54:49.660890
-882;2536;-3418;10:54:49.660890
317;3639;-3322;10:54:49.660890
1420;4778;-3358;10:54:49.660890
3950;4815;-865;10:54:49.660890
5732;5109;623;10:54:49.660890
5865;5704;161;10:54:49.660890
5554;4349;1205;10:54:49.660890
6717;3676;3041;10:54:49.660890
6539;4248;2291;10:54:49.660890
6360;2941;3419;10:54:49.660890
6221;2459;3762;10:54:49.660890
4867;1758;3109;10:54:49.660890
3637;876;2761;10:54:49.660890
2082;619;1463;10:54:49.660890
1053;534;519;10:54:49.660890
976;1028;-52;10:54:49.660890
-1196;2388;-3584;10:54:49.660890
-1667;2811;-4478;10:54:49.660890
-2139;2511;-4650;10:54:49.660890
-1457;1387;-2844;10:54:49.660890
82;1900;-1818;10:54:49.660890
201;2207;-2006;10:54:49.660890
376;1990;-1614;10:54:49.660890
616;2629;-2013;10:54:49.660890
956;2193;-1237;10:54:49.660890
1117;2645;-1528;10:54:49.660890
1976;1662;314;10:54:49.660890
2345;1395;950;10:54:49.660890
2997;1511;1486;10:54:49.660890
4301;-294;4595;10:54:49.660890
4781;1169;3612;10:54:49.660890
4896;1819;3077;10:54:49.660890
5265;2515;2750;10:54:49.660890
5305;2135;3170;10:54:49.660890
3937;2531;1406;10:54:49.660890
3231;3380;-149;10:54:49.660890
1883;3217;-1334;10:54:49.660890
996;3363;-2367;10:54:49.660890
85;2597;-2512;10:54:49.660890
428;1884;-1456;10:54:49.660890
194;721;-527;10:54:49.660890
-110;-614;504;10:54:49.660890
-1557;-213;-1344;10:54:49.660890
-2718;-790;-1928;10:54:49.660890
-2544;-378;-2166;10:54:49.660890
-2681;-625;-2056;10:54:49.660890
-2450;-89;-2361;10:54:49.660890
-2140;-8;-2132;10:54:49.660890
-596;432;-1028;10:54:49.660890
1354;1496;-142;10:54:49.660890
2264;2046;218;10:54:49.660890
3256;2779;477;10:54:49.660890
4060;3473;587;10:54:49.660890
4316;3193;1123;10:54:49.660890
4409;2985;1424;10:54:49.660890
4404;3904;500;10:54:49.660890
5219;3331;1888;10:54:49.660890
4984;3885;1099;10:54:49.660890
4790;3383;1407;10:54:49.660890
3054;2656;398;10:54:49.660890
2566;2201;365;10:54:49.660890
2198;2707;-509;10:54:49.660890
2829;2790;39;10:54:49.660890
3278;3634;-356;10:54:49.660890
3310;3110;200;10:54:49.660890
3554;4584;-1030;10:54:49.660890
3507;3239;268;10:54:49.660890
3024;3417;-393;10:54:49.660890
2486;2484;2;10:54:49.660890
1068;1960;-892;10:54:49.660890
1182;810;372;10:54:49.660890
-166;663;-829;10:54:49.660890
-504;164;-668;10:54:49.660890
-357;264;-621;10:54:49.660890
-1387;-775;-612;10:54:49.660890
-1643;-951;-692;10:54:49.660890
-1280;-1572;292;10:54:49.660890
60;-1433;1493;10:54:49.660890
319;-380;699;10:54:49.660890
-37;75;-112;10:54:49.660890
274;823;-549;10:54:49.660890
1005;1543;-538;10:54:49.660890
2190;1441;749;10:54:49.660890
3779;2714;1065;10:54:49.660890
4457;3213;1244;10:54:49.660890
5303;3845;1458;10:54:49.660890
5364;4582;782;10:54:49.660890
4833;4501;332;10:54:49.660890
4190;5003;-813;10:54:49.660890
2563;5140;-2577;10:54:49.660890
1816;4865;-3049;10:54:49.660890
1133;3856;-2723;10:54:49.660890
755;3437;-2682;10:54:49.660890
1944;3020;-1076;10:54:49.660890
1652;2533;-881;10:54:49.660890
1515;829;686;10:54:49.660890
984;-989;1973;10:54:49.660890
665;-1634;2299;10:54:49.660890
135;-1601;1736;10:54:49.660890
80;-2030;2110;10:54:49.660890
-293;-1200;907;10:54:49.660890
-1033;-996;-37;10:54:49.660890
-907;207;-1114;10:54:49.660890
-735;1551;-2286;10:54:49.660890
-361;2541;-2902;10:54:49.660890
508;2671;-2163;10:54:49.660890
1618;2160;-542;10:54:49.660890
2347;1278;1069;10:54:49.660890
2927;2047;880;10:54:49.660890
4037;2931;1106;10:54:49.660890
4086;3373;713;10:54:49.660890
4568;4068;500;10:54:49.660890
6166;4777;1389;10:54:49.660890
5982;5051;931;10:54:49.660890
5897;5787;110;10:54:49.660890
5245;6029;-784;10:54:49.660890
5769;5969;-200;10:54:49.660890
5479;5549;-70;10:54:49.660890
3939;4485;-546;10:54:49.660890
2585;2987;-402;10:54:49.660890
1829;2156;-327;10:54:49.660890
-91;8;-99;10:54:49.660890
-836;-1113;277;10:54:49.660890
-2567;-2148;-419;10:54:49.660890
-3061;-1757;-1304;10:54:49.660890
-2240;-2067;-173;10:54:49.660890
-2046;-1823;-223;10:54:49.660890
-743;-1071;328;10:54:49.660890
-47;-147;100;10:54:49.660890
328;145;183;10:54:49.660890
1776;1840;-64;10:54:49.660890
2426;2419;7;10:54:49.660890
2580;3099;-519;10:54:49.660890
2743;3368;-625;10:54:49.660890
3106;3798;-692;10:54:49.660890
2733;4172;-1439;10:54:49.660890
3292;4273;-981;10:54:49.660890
4523;3832;691;10:54:49.660890
4121;3700;421;10:54:49.660890
4017;3300;717;10:54:49.660890
3777;3036;741;10:54:49.660890
3627;2463;1164;10:54:49.660890
3563;2700;863;10:54:49.660890
2875;1952;923;10:54:49.660890
1124;1505;-381;10:54:49.660890
262;-3;265;10:54:49.660890
-861;-1035;174;10:54:49.660890
-1369;-1570;201;10:54:49.660890
-1322;-1638;316;10:54:49.660890
-1810;-2005;195;10:54:49.660890
-2387;-1746;-641;10:54:49.660890
-2589;-2195;-394;10:54:49.660890
-3058;-1930;-1128;10:54:49.660890
-3616;-1614;-2002;10:54:49.660890
-2376;-547;-1829;10:54:49.660890
-1617;-346;-1271;10:54:49.660890
-467;653;-1120;10:54:49.660890
152;2009;-1857;10:54:49.660890
1438;3351;-1913;10:54:49.660890
3087;4148;-1061;10:54:49.660890
4370;4901;-531;10:54:49.660890
5743;5884;-141;10:54:49.660890
6282;5523;759;10:54:49.660890
7524;6048;1476;10:54:49.660890
7558;6673;885;10:54:49.660890
7620;6362;1258;10:54:49.660890
6654;6057;597;10:54:49.660890
5969;5195;774;10:54:49.660890
4757;4702;55;10:54:49.660890
3940;4756;-816;10:54:49.660890
3532;3324;208;10:54:49.660890
2412;2081;331;10:54:49.660890
2014;441;1573;10:54:49.660890
1389;-846;2235;10:54:49.660890
-147;-958;811;10:54:49.660890
-801;-1581;780;10:54:49.660890
-1416;-1845;429;10:54:49.660890
-1647;-2485;838;10:54:49.660890
-2310;-2095;-215;10:54:49.660890
-3541;-1083;-2458;10:54:49.661883
-3307;-215;-3092;10:54:49.661883
-2297;-59;-2238;10:54:49.661883
-916;-468;-448;10:54:49.661883
-77;532;-609;10:54:49.661883
1492;2246;-754;10:54:49.661883
2832;2586;246;10:54:49.661883
3884;2918;966;10:54:49.661883
4569;4002;567;10:54:49.661883
5487;5083;404;10:54:49.661883
6947;5244;1703;10:54:49.661883
6910;5696;1214;10:54:49.661883
7116;6018;1098;10:54:49.661883
7106;5880;1226;10:54:49.661883
6006;5521;485;10:54:49.661883
4568;4284;284;10:54:49.661883
3129;3614;-485;10:54:49.661883
2046;3106;-1060;10:54:49.661883
1770;2120;-350;10:54:49.661883
692;1392;-700;10:54:49.661883
282;776;-494;10:54:49.661883
-35;1147;-1182;10:54:49.661883
-384;758;-1142;10:54:49.661883
-1168;490;-1658;10:54:49.661883
-2390;192;-2582;10:54:49.661883
-2479;-1010;-1469;10:54:49.661883
-2144;-1177;-967;10:54:49.661883
-1286;-1784;498;10:54:49.661883
-879;-1875;996;10:54:49.661883
-436;-2002;1566;10:54:49.661883
54;-2224;2278;10:54:49.661883
-276;-1780;1504;10:54:49.661883
276;-801;1077;10:54:49.661883
1449;234;1215;10:54:49.661883
2220;1632;588;10:54:49.661883
2414;2446;-32;10:54:49.661883
3069;3717;-648;10:54:49.661883
4522;4830;-308;10:54:49.661883
4861;5367;-506;10:54:49.661883
4519;5675;-1156;10:54:49.661883
4269;6077;-1808;10:54:49.661883
5237;5949;-712;10:54:49.661883
5185;5814;-629;10:54:49.661883
4658;5838;-1180;10:54:49.661883
3931;5018;-1087;10:54:49.661883
3212;3902;-690;10:54:49.661883
2150;2548;-398;10:54:49.661883
2189;1836;353;10:54:49.661883
1760;1398;362;10:54:49.661883
1582;935;647;10:54:49.661883
761;259;502;10:54:49.661883
66;-274;340;10:54:49.661883
-311;-788;477;10:54:49.661883
-692;-847;155;10:54:49.661883
-871;-1117;246;10:54:49.661883
-554;-955;401;10:54:49.661883
-310;-740;430;10:54:49.661883
245;-504;749;10:54:49.661883
742;214;528;10:54:49.661883
1064;1370;-306;10:54:49.661883
1350;2041;-691;10:54:49.661883
2602;3081;-479;10:54:49.661883
4011;3875;136;10:54:49.661883
4878;4464;414;10:54:49.661883
5671;4845;826;10:54:49.661883
5695;6433;-738;10:54:49.661883
5838;6368;-530;10:54:49.661883
5485;6683;-1198;10:54:49.661883
5799;6210;-411;10:54:49.661883
5304;5060;244;10:54:49.661883
3469;4436;-967;10:54:49.661883
2436;3077;-641;10:54:49.661883
2057;1903;154;10:54:49.661883
1251;364;887;10:54:49.661883
382;-283;665;10:54:49.661883
-91;-992;901;10:54:49.661883
-112;-1831;1719;10:54:49.661883
-188;-1431;1243;10:54:49.661883
-154;-1045;891;10:54:49.661883
-116;-419;303;10:54:49.661883
-1384;-110;-1274;10:54:49.661883
-1375;-312;-1063;10:54:49.661883
-1043;-155;-888;10:54:49.661883
-887;221;-1108;10:54:49.661883
-519;711;-1230;10:54:49.661883
-60;1319;-1379;10:54:49.661883
389;2047;-1658;10:54:49.661883
1158;2428;-1270;10:54:49.661883
2310;3670;-1360;10:54:49.661883
3011;3711;-700;10:54:49.661883
2800;3599;-799;10:54:49.661883
3023;2988;35;10:54:49.661883
3731;3087;644;10:54:49.661883
3454;2822;632;10:54:49.661883
3600;2994;606;10:54:49.661883
3540;2279;1261;10:54:49.661883
2602;2343;259;10:54:49.661883
2663;1629;1034;10:54:49.661883
1821;919;902;10:54:49.661883
1187;188;999;10:54:49.661883
624;-728;1352;10:54:49.661883
-157;-707;550;10:54:49.661883
-469;-479;10;10:54:49.661883
-1442;-234;-1208;10:54:49.661883
-959;-334;-625;10:54:49.661883
-77;-79;2;10:54:49.661883
368;600;-232;10:54:49.661883
634;1686;-1052;10:54:49.661883
1117;2853;-1736;10:54:49.661883
1709;3839;-2130;10:54:49.661883
2676;4241;-1565;10:54:49.661883
3770;4660;-890;10:54:49.661883
3896;5205;-1309;10:54:49.661883
4297;5216;-919;10:54:49.661883
4734;5033;-299;10:54:49.661883
4673;4142;531;10:54:49.661883
4413;3259;1154;10:54:49.661883
4074;3458;616;10:54:49.661883
4394;2947;1447;10:54:49.661883
4355;2490;1865;10:54:49.661883
3734;2471;1263;10:54:49.661883
3165;2275;890;10:54:49.661883
2876;2356;520;10:54:49.661883
2554;2373;181;10:54:49.661883
2069;1871;198;10:54:49.661883
1695;1906;-211;10:54:49.661883
1705;1606;99;10:54:49.661883
960;1010;-50;10:54:49.661883
-172;598;-770;10:54:49.661883
-1138;282;-1420;10:54:49.661883
-1836;159;-1995;10:54:49.661883
-1732;-339;-1393;10:54:49.661883
-1156;-1198;42;10:54:49.661883
-1666;-956;-710;10:54:49.661883
-1866;-712;-1154;10:54:49.661883
-1193;-671;-522;10:54:49.661883
-735;-417;-318;10:54:49.661883
49;-534;583;10:54:49.661883
568;-102;670;10:54:49.661883
1816;383;1433;10:54:49.661883
2695;1151;1544;10:54:49.661883
3447;1879;1568;10:54:49.661883
3937;2547;1390;10:54:49.661883
3745;3120;625;10:54:49.661883
3116;3465;-349;10:54:49.661883
2544;4148;-1604;10:54:49.661883
2554;3892;-1338;10:54:49.661883
2399;4109;-1710;10:54:49.661883
2723;4096;-1373;10:54:49.661883
3167;4063;-896;10:54:49.661883
3450;4178;-728;10:54:49.661883
3407;3726;-319;10:54:49.661883
3327;4007;-680;10:54:49.661883
3848;3975;-127;10:54:49.661883
3358;3727;-369;10:54:49.661883
2981;3861;-880;10:54:49.661883
2758;3093;-335;10:54:49.661883
1780;2277;-497;10:54:49.661883
1516;1353;163;10:54:49.661883
996;310;686;10:54:49.661883
-71;377;-448;10:54:49.661883
-327;-86;-241;10:54:49.661883
-204;-921;717;10:54:49.661883
210;-1289;1499;10:54:49.661883
283;-1186;1469;10:54:49.661883
-136;-665;529;10:54:49.661883
120;242;-122;10:54:49.661883
621;568;53;10:54:49.661883
586;992;-406;10:54:49.661883
1302;1815;-513;10:54:49.661883
1627;2071;-444;10:54:49.661883
1947;2446;-499;10:54:49.661883
1916;2585;-669;10:54:49.661883
2067;2703;-636;10:54:49.661883
2487;3221;-734;10:54:49.661883
3275;3212;63;10:54:49.661883
3124;2981;143;10:54:49.661883
2613;2867;-254;10:54:49.661883
2180;2697;-517;10:54:49.661883
1673;2453;-780;10:54:49.661883
1440;2162;-722;10:54:49.661883
1178;1654;-476;10:54:49.661883
875;1680;-805;10:54:49.661883
987;1380;-393;10:54:49.661883
1461;1344;117;10:54:49.661883
1805;1255;550;10:54:49.661883
1895;1122;773;10:54:49.661883
1886;1055;831;10:54:49.661883
1645;1158;487;10:54:49.661883
1866;666;1200;10:54:49.661883
1816;335;1481;10:54:49.661883
1653;761;892;10:54:49.661883
1544;1283;261;10:54:49.661883
1977;2256;-279;10:54:49.661883
1430;2568;-1138;10:54:49.661883
1249;2612;-1363;10:54:49.661883
1480;3256;-1776;10:54:49.661883
1825;3769;-1944;10:54:49.661883
1857;3637;-1780;10:54:49.661883
2299;3221;-922;10:54:49.661883
2440;3065;-625;10:54:49.661883
2537;2708;-171;10:54:49.661883
2069;2781;-712;10:54:49.661883
1766;2095;-329;10:54:49.661883
1375;1623;-248;10:54:49.661883
1596;1237;359;10:54:49.661883
1474;337;1137;10:54:49.661883
1060;-86;1146;10:54:49.661883
918;-669;1587;10:54:49.661883
1061;-218;1279;10:54:49.661883
928;864;64;10:54:49.661883
715;1290;-575;10:54:49.661883
985;1504;-519;10:54:49.661883
1385;1694;-309;10:54:49.661883
1647;1784;-137;10:54:49.661883
1968;2004;-36;10:54:49.661883
2412;2206;206;10:54:49.661883
2229;2343;-114;10:54:49.661883
2396;2803;-407;10:54:49.661883
2323;3602;-1279;10:54:49.661883
2566;4016;-1450;10:54:49.661883
3082;3852;-770;10:54:49.661883
3970;3983;-13;10:54:49.661883
3577;4116;-539;10:54:49.661883
2881;4045;-1164;10:54:49.661883
2911;3702;-791;10:54:49.661883
2565;3213;-648;10:54:49.661883
2813;2178;635;10:54:49.661883
2723;1659;1064;10:54:49.661883
2335;678;1657;10:54:49.661883
2085;754;1331;10:54:49.661883
1751;587;1164;10:54:49.661883
953;556;397;10:54:49.661883
981;1044;-63;10:54:49.661883
1036;1201;-165;10:54:49.661883
1022;991;31;10:54:49.661883
1092;699;393;10:54:49.661883
1151;915;236;10:54:49.661883
789;1253;-464;10:54:49.661883
620;1235;-615;10:54:49.661883
715;1887;-1172;10:54:49.661883
1078;2593;-1515;10:54:49.661883
1469;3113;-1644;10:54:49.661883
2192;3286;-1094;10:54:49.661883
2631;3422;-791;10:54:49.661883
3117;2983;134;10:54:49.661883
3170;2129;1041;10:54:49.661883
3448;1814;1634;10:54:49.661883
3182;1974;1208;10:54:49.661883
2992;2021;971;10:54:49.661883
2325;2170;155;10:54:49.661883
2182;1834;348;10:54:49.661883
1964;2139;-175;10:54:49.661883
1848;2524;-676;10:54:49.661883
1478;2570;-1092;10:54:49.661883
982;1591;-609;10:54:49.661883
552;800;-248;10:54:49.661883
351;591;-240;10:54:49.661883
-85;533;-618;10:54:49.661883
-174;289;-463;10:54:49.661883
-53;129;-182;10:54:49.661883
61;396;-335;10:54:49.661883
216;557;-341;10:54:49.661883
117;618;-501;10:54:49.661883
38;1093;-1055;10:54:49.661883
49;1075;-1026;10:54:49.661883
692;1172;-480;10:54:49.661883
696;1242;-546;10:54:49.661883
1298;1229;69;10:54:49.661883
1583;1380;203;10:54:49.661883
2148;1301;847;10:54:49.661883
2125;1598;527;10:54:49.661883
2041;2033;8;10:54:49.661883
2658;2551;107;10:54:49.661883
3010;3008;2;10:54:49.661883
3398;3478;-80;10:54:49.661883
3860;3486;374;10:54:49.661883
4256;3524;732;10:54:49.661883
4000;3621;379;10:54:49.661883
3991;3732;259;10:54:49.661883
4202;3940;262;10:54:49.661883
3943;4001;-58;10:54:49.661883
3457;3936;-479;10:54:49.661883
3476;4334;-858;10:54:49.661883
3304;4095;-791;10:54:49.661883
3186;3641;-455;10:54:49.661883
2554;3322;-768;10:54:49.661883
2193;2526;-333;10:54:49.661883
1588;2038;-450;10:54:49.661883
1250;1044;206;10:54:49.661883
1137;529;608;10:54:49.661883
1051;-76;1127;10:54:49.661883
860;408;452;10:54:49.661883
270;879;-609;10:54:49.661883
467;761;-294;10:54:49.661883
1207;652;555;10:54:49.661883
929;1230;-301;10:54:49.661883
1047;1864;-817;10:54:49.661883
1274;2167;-893;10:54:49.661883
1445;1981;-536;10:54:49.661883
1954;1601;353;10:54:49.661883
2067;1666;401;10:54:49.661883
2181;1836;345;10:54:49.661883
2015;2077;-62;10:54:49.661883
1818;1889;-71;10:54:49.661883
1736;1644;92;10:54:49.661883
1540;1384;156;10:54:49.661883
1271;996;275;10:54:49.661883
741;683;58;10:54:49.661883
955;646;309;10:54:49.661883
1159;511;648;10:54:49.661883
827;1174;-347;10:54:49.661883
817;1203;-386;10:54:49.661883
581;1203;-622;10:54:49.661883
531;1404;-873;10:54:49.661883
240;1110;-870;10:54:49.661883
-162;1215;-1377;10:54:49.661883
-95;1209;-1304;10:54:49.661883
225;1173;-948;10:54:49.661883
835;892;-57;10:54:49.661883
1055;653;402;10:54:49.661883
1197;529;668;10:54:49.661883
1242;640;602;10:54:49.661883
1503;1131;372;10:54:49.661883
1742;1266;476;10:54:49.661883
1918;1812;106;10:54:49.661883
2099;2541;-442;10:54:49.661883
2616;3390;-774;10:54:49.661883
2788;3748;-960;10:54:49.661883
2630;4112;-1482;10:54:49.661883
2751;3890;-1139;10:54:49.661883
2727;3822;-1095;10:54:49.661883
2385;3344;-959;10:54:49.661883
2086;2613;-527;10:54:49.661883
2191;2388;-197;10:54:49.661883
1741;1431;310;10:54:49.661883
1514;809;705;10:54:49.661883
1569;616;953;10:54:49.661883
1410;429;981;10:54:49.661883
1198;654;544;10:54:49.661883
985;852;133;10:54:49.661883
1180;595;585;10:54:49.661883
1524;878;646;10:54:49.661883
1727;1296;431;10:54:49.661883
1456;1500;-44;10:54:49.661883
1309;1660;-351;10:54:49.661883
1392;1661;-269;10:54:49.661883
1741;1933;-192;10:54:49.661883
1744;2246;-502;10:54:49.661883
1826;1911;-85;10:54:49.661883
1758;2458;-700;10:54:49.661883
2127;2412;-285;10:54:49.661883
2325;2486;-161;10:54:49.661883
2248;2799;-551;10:54:49.661883
2416;2801;-385;10:54:49.661883
2576;3075;-499;10:54:49.661883
2345;3476;-1131;10:54:49.661883
2484;3167;-683;10:54:49.661883
2703;3115;-412;10:54:49.661883
2969;3025;-56;10:54:49.661883
3120;3087;33;10:54:49.661883
3159;2826;333;10:54:49.661883
2847;2444;403;10:54:49.661883
2770;2591;179;10:54:49.661883
2774;2616;158;10:54:49.661883
2567;2352;215;10:54:49.661883
2505;2036;469;10:54:49.661883
2644;1764;880;10:54:49.661883
2435;1699;736;10:54:49.661883
2215;1576;639;10:54:49.661883
1499;1535;-36;10:54:49.661883
1051;1305;-254;10:54:49.661883
877;1564;-687;10:54:49.661883
725;1370;-645;10:54:49.661883
534;1569;-1035;10:54:49.661883
797;1578;-781;10:54:49.661883
768;1660;-892;10:54:49.661883
802;1514;-712;10:54:49.661883
666;1279;-613;10:54:49.661883
636;1093;-457;10:54:49.661883
915;759;156;10:54:49.661883
718;880;-162;10:54:49.661883
631;899;-268;10:54:49.661883
1029;1155;-126;10:54:49.661883
1134;1234;-100;10:54:49.661883
1141;912;229;10:54:49.661883
1094;873;221;10:54:49.661883
1357;1029;328;10:54:49.661883
1730;919;811;10:54:49.661883
2096;906;1190;10:54:49.661883
2141;1513;628;10:54:49.661883
2489;2143;346;10:54:49.661883
2372;2635;-263;10:54:49.661883
2045;3022;-977;10:54:49.661883
2178;3280;-1102;10:54:49.661883
2207;3315;-1108;10:54:49.661883
2318;3276;-958;10:54:49.661883
2410;3310;-900;10:54:49.661883
2223;2741;-518;10:54:49.661883
2203;2735;-532;10:54:49.661883
1880;2709;-829;10:54:49.661883
1549;2505;-956;10:54:49.661883
1433;2079;-646;10:54:49.661883
1901;1548;353;10:54:49.661883
1900;1577;323;10:54:49.661883
2156;1241;915;10:54:49.661883
2360;1230;1130;10:54:49.661883
2393;1055;1338;10:54:49.661883
2210;1312;898;10:54:49.661883
2056;1157;899;10:54:49.661883
1655;993;662;10:54:49.661883
1306;1027;279;10:54:49.661883
702;995;-293;10:54:49.661883
681;1161;-480;10:54:49.661883
911;1451;-540;10:54:49.661883
1285;1577;-292;10:54:49.661883
1108;2217;-1109;10:54:49.661883
1239;2348;-1109;10:54:49.661883
1404;2442;-1038;10:54:49.661883
1681;2710;-1029;10:54:49.661883
2048;2902;-854;10:54:49.661883
2281;2817;-536;10:54:49.661883
2636;2990;-354;10:54:49.661883
2796;2896;-100;10:54:49.661883
2607;2530;77;10:54:49.661883
2653;2397;256;10:54:49.661883
2690;2003;687;10:54:49.661883
2419;1921;498;10:54:49.661883
2358;1434;924;10:54:49.661883
2124;1468;656;10:54:49.661883
1805;1310;495;10:54:49.661883
1693;1306;387;10:54:49.661883
1476;1547;-71;10:54:49.661883
1265;1665;-400;10:54:49.661883
1163;1954;-791;10:54:49.661883
1296;1771;-475;10:54:49.661883
1316;1844;-528;10:54:49.661883
1446;2126;-680;10:54:49.661883
1743;2324;-581;10:54:49.661883
1830;2470;-640;10:54:49.661883
2194;2429;-235;10:54:49.661883
2114;2608;-494;10:54:49.661883
2494;2431;63;10:54:49.661883
2290;2306;-16;10:54:49.661883
2207;2348;-141;10:54:49.661883
1911;2406;-495;10:54:49.661883
1527;1720;-193;10:54:49.661883
1304;1246;58;10:54:49.661883
1215;856;359;10:54:49.661883
1188;811;377;10:54:49.661883
1481;789;692;10:54:49.661883
1458;757;701;10:54:49.661883
1442;955;487;10:54:49.661883
1766;837;929;10:54:49.661883
1701;1149;552;10:54:49.661883
1487;1404;83;10:54:49.661883
1783;2140;-357;10:54:49.661883
2363;2741;-378;10:54:49.661883
2718;3312;-594;10:54:49.661883
2931;3867;-936;10:54:49.661883
3158;4470;-1312;10:54:49.661883
3251;4435;-1184;10:54:49.661883
3198;4588;-1390;10:54:49.661883
3115;4309;-1194;10:54:49.661883
3162;4058;-896;10:54:49.661883
2714;3342;-628;10:54:49.661883
2510;2523;-13;10:54:49.661883
2354;1807;547;10:54:49.661883
2373;1257;1116;10:54:49.661883
2092;730;1362;10:54:49.661883
1355;567;788;10:54:49.661883
1256;200;1056;10:54:49.661883
900;8;892;10:54:49.661883
542;-169;711;10:54:49.661883
315;-208;523;10:54:49.661883
-95;-71;-24;10:54:49.661883
-202;131;-333;10:54:49.661883
-231;157;-388;10:54:49.661883
-366;215;-581;10:54:49.661883
-545;469;-1014;10:54:49.661883
-657;612;-1269;10:54:49.661883
-407;659;-1066;10:54:49.661883
331;593;-262;10:54:49.661883
901;631;270;10:54:49.661883
1155;1203;-48;10:54:49.661883
1381;1646;-265;10:54:49.661883
1635;1892;-257;10:54:49.661883
2038;2069;-31;10:54:49.661883
2398;2365;33;10:54:49.661883
2176;2891;-715;10:54:49.661883
2026;2922;-896;10:54:49.661883
2180;3117;-937;10:54:49.661883
2454;3266;-812;10:54:49.661883
2621;3057;-436;10:54:49.661883
2422;2924;-502;10:54:49.661883
2422;2681;-259;10:54:49.661883
2311;2536;-225;10:54:49.661883
2487;2293;194;10:54:49.661883
2702;1898;804;10:54:49.661883
2577;1636;941;10:54:49.661883
2352;2000;352;10:54:49.661883
2068;1876;192;10:54:49.661883
2030;2277;-247;10:54:49.661883
2082;2516;-434;10:54:49.661883
2107;2509;-402;10:54:49.661883
2311;2708;-397;10:54:49.661883
2536;2596;-60;10:54:49.661883
2111;2429;-318;10:54:49.661883
1729;2152;-423;10:54:49.661883
1518;1742;-224;10:54:49.661883
931;1011;-80;10:54:49.661883
582;961;-379;10:54:49.661883
411;953;-542;10:54:49.661883
735;544;191;10:54:49.661883
734;432;302;10:54:49.661883
693;521;172;10:54:49.661883
940;580;360;10:54:49.661883
1043;498;545;10:54:49.661883
1147;598;549;10:54:49.661883
1254;866;388;10:54:49.661883
1474;1221;253;10:54:49.661883
1711;1604;107;10:54:49.661883
2052;2369;-317;10:54:49.661883
2098;3121;-1023;10:54:49.661883
2080;3405;-1325;10:54:49.661883
2144;3217;-1073;10:54:49.661883
2372;3203;-831;10:54:49.661883
2373;2946;-573;10:54:49.661883
2617;2600;17;10:54:49.661883
2541;2454;87;10:54:49.661883
2303;2173;130;10:54:49.661883
2040;2054;-14;10:54:49.661883
1939;1730;209;10:54:49.661883
1731;1747;-16;10:54:49.661883
1690;1775;-85;10:54:49.661883
1677;1598;79;10:54:49.661883
1798;1574;224;10:54:49.661883
1760;1210;550;10:54:49.661883
1926;1509;417;10:54:49.661883
2131;1893;238;10:54:49.661883
2020;2083;-63;10:54:49.661883
2055;2819;-764;10:54:49.661883
1926;2774;-848;10:54:49.661883
2077;2793;-716;10:54:49.661883
2198;2879;-681;10:54:49.661883
2080;3108;-1028;10:54:49.661883
2337;3049;-712;10:54:49.661883
2667;2994;-327;10:54:49.661883
2575;2557;18;10:54:49.661883
2363;2376;-13;10:54:49.661883
2232;2123;109;10:54:49.661883
1863;1547;316;10:54:49.661883
1446;1085;361;10:54:49.661883
1008;789;219;10:54:49.661883
654;337;317;10:54:49.661883
359;65;294;10:54:49.661883
371;-188;559;10:54:49.661883
338;-346;684;10:54:49.661883
156;-56;212;10:54:49.661883
280;143;137;10:54:49.661883
531;663;-132;10:54:49.661883
636;1080;-444;10:54:49.661883
662;1510;-848;10:54:49.661883
1101;1976;-875;10:54:49.661883
1868;2502;-634;10:54:49.661883
2374;2748;-374;10:54:49.661883
2742;3145;-403;10:54:49.661883
2984;3390;-406;10:54:49.661883
3008;3655;-647;10:54:49.661883
3184;3752;-568;10:54:49.661883
3240;3543;-303;10:54:49.661883
3293;3391;-98;10:54:49.661883
3213;3268;-55;10:54:49.661883
2722;3075;-353;10:54:49.661883
2502;2789;-287;10:54:49.661883
2729;2406;323;10:54:49.661883
2648;2106;542;10:54:49.661883
2348;1938;410;10:54:49.661883
2083;1813;270;10:54:49.661883
1989;1768;221;10:54:49.661883
1877;1552;325;10:54:49.661883
1918;1266;652;10:54:49.661883
1765;1386;379;10:54:49.661883
1596;1469;127;10:54:49.661883
1302;1174;128;10:54:49.661883
1265;1186;79;10:54:49.661883
1436;1621;-185;10:54:49.661883
1422;1602;-180;10:54:49.661883
1397;1882;-485;10:54:49.661883
1481;1856;-375;10:54:49.661883
1738;2053;-315;10:54:49.661883
1768;2350;-582;10:54:49.661883
1946;2563;-617;10:54:49.661883
1939;2598;-659;10:54:49.661883
2217;2335;-118;10:54:49.661883
2083;2215;-132;10:54:49.661883
2147;2360;-213;10:54:49.661883
1820;2192;-372;10:54:49.661883
1503;1877;-374;10:54:49.661883
1462;1987;-525;10:54:49.661883
1305;1947;-642;10:54:49.661883
1289;1625;-336;10:54:49.661883
1230;1378;-148;10:54:49.661883
1172;1241;-69;10:54:49.661883
1220;1048;172;10:54:49.661883
1357;874;483;10:54:49.661883
1260;826;434;10:54:49.661883
1345;876;469;10:54:49.661883
1350;955;395;10:54:49.661883
1576;1338;238;10:54:49.661883
1872;1673;199;10:54:49.661883
2235;1905;330;10:54:49.661883
2359;2214;145;10:54:49.661883
2234;2494;-260;10:54:49.661883
2179;2693;-514;10:54:49.661883
2242;2849;-607;10:54:49.661883
2217;2939;-722;10:54:49.661883
2373;2635;-262;10:54:49.661883
2166;2685;-519;10:54:49.661883
2030;2580;-550;10:54:49.661883
1960;2454;-494;10:54:49.661883
2120;2171;-51;10:54:49.661883
2003;2100;-97;10:54:49.661883
1607;1745;-138;10:54:49.661883
1386;1605;-219;10:54:49.661883
1470;1103;367;10:54:49.661883
1446;1070;376;10:54:49.661883
1367;825;542;10:54:49.661883
1390;1204;186;10:54:49.661883
1717;1494;223;10:54:49.661883
1914;1737;177;10:54:49.661883
2012;2326;-314;10:54:49.661883
2203;2519;-316;10:54:49.661883
2228;2696;-468;10:54:49.661883
2367;2588;-221;10:54:49.661883
2389;2621;-232;10:54:49.661883
2289;2676;-387;10:54:49.661883
2015;2158;-143;10:54:49.661883
1993;2082;-89;10:54:49.661883
1941;1908;33;10:54:49.661883
1943;1686;257;10:54:49.661883
1727;1659;68;10:54:49.661883
1679;1515;164;10:54:49.661883
1744;1565;179;10:54:49.661883
1593;1395;198;10:54:49.661883
1160;1484;-324;10:54:49.661883
1205;1572;-367;10:54:49.661883
1150;1575;-425;10:54:49.661883
1067;1522;-455;10:54:49.661883
1104;1545;-441;10:54:49.661883
1087;1576;-489;10:54:49.661883
1247;1617;-370;10:54:49.661883
1319;1579;-260;10:54:49.661883
1155;1467;-312;10:54:49.661883
1294;1399;-105;10:54:49.661883
1408;1296;112;10:54:49.661883
1323;1389;-66;10:54:49.661883
1236;1182;54;10:54:49.661883
1291;1358;-67;10:54:49.661883
1479;1167;312;10:54:49.661883
1430;1343;87;10:54:49.661883
1559;1467;92;10:54:49.661883
1581;1679;-98;10:54:49.661883
1536;1850;-314;10:54:49.661883
1379;1880;-501;10:54:49.661883
1428;1895;-467;10:54:49.661883
1473;1963;-490;10:54:49.661883
1608;2098;-490;10:54:49.661883
1661;2202;-541;10:54:49.661883
2048;2218;-170;10:54:49.661883
2300;2153;147;10:54:49.661883
2315;2190;125;10:54:49.661883
2318;2378;-60;10:54:49.661883
2464;2573;-109;10:54:49.661883
2475;2634;-159;10:54:49.661883
2378;2508;-130;10:54:49.661883
2270;2624;-354;10:54:49.661883
2210;2623;-413;10:54:49.661883
2040;2695;-655;10:54:49.661883
1923;2325;-402;10:54:49.661883
2009;2120;-111;10:54:49.661883
1667;1723;-56;10:54:49.661883
1580;1442;138;10:54:49.661883
1446;1063;383;10:54:49.661883
1309;760;549;10:54:49.661883
1125;918;207;10:54:49.661883
815;1004;-189;10:54:49.661883
914;1161;-247;10:54:49.661883
1250;1152;98;10:54:49.661883
1515;1279;236;10:54:49.661883
1555;1443;112;10:54:49.661883
1843;1606;237;10:54:49.661883
1963;1762;201;10:54:49.661883
1905;2037;-132;10:54:49.661883
2163;2222;-59;10:54:49.661883
2256;2235;21;10:54:49.661883
2016;2420;-404;10:54:49.661883
1962;2228;-266;10:54:49.661883
1857;2100;-243;10:54:49.661883
1728;1884;-156;10:54:49.661883
1823;1852;-29;10:54:49.661883
1691;1792;-101;10:54:49.661883
1750;1918;-168;10:54:49.661883
1734;2011;-277;10:54:49.661883
1724;2190;-466;10:54:49.661883
1835;2339;-504;10:54:49.661883
1913;2501;-588;10:54:49.661883
2056;2810;-754;10:54:49.661883
2062;2773;-711;10:54:49.661883
2107;2866;-759;10:54:49.661883
2229;2764;-535;10:54:49.661883
2283;2636;-353;10:54:49.661883
2217;2371;-154;10:54:49.661883
2116;2033;83;10:54:49.661883
1899;1721;178;10:54:49.661883
1928;1454;474;10:54:49.661883
2097;1119;978;10:54:49.661883
1930;1274;656;10:54:49.661883
1888;1305;583;10:54:49.661883
1800;1530;270;10:54:49.661883
1579;1568;11;10:54:49.661883
1550;1704;-154;10:54:49.661883
1510;1664;-154;10:54:49.661883
1459;1496;-37;10:54:49.661883
1323;1302;21;10:54:49.661883
1239;1355;-116;10:54:49.661883
1055;1326;-271;10:54:49.661883
933;1349;-416;10:54:49.661883
962;1403;-441;10:54:49.661883
921;1669;-748;10:54:49.661883
942;1669;-727;10:54:49.661883
785;1635;-850;10:54:49.661883
878;1409;-531;10:54:49.661883
876;1207;-331;10:54:49.661883
1049;1206;-157;10:54:49.661883
1170;1114;56;10:54:49.661883
1346;1054;292;10:54:49.661883
1567;1120;447;10:54:49.661883
1819;1325;494;10:54:49.661883
2084;1712;372;10:54:49.661883
2309;2020;289;10:54:49.661883
2455;2454;1;10:54:49.661883
2671;2647;24;10:54:49.661883
2961;3037;-76;10:54:49.661883
2988;3358;-370;10:54:49.661883
2858;3436;-578;10:54:49.661883
2835;3452;-617;10:54:49.661883
3043;3417;-374;10:54:49.661883
3010;3324;-314;10:54:49.661883
2997;3322;-325;10:54:49.661883
2846;2951;-105;10:54:49.661883
2794;2736;58;10:54:49.661883
2608;2463;145;10:54:49.661883
2268;2375;-107;10:54:49.661883
2114;2183;-69;10:54:49.661883
2029;1649;380;10:54:49.661883
1867;1488;379;10:54:49.661883
1542;1205;337;10:54:49.661883
1257;1102;155;10:54:49.661883
990;1037;-47;10:54:49.661883
1030;915;115;10:54:49.661883
866;945;-79;10:54:49.661883
897;1089;-192;10:54:49.661883
831;961;-130;10:54:49.661883
716;1007;-291;10:54:49.661883
1126;1313;-187;10:54:49.661883
1230;1478;-248;10:54:49.661883
1431;1630;-199;10:54:49.661883
1747;1781;-34;10:54:49.661883
2009;2199;-190;10:54:49.661883
2105;2300;-195;10:54:49.661883
2033;2538;-505;10:54:49.661883
2028;2433;-405;10:54:49.661883
2163;2438;-275;10:54:49.661883
2001;2472;-471;10:54:49.661883
1873;2199;-326;10:54:49.661883
1862;1960;-98;10:54:49.661883
1777;1818;-41;10:54:49.661883
1660;1758;-98;10:54:49.661883
1612;1679;-67;10:54:49.661883
1592;1778;-186;10:54:49.661883
1690;1869;-179;10:54:49.661883
2002;2048;-46;10:54:49.661883
2338;2141;197;10:54:49.661883
2344;2220;124;10:54:49.661883
2490;2318;172;10:54:49.661883
2626;2327;299;10:54:49.661883
2612;2473;139;10:54:49.661883
2595;2587;8;10:54:49.661883
2355;2670;-315;10:54:49.661883
2286;2634;-348;10:54:49.661883
2274;2672;-398;10:54:49.661883
2283;2609;-326;10:54:49.661883
2181;2531;-350;10:54:49.661883
2150;2348;-198;10:54:49.661883
1910;2048;-138;10:54:49.661883
1811;1848;-37;10:54:49.661883
1636;1533;103;10:54:49.661883
1460;1254;206;10:54:49.661883
1271;1190;81;10:54:49.661883
1291;943;348;10:54:49.661883
1191;828;363;10:54:49.661883
1183;876;307;10:54:49.661883
1035;950;85;10:54:49.661883
934;944;-10;10:54:49.661883
1074;1029;45;10:54:49.661883
1264;1244;20;10:54:49.661883
1264;1386;-122;10:54:49.661883
1241;1711;-470;10:54:49.661883
1351;2123;-772;10:54:49.661883
1634;2439;-805;10:54:49.661883
1855;2474;-619;10:54:49.661883
2014;2605;-591;10:54:49.661883
2065;2582;-517;10:54:49.661883
2040;2484;-444;10:54:49.661883
2005;2373;-368;10:54:49.661883
1918;2176;-258;10:54:49.661883
1893;1847;46;10:54:49.661883
1770;1656;114;10:54:49.661883
1578;1339;239;10:54:49.661883
1307;1075;232;10:54:49.661883
987;837;150;10:54:49.661883
860;661;199;10:54:49.661883
792;537;255;10:54:49.661883
637;652;-15;10:54:49.661883
640;671;-31;10:54:49.661883
674;714;-40;10:54:49.661883
686;916;-230;10:54:49.661883
910;1004;-94;10:54:49.661883
943;1273;-330;10:54:49.661883
1025;1506;-481;10:54:49.661883
1275;1787;-512;10:54:49.661883
1716;2045;-329;10:54:49.661883
1910;2320;-410;10:54:49.661883
2069;2527;-458;10:54:49.661883
2097;2749;-652;10:54:49.661883
2215;2844;-629;10:54:49.661883
2364;2823;-459;10:54:49.661883
2369;2645;-276;10:54:49.661883
2302;2591;-289;10:54:49.661883
2242;2485;-243;10:54:49.661883
2232;2175;57;10:54:49.661883
2353;1969;384;10:54:49.661883
2275;1780;495;10:54:49.661883
2219;1803;416;10:54:49.661883
2117;1795;322;10:54:49.661883
2170;1704;466;10:54:49.661883
1934;1651;283;10:54:49.661883
1918;1699;219;10:54:49.661883
1932;1856;76;10:54:49.661883
1813;2050;-237;10:54:49.661883
1878;2367;-489;10:54:49.661883
1890;2434;-544;10:54:49.661883
2065;2663;-598;10:54:49.661883
1948;2622;-674;10:54:49.661883
1936;2723;-787;10:54:49.661883
1993;2527;-534;10:54:49.661883
2096;2103;-7;10:54:49.661883
1994;1925;69;10:54:49.661883
1895;1650;245;10:54:49.661883
1716;1510;206;10:54:49.661883
1431;1211;220;10:54:49.661883
1148;955;193;10:54:49.661883
837;678;159;10:54:49.661883
670;534;136;10:54:49.661883
592;350;242;10:54:49.661883
513;453;60;10:54:49.661883
441;551;-110;10:54:49.661883
438;741;-303;10:54:49.661883
498;908;-410;10:54:49.661883
688;1074;-386;10:54:49.661883
911;1435;-524;10:54:49.661883
1453;1709;-256;10:54:49.661883
1777;1971;-194;10:54:49.661883
2208;2371;-163;10:54:49.661883
2427;2518;-91;10:54:49.661883
2559;2793;-234;10:54:49.661883
2793;3074;-281;10:54:49.661883
2991;3210;-219;10:54:49.661883
3060;3156;-96;10:54:49.661883
3031;3122;-91;10:54:49.661883
2854;3139;-285;10:54:49.661883
2804;3180;-376;10:54:49.661883
2697;3072;-375;10:54:49.661883
2484;2779;-295;10:54:49.661883
2305;2695;-390;10:54:49.661883
2124;2391;-267;10:54:49.661883
1916;2101;-185;10:54:49.661883
1663;1716;-53;10:54:49.661883
1472;1393;79;10:54:49.661883
1385;1012;373;10:54:49.661883
1042;947;95;10:54:49.661883
890;795;95;10:54:49.661883
920;642;278;10:54:49.661883
871;741;130;10:54:49.661883
1045;1044;1;10:54:49.661883
1104;1246;-142;10:54:49.661883
1322;1451;-129;10:54:49.661883
1552;1599;-47;10:54:49.661883
1745;1805;-60;10:54:49.661883
1844;1944;-100;10:54:49.661883
1944;2066;-122;10:54:49.661883
2081;2182;-101;10:54:49.661883
2026;2314;-288;10:54:49.661883
2044;2394;-350;10:54:49.661883
2111;2277;-166;10:54:49.661883
2213;2233;-20;10:54:49.661883
2269;2257;12;10:54:49.661883
2241;2332;-91;10:54:49.661883
2393;2349;44;10:54:49.661883
2523;2218;305;10:54:49.661883
2388;2290;98;10:54:49.661883
2343;2362;-19;10:54:49.661883
2251;2386;-135;10:54:49.661883
2164;2388;-224;10:54:49.661883
2088;2242;-154;10:54:49.661883
1953;2337;-384;10:54:49.661883
1852;2409;-557;10:54:49.661883
1925;2319;-394;10:54:49.661883
1958;2158;-200;10:54:49.661883
1954;2038;-84;10:54:49.661883
1984;1858;126;10:54:49.661883
2011;1878;133;10:54:49.661883
1958;1836;122;10:54:49.661883
2045;1847;198;10:54:49.661883
2117;2008;109;10:54:49.661883
2035;2116;-81;10:54:49.661883
1938;2277;-339;10:54:49.661883
1911;2191;-280;10:54:49.661883
1979;2068;-89;10:54:49.661883
2029;1917;112;10:54:49.661883
1993;1871;122;10:54:49.661883
1946;1879;67;10:54:49.661883
1943;1753;190;10:54:49.661883
1851;1718;133;10:54:49.661883
1768;1758;10;10:54:49.661883
1670;1877;-207;10:54:49.661883
1403;1773;-370;10:54:49.661883
1175;1701;-526;10:54:49.661883
1075;1628;-553;10:54:49.661883
1104;1490;-386;10:54:49.661883
1120;1375;-255;10:54:49.661883
1090;1224;-134;10:54:49.661883
1019;1198;-179;10:54:49.661883
994;1083;-89;10:54:49.661883
997;1195;-198;10:54:49.661883
898;1177;-279;10:54:49.661883
798;1290;-492;10:54:49.661883
906;1266;-360;10:54:49.661883
975;1430;-455;10:54:49.661883
1138;1388;-250;10:54:49.661883
1376;1400;-24;10:54:49.661883
1567;1545;22;10:54:49.661883
1733;1767;-34;10:54:49.661883
1878;1958;-80;10:54:49.661883
2041;2151;-110;10:54:49.661883
2267;2382;-115;10:54:49.661883
2428;2668;-240;10:54:49.661883
2720;2860;-140;10:54:49.661883
2937;3096;-159;10:54:49.661883
3065;3229;-164;10:54:49.661883
3104;3160;-56;10:54:49.661883
3106;3035;71;10:54:49.661883
3011;2749;262;10:54:49.661883
2886;2557;329;10:54:49.661883
2599;2414;185;10:54:49.661883
2401;2204;197;10:54:49.661883
2042;2029;13;10:54:49.661883
1852;1738;114;10:54:49.661883
1525;1658;-133;10:54:49.661883
1242;1442;-200;10:54:49.661883
1071;1313;-242;10:54:49.661883
1018;1180;-162;10:54:49.661883
929;1063;-134;10:54:49.661883
863;1155;-292;10:54:49.661883
949;1088;-139;10:54:49.661883
1146;1074;72;10:54:49.661883
1220;1108;112;10:54:49.661883
1292;1294;-2;10:54:49.661883
1467;1490;-23;10:54:49.661883
1563;1737;-174;10:54:49.661883
1724;1991;-267;10:54:49.661883
1849;2199;-350;10:54:49.661883
2088;2345;-257;10:54:49.661883
2245;2431;-186;10:54:49.661883
2306;2409;-103;10:54:49.661883
2261;2352;-91;10:54:49.661883
2187;2312;-125;10:54:49.661883
2168;2176;-8;10:54:49.661883
2066;2119;-53;10:54:49.661883
1968;2028;-60;10:54:49.661883
1813;1910;-97;10:54:49.661883
1612;1818;-206;10:54:49.661883
1524;1768;-244;10:54:49.661883
1357;1618;-261;10:54:49.661883
1181;1469;-288;10:54:49.661883
1057;1286;-229;10:54:49.661883
969;1104;-135;10:54:49.661883
876;1013;-137;10:54:49.661883
848;786;62;10:54:49.661883
798;726;72;10:54:49.661883
792;822;-30;10:54:49.661883
949;932;17;10:54:49.661883
1101;1096;5;10:54:49.661883
1310;1264;46;10:54:49.661883
1481;1370;111;10:54:49.661883
1661;1602;59;10:54:49.661883
1803;1881;-78;10:54:49.661883
1873;2104;-231;10:54:49.661883
2007;2416;-409;10:54:49.661883
2162;2657;-495;10:54:49.661883
2101;2947;-846;10:54:49.661883
2157;2943;-786;10:54:49.661883
2197;2991;-794;10:54:49.661883
2219;2730;-511;10:54:49.661883
2264;2560;-296;10:54:49.661883
2201;2287;-86;10:54:49.661883
2131;2011;120;10:54:49.661883
1887;1673;214;10:54:49.661883
1698;1551;147;10:54:49.661883
1432;1294;138;10:54:49.661883
1454;1272;182;10:54:49.661883
1471;1280;191;10:54:49.661883
1470;1381;89;10:54:49.661883
1419;1397;22;10:54:49.661883
1359;1430;-71;10:54:49.661883
1274;1468;-194;10:54:49.661883
1169;1499;-330;10:54:49.661883
1226;1586;-360;10:54:49.661883
1198;1552;-354;10:54:49.661883
1114;1586;-472;10:54:49.661883
1271;1608;-337;10:54:49.661883
1498;1752;-254;10:54:49.661883
1635;1869;-234;10:54:49.661883
1777;1998;-221;10:54:49.661883
1920;2065;-145;10:54:49.661883
2104;2114;-10;10:54:49.661883
2282;2136;146;10:54:49.661883
2249;2213;36;10:54:49.661883
2149;2248;-99;10:54:49.661883
2093;2141;-48;10:54:49.661883
2027;2105;-78;10:54:49.661883
1882;1980;-98;10:54:49.661883
1727;1906;-179;10:54:49.661883
1684;1705;-21;10:54:49.661883
1693;1560;133;10:54:49.661883
1677;1611;66;10:54:49.661883
1738;1582;156;10:54:49.661883
1739;1703;36;10:54:49.661883
1742;1838;-96;10:54:49.661883
1800;2040;-240;10:54:49.661883
1854;2303;-449;10:54:49.661883
1935;2418;-483;10:54:49.661883
2142;2574;-432;10:54:49.661883
2306;2653;-347;10:54:49.661883
2425;2753;-328;10:54:49.661883
2426;2883;-457;10:54:49.661883
2532;2775;-243;10:54:49.661883
2547;2659;-112;10:54:49.661883
2476;2644;-168;10:54:49.661883
2369;2517;-148;10:54:49.661883
2268;2428;-160;10:54:49.661883
2130;2130;0;10:54:49.661883
2018;2009;9;10:54:49.661883
1846;1759;87;10:54:49.661883
1736;1509;227;10:54:49.661883
1630;1273;357;10:54:49.661883
1494;1080;414;10:54:49.661883
1367;1061;306;10:54:49.661883
1261;981;280;10:54:49.661883
1070;957;113;10:54:49.661883
959;1022;-63;10:54:49.661883
924;1175;-251;10:54:49.661883
1078;1383;-305;10:54:49.661883
1154;1548;-394;10:54:49.661883
1319;1713;-394;10:54:49.661883
1521;1854;-333;10:54:49.661883
1708;1967;-259;10:54:49.661883
1883;2122;-239;10:54:49.661883
2094;2256;-162;10:54:49.661883
2270;2334;-64;10:54:49.661883
2442;2483;-41;10:54:49.661883
2654;2618;36;10:54:49.661883
2780;2723;57;10:54:49.661883
2753;2846;-93;10:54:49.661883
2796;2904;-108;10:54:49.661883
2731;2785;-54;10:54:49.661883
2658;2617;41;10:54:49.661883
2501;2532;-31;10:54:49.661883
2373;2319;54;10:54:49.661883
2225;2178;47;10:54:49.661883
2083;2032;51;10:54:49.661883
1981;1955;26;10:54:49.661883
1806;1958;-152;10:54:49.661883
1744;1899;-155;10:54:49.661883
1720;1958;-238;10:54:49.661883
1695;1805;-110;10:54:49.661883
1663;1788;-125;10:54:49.661883
1572;1802;-230;10:54:49.661883
1458;1844;-386;10:54:49.661883
1414;1760;-346;10:54:49.661883
1316;1753;-437;10:54:49.661883
1252;1607;-355;10:54:49.661883
1185;1445;-260;10:54:49.661883
1127;1274;-147;10:54:49.661883
1032;1116;-84;10:54:49.661883
1051;936;115;10:54:49.661883
1041;943;98;10:54:49.661883
1016;982;34;10:54:49.661883
1041;980;61;10:54:49.661883
1237;1063;174;10:54:49.661883
1367;1188;179;10:54:49.661883
1590;1318;272;10:54:49.661883
1760;1506;254;10:54:49.661883
1842;1771;71;10:54:49.661883
1890;2006;-116;10:54:49.661883
1828;2242;-414;10:54:49.661883
1801;2400;-599;10:54:49.661883
1796;2441;-645;10:54:49.661883
1874;2488;-614;10:54:49.661883
1936;2471;-535;10:54:49.661883
2049;2493;-444;10:54:49.661883
2234;2531;-297;10:54:49.661883
2237;2606;-369;10:54:49.661883
2316;2541;-225;10:54:49.661883
2308;2439;-131;10:54:49.661883
2270;2412;-142;10:54:49.661883
2247;2275;-28;10:54:49.661883
2054;2073;-19;10:54:49.661883
2051;1907;144;10:54:49.661883
1870;1790;80;10:54:49.661883
1740;1652;88;10:54:49.661883
1612;1516;96;10:54:49.661883
1475;1376;99;10:54:49.661883
1522;1383;139;10:54:49.661883
1549;1415;134;10:54:49.661883
1568;1499;69;10:54:49.661883
1638;1616;22;10:54:49.661883
1788;1778;10;10:54:49.661883
1924;1996;-72;10:54:49.661883
2126;2205;-79;10:54:49.661883
2194;2349;-155;10:54:49.661883
2252;2500;-248;10:54:49.661883
2300;2561;-261;10:54:49.661883
2338;2525;-187;10:54:49.661883
2268;2423;-155;10:54:49.661883
2179;2283;-104;10:54:49.661883
2094;2143;-49;10:54:49.661883
1909;1892;17;10:54:49.661883
1713;1728;-15;10:54:49.661883
1508;1581;-73;10:54:49.661883
1380;1453;-73;10:54:49.661883
1303;1270;33;10:54:49.661883
1114;1161;-47;10:54:49.661883
1025;1094;-69;10:54:49.661883
995;1032;-37;10:54:49.661883
1001;1054;-53;10:54:49.661883
1055;1115;-60;10:54:49.661883
1071;1182;-111;10:54:49.661883
1149;1303;-154;10:54:49.661883
1236;1483;-247;10:54:49.661883
1360;1678;-318;10:54:49.661883
1487;1839;-352;10:54:49.661883
1646;2057;-411;10:54:49.661883
1745;2165;-420;10:54:49.661883
1893;2229;-336;10:54:49.661883
1943;2240;-297;10:54:49.661883
1884;2202;-318;10:54:49.661883
1889;2078;-189;10:54:49.661883
1789;2016;-227;10:54:49.661883
1682;1842;-160;10:54:49.661883
1598;1704;-106;10:54:49.661883
1499;1492;7;10:54:49.661883
1454;1315;139;10:54:49.661883
1269;1204;65;10:54:49.661883
1121;1096;25;10:54:49.661883
1021;1001;20;10:54:49.661883
922;962;-40;10:54:49.661883
866;896;-30;10:54:49.661883
859;952;-93;10:54:49.661883
831;1073;-242;10:54:49.661883
925;1189;-264;10:54:49.661883
1102;1430;-328;10:54:49.661883
1304;1699;-395;10:54:49.661883
1522;1879;-357;10:54:49.661883
1732;2104;-372;10:54:49.661883
1951;2294;-343;10:54:49.661883
2143;2395;-252;10:54:49.661883
2298;2448;-150;10:54:49.661883
2382;2550;-168;10:54:49.661883
2433;2647;-214;10:54:49.661883
2451;2670;-219;10:54:49.661883
2413;2622;-209;10:54:49.661883
2438;2557;-119;10:54:49.661883
2453;2430;23;10:54:49.661883
2383;2335;48;10:54:49.661883
2314;2150;164;10:54:49.661883
2220;2128;92;10:54:49.661883
2052;2040;12;10:54:49.661883
2011;1900;111;10:54:49.661883
1920;1867;53;10:54:49.661883
1822;1803;19;10:54:49.661883
1750;1778;-28;10:54:49.661883
1682;1777;-95;10:54:49.661883
1630;1673;-43;10:54:49.661883
1622;1724;-102;10:54:49.661883
1628;1681;-53;10:54:49.661883
1610;1753;-143;10:54:49.661883
1591;1784;-193;10:54:49.661883
1601;1780;-179;10:54:49.661883
1583;1765;-182;10:54:49.661883
1511;1795;-284;10:54:49.661883
1450;1776;-326;10:54:49.661883
1475;1762;-287;10:54:49.661883
1557;1822;-265;10:54:49.661883
1645;1785;-140;10:54:49.661883
1699;1749;-50;10:54:49.661883
1729;1797;-68;10:54:49.661883
1783;1781;2;10:54:49.661883
1856;1778;78;10:54:49.661883
1909;1837;72;10:54:49.661883
1933;1905;28;10:54:49.661883
2030;2043;-13;10:54:49.661883
2091;2235;-144;10:54:49.661883
2139;2362;-223;10:54:49.661883
2273;2545;-272;10:54:49.661883
2401;2693;-292;10:54:49.661883
2564;2843;-279;10:54:49.661883
2562;2898;-336;10:54:49.661883
2546;2821;-275;10:54:49.661883
2468;2776;-308;10:54:49.661883
2431;2611;-180;10:54:49.661883
2306;2369;-63;10:54:49.661883
2150;2208;-58;10:54:49.661883
1988;2030;-42;10:54:49.661883
1895;1883;12;10:54:49.661883
1823;1722;101;10:54:49.661883
1712;1591;121;10:54:49.661883
1561;1539;22;10:54:49.661883
1467;1481;-14;10:54:49.661883
1333;1401;-68;10:54:49.661883
1270;1276;-6;10:54:49.661883
1282;1252;30;10:54:49.661883
1241;1232;9;10:54:49.661883
1227;1246;-19;10:54:49.661883
1219;1288;-69;10:54:49.661883
1340;1413;-73;10:54:49.661883
1380;1548;-168;10:54:49.661883
1484;1635;-151;10:54:49.661883
1513;1735;-222;10:54:49.661883
1595;1789;-194;10:54:49.661883
1740;1850;-110;10:54:49.661883
1767;1896;-129;10:54:49.661883
1835;1862;-27;10:54:49.661883
1861;1989;-128;10:54:49.661883
1897;2076;-179;10:54:49.661883
1913;2080;-167;10:54:49.661883
1961;2123;-162;10:54:49.661883
2045;2203;-158;10:54:49.661883
2170;2270;-100;10:54:49.661883
2237;2349;-112;10:54:49.661883
2280;2356;-76;10:54:49.661883
2336;2406;-70;10:54:49.661883
2339;2329;10;10:54:49.661883
2311;2248;63;10:54:49.661883
2188;2201;-13;10:54:49.661883
2084;2160;-76;10:54:49.661883
1986;2073;-87;10:54:49.661883
2010;2109;-99;10:54:49.661883
2044;2105;-61;10:54:49.661883
2026;2073;-47;10:54:49.661883
2035;2127;-92;10:54:49.661883
1999;2050;-51;10:54:49.661883
1970;2006;-36;10:54:49.661883
1877;1955;-78;10:54:49.661883
1776;1872;-96;10:54:49.756102
1661;1803;-142;10:54:49.756102
1585;1762;-177;10:54:49.756102
1434;1752;-318;10:54:49.756102
1304;1627;-323;10:54:49.756102
1216;1491;-275;10:54:49.756102
1057;1357;-300;10:54:49.756102
1032;1157;-125;10:54:49.756102
1041;1043;-2;10:54:49.756102
1022;994;28;10:54:49.756102
1076;1003;73;10:54:49.756102
1144;1133;11;10:54:49.756102
1251;1297;-46;10:54:49.756102
1446;1512;-66;10:54:49.756102
1624;1730;-106;10:54:49.756102
1813;1954;-141;10:54:49.756102
2012;2167;-155;10:54:49.756102
2170;2362;-192;10:54:49.756102
2264;2403;-139;10:54:49.756102
2412;2519;-107;10:54:49.756102
2478;2537;-59;10:54:49.756102
2490;2634;-144;10:54:49.756102
2502;2705;-203;10:54:49.756102
2546;2838;-292;10:54:49.756102
2557;2811;-254;10:54:49.756102
2498;2810;-312;10:54:49.756102
2415;2678;-263;10:54:49.756102
2372;2488;-116;10:54:49.756102
2243;2358;-115;10:54:49.756102
2069;2129;-60;10:54:49.756102
1901;1861;40;10:54:49.756102
1758;1677;81;10:54:49.756102
1635;1464;171;10:54:49.756102
1441;1364;77;10:54:49.756102
1368;1373;-5;10:54:49.756102
1334;1348;-14;10:54:49.756102
1329;1307;22;10:54:49.756102
1327;1349;-22;10:54:49.756102
1325;1306;19;10:54:49.756102
1303;1371;-68;10:54:49.756102
1258;1306;-48;10:54:49.756102
1256;1407;-151;10:54:49.756102
1300;1447;-147;10:54:49.756102
1417;1594;-177;10:54:49.756102
1481;1710;-229;10:54:49.756102
1607;1844;-237;10:54:49.756102
1673;1944;-271;10:54:49.756102
1774;1962;-188;10:54:49.756102
1861;2002;-141;10:54:49.756102
1839;1928;-89;10:54:49.756102
1800;1925;-125;10:54:49.756102
1740;1862;-122;10:54:49.756102
1662;1847;-185;10:54:49.756102
1567;1743;-176;10:54:49.756102
1419;1598;-179;10:54:49.756102
1380;1515;-135;10:54:49.756102
1320;1445;-125;10:54:49.756102
1259;1396;-137;10:54:49.756102
1190;1380;-190;10:54:49.756102
1160;1352;-192;10:54:49.756102
1242;1379;-137;10:54:49.756102
1290;1425;-135;10:54:49.756102
1290;1498;-208;10:54:49.756102
1290;1588;-298;10:54:49.756102
1392;1675;-283;10:54:49.756102
1433;1827;-394;10:54:49.756102
1512;1960;-448;10:54:49.756102
1603;2003;-400;10:54:49.756102
1691;2020;-329;10:54:49.756102
1790;2013;-223;10:54:49.756102
1832;1981;-149;10:54:49.756102
1813;1885;-72;10:54:49.756102
1852;1808;44;10:54:49.756102
1855;1731;124;10:54:49.756102
1823;1651;172;10:54:49.756102
1828;1598;230;10:54:49.756102
1812;1656;156;10:54:49.756102
1803;1702;101;10:54:49.756102
1825;1767;58;10:54:49.756102
1796;1810;-14;10:54:49.756102
1789;1884;-95;10:54:49.756102
1762;2015;-253;10:54:49.756102
1755;2080;-325;10:54:49.756102
1761;2130;-369;10:54:49.756102
1794;2187;-393;10:54:49.756102
1793;2224;-431;10:54:49.756102
1826;2179;-353;10:54:49.756102
1820;2094;-274;10:54:49.756102
1814;2018;-204;10:54:49.756102
1830;1967;-137;10:54:49.756102
1839;1962;-123;10:54:49.756102
1853;1989;-136;10:54:49.756102
1848;1974;-126;10:54:49.756102
1857;1952;-95;10:54:49.756102
1882;1925;-43;10:54:49.756102
1894;1948;-54;10:54:49.756102
1914;1865;49;10:54:49.756102
1878;1813;65;10:54:49.756102
1810;1860;-50;10:54:49.756102
1792;1890;-98;10:54:49.756102
1850;1909;-59;10:54:49.756102
1907;1927;-20;10:54:49.756102
1972;1973;-1;10:54:49.756102
2042;1954;88;10:54:49.756102
2040;1963;77;10:54:49.756102
1976;1964;12;10:54:49.756102
1971;1902;69;10:54:49.756102
1967;1922;45;10:54:49.756102
1849;1973;-124;10:54:49.756102
1815;2017;-202;10:54:49.756102
1734;2026;-292;10:54:49.756102
1634;2018;-384;10:54:49.756102
1589;2079;-490;10:54:49.756102
1573;2035;-462;10:54:49.756102
1563;1997;-434;10:54:49.756102
1605;1891;-286;10:54:49.756102
1638;1798;-160;10:54:49.756102
1660;1730;-70;10:54:49.756102
1667;1682;-15;10:54:49.756102
1709;1640;69;10:54:49.756102
1772;1656;116;10:54:49.756102
1800;1719;81;10:54:49.756102
1892;1826;66;10:54:49.756102
1976;1944;32;10:54:49.756102
2004;2030;-26;10:54:49.756102
2025;2162;-137;10:54:49.756102
2105;2257;-152;10:54:49.756102
2167;2345;-178;10:54:49.756102
2203;2430;-227;10:54:49.756102
2191;2464;-273;10:54:49.756102
2165;2441;-276;10:54:49.756102
2175;2457;-282;10:54:49.756102
2147;2404;-257;10:54:49.756102
2079;2309;-230;10:54:49.756102
2013;2188;-175;10:54:49.756102
1995;2021;-26;10:54:49.756102
1902;1919;-17;10:54:49.756102
1792;1689;103;10:54:49.756102
1626;1510;116;10:54:49.756102
1516;1405;111;10:54:49.756102
1462;1296;166;10:54:49.756102
1342;1271;71;10:54:49.756102
1315;1276;39;10:54:49.756102
1298;1264;34;10:54:49.756102
1285;1234;51;10:54:49.756102
1269;1266;3;10:54:49.756102
1236;1320;-84;10:54:49.756102
1275;1397;-122;10:54:49.756102
1355;1493;-138;10:54:49.756102
1432;1548;-116;10:54:49.756102
1520;1735;-215;10:54:49.756102
1633;1857;-224;10:54:49.756102
1802;1978;-176;10:54:49.756102
1929;2110;-181;10:54:49.756102
2083;2241;-158;10:54:49.756102
2119;2365;-246;10:54:49.756102
2155;2452;-297;10:54:49.756102
2240;2525;-285;10:54:49.756102
2315;2575;-260;10:54:49.756102
2338;2551;-213;10:54:49.756102
2321;2562;-241;10:54:49.756102
2293;2514;-221;10:54:49.756102
2293;2373;-80;10:54:49.756102
2202;2271;-69;10:54:49.756102
2161;2199;-38;10:54:49.756102
2083;2103;-20;10:54:49.756102
2082;2000;82;10:54:49.756102
2069;1977;92;10:54:49.756102
2019;1941;78;10:54:49.756102
1907;1919;-12;10:54:49.756102
1806;1866;-60;10:54:49.756102
1789;1823;-34;10:54:49.756102
1751;1798;-47;10:54:49.756102
1720;1767;-47;10:54:49.756102
1675;1777;-102;10:54:49.756102
1587;1765;-178;10:54:49.756102
1577;1800;-223;10:54:49.756102
1536;1811;-275;10:54:49.756102
1469;1750;-281;10:54:49.756102
1448;1701;-253;10:54:49.756102
1433;1578;-145;10:54:49.756102
1449;1468;-19;10:54:49.756102
1455;1422;33;10:54:49.756102
1418;1379;39;10:54:49.756102
1389;1376;13;10:54:49.756102
1370;1364;6;10:54:49.756102
1445;1436;9;10:54:49.756102
1436;1505;-69;10:54:49.756102
1437;1649;-212;10:54:49.756102
1546;1771;-225;10:54:49.756102
1657;1921;-264;10:54:49.756102
1786;2080;-294;10:54:49.756102
1844;2184;-340;10:54:49.756102
1962;2226;-264;10:54:49.756102
2078;2254;-176;10:54:49.756102
2121;2263;-142;10:54:49.756102
2176;2279;-103;10:54:49.756102
2272;2259;13;10:54:49.756102
2308;2321;-13;10:54:49.756102
2315;2430;-115;10:54:49.756102
2301;2455;-154;10:54:49.756102
2311;2475;-164;10:54:49.756102
2320;2427;-107;10:54:49.756102
2276;2324;-48;10:54:49.756102
2139;2253;-114;10:54:49.756102
1997;2085;-88;10:54:49.756102
1856;1962;-106;10:54:49.756102
1720;1746;-26;10:54:49.756102
1581;1650;-69;10:54:49.756102
1407;1471;-64;10:54:49.756102
1329;1358;-29;10:54:49.756102
1248;1194;54;10:54:49.756102
1192;1153;39;10:54:49.756102
1110;1103;7;10:54:49.756102
1115;1108;7;10:54:49.756102
1159;1209;-50;10:54:49.756102
1181;1262;-81;10:54:49.756102
1212;1358;-146;10:54:49.756102
1238;1477;-239;10:54:49.756102
1291;1538;-247;10:54:49.756102
1319;1613;-294;10:54:49.756102
1374;1675;-301;10:54:49.756102
1454;1720;-266;10:54:49.756102
1517;1738;-221;10:54:49.756102
1525;1703;-178;10:54:49.756102
1542;1678;-136;10:54:49.756102
1554;1663;-109;10:54:49.756102
1596;1639;-43;10:54:49.756102
1587;1638;-51;10:54:49.756102
1610;1709;-99;10:54:49.756102
1626;1754;-128;10:54:49.756102
1634;1815;-181;10:54:49.756102
1667;1873;-206;10:54:49.756102
1680;1918;-238;10:54:49.756102
1717;1969;-252;10:54:49.756102
1794;2002;-208;10:54:49.756102
1812;2044;-232;10:54:49.756102
1838;2066;-228;10:54:49.756102
1822;2090;-268;10:54:49.756102
1828;2047;-219;10:54:49.756102
1867;2089;-222;10:54:49.756102
1872;2072;-200;10:54:49.756102
1867;2085;-218;10:54:49.756102
1860;2015;-155;10:54:49.756102
1827;1908;-81;10:54:49.756102
1796;1794;2;10:54:49.756102
1720;1687;33;10:54:49.756102
1630;1594;36;10:54:49.756102
1576;1532;44;10:54:49.756102
1543;1512;31;10:54:49.756102
1517;1486;31;10:54:49.756102
1514;1532;-18;10:54:49.756102
1516;1588;-72;10:54:49.756102
1591;1698;-107;10:54:49.756102
1645;1728;-83;10:54:49.756102
1783;1909;-126;10:54:49.774046
1855;1979;-124;10:54:49.774046
1976;2041;-65;10:54:49.774046
2039;2138;-99;10:54:49.774046
2072;2168;-96;10:54:49.774046
2084;2210;-126;10:54:49.774046
2099;2281;-182;10:54:49.774046
2163;2334;-171;10:54:49.774046
2161;2352;-191;10:54:49.774046
2104;2399;-295;10:54:49.774046
2108;2368;-260;10:54:49.774046
2045;2286;-241;10:54:49.774046
1998;2226;-228;10:54:49.774046
1993;2141;-148;10:54:49.774046
1954;2001;-47;10:54:49.774046
1863;1876;-13;10:54:49.774046
1729;1762;-33;10:54:49.774046
1614;1691;-77;10:54:49.774046
1556;1591;-35;10:54:49.774046
1505;1526;-21;10:54:49.774046
1456;1512;-56;10:54:49.774046
1419;1439;-20;10:54:49.774046
1428;1478;-50;10:54:49.774046
1454;1491;-37;10:54:49.774046
1496;1547;-51;10:54:49.774046
1586;1608;-22;10:54:49.774046
1600;1693;-93;10:54:49.774046
1660;1770;-110;10:54:49.774046
1731;1864;-133;10:54:49.774046
1734;1906;-172;10:54:49.774046
1740;1939;-199;10:54:49.774046
1727;1966;-239;10:54:49.774046
1750;1984;-234;10:54:49.774046
1787;1988;-201;10:54:49.774046
1821;2025;-204;10:54:49.774046
1838;2083;-245;10:54:49.774046
1904;2089;-185;10:54:49.774046
1922;2103;-181;10:54:49.774046
1903;2154;-251;10:54:49.774046
1944;2142;-198;10:54:49.774046
1970;2150;-180;10:54:49.774046
2006;2130;-124;10:54:49.774046
2023;2114;-91;10:54:49.774046
2053;2110;-57;10:54:49.774046
2041;2062;-21;10:54:49.774046
2012;2057;-45;10:54:49.774046
1951;2006;-55;10:54:49.774046
1899;1979;-80;10:54:49.774046
1860;1935;-75;10:54:49.774046
1865;1897;-32;10:54:49.774046
1843;1919;-76;10:54:49.774046
1834;1914;-80;10:54:49.774046
1798;1933;-135;10:54:49.774046
1780;1892;-112;10:54:49.774046
1756;1865;-109;10:54:49.774046
1747;1831;-84;10:54:49.774046
1753;1791;-38;10:54:49.774046
1754;1760;-6;10:54:49.774046
1749;1733;16;10:54:49.774046
1727;1710;17;10:54:49.774046
1719;1731;-12;10:54:49.774046
1717;1792;-75;10:54:49.774046
1761;1777;-16;10:54:49.774046
1763;1770;-7;10:54:49.774046
1777;1788;-11;10:54:49.774046
1749;1795;-46;10:54:49.774046
1753;1793;-40;10:54:49.774046
1779;1816;-37;10:54:49.774046
1791;1876;-85;10:54:49.774046
1759;1862;-103;10:54:49.774046
1747;1934;-187;10:54:49.774046
1779;1960;-181;10:54:49.774046
1789;2008;-219;10:54:49.774046
1832;2044;-212;10:54:49.774046
1902;2111;-209;10:54:49.774046
1959;2136;-177;10:54:49.774046
2015;2170;-155;10:54:49.774046
2052;2240;-188;10:54:49.774046
2123;2303;-180;10:54:49.774046
2145;2344;-199;10:54:49.774046
2165;2327;-162;10:54:49.774046
2174;2302;-128;10:54:49.774046
2147;2290;-143;10:54:49.774046
2112;2186;-74;10:54:49.774046
2096;2138;-42;10:54:49.774046
2054;2064;-10;10:54:49.774046
2036;1977;59;10:54:49.774046
1946;1898;48;10:54:49.774046
1893;1821;72;10:54:49.774046
1825;1790;35;10:54:49.774046
1754;1765;-11;10:54:49.774046
1680;1718;-38;10:54:49.774046
1591;1696;-105;10:54:49.774046
1504;1634;-130;10:54:49.774046
1431;1636;-205;10:54:49.774046
1342;1559;-217;10:54:49.774046
1303;1500;-197;10:54:49.774046
1275;1443;-168;10:54:49.774046
1282;1406;-124;10:54:49.774046
1245;1368;-123;10:54:49.774046
1270;1339;-69;10:54:49.774046
1292;1409;-117;10:54:49.774046
1319;1464;-145;10:54:49.774046
1390;1582;-192;10:54:49.774046
1463;1663;-200;10:54:49.774046
1542;1752;-210;10:54:49.774046
1625;1845;-220;10:54:49.774046
1752;1929;-177;10:54:49.774046
1897;2031;-134;10:54:49.774046
1969;2105;-136;10:54:49.774046
2103;2191;-88;10:54:49.774046
2174;2311;-137;10:54:49.774046
2252;2354;-102;10:54:49.774046
2251;2393;-142;10:54:49.774046
2279;2359;-80;10:54:49.774046
2314;2386;-72;10:54:49.774046
2292;2330;-38;10:54:49.774046
2287;2336;-49;10:54:49.774046
2237;2315;-78;10:54:49.774046
2157;2274;-117;10:54:49.774046
2084;2221;-137;10:54:49.774046
2035;2172;-137;10:54:49.774046
1934;2054;-120;10:54:49.774046
1848;1939;-91;10:54:49.774046
1764;1839;-75;10:54:49.774046
1646;1731;-85;10:54:49.774046
1582;1593;-11;10:54:49.774046
1493;1542;-49;10:54:49.774046
1421;1455;-34;10:54:49.774046
1335;1366;-31;10:54:49.774046
1238;1281;-43;10:54:49.774046
1177;1242;-65;10:54:49.774046
1174;1238;-64;10:54:49.774046
1157;1215;-58;10:54:49.774046
1164;1239;-75;10:54:49.774046
1174;1281;-107;10:54:49.774046
1164;1308;-144;10:54:49.774046
1192;1381;-189;10:54:49.774046
1249;1441;-192;10:54:49.774046
1326;1539;-213;10:54:49.774046
1423;1615;-192;10:54:49.774046
1477;1707;-230;10:54:49.774046
1560;1788;-228;10:54:49.774046
1583;1866;-283;10:54:49.774046
1634;1938;-304;10:54:49.774046
1681;1994;-313;10:54:49.774046
1732;1971;-239;10:54:49.774046
1772;1979;-207;10:54:49.774046
1831;2025;-194;10:54:49.774046
1897;2013;-116;10:54:49.774046
1905;2021;-116;10:54:49.774046
1921;2013;-92;10:54:49.774046
1886;1999;-113;10:54:49.774046
1845;1969;-124;10:54:49.774046
1808;1899;-91;10:54:49.774046
1761;1831;-70;10:54:49.774046
1746;1789;-43;10:54:49.774046
1701;1755;-54;10:54:49.774046
1672;1767;-95;10:54:49.774046
1684;1810;-126;10:54:49.774046
1728;1854;-126;10:54:49.774046
1675;1909;-234;10:54:49.774046
1673;1915;-242;10:54:49.774046
1716;1924;-208;10:54:49.774046
1722;1923;-201;10:54:49.774046
1779;1899;-120;10:54:49.774046
1789;1885;-96;10:54:49.774046
1773;1868;-95;10:54:49.774046
1778;1882;-104;10:54:49.774046
1762;1862;-100;10:54:49.774046
1767;1852;-85;10:54:49.774046
1784;1845;-61;10:54:49.774046
1767;1829;-62;10:54:49.774046
1755;1780;-25;10:54:49.774046
1722;1732;-10;10:54:49.774046
1732;1747;-15;10:54:49.774046
1747;1756;-9;10:54:49.774046
1740;1772;-32;10:54:49.774046
1728;1765;-37;10:54:49.774046
1736;1802;-66;10:54:49.774046
1751;1857;-106;10:54:49.774046
1780;1917;-137;10:54:49.774046
1833;1963;-130;10:54:49.774046
1876;2008;-132;10:54:49.774046
1880;2052;-172;10:54:49.774046
1888;2103;-215;10:54:49.774046
1924;2112;-188;10:54:49.774046
1922;2124;-202;10:54:49.774046
1926;2119;-193;10:54:49.774046
1881;2121;-240;10:54:49.774046
1805;2064;-259;10:54:49.774046
1786;1992;-206;10:54:49.774046
1742;1946;-204;10:54:49.774046
1699;1849;-150;10:54:49.774046
1615;1738;-123;10:54:49.774046
1549;1608;-59;10:54:49.774046
1517;1531;-14;10:54:49.774046
1492;1469;23;10:54:49.774046
1469;1442;27;10:54:49.774046
1460;1477;-17;10:54:49.774046
1514;1553;-39;10:54:49.774046
1565;1637;-72;10:54:49.774046
1661;1748;-87;10:54:49.774046
1722;1866;-144;10:54:49.774046
1774;1992;-218;10:54:49.774046
1828;2068;-240;10:54:49.774046
1889;2147;-258;10:54:49.774046
1926;2161;-235;10:54:49.774046
1970;2190;-220;10:54:49.774046
1961;2178;-217;10:54:49.774046
1994;2157;-163;10:54:49.774046
2026;2127;-101;10:54:49.774046
2073;2103;-30;10:54:49.774046
2083;2096;-13;10:54:49.774046
2059;2086;-27;10:54:49.774046
2037;2083;-46;10:54:49.774046
2023;2076;-53;10:54:49.774046
2029;2086;-57;10:54:49.774046
2051;2087;-36;10:54:49.774046
2036;2089;-53;10:54:49.774046
2022;2114;-92;10:54:49.774046
1964;2097;-133;10:54:49.774046
1929;2064;-135;10:54:49.774046
1933;2035;-102;10:54:49.774046
1920;1996;-76;10:54:49.774046
1895;1990;-95;10:54:49.774046
1864;1937;-73;10:54:49.774046
1825;1844;-19;10:54:49.774046
1777;1781;-4;10:54:49.774046
1713;1744;-31;10:54:49.774046
1672;1718;-46;10:54:49.774046
1674;1706;-32;10:54:49.774046
1668;1721;-53;10:54:49.774046
1684;1745;-61;10:54:49.774046
1695;1740;-45;10:54:49.774046
1707;1814;-107;10:54:49.774046
1714;1828;-114;10:54:49.774046
1724;1870;-146;10:54:49.774046
1785;1882;-97;10:54:49.774046
1817;1918;-101;10:54:49.774046
1840;1891;-51;10:54:49.774046
1860;1904;-44;10:54:49.774046
1880;1895;-15;10:54:49.774046
1876;1887;-11;10:54:49.774046
1858;1922;-64;10:54:49.774046
1900;1973;-73;10:54:49.774046
1905;2043;-138;10:54:49.774046
1962;2092;-130;10:54:49.774046
2011;2148;-137;10:54:49.774046
2003;2195;-192;10:54:49.774046
2016;2231;-215;10:54:49.774046
2002;2258;-256;10:54:49.774046
1986;2238;-252;10:54:49.774046
1963;2191;-228;10:54:49.774046
1922;2134;-212;10:54:49.774046
1845;1984;-139;10:54:49.774046
1782;1882;-100;10:54:49.774046
1735;1810;-75;10:54:49.774046
1699;1734;-35;10:54:49.774046
1651;1677;-26;10:54:49.774046
1654;1637;17;10:54:49.774046
1680;1625;55;10:54:49.774046
1662;1621;41;10:54:49.774046
1637;1650;-13;10:54:49.774046
1628;1703;-75;10:54:49.774046
1627;1760;-133;10:54:49.774046
1647;1823;-176;10:54:49.774046
1654;1844;-190;10:54:49.774046
1635;1843;-208;10:54:49.774046
1622;1763;-141;10:54:49.774046
1587;1758;-171;10:54:49.774046
1575;1700;-125;10:54:49.774046
1550;1650;-100;10:54:49.774046
1547;1605;-58;10:54:49.774046
1541;1603;-62;10:54:49.774046
1545;1629;-84;10:54:49.774046
1568;1648;-80;10:54:49.774046
1577;1714;-137;10:54:49.774046
1628;1774;-146;10:54:49.774046
1700;1822;-122;10:54:49.774046
1738;1903;-165;10:54:49.774046
1764;1970;-206;10:54:49.774046
1820;2004;-184;10:54:49.774046
1869;2033;-164;10:54:49.774046
1892;2050;-158;10:54:49.774046
1919;2075;-156;10:54:49.774046
1960;2121;-161;10:54:49.774046
2009;2171;-162;10:54:49.774046
2085;2216;-131;10:54:49.774046
2149;2244;-95;10:54:49.774046
2196;2280;-84;10:54:49.774046
2231;2297;-66;10:54:49.774046
2219;2294;-75;10:54:49.774046
2197;2245;-48;10:54:49.774046
2156;2190;-34;10:54:49.774046
2111;2118;-7;10:54:49.774046
2028;2041;-13;10:54:49.774046
1917;1978;-61;10:54:49.774046
1822;1902;-80;10:54:49.774046
1715;1810;-95;10:54:49.774046
1612;1713;-101;10:54:49.774046
1502;1611;-109;10:54:49.774046
1414;1494;-80;10:54:49.774046
1356;1404;-48;10:54:49.774046
1296;1310;-14;10:54:49.774046
1265;1248;17;10:54:49.774046
1202;1244;-42;10:54:49.774046
1167;1230;-63;10:54:49.774046
1163;1269;-106;10:54:49.774046
1157;1305;-148;10:54:49.774046
1156;1360;-204;10:54:49.774046
1201;1416;-215;10:54:49.774046
1243;1460;-217;10:54:49.774046
1296;1505;-209;10:54:49.774046
1361;1572;-211;10:54:49.774046
1437;1619;-182;10:54:49.774046
1471;1678;-207;10:54:49.774046
1492;1758;-266;10:54:49.774046
1526;1818;-292;10:54:49.774046
1590;1875;-285;10:54:49.774046
1653;1924;-271;10:54:49.774046
1730;1957;-227;10:54:49.774046
1803;1999;-196;10:54:49.774046
1858;2011;-153;10:54:49.774046
1917;2040;-123;10:54:49.774046
1947;2074;-127;10:54:49.774046
1986;2078;-92;10:54:49.774046
2000;2109;-109;10:54:49.774046
2042;2122;-80;10:54:49.774046
2054;2118;-64;10:54:49.774046
2022;2108;-86;10:54:49.774046
2004;2102;-98;10:54:49.774046
1940;2055;-115;10:54:49.774046
1877;1987;-110;10:54:49.774046
1802;1907;-105;10:54:49.774046
1729;1823;-94;10:54:49.774046
1677;1748;-71;10:54:49.774046
1655;1677;-22;10:54:49.774046
1591;1619;-28;10:54:49.774046
1555;1568;-13;10:54:49.774046
1513;1575;-62;10:54:49.774046
1464;1566;-102;10:54:49.774046
1456;1596;-140;10:54:49.774046
1455;1599;-144;10:54:49.774046
1488;1642;-154;10:54:49.774046
1521;1686;-165;10:54:49.774046
1563;1758;-195;10:54:49.774046
1628;1813;-185;10:54:49.774046
1681;1854;-173;10:54:49.774046
1730;1876;-146;10:54:49.774046
1781;1902;-121;10:54:49.774046
1820;1920;-100;10:54:49.774046
1836;1956;-120;10:54:49.774046
1866;1978;-112;10:54:49.774046
1936;2018;-82;10:54:49.774046
1953;2033;-80;10:54:49.774046
1944;2044;-100;10:54:49.774046
1923;2093;-170;10:54:49.774046
1915;2073;-158;10:54:49.774046
1907;2048;-141;10:54:49.774046
1888;2029;-141;10:54:49.774046
1875;2020;-145;10:54:49.774046
1866;1999;-133;10:54:49.774046
1841;1993;-152;10:54:49.774046
1838;1979;-141;10:54:49.774046
1809;1951;-142;10:54:49.774046
1788;1921;-133;10:54:49.774046
1763;1885;-122;10:54:49.774046
1741;1857;-116;10:54:49.774046
1730;1840;-110;10:54:49.774046
1701;1802;-101;10:54:49.774046
1685;1769;-84;10:54:49.774046
1691;1757;-66;10:54:49.774046
1675;1771;-96;10:54:49.774046
1689;1782;-93;10:54:49.774046
1687;1815;-128;10:54:49.774046
1717;1849;-132;10:54:49.774046
1762;1880;-118;10:54:49.774046
1779;1926;-147;10:54:49.774046
1824;1967;-143;10:54:49.774046
1865;1984;-119;10:54:49.774046
1902;2031;-129;10:54:49.774046
1926;2025;-99;10:54:49.774046
1964;2040;-76;10:54:49.774046
1983;2054;-71;10:54:49.774046
2016;2101;-85;10:54:49.774046
2049;2123;-74;10:54:49.774046
2078;2165;-87;10:54:49.774046
2075;2206;-131;10:54:49.774046
2066;2216;-150;10:54:49.774046
2071;2190;-119;10:54:49.774046
2057;2149;-92;10:54:49.774046
2027;2093;-66;10:54:49.774046
2016;2032;-16;10:54:49.774046
1979;1988;-9;10:54:49.774046
1936;1956;-20;10:54:49.774046
1898;1946;-48;10:54:49.774046
1837;1899;-62;10:54:49.774046
1818;1867;-49;10:54:49.774046
1784;1834;-50;10:54:49.774046
1755;1821;-66;10:54:49.774046
1738;1814;-76;10:54:49.774046
1713;1802;-89;10:54:49.774046
1705;1791;-86;10:54:49.774046
1680;1789;-109;10:54:49.774046
1645;1800;-155;10:54:49.774046
1620;1788;-168;10:54:49.774046
1602;1772;-170;10:54:49.774046
1602;1743;-141;10:54:49.774046
1607;1727;-120;10:54:49.774046
1621;1717;-96;10:54:49.774046
1642;1732;-90;10:54:49.774046
1669;1750;-81;10:54:49.774046
1698;1758;-60;10:54:49.774046
1709;1767;-58;10:54:49.774046
1738;1785;-47;10:54:49.774046
1755;1813;-58;10:54:49.774046
1772;1861;-89;10:54:49.774046
1832;1916;-84;10:54:49.774046
1877;1972;-95;10:54:49.774046
1924;2039;-115;10:54:49.774046
1949;2100;-151;10:54:49.774046
2010;2149;-139;10:54:49.774046
2050;2170;-120;10:54:49.774046
2055;2188;-133;10:54:49.774046
2040;2202;-162;10:54:49.774046
2028;2208;-180;10:54:49.774046
2011;2181;-170;10:54:49.774046
1979;2149;-170;10:54:49.774046
1917;2086;-169;10:54:49.774046
1857;2022;-165;10:54:49.774046
1771;1908;-137;10:54:49.774046
1675;1845;-170;10:54:49.774046
1618;1745;-127;10:54:49.774046
1569;1688;-119;10:54:49.774046
1538;1650;-112;10:54:49.774046
1525;1615;-90;10:54:49.774046
1504;1595;-91;10:54:49.774046
1492;1590;-98;10:54:49.774046
1504;1588;-84;10:54:49.774046
1509;1584;-75;10:54:49.774046
1502;1593;-91;10:54:49.774046
1508;1607;-99;10:54:49.774046
1563;1617;-54;10:54:49.774046
1614;1650;-36;10:54:49.774046
1669;1719;-50;10:54:49.774046
1699;1773;-74;10:54:49.774046
1723;1824;-101;10:54:49.774046
1777;1864;-87;10:54:49.774046
1813;1935;-122;10:54:49.774046
1856;1987;-131;10:54:49.774046
1867;2052;-185;10:54:49.774046
1894;2097;-203;10:54:49.774046
1930;2119;-189;10:54:49.774046
1966;2141;-175;10:54:49.774046
2001;2139;-138;10:54:49.774046
2000;2122;-122;10:54:49.774046
1979;2091;-112;10:54:49.774046
1957;2036;-79;10:54:49.774046
1952;1994;-42;10:54:49.774046
1928;1973;-45;10:54:49.774046
1909;1968;-59;10:54:49.774046
1885;1967;-82;10:54:49.774046
1879;1976;-97;10:54:49.774046
1884;1968;-84;10:54:49.774046
1892;1991;-99;10:54:49.774046
1877;2014;-137;10:54:49.774046
1893;2019;-126;10:54:49.774046
1885;2013;-128;10:54:49.774046
1876;1980;-104;10:54:49.774046
1848;1960;-112;10:54:49.774046
1781;1913;-132;10:54:49.774046
1715;1836;-121;10:54:49.774046
1660;1753;-93;10:54:49.774046
1593;1672;-79;10:54:49.774046
1536;1616;-80;10:54:49.774046
1499;1568;-69;10:54:49.774046
1462;1523;-61;10:54:49.774046
1427;1475;-48;10:54:49.774046
1391;1419;-28;10:54:49.774046
1342;1411;-69;10:54:49.774046
1280;1383;-103;10:54:49.774046
1226;1376;-150;10:54:49.774046
1201;1371;-170;10:54:49.774046
1209;1375;-166;10:54:49.774046
1222;1406;-184;10:54:49.774046
1241;1445;-204;10:54:49.774046
1287;1510;-223;10:54:49.774046
1348;1542;-194;10:54:49.774046
1404;1612;-208;10:54:49.774046
1453;1651;-198;10:54:49.774046
1500;1722;-222;10:54:49.774046
1544;1783;-239;10:54:49.774046
1611;1864;-253;10:54:49.774046
1661;1919;-258;10:54:49.774046
1720;1976;-256;10:54:49.774046
1767;2011;-244;10:54:49.774046
1800;2032;-232;10:54:49.774046
1828;2021;-193;10:54:49.774046
1850;1998;-148;10:54:49.774046
1870;1978;-108;10:54:49.774046
1883;1968;-85;10:54:49.774046
1898;1970;-72;10:54:49.774046
1904;1983;-79;10:54:49.774046
1909;1990;-81;10:54:49.774046
1912;1981;-69;10:54:49.774046
1914;1978;-64;10:54:49.774046
1883;1956;-73;10:54:49.774046
1871;1930;-59;10:54:49.774046
1846;1903;-57;10:54:49.774046
1796;1875;-79;10:54:49.775043
1749;1855;-106;10:54:49.775043
1694;1806;-112;10:54:49.775043
1665;1805;-140;10:54:49.775043
1651;1779;-128;10:54:49.775043
1633;1771;-138;10:54:49.775043
1618;1746;-128;10:54:49.775043
1636;1748;-112;10:54:49.775043
1646;1754;-108;10:54:49.775043
1663;1751;-88;10:54:49.775043
1673;1764;-91;10:54:49.775043
1694;1776;-82;10:54:49.775043
1703;1788;-85;10:54:49.775043
1706;1819;-113;10:54:49.775043
1735;1866;-131;10:54:49.775043
1771;1914;-143;10:54:49.775043
1805;1962;-157;10:54:49.775043
1861;2003;-142;10:54:49.775043
1905;2047;-142;10:54:49.775043
1942;2104;-162;10:54:49.775043
1982;2120;-138;10:54:49.775043
2001;2134;-133;10:54:49.775043
1996;2127;-131;10:54:49.775043
1971;2121;-150;10:54:49.775043
1941;2126;-185;10:54:49.775043
1936;2121;-185;10:54:49.775043
1935;2097;-162;10:54:49.775043
1940;2042;-102;10:54:49.775043
1914;2005;-91;10:54:49.775043
1883;1958;-75;10:54:49.775043
1855;1905;-50;10:54:49.775043
1805;1857;-52;10:54:49.775043
1782;1821;-39;10:54:49.775043
1737;1790;-53;10:54:49.775043
1680;1773;-93;10:54:49.775043
1638;1753;-115;10:54:49.775043
1626;1750;-124;10:54:49.775043
1614;1720;-106;10:54:49.775043
1613;1693;-80;10:54:49.775043
1629;1685;-56;10:54:49.775043
1633;1715;-82;10:54:49.775043
1657;1773;-116;10:54:49.775043
1706;1802;-96;10:54:49.775043
1714;1858;-144;10:54:49.775043
1731;1877;-146;10:54:49.775043
1743;1932;-189;10:54:49.775043
1778;1958;-180;10:54:49.775043
1828;1996;-168;10:54:49.775043
1857;2024;-167;10:54:49.775043
1924;2056;-132;10:54:49.775043
1966;2084;-118;10:54:49.775043
1991;2110;-119;10:54:49.775043
2039;2112;-73;10:54:49.775043
2033;2118;-85;10:54:49.775043
2023;2118;-95;10:54:49.775043
2010;2082;-72;10:54:49.775043
2004;2081;-77;10:54:49.775043
1994;2067;-73;10:54:49.775043
2002;2058;-56;10:54:49.775043
1983;2026;-43;10:54:49.775043
1958;1997;-39;10:54:49.775043
1923;1964;-41;10:54:49.775043
1871;1907;-36;10:54:49.775043
1817;1865;-48;10:54:49.775043
1779;1822;-43;10:54:49.775043
1748;1804;-56;10:54:49.775043
1710;1788;-78;10:54:49.775043
1669;1784;-115;10:54:49.775043
1658;1779;-121;10:54:49.775043
1632;1775;-143;10:54:49.775043
1616;1752;-136;10:54:49.775043
1615;1749;-134;10:54:49.775043
1611;1739;-128;10:54:49.775043
1625;1756;-131;10:54:49.775043
1631;1744;-113;10:54:49.775043
1640;1746;-106;10:54:49.775043
1654;1771;-117;10:54:49.775043
1658;1770;-112;10:54:49.775043
1665;1793;-128;10:54:49.775043
1676;1784;-108;10:54:49.775043
1703;1810;-107;10:54:49.775043
1747;1851;-104;10:54:49.775043
1790;1898;-108;10:54:49.775043
1844;1966;-122;10:54:49.775043
1888;2046;-158;10:54:49.775043
1953;2093;-140;10:54:49.775043
1986;2141;-155;10:54:49.775043
2018;2162;-144;10:54:49.775043
2031;2172;-141;10:54:49.775043
2046;2184;-138;10:54:49.775043
2052;2168;-116;10:54:49.775043
2036;2153;-117;10:54:49.775043
2014;2124;-110;10:54:49.775043
1995;2088;-93;10:54:49.775043
1943;2023;-80;10:54:49.775043
1911;1976;-65;10:54:49.775043
1851;1922;-71;10:54:49.775043
1807;1861;-54;10:54:49.775043
1742;1827;-85;10:54:49.775043
1681;1792;-111;10:54:49.775043
1638;1754;-116;10:54:49.775043
1598;1732;-134;10:54:49.775043
1583;1711;-128;10:54:49.775043
1543;1684;-141;10:54:49.775043
1531;1655;-124;10:54:49.775043
1543;1652;-109;10:54:49.775043
1545;1650;-105;10:54:49.775043
1580;1677;-97;10:54:49.775043
1627;1698;-71;10:54:49.775043
1671;1739;-68;10:54:49.775043
1705;1755;-50;10:54:49.775043
1751;1806;-55;10:54:49.775043
1798;1859;-61;10:54:49.775043
1835;1895;-60;10:54:49.775043
1847;1936;-89;10:54:49.775043
1876;1983;-107;10:54:49.775043
1910;2038;-128;10:54:49.775043
1906;2062;-156;10:54:49.775043
1929;2096;-167;10:54:49.775043
1934;2103;-169;10:54:49.775043
1938;2095;-157;10:54:49.775043
1946;2085;-139;10:54:49.775043
1949;2074;-125;10:54:49.775043
1943;2063;-120;10:54:49.775043
1937;2033;-96;10:54:49.775043
1918;2012;-94;10:54:49.775043
1891;1981;-90;10:54:49.775043
1845;1945;-100;10:54:49.775043
1801;1919;-118;10:54:49.775043
1763;1880;-117;10:54:49.775043
1720;1836;-116;10:54:49.775043
1679;1791;-112;10:54:49.775043
1637;1750;-113;10:54:49.775043
1608;1728;-120;10:54:49.775043
1568;1677;-109;10:54:49.775043
1505;1637;-132;10:54:49.775043
1454;1576;-122;10:54:49.775043
1402;1521;-119;10:54:49.775043
1357;1473;-116;10:54:49.775043
1314;1431;-117;10:54:49.775043
1304;1416;-112;10:54:49.775043
1295;1387;-92;10:54:49.775043
1287;1383;-96;10:54:49.775043
1302;1391;-89;10:54:49.775043
1318;1438;-120;10:54:49.775043
1330;1460;-130;10:54:49.775043
1354;1497;-143;10:54:49.775043
1388;1563;-175;10:54:49.775043
1441;1624;-183;10:54:49.775043
1506;1696;-190;10:54:49.775043
1574;1763;-189;10:54:49.775043
1630;1824;-194;10:54:49.775043
1689;1879;-190;10:54:49.775043
1743;1926;-183;10:54:49.775043
1786;1974;-188;10:54:49.775043
1822;2006;-184;10:54:49.775043
1866;2034;-168;10:54:49.775043
1891;2063;-172;10:54:49.775043
1910;2078;-168;10:54:49.775043
1933;2075;-142;10:54:49.775043
1935;2074;-139;10:54:49.775043
1926;2081;-155;10:54:49.775043
1921;2071;-150;10:54:49.775043
1920;2057;-137;10:54:49.775043
1911;2027;-116;10:54:49.775043
1898;2028;-130;10:54:49.775043
1892;1995;-103;10:54:49.775043
1867;1973;-106;10:54:49.775043
1836;1937;-101;10:54:49.775043
1806;1901;-95;10:54:49.775043
1781;1863;-82;10:54:49.775043
1753;1840;-87;10:54:49.775043
1732;1802;-70;10:54:49.775043
1715;1781;-66;10:54:49.775043
1706;1759;-53;10:54:49.775043
1713;1749;-36;10:54:49.775043
1705;1735;-30;10:54:49.775043
1696;1740;-44;10:54:49.775043
1682;1735;-53;10:54:49.775043
1671;1732;-61;10:54:49.775043
1655;1754;-99;10:54:49.775043
1658;1772;-114;10:54:49.775043
1656;1789;-133;10:54:49.775043
1663;1793;-130;10:54:49.775043
1666;1811;-145;10:54:49.775043
1662;1808;-146;10:54:49.775043
1656;1806;-150;10:54:49.775043
1646;1800;-154;10:54:49.775043
1659;1806;-147;10:54:49.775043
1671;1821;-150;10:54:49.775043
1697;1848;-151;10:54:49.775043
1730;1882;-152;10:54:49.775043
1765;1924;-159;10:54:49.775043
1802;1952;-150;10:54:49.775043
1834;1981;-147;10:54:49.775043
1851;2024;-173;10:54:49.775043
1890;2027;-137;10:54:49.775043
1903;2065;-162;10:54:49.775043
1928;2080;-152;10:54:49.775043
1954;2103;-149;10:54:49.775043
1964;2096;-132;10:54:49.775043
1947;2086;-139;10:54:49.775043
1932;2069;-137;10:54:49.775043
1933;2045;-112;10:54:49.775043
1917;2006;-89;10:54:49.775043
1920;1969;-49;10:54:49.775043
1904;1953;-49;10:54:49.775043
1890;1938;-48;10:54:49.775043
1881;1923;-42;10:54:49.775043
1867;1919;-52;10:54:49.775043
1854;1908;-54;10:54:49.775043
1804;1890;-86;10:54:49.775043
1763;1866;-103;10:54:49.775043
1730;1842;-112;10:54:49.775043
1714;1817;-103;10:54:49.775043
1691;1793;-102;10:54:49.775043
1678;1789;-111;10:54:49.775043
1655;1776;-121;10:54:49.775043
1647;1749;-102;10:54:49.775043
1651;1745;-94;10:54:49.775043
1662;1758;-96;10:54:49.775043
1670;1762;-92;10:54:49.775043
1695;1781;-86;10:54:49.775043
1717;1818;-101;10:54:49.775043
1751;1873;-122;10:54:49.775043
1790;1912;-122;10:54:49.775043
1826;1952;-126;10:54:49.775043
1856;1993;-137;10:54:49.775043
1902;2034;-132;10:54:49.775043
1941;2076;-135;10:54:49.775043
1984;2101;-117;10:54:49.775043
2019;2132;-113;10:54:49.775043
2030;2153;-123;10:54:49.775043
2039;2161;-122;10:54:49.775043
2031;2143;-112;10:54:49.775043
2024;2099;-75;10:54:49.775043
2012;2054;-42;10:54:49.775043
1968;1985;-17;10:54:49.775043
1930;1933;-3;10:54:49.775043
1894;1879;15;10:54:49.775043
1855;1840;15;10:54:49.775043
1818;1823;-5;10:54:49.775043
1764;1803;-39;10:54:49.775043
1709;1806;-97;10:54:49.775043
1677;1785;-108;10:54:49.775043
1647;1775;-128;10:54:49.775043
1634;1764;-130;10:54:49.775043
1628;1760;-132;10:54:49.775043
1621;1774;-153;10:54:49.775043
1625;1786;-161;10:54:49.775043
1648;1810;-162;10:54:49.775043
1655;1832;-177;10:54:49.775043
1686;1845;-159;10:54:49.775043
1716;1866;-150;10:54:49.775043
1745;1873;-128;10:54:49.775043
1828;1934;-106;10:54:49.775043
1863;1964;-101;10:54:49.775043
1888;2011;-123;10:54:49.775043
1921;2036;-115;10:54:49.775043
1935;2062;-127;10:54:49.775043
1942;2070;-128;10:54:49.775043
1946;2067;-121;10:54:49.775043
1949;2071;-122;10:54:49.775043
1953;2080;-127;10:54:49.775043
1951;2084;-133;10:54:49.775043
1948;2071;-123;10:54:49.775043
1934;2044;-110;10:54:49.775043
1918;2008;-90;10:54:49.775043
1913;1972;-59;10:54:49.775043
1875;1941;-66;10:54:49.775043
1841;1906;-65;10:54:49.775043
1814;1889;-75;10:54:49.775043
1786;1880;-94;10:54:49.775043
1759;1861;-102;10:54:49.775043
1728;1843;-115;10:54:49.775043
1692;1809;-117;10:54:49.775043
1655;1771;-116;10:54:49.775043
1629;1725;-96;10:54:49.775043
1596;1681;-85;10:54:49.775043
1579;1647;-68;10:54:49.775043
1574;1627;-53;10:54:49.775043
1562;1619;-57;10:54:49.775043
1553;1615;-62;10:54:49.775043
1554;1637;-83;10:54:49.775043
1578;1677;-99;10:54:49.775043
1609;1718;-109;10:54:49.775043
1648;1766;-118;10:54:49.775043
1687;1815;-128;10:54:49.775043
1744;1882;-138;10:54:49.775043
1798;1929;-131;10:54:49.775043
1864;1988;-124;10:54:49.775043
1903;2030;-127;10:54:49.775043
1935;2050;-115;10:54:49.775043
1958;2086;-128;10:54:49.775043
1974;2088;-114;10:54:49.775043
1981;2100;-119;10:54:49.775043
1974;2104;-130;10:54:49.775043
1974;2107;-133;10:54:49.775043
1958;2079;-121;10:54:49.775043
1935;2040;-105;10:54:49.775043
1917;2002;-85;10:54:49.775043
1890;1955;-65;10:54:49.775043
1847;1904;-57;10:54:49.775043
1787;1866;-79;10:54:49.775043
1731;1821;-90;10:54:49.775043
1687;1781;-94;10:54:49.775043
1636;1761;-125;10:54:49.775043
1590;1721;-131;10:54:49.775043
1533;1683;-150;10:54:49.775043
1503;1660;-157;10:54:49.775043
1464;1613;-149;10:54:49.775043
1437;1578;-141;10:54:49.775043
1413;1542;-129;10:54:49.775043
1398;1515;-117;10:54:49.775043
1373;1479;-106;10:54:49.775043
1355;1467;-112;10:54:49.775043
1339;1466;-127;10:54:49.775043
1328;1468;-140;10:54:49.775043
1322;1475;-153;10:54:49.775043
1319;1482;-163;10:54:49.775043
1332;1501;-169;10:54:49.775043
1376;1523;-147;10:54:49.775043
1421;1552;-131;10:54:49.775043
1472;1594;-122;10:54:49.775043
1522;1645;-123;10:54:49.775043
1590;1710;-120;10:54:49.775043
1659;1779;-120;10:54:49.775043
1735;1871;-136;10:54:49.775043
1800;1954;-154;10:54:49.775043
1849;2040;-191;10:54:49.775043
1902;2096;-194;10:54:49.775043
1952;2148;-196;10:54:49.775043
1991;2178;-187;10:54:49.775043
2023;2190;-167;10:54:49.775043
2034;2198;-164;10:54:49.775043
2030;2189;-159;10:54:49.775043
2021;2158;-137;10:54:49.775043
2013;2135;-122;10:54:49.775043
2003;2111;-108;10:54:49.775043
1965;2069;-104;10:54:49.775043
1924;2010;-86;10:54:49.775043
1883;1956;-73;10:54:49.775043
1825;1901;-76;10:54:49.775043
1781;1841;-60;10:54:49.775043
1731;1785;-54;10:54:49.775043
1689;1735;-46;10:54:49.775043
1657;1707;-50;10:54:49.775043
1634;1684;-50;10:54:49.775043
1616;1693;-77;10:54:49.775043
1607;1706;-99;10:54:49.775043
1610;1714;-104;10:54:49.775043
1624;1732;-108;10:54:49.775043
1635;1739;-104;10:54:49.775043
1649;1752;-103;10:54:49.775043
1664;1777;-113;10:54:49.775043
1680;1798;-118;10:54:49.775043
1688;1817;-129;10:54:49.775043
1701;1833;-132;10:54:49.775043
1717;1853;-136;10:54:49.775043
1730;1865;-135;10:54:49.775043
1740;1885;-145;10:54:49.775043
1750;1895;-145;10:54:49.775043
1761;1899;-138;10:54:49.775043
1778;1900;-122;10:54:49.775043
1788;1910;-122;10:54:49.775043
1786;1920;-134;10:54:49.775043
1794;1930;-136;10:54:49.775043
1795;1935;-140;10:54:49.775043
1800;1950;-150;10:54:49.775043
1805;1959;-154;10:54:49.775043
1809;1987;-178;10:54:49.775043
1829;2002;-173;10:54:49.775043
1837;2016;-179;10:54:49.775043
1847;2017;-170;10:54:49.775043
1849;2018;-169;10:54:49.775043
1856;2016;-160;10:54:49.775043
1865;2016;-151;10:54:49.775043
1869;2009;-140;10:54:49.775043
1873;1997;-124;10:54:49.775043
1882;1985;-103;10:54:49.775043
1882;1974;-92;10:54:49.775043
1866;1958;-92;10:54:49.775043
1852;1931;-79;10:54:49.775043
1844;1911;-67;10:54:49.775043
1827;1873;-46;10:54:49.775043
1799;1844;-45;10:54:49.775043
1783;1822;-39;10:54:49.775043
1772;1807;-35;10:54:49.775043
1765;1802;-37;10:54:49.775043
1752;1795;-43;10:54:49.775043
1737;1787;-50;10:54:49.775043
1733;1804;-71;10:54:49.775043
1734;1821;-87;10:54:49.775043
1744;1843;-99;10:54:49.775043
1763;1859;-96;10:54:49.775043
1770;1891;-121;10:54:49.775043
1778;1911;-133;10:54:49.775043
1786;1937;-151;10:54:49.775043
1798;1962;-164;10:54:49.775043
1808;1974;-166;10:54:49.775043
1821;1970;-149;10:54:49.775043
1829;1964;-135;10:54:49.775043
1835;1967;-132;10:54:49.775043
1856;1963;-107;10:54:49.775043
1861;1967;-106;10:54:49.775043
1873;1965;-92;10:54:49.775043
1870;1965;-95;10:54:49.775043
1872;1977;-105;10:54:49.775043
1892;1979;-87;10:54:49.775043
1900;1989;-89;10:54:49.775043
1914;1986;-72;10:54:49.775043
1917;1991;-74;10:54:49.775043
1917;1980;-63;10:54:49.775043
1901;1970;-69;10:54:49.775043
1884;1960;-76;10:54:49.775043
1867;1944;-77;10:54:49.775043
1842;1914;-72;10:54:49.775043
1817;1898;-81;10:54:49.775043
1789;1874;-85;10:54:49.775043
1782;1872;-90;10:54:49.775043
1771;1857;-86;10:54:49.775043
1747;1844;-97;10:54:49.775043
1726;1835;-109;10:54:49.775043
1713;1837;-124;10:54:49.775043
1710;1834;-124;10:54:49.775043
1704;1844;-140;10:54:49.775043
1700;1845;-145;10:54:49.775043
1704;1849;-145;10:54:49.775043
1707;1861;-154;10:54:49.775043
1725;1874;-149;10:54:49.775043
1743;1891;-148;10:54:49.775043
1765;1905;-140;10:54:49.775043
1786;1932;-146;10:54:49.775043
1816;1959;-143;10:54:49.775043
1854;1979;-125;10:54:49.775043
1883;2011;-128;10:54:49.775043
1917;2041;-124;10:54:49.775043
1937;2052;-115;10:54:49.775043
1944;2058;-114;10:54:49.775043
1953;2048;-95;10:54:49.775043
1950;2040;-90;10:54:49.775043
1938;2034;-96;10:54:49.775043
1924;2009;-85;10:54:49.775043
1906;1981;-75;10:54:49.775043
1870;1949;-79;10:54:49.775043
1838;1915;-77;10:54:49.775043
1812;1890;-78;10:54:49.775043
1778;1853;-75;10:54:49.775043
1746;1825;-79;10:54:49.775043
1717;1798;-81;10:54:49.775043
1682;1777;-95;10:54:49.775043
1675;1754;-79;10:54:49.775043
1656;1741;-85;10:54:49.775043
1638;1725;-87;10:54:49.775043
1620;1711;-91;10:54:49.775043
1612;1696;-84;10:54:49.775043
1606;1693;-87;10:54:49.775043
1607;1700;-93;10:54:49.775043
1622;1716;-94;10:54:49.775043
1643;1745;-102;10:54:49.775043
1668;1773;-105;10:54:49.775043
1696;1806;-110;10:54:49.775043
1721;1843;-122;10:54:49.775043
1737;1881;-144;10:54:49.775043
1765;1910;-145;10:54:49.775043
1781;1936;-155;10:54:49.775043
1806;1965;-159;10:54:49.775043
1823;1980;-157;10:54:49.775043
1838;1988;-150;10:54:49.775043
1839;1993;-154;10:54:49.775043
1838;1975;-137;10:54:49.775043
1832;1959;-127;10:54:49.775043
1822;1928;-106;10:54:49.775043
1807;1907;-100;10:54:49.775043
1789;1883;-94;10:54:49.775043
1775;1851;-76;10:54:49.775043
1750;1833;-83;10:54:49.775043
1713;1822;-109;10:54:49.775043
1690;1796;-106;10:54:49.775043
1650;1781;-131;10:54:49.775043
1626;1742;-116;10:54:49.775043
1592;1714;-122;10:54:49.775043
1559;1683;-124;10:54:49.775043
1534;1662;-128;10:54:49.775043
1513;1631;-118;10:54:49.775043
1491;1610;-119;10:54:49.775043
1465;1588;-123;10:54:49.775043
1444;1568;-124;10:54:49.775043
1421;1553;-132;10:54:49.775043
1411;1545;-134;10:54:49.775043
1410;1554;-144;10:54:49.775043
1429;1561;-132;10:54:49.775043
1440;1575;-135;10:54:49.775043
1458;1607;-149;10:54:49.775043
1485;1638;-153;10:54:49.775043
1520;1676;-156;10:54:49.775043
1551;1707;-156;10:54:49.775043
1583;1734;-151;10:54:49.775043
1623;1770;-147;10:54:49.775043
1660;1808;-148;10:54:49.775043
1694;1850;-156;10:54:49.775043
1737;1883;-146;10:54:49.775043
1778;1917;-139;10:54:49.775043
1803;1942;-139;10:54:49.775043
1836;1959;-123;10:54:49.775043
1868;1980;-112;10:54:49.775043
1888;2004;-116;10:54:49.775043
1918;2018;-100;10:54:49.775043
1942;2040;-98;10:54:49.775043
1944;2053;-109;10:54:49.775043
1963;2077;-114;10:54:49.875774
1955;2083;-128;10:54:49.875774
1940;2075;-135;10:54:49.875774
1916;2054;-138;10:54:49.875774
1894;2032;-138;10:54:49.875774
1870;2010;-140;10:54:49.875774
1838;1980;-142;10:54:49.875774
1797;1926;-129;10:54:49.875774
1766;1878;-112;10:54:49.875774
1715;1812;-97;10:54:49.875774
1672;1761;-89;10:54:49.875774
1641;1713;-72;10:54:49.875774
1614;1686;-72;10:54:49.875774
1589;1655;-66;10:54:49.875774
1579;1653;-74;10:54:49.875774
1569;1662;-93;10:54:49.875774
1573;1668;-95;10:54:49.875774
1584;1677;-93;10:54:49.875774
1592;1685;-93;10:54:49.875774
1594;1698;-104;10:54:49.875774
1611;1711;-100;10:54:49.875774
1632;1742;-110;10:54:49.875774
1656;1773;-117;10:54:49.875774
1688;1809;-121;10:54:49.875774
1705;1844;-139;10:54:49.875774
1718;1879;-161;10:54:49.875774
1746;1909;-163;10:54:49.875774
1773;1934;-161;10:54:49.875774
1802;1962;-160;10:54:49.875774
1841;1990;-149;10:54:49.875774
1875;2025;-150;10:54:49.875774
1900;2047;-147;10:54:49.875774
1921;2082;-161;10:54:49.875774
1935;2087;-152;10:54:49.875774
1936;2085;-149;10:54:49.875774
1924;2074;-150;10:54:49.875774
1903;2057;-154;10:54:49.875774
1887;2038;-151;10:54:49.875774
1880;2013;-133;10:54:49.875774
1871;1994;-123;10:54:49.875774
1855;1960;-105;10:54:49.875774
1838;1941;-103;10:54:49.875774
1824;1916;-92;10:54:49.875774
1808;1898;-90;10:54:49.875774
1792;1877;-85;10:54:49.875774
1775;1863;-88;10:54:49.875774
1757;1852;-95;10:54:49.875774
1754;1843;-89;10:54:49.875774
1752;1839;-87;10:54:49.875774
1758;1829;-71;10:54:49.875774
1764;1824;-60;10:54:49.875774
1769;1822;-53;10:54:49.875774
1769;1821;-52;10:54:49.875774
1776;1828;-52;10:54:49.875774
1794;1844;-50;10:54:49.875774
1815;1860;-45;10:54:49.875774
1829;1884;-55;10:54:49.875774
1834;1908;-74;10:54:49.875774
1844;1929;-85;10:54:49.875774
1852;1950;-98;10:54:49.875774
1862;1963;-101;10:54:49.875774
1869;1982;-113;10:54:49.875774
1874;1996;-122;10:54:49.875774
1883;2013;-130;10:54:49.875774
1889;2031;-142;10:54:49.875774
1895;2047;-152;10:54:49.875774
1901;2056;-155;10:54:49.875774
1898;2036;-138;10:54:49.875774
1892;2025;-133;10:54:49.875774
1895;2018;-123;10:54:49.875774
1888;1995;-107;10:54:49.875774
1882;1983;-101;10:54:49.875774
1869;1965;-96;10:54:49.875774
1849;1945;-96;10:54:49.875774
1829;1928;-99;10:54:49.875774
1811;1897;-86;10:54:49.875774
1806;1887;-81;10:54:49.875774
1793;1865;-72;10:54:49.875774
1788;1849;-61;10:54:49.875774
1783;1837;-54;10:54:49.875774
1782;1830;-48;10:54:49.875774
1780;1840;-60;10:54:49.875774
1774;1843;-69;10:54:49.875774
1762;1847;-85;10:54:49.875774
1745;1843;-98;10:54:49.875774
1738;1842;-104;10:54:49.875774
1734;1843;-109;10:54:49.875774
1726;1846;-120;10:54:49.875774
1729;1853;-124;10:54:49.875774
1729;1860;-131;10:54:49.875774
1728;1863;-135;10:54:49.875774
1730;1870;-140;10:54:49.875774
1725;1877;-152;10:54:49.875774
1724;1877;-153;10:54:49.875774
1725;1879;-154;10:54:49.875774
1725;1885;-160;10:54:49.875774
1741;1893;-152;10:54:49.875774
1756;1906;-150;10:54:49.875774
1767;1916;-149;10:54:49.875774
1778;1922;-144;10:54:49.875774
1785;1919;-134;10:54:49.875774
1790;1921;-131;10:54:49.875774
1802;1915;-113;10:54:49.875774
1816;1919;-103;10:54:49.875774
1826;1914;-88;10:54:49.875774
1836;1918;-82;10:54:49.875774
1834;1919;-85;10:54:49.875774
1829;1924;-95;10:54:49.875774
1824;1921;-97;10:54:49.875774
1818;1919;-101;10:54:49.875774
1794;1906;-112;10:54:49.875774
1787;1887;-100;10:54:49.875774
1784;1884;-100;10:54:49.875774
1773;1877;-104;10:54:49.875774
1772;1870;-98;10:54:49.875774
1764;1855;-91;10:54:49.875774
1744;1836;-92;10:54:49.875774
1730;1816;-86;10:54:49.875774
1720;1789;-69;10:54:49.875774
1711;1777;-66;10:54:49.875774
1703;1774;-71;10:54:49.875774
1703;1771;-68;10:54:49.875774
1702;1779;-77;10:54:49.875774
1709;1801;-92;10:54:49.875774
1717;1822;-105;10:54:49.875774
1719;1839;-120;10:54:49.875774
1729;1852;-123;10:54:49.875774
1733;1866;-133;10:54:49.875774
1737;1875;-138;10:54:49.875774
1747;1898;-151;10:54:49.875774
1758;1917;-159;10:54:49.875774
1763;1923;-160;10:54:49.875774
1774;1923;-149;10:54:49.875774
1774;1914;-140;10:54:49.875774
1771;1911;-140;10:54:49.875774
1769;1895;-126;10:54:49.875774
1764;1877;-113;10:54:49.875774
1754;1866;-112;10:54:49.875774
1740;1853;-113;10:54:49.875774
1727;1846;-119;10:54:49.875774
1706;1838;-132;10:54:49.875774
1698;1818;-120;10:54:49.875774
1678;1795;-117;10:54:49.875774
1650;1758;-108;10:54:49.875774
1626;1730;-104;10:54:49.875774
1602;1706;-104;10:54:49.875774
1579;1683;-104;10:54:49.875774
1554;1671;-117;10:54:49.875774
1535;1648;-113;10:54:49.875774
1515;1634;-119;10:54:49.875774
1495;1621;-126;10:54:49.875774
1482;1618;-136;10:54:49.875774
1479;1608;-129;10:54:49.875774
1480;1612;-132;10:54:49.875774
1484;1621;-137;10:54:49.875774
1487;1636;-149;10:54:49.875774
1498;1658;-160;10:54:49.875774
1512;1677;-165;10:54:49.875774
1531;1689;-158;10:54:49.875774
1546;1698;-152;10:54:49.875774
1562;1714;-152;10:54:49.875774
1589;1743;-154;10:54:49.875774
1627;1776;-149;10:54:49.875774
1665;1813;-148;10:54:49.875774
1705;1858;-153;10:54:49.875774
1743;1899;-156;10:54:49.875774
1783;1935;-152;10:54:49.875774
1817;1969;-152;10:54:49.875774
1849;1989;-140;10:54:49.875774
1875;2008;-133;10:54:49.875774
1896;2020;-124;10:54:49.875774
1905;2047;-142;10:54:49.875774
1918;2057;-139;10:54:49.875774
1926;2051;-125;10:54:49.875774
1921;2057;-136;10:54:49.875774
1909;2039;-130;10:54:49.875774
1903;2012;-109;10:54:49.875774
1885;1987;-102;10:54:49.875774
1868;1957;-89;10:54:49.875774
1849;1921;-72;10:54:49.875774
1813;1883;-70;10:54:49.875774
1773;1847;-74;10:54:49.875774
1730;1812;-82;10:54:49.875774
1691;1777;-86;10:54:49.875774
1646;1748;-102;10:54:49.875774
1614;1718;-104;10:54:49.875774
1583;1690;-107;10:54:49.875774
1562;1679;-117;10:54:49.875774
1553;1676;-123;10:54:49.875774
1560;1681;-121;10:54:49.875774
1563;1687;-124;10:54:49.875774
1569;1697;-128;10:54:49.875774
1576;1705;-129;10:54:49.875774
1587;1722;-135;10:54:49.875774
1615;1745;-130;10:54:49.875774
1641;1775;-134;10:54:49.875774
1667;1814;-147;10:54:49.875774
1699;1851;-152;10:54:49.875774
1733;1887;-154;10:54:49.875774
1767;1925;-158;10:54:49.875774
1796;1948;-152;10:54:49.875774
1826;1978;-152;10:54:49.875774
1848;1997;-149;10:54:49.875774
1881;2021;-140;10:54:49.875774
1908;2044;-136;10:54:49.875774
1934;2068;-134;10:54:49.875774
1953;2076;-123;10:54:49.875774
1968;2080;-112;10:54:49.875774
1969;2082;-113;10:54:49.875774
1968;2072;-104;10:54:49.875774
1969;2065;-96;10:54:49.875774
1960;2059;-99;10:54:49.875774
1948;2048;-100;10:54:49.875774
1926;2030;-104;10:54:49.875774
1905;2015;-110;10:54:49.875774
1887;1996;-109;10:54:49.875774
1861;1972;-111;10:54:49.875774
1839;1940;-101;10:54:49.875774
1810;1910;-100;10:54:49.875774
1790;1876;-86;10:54:49.875774
1773;1856;-83;10:54:49.875774
1761;1839;-78;10:54:49.875774
1747;1820;-73;10:54:49.875774
1733;1801;-68;10:54:49.875774
1723;1788;-65;10:54:49.875774
1717;1771;-54;10:54:49.875774
1720;1763;-43;10:54:49.875774
1729;1780;-51;10:54:49.875774
1740;1800;-60;10:54:49.875774
1760;1825;-65;10:54:49.875774
1780;1861;-81;10:54:49.875774
1800;1891;-91;10:54:49.875774
1825;1919;-94;10:54:49.875774
1849;1946;-97;10:54:49.875774
1868;1962;-94;10:54:49.875774
1881;1976;-95;10:54:49.875774
1893;1989;-96;10:54:49.875774
1906;2010;-104;10:54:49.875774
1911;2023;-112;10:54:49.875774
1910;2031;-121;10:54:49.875774
1902;2026;-124;10:54:49.875774
1884;2016;-132;10:54:49.875774
1875;2000;-125;10:54:49.875774
1860;1980;-120;10:54:49.875774
1842;1955;-113;10:54:49.875774
1824;1927;-103;10:54:49.875774
1802;1904;-102;10:54:49.875774
1781;1883;-102;10:54:49.875774
1754;1865;-111;10:54:49.875774
1735;1848;-113;10:54:49.875774
1718;1835;-117;10:54:49.875774
1707;1814;-107;10:54:49.875774
1699;1811;-112;10:54:49.875774
1703;1803;-100;10:54:49.875774
1714;1809;-95;10:54:49.875774
1745;1825;-80;10:54:49.893726
1750;1841;-91;10:54:49.893726
1755;1849;-94;10:54:49.893726
1761;1863;-102;10:54:49.893726
1776;1880;-104;10:54:49.893726
1783;1894;-111;10:54:49.893726
1787;1902;-115;10:54:49.893726
1792;1907;-115;10:54:49.893726
1799;1920;-121;10:54:49.893726
1810;1924;-114;10:54:49.893726
1818;1924;-106;10:54:49.893726
1816;1916;-100;10:54:49.893726
1815;1911;-96;10:54:49.893726
1812;1918;-106;10:54:49.893726
1817;1924;-107;10:54:49.893726
1820;1933;-113;10:54:49.893726
1817;1943;-126;10:54:49.893726
1813;1940;-127;10:54:49.893726
1808;1942;-134;10:54:49.893726
1804;1933;-129;10:54:49.893726
1802;1926;-124;10:54:49.893726
1804;1919;-115;10:54:49.893726
1805;1916;-111;10:54:49.893726
1804;1914;-110;10:54:49.893726
1812;1914;-102;10:54:49.893726
1815;1919;-104;10:54:49.893726
1813;1918;-105;10:54:49.893726
1813;1910;-97;10:54:49.893726
1806;1894;-88;10:54:49.893726
1795;1879;-84;10:54:49.893726
1798;1874;-76;10:54:49.893726
1793;1865;-72;10:54:49.893726
1786;1858;-72;10:54:49.893726
1775;1851;-76;10:54:49.893726
1760;1848;-88;10:54:49.893726
1751;1840;-89;10:54:49.893726
1746;1838;-92;10:54:49.893726
1737;1824;-87;10:54:49.893726
1731;1817;-86;10:54:49.893726
1726;1811;-85;10:54:49.893726
1729;1811;-82;10:54:49.893726
1730;1810;-80;10:54:49.893726
1723;1813;-90;10:54:49.893726
1710;1815;-105;10:54:49.893726
1703;1815;-112;10:54:49.893726
1699;1814;-115;10:54:49.893726
1695;1824;-129;10:54:49.893726
1704;1834;-130;10:54:49.893726
1707;1844;-137;10:54:49.893726
1711;1850;-139;10:54:49.893726
1707;1852;-145;10:54:49.893726
1699;1851;-152;10:54:49.893726
1694;1845;-151;10:54:49.893726
1687;1831;-144;10:54:49.893726
1679;1810;-131;10:54:49.893726
1659;1798;-139;10:54:49.893726
1642;1783;-141;10:54:49.893726
1636;1776;-140;10:54:49.893726
1623;1763;-140;10:54:49.893726
1611;1754;-143;10:54:49.893726
1595;1739;-144;10:54:49.893726
1583;1718;-135;10:54:49.893726
1578;1703;-125;10:54:49.893726
1577;1689;-112;10:54:49.893726
1574;1679;-105;10:54:49.893726
1568;1670;-102;10:54:49.893726
1564;1668;-104;10:54:49.893726
1561;1672;-111;10:54:49.893726
1547;1671;-124;10:54:49.893726
1539;1670;-131;10:54:49.893726
1535;1664;-129;10:54:49.893726
1543;1664;-121;10:54:49.893726
1548;1669;-121;10:54:49.893726
1557;1686;-129;10:54:49.893726
1572;1700;-128;10:54:49.893726
1585;1721;-136;10:54:49.893726
1597;1736;-139;10:54:49.893726
1619;1762;-143;10:54:49.893726
1637;1783;-146;10:54:49.893726
1663;1815;-152;10:54:49.893726
1698;1846;-148;10:54:49.893726
1725;1880;-155;10:54:49.893726
1754;1904;-150;10:54:49.893726
1786;1938;-152;10:54:49.893726
1810;1964;-154;10:54:49.893726
1839;1980;-141;10:54:49.893726
1858;1992;-134;10:54:49.893726
1873;1996;-123;10:54:49.893726
1884;1999;-115;10:54:49.893726
1896;2012;-116;10:54:49.893726
1904;2015;-111;10:54:49.893726
1897;2018;-121;10:54:49.893726
1890;2007;-117;10:54:49.893726
1880;1999;-119;10:54:49.893726
1871;1983;-112;10:54:49.893726
1861;1962;-101;10:54:49.893726
1841;1944;-103;10:54:49.893726
1823;1922;-99;10:54:49.893726
1803;1898;-95;10:54:49.893726
1777;1870;-93;10:54:49.893726
1749;1842;-93;10:54:49.893726
1723;1819;-96;10:54:49.893726
1701;1789;-88;10:54:49.893726
1676;1762;-86;10:54:49.893726
1655;1740;-85;10:54:49.893726
1637;1726;-89;10:54:49.893726
1624;1722;-98;10:54:49.893726
1612;1721;-109;10:54:49.893726
1607;1720;-113;10:54:49.893726
1606;1731;-125;10:54:49.893726
1610;1743;-133;10:54:49.893726
1620;1763;-143;10:54:49.893726
1643;1784;-141;10:54:49.893726
1663;1805;-142;10:54:49.893726
1689;1835;-146;10:54:49.893726
1719;1870;-151;10:54:49.893726
1753;1903;-150;10:54:49.893726
1783;1926;-143;10:54:49.893726
1813;1956;-143;10:54:49.893726
1850;1976;-126;10:54:49.893726
1876;2003;-127;10:54:49.893726
1903;2028;-125;10:54:49.893726
1935;2058;-123;10:54:49.893726
1954;2085;-131;10:54:49.893726
1977;2098;-121;10:54:49.893726
1987;2112;-125;10:54:49.893726
1992;2115;-123;10:54:49.893726
1993;2103;-110;10:54:49.893726
1986;2085;-99;10:54:49.893726
1980;2058;-78;10:54:49.893726
1965;2023;-58;10:54:49.893726
1940;1991;-51;10:54:49.893726
1912;1964;-52;10:54:49.893726
1888;1938;-50;10:54:49.893726
1856;1905;-49;10:54:49.893726
1822;1878;-56;10:54:49.893726
1792;1853;-61;10:54:49.893726
1769;1835;-66;10:54:49.893726
1745;1821;-76;10:54:49.893726
1734;1817;-83;10:54:49.893726
1718;1811;-93;10:54:49.893726
1702;1803;-101;10:54:49.893726
1696;1801;-105;10:54:49.893726
1687;1805;-118;10:54:49.893726
1685;1802;-117;10:54:49.893726
1691;1802;-111;10:54:49.893726
1699;1809;-110;10:54:49.893726
1708;1817;-109;10:54:49.893726
1727;1825;-98;10:54:49.893726
1749;1841;-92;10:54:49.893726
1770;1860;-90;10:54:49.893726
1795;1874;-79;10:54:49.893726
1815;1891;-76;10:54:49.893726
1831;1914;-83;10:54:49.893726
1849;1937;-88;10:54:49.893726
1870;1965;-95;10:54:49.893726
1884;1986;-102;10:54:49.893726
1901;2008;-107;10:54:49.893726
1914;2021;-107;10:54:49.893726
1923;2039;-116;10:54:49.893726
1930;2048;-118;10:54:49.893726
1931;2050;-119;10:54:49.893726
1935;2042;-107;10:54:49.893726
1933;2040;-107;10:54:49.893726
1924;2035;-111;10:54:49.893726
1912;2024;-112;10:54:49.893726
1895;2005;-110;10:54:49.893726
1870;1983;-113;10:54:49.893726
1845;1956;-111;10:54:49.893726
1818;1929;-111;10:54:49.893726
1794;1907;-113;10:54:49.893726
1773;1882;-109;10:54:49.893726
1754;1863;-109;10:54:49.893726
1736;1842;-106;10:54:49.893726
1721;1821;-100;10:54:49.893726
1715;1809;-94;10:54:49.893726
1708;1803;-95;10:54:49.893726
1704;1797;-93;10:54:49.893726
1705;1795;-90;10:54:49.893726
1718;1800;-82;10:54:49.893726
1727;1814;-87;10:54:49.893726
1740;1831;-91;10:54:49.893726
1757;1850;-93;10:54:49.893726
1768;1867;-99;10:54:49.893726
1785;1885;-100;10:54:49.893726
1798;1902;-104;10:54:49.893726
1814;1922;-108;10:54:49.893726
1832;1944;-112;10:54:49.893726
1856;1966;-110;10:54:49.893726
1865;1976;-111;10:54:49.893726
1871;1991;-120;10:54:49.893726
1876;2003;-127;10:54:49.893726
1880;2009;-129;10:54:49.893726
1880;2000;-120;10:54:49.893726
1878;1989;-111;10:54:49.893726
1877;1972;-95;10:54:49.893726
1870;1961;-91;10:54:49.893726
1863;1945;-82;10:54:49.893726
1855;1935;-80;10:54:49.893726
1840;1920;-80;10:54:49.893726
1817;1906;-89;10:54:49.893726
1792;1890;-98;10:54:49.893726
1768;1877;-109;10:54:49.893726
1751;1861;-110;10:54:49.893726
1738;1851;-113;10:54:49.893726
1726;1834;-108;10:54:49.893726
1711;1817;-106;10:54:49.893726
1701;1804;-103;10:54:49.893726
1695;1794;-99;10:54:49.893726
1691;1785;-94;10:54:49.893726
1688;1776;-88;10:54:49.893726
1687;1773;-86;10:54:49.893726
1687;1773;-86;10:54:49.893726
1694;1777;-83;10:54:49.893726
1701;1788;-87;10:54:49.893726
1706;1800;-94;10:54:49.893726
1713;1812;-99;10:54:49.893726
1716;1819;-103;10:54:49.893726
1717;1826;-109;10:54:49.893726
1721;1835;-114;10:54:49.893726
1722;1843;-121;10:54:49.893726
1719;1846;-127;10:54:49.893726
1719;1851;-132;10:54:49.893726
1717;1847;-130;10:54:49.893726
1710;1844;-134;10:54:49.893726
1705;1839;-134;10:54:49.893726
1692;1829;-137;10:54:49.893726
1682;1811;-129;10:54:49.893726
1665;1798;-133;10:54:49.893726
1652;1782;-130;10:54:49.893726
1636;1780;-144;10:54:49.893726
1620;1773;-153;10:54:49.893726
1602;1760;-158;10:54:49.893726
1581;1750;-169;10:54:49.893726
1571;1740;-169;10:54:49.893726
1561;1723;-162;10:54:49.893726
1554;1710;-156;10:54:49.893726
1552;1696;-144;10:54:49.893726
1548;1681;-133;10:54:49.893726
1544;1664;-120;10:54:49.893726
1549;1657;-108;10:54:49.893726
1552;1656;-104;10:54:49.893726
1555;1658;-103;10:54:49.893726
1561;1665;-104;10:54:49.893726
1577;1678;-101;10:54:49.893726
1594;1695;-101;10:54:49.893726
1611;1722;-111;10:54:49.893726
1627;1750;-123;10:54:49.893726
1645;1779;-134;10:54:49.893726
1671;1805;-134;10:54:49.893726
1693;1829;-136;10:54:49.893726
1717;1858;-141;10:54:49.893726
1736;1876;-140;10:54:49.893726
1757;1892;-135;10:54:49.893726
1773;1905;-132;10:54:49.893726
1793;1923;-130;10:54:49.893726
1803;1934;-131;10:54:49.893726
1809;1940;-131;10:54:49.893726
1816;1939;-123;10:54:49.893726
1818;1940;-122;10:54:49.893726
1826;1950;-124;10:54:49.893726
1829;1959;-130;10:54:49.893726
1834;1970;-136;10:54:49.893726
1835;1978;-143;10:54:49.893726
1832;1971;-139;10:54:49.893726
1835;1964;-129;10:54:49.893726
1830;1960;-130;10:54:49.893726
1822;1946;-124;10:54:49.893726
1816;1927;-111;10:54:49.893726
1809;1904;-95;10:54:49.893726
1797;1882;-85;10:54:49.893726
1775;1861;-86;10:54:49.893726
1753;1844;-91;10:54:49.893726
1731;1825;-94;10:54:49.893726
1714;1804;-90;10:54:49.893726
1692;1787;-95;10:54:49.893726
1678;1776;-98;10:54:49.893726
1667;1770;-103;10:54:49.893726
1660;1766;-106;10:54:49.893726
1657;1767;-110;10:54:49.893726
1657;1762;-105;10:54:49.893726
1657;1763;-106;10:54:49.893726
1654;1771;-117;10:54:49.893726
1653;1781;-128;10:54:49.893726
1659;1792;-133;10:54:49.893726
1671;1804;-133;10:54:49.893726
1689;1823;-134;10:54:49.893726
1707;1844;-137;10:54:49.893726
1724;1867;-143;10:54:49.893726
1745;1883;-138;10:54:49.893726
1765;1904;-139;10:54:49.893726
1784;1920;-136;10:54:49.893726
1803;1944;-141;10:54:49.893726
1824;1968;-144;10:54:49.893726
1852;1991;-139;10:54:49.893726
1874;2005;-131;10:54:49.893726
1894;2019;-125;10:54:49.893726
1903;2026;-123;10:54:49.893726
1911;2034;-123;10:54:49.893726
1918;2038;-120;10:54:49.893726
1923;2035;-112;10:54:49.893726
1927;2032;-105;10:54:49.893726
1929;2022;-93;10:54:49.893726
1925;2015;-90;10:54:49.893726
1912;2002;-90;10:54:49.893726
1903;1988;-85;10:54:49.893726
1891;1974;-83;10:54:49.893726
1875;1957;-82;10:54:49.893726
1856;1940;-84;10:54:49.893726
1842;1925;-83;10:54:49.893726
1830;1910;-80;10:54:49.893726
1809;1887;-78;10:54:49.893726
1791;1866;-75;10:54:49.893726
1769;1844;-75;10:54:49.893726
1746;1824;-78;10:54:49.893726
1730;1811;-81;10:54:49.893726
1716;1800;-84;10:54:49.893726
1708;1793;-85;10:54:49.893726
1704;1794;-90;10:54:49.893726
1703;1797;-94;10:54:49.893726
1702;1806;-104;10:54:49.893726
1706;1815;-109;10:54:49.893726
1714;1827;-113;10:54:49.893726
1725;1839;-114;10:54:49.893726
1738;1860;-122;10:54:49.893726
1756;1878;-122;10:54:49.893726
1781;1906;-125;10:54:49.893726
1803;1926;-123;10:54:49.893726
1827;1945;-118;10:54:49.893726
1845;1961;-116;10:54:49.893726
1856;1972;-116;10:54:49.893726
1868;1987;-119;10:54:49.893726
1880;1993;-113;10:54:49.893726
1889;1999;-110;10:54:49.893726
1897;2007;-110;10:54:49.893726
1904;2010;-106;10:54:49.893726
1903;2012;-109;10:54:49.893726
1896;2007;-111;10:54:49.893726
1884;1998;-114;10:54:49.893726
1872;1986;-114;10:54:49.893726
1856;1970;-114;10:54:49.893726
1840;1951;-111;10:54:49.893726
1825;1936;-111;10:54:49.893726
1813;1920;-107;10:54:49.893726
1801;1898;-97;10:54:49.893726
1781;1876;-95;10:54:49.893726
1760;1855;-95;10:54:49.893726
1744;1841;-97;10:54:49.893726
1729;1828;-99;10:54:49.893726
1718;1819;-101;10:54:49.893726
1714;1815;-101;10:54:49.893726
1712;1816;-104;10:54:49.893726
1713;1820;-107;10:54:49.893726
1717;1824;-107;10:54:49.893726
1722;1831;-109;10:54:49.893726
1729;1839;-110;10:54:49.893726
1740;1850;-110;10:54:49.893726
1753;1862;-109;10:54:49.893726
1774;1878;-104;10:54:49.893726
1791;1900;-109;10:54:49.893726
1815;1919;-104;10:54:49.893726
1831;1936;-105;10:54:49.893726
1842;1950;-108;10:54:49.893726
1853;1959;-106;10:54:49.893726
1862;1970;-108;10:54:49.893726
1867;1978;-111;10:54:49.893726
1869;1981;-112;10:54:49.893726
1872;1981;-109;10:54:49.893726
1873;1983;-110;10:54:49.893726
1870;1976;-106;10:54:49.893726
1858;1964;-106;10:54:49.893726
1849;1951;-102;10:54:49.893726
1835;1934;-99;10:54:49.893726
1822;1918;-96;10:54:49.893726
1806;1903;-97;10:54:49.893726
1795;1889;-94;10:54:49.893726
1781;1872;-91;10:54:49.893726
1763;1856;-93;10:54:49.893726
1744;1837;-93;10:54:49.893726
1721;1819;-98;10:54:49.893726
1703;1799;-96;10:54:49.893726
1686;1785;-99;10:54:49.893726
1671;1768;-97;10:54:49.893726
1657;1753;-96;10:54:49.893726
1644;1743;-99;10:54:49.893726
1629;1737;-108;10:54:49.893726
1622;1730;-108;10:54:49.893726
1611;1720;-109;10:54:49.893726
1605;1720;-115;10:54:49.893726
1600;1723;-123;10:54:49.893726
1605;1727;-122;10:54:49.893726
1611;1736;-125;10:54:49.893726
1619;1751;-132;10:54:49.893726
1631;1764;-133;10:54:49.893726
1640;1777;-137;10:54:49.893726
1651;1787;-136;10:54:49.893726
1656;1796;-140;10:54:49.893726
1664;1803;-139;10:54:49.893726
1677;1813;-136;10:54:49.893726
1679;1816;-137;10:54:49.893726
1685;1820;-135;10:54:49.893726
1687;1825;-138;10:54:49.893726
1682;1827;-145;10:54:49.893726
1680;1821;-141;10:54:49.893726
1675;1811;-136;10:54:49.893726
1662;1805;-143;10:54:49.893726
1649;1791;-142;10:54:49.893726
1640;1781;-141;10:54:49.893726
1632;1770;-138;10:54:49.893726
1622;1758;-136;10:54:49.893726
1615;1744;-129;10:54:49.893726
1606;1736;-130;10:54:49.893726
1594;1725;-131;10:54:49.893726
1587;1710;-123;10:54:49.893726
1581;1705;-124;10:54:49.893726
1577;1705;-128;10:54:49.893726
1580;1704;-124;10:54:49.893726
1590;1711;-121;10:54:49.893726
1606;1728;-122;10:54:49.893726
1620;1741;-121;10:54:49.893726
1637;1754;-117;10:54:49.893726
1657;1775;-118;10:54:49.893726
1675;1793;-118;10:54:49.893726
1700;1817;-117;10:54:49.893726
1728;1845;-117;10:54:49.893726
1755;1880;-125;10:54:49.893726
1777;1910;-133;10:54:49.893726
1802;1933;-131;10:54:49.893726
1823;1956;-133;10:54:49.893726
1836;1972;-136;10:54:49.893726
1850;1981;-131;10:54:49.893726
1860;1987;-127;10:54:49.893726
1860;1988;-128;10:54:49.893726
1859;1988;-129;10:54:49.893726
1859;1984;-125;10:54:49.893726
1852;1975;-123;10:54:49.893726
1843;1965;-122;10:54:49.893726
1828;1949;-121;10:54:49.893726
1813;1933;-120;10:54:49.893726
1796;1918;-122;10:54:49.893726
1784;1903;-119;10:54:49.893726
1774;1890;-116;10:54:49.893726
1761;1879;-118;10:54:49.893726
1747;1866;-119;10:54:49.893726
1732;1850;-118;10:54:49.893726
1714;1838;-124;10:54:49.893726
1698;1824;-126;10:54:49.893726
1684;1808;-124;10:54:49.893726
1673;1798;-125;10:54:49.893726
1661;1786;-125;10:54:49.893726
1660;1778;-118;10:54:49.893726
1660;1771;-111;10:54:49.893726
1663;1770;-107;10:54:49.893726
1665;1765;-100;10:54:49.893726
1668;1772;-104;10:54:49.893726
1675;1779;-104;10:54:49.893726
1680;1791;-111;10:54:49.893726
1693;1807;-114;10:54:49.893726
1706;1828;-122;10:54:49.893726
1718;1849;-131;10:54:49.893726
1737;1870;-133;10:54:49.893726
1751;1887;-136;10:54:49.893726
1765;1904;-139;10:54:49.893726
1782;1920;-138;10:54:49.893726
1800;1933;-133;10:54:49.893726
1818;1948;-130;10:54:49.893726
1839;1972;-133;10:54:49.893726
1859;1992;-133;10:54:49.893726
1877;2012;-135;10:54:49.893726
1887;2025;-138;10:54:49.893726
1892;2035;-143;10:54:49.893726
1901;2037;-136;10:54:49.893726
1912;2035;-123;10:54:49.893726
1917;2032;-115;10:54:49.893726
1921;2023;-102;10:54:49.893726
1920;2014;-94;10:54:49.893726
1912;2003;-91;10:54:49.893726
1901;1985;-84;10:54:49.893726
1883;1965;-82;10:54:49.893726
1865;1947;-82;10:54:49.893726
1846;1929;-83;10:54:49.893726
1828;1910;-82;10:54:49.893726
1815;1896;-81;10:54:49.893726
1807;1885;-78;10:54:49.893726
1803;1876;-73;10:54:49.893726
1791;1866;-75;10:54:49.893726
1779;1855;-76;10:54:49.893726
1769;1847;-78;10:54:49.893726
1762;1838;-76;10:54:49.893726
1752;1832;-80;10:54:49.893726
1744;1833;-89;10:54:49.893726
1737;1834;-97;10:54:49.893726
1735;1839;-104;10:54:49.893726
1735;1843;-108;10:54:49.893726
1732;1845;-113;10:54:49.893726
1732;1843;-111;10:54:49.893726
1738;1850;-112;10:54:49.893726
1750;1854;-104;10:54:49.893726
1764;1870;-106;10:54:49.893726
1777;1889;-112;10:54:49.893726
1794;1913;-119;10:54:49.893726
1807;1930;-123;10:54:49.893726
1817;1942;-125;10:54:49.893726
1822;1950;-128;10:54:49.893726
1831;1957;-126;10:54:49.893726
1841;1965;-124;10:54:49.893726
1855;1973;-118;10:54:49.893726
1866;1986;-120;10:54:49.893726
1878;1996;-118;10:54:49.893726
1882;2000;-118;10:54:49.893726
1884;2005;-121;10:54:49.893726
1880;2006;-126;10:54:49.893726
1876;1999;-123;10:54:49.893726
1874;1987;-113;10:54:49.893726
1867;1972;-105;10:54:49.893726
1854;1961;-107;10:54:49.893726
1842;1947;-105;10:54:49.893726
1826;1927;-101;10:54:49.893726
1808;1905;-97;10:54:49.893726
1790;1883;-93;10:54:49.893726
1773;1861;-88;10:54:49.893726
1759;1844;-85;10:54:49.893726
1745;1831;-86;10:54:49.893726
1727;1821;-94;10:54:49.893726
1713;1815;-102;10:54:49.893726
1702;1808;-106;10:54:49.893726
1693;1803;-110;10:54:49.893726
1689;1794;-105;10:54:49.893726
1688;1792;-104;10:54:49.893726
1691;1795;-104;10:54:49.893726
1701;1807;-106;10:54:49.893726
1716;1825;-109;10:54:49.893726
1730;1848;-118;10:54:49.893726
1749;1870;-121;10:54:49.893726
1766;1893;-127;10:54:49.893726
1782;1913;-131;10:54:49.893726
1796;1927;-131;10:54:49.893726
1812;1943;-131;10:54:49.893726
1829;1954;-125;10:54:49.893726
1842;1963;-121;10:54:49.893726
1850;1968;-118;10:54:49.893726
1855;1967;-112;10:54:49.893726
1858;1966;-108;10:54:49.893726
1853;1956;-103;10:54:49.893726
1847;1938;-91;10:54:49.893726
1837;1923;-86;10:54:49.893726
1823;1907;-84;10:54:49.893726
1809;1894;-85;10:54:49.893726
1796;1883;-87;10:54:49.893726
1777;1869;-92;10:54:49.893726
1755;1847;-92;10:54:49.893726
1737;1829;-92;10:54:49.893726
1717;1813;-96;10:54:49.893726
1696;1797;-101;10:54:49.893726
1680;1786;-106;10:54:49.893726
1664;1776;-112;10:54:49.893726
1650;1771;-121;10:54:49.893726
1640;1765;-125;10:54:49.893726
1632;1755;-123;10:54:49.893726
1622;1744;-122;10:54:49.893726
1614;1733;-119;10:54:49.893726
1610;1725;-115;10:54:49.893726
1600;1720;-120;10:54:49.893726
1595;1722;-127;10:54:49.893726
1597;1726;-129;10:54:49.893726
1595;1737;-142;10:54:49.893726
1599;1744;-145;10:54:49.893726
1606;1749;-143;10:54:49.893726
1614;1758;-144;10:54:49.893726
1619;1765;-146;10:54:49.893726
1631;1774;-143;10:54:49.893726
1643;1783;-140;10:54:49.893726
1661;1795;-134;10:54:49.893726
1675;1804;-129;10:54:49.893726
1680;1819;-139;10:54:49.893726
1689;1832;-143;10:54:49.893726
1692;1836;-144;10:54:49.893726
1696;1834;-138;10:54:49.893726
1700;1832;-132;10:54:49.893726
1700;1828;-128;10:54:49.893726
1705;1830;-125;10:54:49.893726
1703;1831;-128;10:54:49.893726
1694;1828;-134;10:54:49.893726
1687;1824;-137;10:54:49.893726
1677;1812;-135;10:54:49.893726
1667;1799;-132;10:54:49.893726
1661;1786;-125;10:54:49.893726
1653;1775;-122;10:54:49.893726
1649;1770;-121;10:54:49.893726
1644;1762;-118;10:54:49.893726
1643;1757;-114;10:54:49.893726
1646;1757;-111;10:54:49.893726
1646;1759;-113;10:54:49.893726
1647;1764;-117;10:54:49.893726
1650;1768;-118;10:54:49.893726
1662;1779;-117;10:54:49.893726
1675;1797;-122;10:54:49.893726
1693;1819;-126;10:54:49.893726
1711;1842;-131;10:54:49.893726
1724;1861;-137;10:54:49.893726
1742;1879;-137;10:54:49.893726
1762;1897;-135;10:54:49.893726
1777;1912;-135;10:54:49.893726
1786;1923;-137;10:54:49.893726
1801;1933;-132;10:54:49.893726
1810;1944;-134;10:54:49.893726
1821;1951;-130;10:54:49.893726
1827;1956;-129;10:54:49.893726
1829;1954;-125;10:54:49.893726
1823;1949;-126;10:54:49.893726
1821;1939;-118;10:54:49.893726
1812;1928;-116;10:54:49.893726
1798;1917;-119;10:54:49.893726
1790;1906;-116;10:54:49.893726
1778;1894;-116;10:54:49.893726
1764;1877;-113;10:54:49.893726
1749;1863;-114;10:54:49.893726
1728;1848;-120;10:54:49.893726
1712;1836;-124;10:54:49.893726
1698;1823;-125;10:54:49.893726
1685;1807;-122;10:54:49.893726
1677;1795;-118;10:54:49.893726
1670;1784;-114;10:54:49.893726
1661;1780;-119;10:54:49.893726
1657;1778;-121;10:54:49.893726
1657;1776;-119;10:54:49.893726
1657;1771;-114;10:54:49.893726
1659;1775;-116;10:54:49.893726
1663;1783;-120;10:54:49.893726
1669;1794;-125;10:54:49.893726
1685;1812;-127;10:54:49.893726
1701;1829;-128;10:54:49.893726
1718;1844;-126;10:54:49.893726
1736;1861;-125;10:54:49.893726
1752;1883;-131;10:54:49.893726
1773;1895;-122;10:54:49.893726
1797;1912;-115;10:54:49.893726
1816;1929;-113;10:54:49.893726
1836;1947;-111;10:54:49.893726
1858;1970;-112;10:54:49.893726
1878;1992;-114;10:54:49.893726
1893;2011;-118;10:54:49.893726
1905;2026;-121;10:54:49.893726
1916;2038;-122;10:54:49.893726
1924;2044;-120;10:54:49.893726
1923;2046;-123;10:54:49.893726
1923;2043;-120;10:54:49.893726
1921;2035;-114;10:54:49.893726
1915;2021;-106;10:54:49.893726
1901;2005;-104;10:54:49.893726
1888;1986;-98;10:54:49.893726
1878;1966;-88;10:54:49.893726
1857;1944;-87;10:54:49.893726
1837;1920;-83;10:54:49.893726
1822;1905;-83;10:54:49.893726
1806;1891;-85;10:54:49.893726
1797;1879;-82;10:54:49.893726
1787;1867;-80;10:54:49.893726
1774;1857;-83;10:54:49.893726
1765;1848;-83;10:54:49.893726
1757;1837;-80;10:54:49.893726
1754;1834;-80;10:54:49.893726
1752;1832;-80;10:54:49.893726
1751;1831;-80;10:54:49.893726
1749;1835;-86;10:54:49.893726
1747;1839;-92;10:54:49.893726
1744;1845;-101;10:54:49.893726
1746;1853;-107;10:54:49.893726
1749;1856;-107;10:54:49.893726
1754;1860;-106;10:54:49.893726
1759;1865;-106;10:54:49.893726
1766;1876;-110;10:54:49.893726
1776;1892;-116;10:54:49.893726
1782;1906;-124;10:54:49.893726
1789;1920;-131;10:54:49.893726
1795;1933;-138;10:54:49.893726
1800;1942;-142;10:54:49.893726
1808;1944;-136;10:54:49.893726
1812;1951;-139;10:54:49.893726
1818;1954;-136;10:54:49.893726
1829;1954;-125;10:54:49.893726
1832;1956;-124;10:54:49.893726
1831;1959;-128;10:54:49.893726
1838;1960;-122;10:54:49.893726
1840;1955;-115;10:54:49.893726
1834;1949;-115;10:54:49.893726
1832;1942;-110;10:54:49.893726
1830;1938;-108;10:54:49.893726
1826;1932;-106;10:54:49.893726
1819;1927;-108;10:54:49.893726
1812;1919;-107;10:54:49.893726
1807;1907;-100;10:54:49.893726
1801;1897;-96;10:54:49.893726
1793;1886;-93;10:54:49.893726
1785;1878;-93;10:54:49.893726
1778;1870;-92;10:54:49.893726
1771;1866;-95;10:54:49.893726
1765;1860;-95;10:54:49.893726
1761;1858;-97;10:54:49.893726
1757;1859;-102;10:54:49.893726
1751;1858;-107;10:54:49.893726
1744;1853;-109;10:54:49.893726
1743;1848;-105;10:54:49.893726
1741;1846;-105;10:54:49.893726
1746;1850;-104;10:54:49.893726
1751;1856;-105;10:54:49.893726
1754;1864;-110;10:54:49.893726
1756;1873;-117;10:54:49.893726
1767;1880;-113;10:54:49.893726
1777;1891;-114;10:54:49.893726
1784;1901;-117;10:54:49.893726
1789;1910;-121;10:54:49.893726
1796;1916;-120;10:54:49.893726
1802;1922;-120;10:54:49.893726
1806;1929;-123;10:54:49.893726
1814;1932;-118;10:54:49.893726
1818;1935;-117;10:54:49.893726
1815;1935;-120;10:54:49.893726
1816;1928;-112;10:54:49.893726
1815;1925;-110;10:54:49.893726
1809;1920;-111;10:54:49.893726
1806;1913;-107;10:54:49.893726
1795;1906;-111;10:54:49.893726
1786;1896;-110;10:54:49.893726
1774;1879;-105;10:54:49.893726
1763;1863;-100;10:54:49.893726
1752;1849;-97;10:54:49.893726
1736;1834;-98;10:54:49.893726
1721;1819;-98;10:54:49.893726
1702;1805;-103;10:54:49.893726
1686;1792;-106;10:54:49.893726
1669;1781;-112;10:54:49.893726
1656;1766;-110;10:54:49.893726
1643;1755;-112;10:54:49.893726
1629;1746;-117;10:54:49.893726
1616;1737;-121;10:54:49.893726
1611;1731;-120;10:54:49.893726
1605;1729;-124;10:54:49.893726
1603;1729;-126;10:54:49.893726
1602;1733;-131;10:54:49.893726
1598;1738;-140;10:54:49.893726
1599;1743;-144;10:54:49.893726
1605;1749;-144;10:54:49.893726
1606;1756;-150;10:54:49.893726
1611;1765;-154;10:54:49.893726
1622;1774;-152;10:54:49.893726
1636;1785;-149;10:54:49.893726
1648;1795;-147;10:54:49.893726
1661;1811;-150;10:54:49.893726
1672;1822;-150;10:54:49.893726
1685;1830;-145;10:54:49.893726
1692;1838;-146;10:54:49.893726
1701;1837;-136;10:54:49.893726
1708;1842;-134;10:54:49.893726
1712;1842;-130;10:54:49.893726
1714;1838;-124;10:54:49.893726
1714;1835;-121;10:54:49.893726
1713;1830;-117;10:54:49.893726
1713;1829;-116;10:54:49.893726
1709;1825;-116;10:54:49.893726
1702;1823;-121;10:54:49.893726
1699;1821;-122;10:54:49.893726
1698;1817;-119;10:54:49.893726
1696;1817;-121;10:54:49.893726
1697;1815;-118;10:54:49.893726
1692;1814;-122;10:54:49.992204
1692;1816;-124;10:54:49.992204
1690;1816;-126;10:54:49.992204
1697;1821;-124;10:54:49.992204
1706;1828;-122;10:54:49.992204
1713;1832;-119;10:54:49.992204
1721;1843;-122;10:54:49.992204
1733;1852;-119;10:54:49.992204
1744;1865;-121;10:54:49.992204
1755;1876;-121;10:54:49.992204
1764;1884;-120;10:54:49.992204
1769;1892;-123;10:54:49.992204
1776;1903;-127;10:54:49.992204
1784;1912;-128;10:54:49.992204
1789;1923;-134;10:54:49.992204
1794;1929;-135;10:54:49.992204
1800;1934;-134;10:54:49.992204
1805;1935;-130;10:54:49.992204
1806;1934;-128;10:54:49.992204
1808;1930;-122;10:54:49.992204
1801;1924;-123;10:54:49.992204
1795;1916;-121;10:54:49.992204
1789;1906;-117;10:54:49.992204
1777;1893;-116;10:54:49.992204
1766;1882;-116;10:54:49.992204
1756;1872;-116;10:54:49.992204
1746;1860;-114;10:54:49.992204
1733;1845;-112;10:54:49.992204
1719;1832;-113;10:54:49.992204
1707;1824;-117;10:54:49.992204
1701;1820;-119;10:54:49.992204
1698;1815;-117;10:54:49.992204
1691;1809;-118;10:54:49.992204
1691;1807;-116;10:54:49.992204
1690;1808;-118;10:54:49.992204
1693;1811;-118;10:54:49.992204
1701;1815;-114;10:54:49.992204
1707;1825;-118;10:54:49.992204
1717;1836;-119;10:54:49.992204
1729;1848;-119;10:54:49.992204
1739;1864;-125;10:54:49.992204
1759;1880;-121;10:54:49.992204
1775;1893;-118;10:54:49.992204
1792;1906;-114;10:54:49.992204
1806;1923;-117;10:54:49.992204
1823;1938;-115;10:54:49.992204
1843;1958;-115;10:54:49.992204
1862;1977;-115;10:54:49.992204
1877;1993;-116;10:54:49.992204
1890;2005;-115;10:54:49.992204
1894;2011;-117;10:54:49.992204
1900;2016;-116;10:54:49.992204
1907;2016;-109;10:54:49.992204
1906;2011;-105;10:54:49.992204
1904;2004;-100;10:54:49.992204
1895;1997;-102;10:54:49.992204
1888;1986;-98;10:54:49.992204
1875;1974;-99;10:54:49.992204
1864;1958;-94;10:54:49.992204
1849;1941;-92;10:54:49.992204
1833;1919;-86;10:54:49.992204
1811;1899;-88;10:54:49.992204
1792;1879;-87;10:54:49.992204
1778;1863;-85;10:54:49.992204
1761;1847;-86;10:54:49.992204
1745;1835;-90;10:54:49.992204
1731;1824;-93;10:54:49.992204
1717;1816;-99;10:54:49.992204
1712;1811;-99;10:54:49.992204
1710;1807;-97;10:54:49.992204
1704;1806;-102;10:54:49.992204
1705;1809;-104;10:54:49.992204
1712;1815;-103;10:54:49.992204
1716;1819;-103;10:54:49.992204
1722;1825;-103;10:54:49.992204
1727;1834;-107;10:54:49.992204
1733;1845;-112;10:54:49.992204
1744;1852;-108;10:54:49.992204
1755;1864;-109;10:54:49.992204
1769;1880;-111;10:54:49.992204
1781;1895;-114;10:54:49.992204
1793;1906;-113;10:54:49.992204
1803;1920;-117;10:54:49.992204
1811;1934;-123;10:54:49.992204
1823;1946;-123;10:54:49.992204
1831;1954;-123;10:54:49.992204
1833;1962;-129;10:54:49.992204
1837;1966;-129;10:54:49.992204
1841;1971;-130;10:54:49.992204
1844;1975;-131;10:54:49.992204
1847;1973;-126;10:54:49.992204
1848;1975;-127;10:54:49.992204
1845;1972;-127;10:54:49.992204
1843;1963;-120;10:54:49.992204
1841;1958;-117;10:54:49.992204
1839;1953;-114;10:54:49.992204
1830;1943;-113;10:54:49.992204
1822;1931;-109;10:54:49.992204
1812;1921;-109;10:54:49.992204
1800;1907;-107;10:54:49.992204
1791;1896;-105;10:54:49.992204
1785;1884;-99;10:54:49.992204
1778;1878;-100;10:54:49.992204
1774;1869;-95;10:54:49.992204
1772;1861;-89;10:54:49.992204
1771;1858;-87;10:54:49.992204
1767;1861;-94;10:54:49.992204
1767;1859;-92;10:54:49.992204
1769;1862;-93;10:54:49.992204
1771;1864;-93;10:54:49.992204
1776;1866;-90;10:54:49.992204
1781;1873;-92;10:54:49.992204
1784;1884;-100;10:54:49.992204
1786;1893;-107;10:54:49.992204
1792;1897;-105;10:54:49.992204
1797;1905;-108;10:54:49.992204
1800;1909;-109;10:54:49.992204
1801;1914;-113;10:54:49.992204
1806;1920;-114;10:54:49.992204
1812;1921;-109;10:54:49.992204
1809;1922;-113;10:54:49.992204
1808;1923;-115;10:54:49.992204
1804;1925;-121;10:54:49.992204
1797;1921;-124;10:54:49.992204
1792;1916;-124;10:54:49.992204
1788;1909;-121;10:54:49.992204
1779;1898;-119;10:54:49.992204
1774;1887;-113;10:54:49.992204
1769;1879;-110;10:54:49.992204
1757;1870;-113;10:54:49.992204
1746;1858;-112;10:54:49.992204
1739;1845;-106;10:54:49.992204
1729;1835;-106;10:54:49.992204
1713;1828;-115;10:54:49.992204
1702;1820;-118;10:54:49.992204
1693;1811;-118;10:54:49.992204
1686;1804;-118;10:54:49.992204
1682;1796;-114;10:54:49.992204
1674;1790;-116;10:54:49.992204
1663;1782;-119;10:54:49.992204
1655;1771;-116;10:54:49.992204
1643;1763;-120;10:54:49.992204
1635;1756;-121;10:54:49.992204
1630;1750;-120;10:54:49.992204
1624;1747;-123;10:54:49.992204
1619;1744;-125;10:54:49.992204
1616;1743;-127;10:54:49.992204
1614;1741;-127;10:54:49.992204
1613;1743;-130;10:54:49.992204
1613;1744;-131;10:54:49.992204
1612;1746;-134;10:54:49.992204
1618;1750;-132;10:54:49.992204
1622;1756;-134;10:54:49.992204
1628;1762;-134;10:54:49.992204
1633;1772;-139;10:54:49.992204
1639;1783;-144;10:54:49.992204
1649;1793;-144;10:54:49.992204
1658;1800;-142;10:54:49.992204
1666;1808;-142;10:54:49.992204
1678;1818;-140;10:54:49.992204
1689;1831;-142;10:54:49.992204
1700;1838;-138;10:54:49.992204
1708;1845;-137;10:54:49.992204
1713;1852;-139;10:54:49.992204
1719;1854;-135;10:54:49.992204
1723;1856;-133;10:54:49.992204
1726;1856;-130;10:54:49.992204
1728;1853;-125;10:54:49.992204
1733;1851;-118;10:54:49.992204
1737;1848;-111;10:54:49.992204
1739;1847;-108;10:54:49.992204
1735;1841;-106;10:54:49.992204
1732;1839;-107;10:54:49.992204
1727;1831;-104;10:54:49.992204
1721;1829;-108;10:54:49.992204
1716;1823;-107;10:54:49.992204
1718;1825;-107;10:54:49.992204
1719;1829;-110;10:54:49.992204
1717;1831;-114;10:54:49.992204
1717;1834;-117;10:54:49.992204
1721;1840;-119;10:54:49.992204
1720;1844;-124;10:54:49.992204
1720;1846;-126;10:54:49.992204
1725;1855;-130;10:54:49.992204
1733;1861;-128;10:54:49.992204
1738;1866;-128;10:54:49.992204
1748;1875;-127;10:54:49.992204
1754;1887;-133;10:54:49.992204
1758;1892;-134;10:54:49.992204
1762;1894;-132;10:54:49.992204
1765;1897;-132;10:54:49.992204
1770;1896;-126;10:54:49.992204
1778;1898;-120;10:54:49.992204
1780;1898;-118;10:54:49.992204
1779;1900;-121;10:54:49.992204
1778;1899;-121;10:54:49.992204
1774;1898;-124;10:54:49.992204
1772;1896;-124;10:54:49.992204
1768;1887;-119;10:54:49.992204
1763;1876;-113;10:54:49.992204
1757;1871;-114;10:54:49.992204
1753;1864;-111;10:54:49.992204
1749;1855;-106;10:54:49.992204
1741;1849;-108;10:54:49.992204
1736;1843;-107;10:54:49.992204
1727;1836;-109;10:54:49.992204
1722;1827;-105;10:54:49.992204
1717;1828;-111;10:54:49.992204
1716;1829;-113;10:54:49.992204
1717;1834;-117;10:54:49.992204
1718;1841;-123;10:54:49.992204
1721;1848;-127;10:54:49.992204
1728;1856;-128;10:54:49.992204
1734;1865;-131;10:54:49.992204
1745;1874;-129;10:54:49.992204
1757;1881;-124;10:54:49.992204
1770;1889;-119;10:54:49.992204
1784;1901;-117;10:54:49.992204
1798;1914;-116;10:54:49.992204
1815;1928;-113;10:54:49.992204
1832;1940;-108;10:54:49.992204
1842;1951;-109;10:54:49.992204
1850;1960;-110;10:54:49.992204
1863;1969;-106;10:54:49.992204
1873;1976;-103;10:54:49.992204
1878;1986;-108;10:54:49.992204
1886;1989;-103;10:54:49.992204
1893;1997;-104;10:54:49.992204
1890;1996;-106;10:54:49.992204
1888;1992;-104;10:54:49.992204
1884;1986;-102;10:54:49.992204
1879;1978;-99;10:54:49.992204
1870;1968;-98;10:54:49.992204
1859;1955;-96;10:54:49.992204
1849;1942;-93;10:54:49.992204
1837;1927;-90;10:54:49.992204
1822;1911;-89;10:54:49.992204
1806;1894;-88;10:54:49.992204
1789;1875;-86;10:54:49.992204
1771;1858;-87;10:54:49.992204
1754;1838;-84;10:54:49.992204
1736;1826;-90;10:54:49.992204
1723;1819;-96;10:54:49.992204
1719;1813;-94;10:54:49.992204
1713;1812;-99;10:54:49.992204
1705;1812;-107;10:54:49.992204
1707;1817;-110;10:54:49.992204
1708;1821;-113;10:54:49.992204
1713;1826;-113;10:54:49.992204
1723;1837;-114;10:54:49.992204
1736;1851;-115;10:54:49.992204
1754;1869;-115;10:54:49.992204
1772;1892;-120;10:54:49.992204
1790;1909;-119;10:54:49.992204
1806;1930;-124;10:54:49.992204
1840;1964;-124;10:54:50.009018
1855;1979;-124;10:54:50.009018
1869;1989;-120;10:54:50.009018
1880;1999;-119;10:54:50.009018
1888;2006;-118;10:54:50.009018
1895;2008;-113;10:54:50.009018
1894;2007;-113;10:54:50.009018
1894;2005;-111;10:54:50.009018
1888;2000;-112;10:54:50.009018
1883;1992;-109;10:54:50.009018
1880;1983;-103;10:54:50.009018
1878;1974;-96;10:54:50.009018
1868;1967;-99;10:54:50.009018
1861;1954;-93;10:54:50.009018
1850;1944;-94;10:54:50.009018
1834;1926;-92;10:54:50.009018
1820;1915;-95;10:54:50.009018
1808;1903;-95;10:54:50.009018
1794;1890;-96;10:54:50.009018
1782;1882;-100;10:54:50.009018
1776;1873;-97;10:54:50.009018
1767;1866;-99;10:54:50.009018
1760;1862;-102;10:54:50.009018
1758;1858;-100;10:54:50.009018
1753;1856;-103;10:54:50.009018
1749;1850;-101;10:54:50.009018
1752;1852;-100;10:54:50.009018
1758;1854;-96;10:54:50.009018
1762;1860;-98;10:54:50.009018
1768;1867;-99;10:54:50.009018
1775;1873;-98;10:54:50.009018
1776;1879;-103;10:54:50.009018
1785;1885;-100;10:54:50.009018
1790;1889;-99;10:54:50.009018
1794;1892;-98;10:54:50.009018
1801;1897;-96;10:54:50.009018
1807;1908;-101;10:54:50.009018
1813;1914;-101;10:54:50.009018
1815;1917;-102;10:54:50.009018
1814;1918;-104;10:54:50.009018
1812;1915;-103;10:54:50.009018
1805;1913;-108;10:54:50.009018
1800;1904;-104;10:54:50.009018
1791;1901;-110;10:54:50.009018
1785;1899;-114;10:54:50.009018
1776;1894;-118;10:54:50.009018
1763;1885;-122;10:54:50.009018
1746;1870;-124;10:54:50.009018
1733;1858;-125;10:54:50.009018
1718;1846;-128;10:54:50.009018
1705;1828;-123;10:54:50.009018
1690;1813;-123;10:54:50.009018
1680;1801;-121;10:54:50.009018
1672;1791;-119;10:54:50.009018
1663;1778;-115;10:54:50.009018
1654;1768;-114;10:54:50.009018
1642;1759;-117;10:54:50.009018
1636;1750;-114;10:54:50.009018
1629;1739;-110;10:54:50.009018
1626;1734;-108;10:54:50.009018
1626;1731;-105;10:54:50.009018
1628;1738;-110;10:54:50.009018
1632;1746;-114;10:54:50.009018
1634;1754;-120;10:54:50.009018
1634;1757;-123;10:54:50.009018
1639;1766;-127;10:54:50.009018
1646;1775;-129;10:54:50.009018
1653;1780;-127;10:54:50.009018
1660;1789;-129;10:54:50.009018
1667;1797;-130;10:54:50.009018
1675;1806;-131;10:54:50.009018
1683;1815;-132;10:54:50.009018
1686;1821;-135;10:54:50.009018
1686;1826;-140;10:54:50.009018
1688;1824;-136;10:54:50.009018
1694;1827;-133;10:54:50.009018
1696;1832;-136;10:54:50.009018
1701;1833;-132;10:54:50.009018
1708;1836;-128;10:54:50.009018
1708;1838;-130;10:54:50.009018
1712;1838;-126;10:54:50.009018
1713;1839;-126;10:54:50.009018
1710;1839;-129;10:54:50.009018
1710;1839;-129;10:54:50.009018
1715;1835;-120;10:54:50.009018
1719;1835;-116;10:54:50.009018
1719;1836;-117;10:54:50.009018
1724;1840;-116;10:54:50.009018
1729;1844;-115;10:54:50.009018
1729;1845;-116;10:54:50.009018
1729;1843;-114;10:54:50.009018
1736;1846;-110;10:54:50.009018
1741;1849;-108;10:54:50.009018
1739;1853;-114;10:54:50.009018
1743;1857;-114;10:54:50.009018
1745;1863;-118;10:54:50.009018
1746;1867;-121;10:54:50.009018
1746;1866;-120;10:54:50.009018
1748;1867;-119;10:54:50.009018
1750;1868;-118;10:54:50.009018
1750;1867;-117;10:54:50.009018
1751;1863;-112;10:54:50.009018
1753;1865;-112;10:54:50.009018
1751;1866;-115;10:54:50.009018
1749;1868;-119;10:54:50.009018
1743;1868;-125;10:54:50.009018
1735;1867;-132;10:54:50.009018
1736;1866;-130;10:54:50.009018
1737;1866;-129;10:54:50.009018
1736;1868;-132;10:54:50.009018
1739;1871;-132;10:54:50.009018
1743;1877;-134;10:54:50.009018
1745;1878;-133;10:54:50.009018
1746;1880;-134;10:54:50.009018
1747;1880;-133;10:54:50.009018
1749;1878;-129;10:54:50.009018
1753;1876;-123;10:54:50.009018
1755;1874;-119;10:54:50.009018
1755;1878;-123;10:54:50.009018
1757;1879;-122;10:54:50.009018
1756;1875;-119;10:54:50.009018
1753;1873;-120;10:54:50.009018
1745;1864;-119;10:54:50.009018
1743;1856;-113;10:54:50.009018
1745;1850;-105;10:54:50.009018
1743;1844;-101;10:54:50.009018
1741;1842;-101;10:54:50.009018
1742;1844;-102;10:54:50.009018
1747;1851;-104;10:54:50.009018
1749;1853;-104;10:54:50.009018
1750;1860;-110;10:54:50.009018
1754;1864;-110;10:54:50.009018
1757;1871;-114;10:54:50.009018
1762;1875;-113;10:54:50.009018
1773;1886;-113;10:54:50.009018
1782;1897;-115;10:54:50.009018
1795;1910;-115;10:54:50.009018
1809;1926;-117;10:54:50.009018
1819;1937;-118;10:54:50.009018
1823;1946;-123;10:54:50.009018
1832;1954;-122;10:54:50.009018
1840;1963;-123;10:54:50.009018
1850;1966;-116;10:54:50.009018
1857;1967;-110;10:54:50.009018
1859;1968;-109;10:54:50.009018
1866;1971;-105;10:54:50.009018
1865;1969;-104;10:54:50.009018
1861;1966;-105;10:54:50.009018
1857;1959;-102;10:54:50.009018
1850;1953;-103;10:54:50.009018
1846;1943;-97;10:54:50.009018
1841;1934;-93;10:54:50.009018
1832;1928;-96;10:54:50.009018
1825;1921;-96;10:54:50.009018
1822;1914;-92;10:54:50.009018
1810;1900;-90;10:54:50.009018
1796;1887;-91;10:54:50.009018
1785;1878;-93;10:54:50.009018
1777;1868;-91;10:54:50.009018
1763;1857;-94;10:54:50.009018
1753;1851;-98;10:54:50.009018
1746;1847;-101;10:54:50.009018
1739;1841;-102;10:54:50.009018
1733;1837;-104;10:54:50.009018
1729;1837;-108;10:54:50.009018
1724;1836;-112;10:54:50.009018
1725;1841;-116;10:54:50.009018
1732;1846;-114;10:54:50.009018
1740;1855;-115;10:54:50.009018
1747;1868;-121;10:54:50.009018
1757;1881;-124;10:54:50.009018
1767;1894;-127;10:54:50.009018
1777;1904;-127;10:54:50.009018
1791;1924;-133;10:54:50.009018
1808;1936;-128;10:54:50.009018
1825;1947;-122;10:54:50.009018
1838;1960;-122;10:54:50.009018
1854;1973;-119;10:54:50.009018
1868;1982;-114;10:54:50.009018
1874;1986;-112;10:54:50.009018
1882;1991;-109;10:54:50.009018
1888;1994;-106;10:54:50.009018
1889;1994;-105;10:54:50.009018
1888;1995;-107;10:54:50.009018
1889;1997;-108;10:54:50.009018
1890;1996;-106;10:54:50.009018
1882;1988;-106;10:54:50.009018
1874;1978;-104;10:54:50.009018
1863;1965;-102;10:54:50.009018
1851;1948;-97;10:54:50.009018
1837;1931;-94;10:54:50.009018
1822;1912;-90;10:54:50.009018
1807;1896;-89;10:54:50.009018
1792;1880;-88;10:54:50.009018
1780;1871;-91;10:54:50.009018
1765;1858;-93;10:54:50.009018
1751;1844;-93;10:54:50.009018
1738;1833;-95;10:54:50.009018
1725;1821;-96;10:54:50.009018
1723;1814;-91;10:54:50.009018
1717;1813;-96;10:54:50.009018
1717;1814;-97;10:54:50.009018
1719;1821;-102;10:54:50.009018
1721;1826;-105;10:54:50.009018
1724;1835;-111;10:54:50.009018
1731;1844;-113;10:54:50.009018
1737;1857;-120;10:54:50.009018
1746;1867;-121;10:54:50.009018
1757;1875;-118;10:54:50.009018
1768;1884;-116;10:54:50.009018
1780;1898;-118;10:54:50.009018
1792;1908;-116;10:54:50.009018
1798;1910;-112;10:54:50.009018
1797;1914;-117;10:54:50.009018
1800;1914;-114;10:54:50.009018
1797;1910;-113;10:54:50.009018
1792;1904;-112;10:54:50.009018
1788;1901;-113;10:54:50.009018
1782;1895;-113;10:54:50.009018
1774;1887;-113;10:54:50.009018
1763;1876;-113;10:54:50.009018
1748;1860;-112;10:54:50.009018
1734;1848;-114;10:54:50.009018
1716;1832;-116;10:54:50.009018
1703;1817;-114;10:54:50.009018
1690;1800;-110;10:54:50.009018
1675;1789;-114;10:54:50.009018
1663;1777;-114;10:54:50.009018
1650;1767;-117;10:54:50.009018
1638;1756;-118;10:54:50.009018
1626;1750;-124;10:54:50.009018
1615;1743;-128;10:54:50.009018
1611;1737;-126;10:54:50.009018
1603;1731;-128;10:54:50.009018
1602;1729;-127;10:54:50.009018
1606;1732;-126;10:54:50.009018
1609;1732;-123;10:54:50.009018
1618;1738;-120;10:54:50.009018
1622;1746;-124;10:54:50.009018
1629;1755;-126;10:54:50.009018
1638;1762;-124;10:54:50.009018
1647;1773;-126;10:54:50.009018
1658;1783;-125;10:54:50.009018
1673;1796;-123;10:54:50.009018
1684;1809;-125;10:54:50.009018
1694;1819;-125;10:54:50.009018
1701;1827;-126;10:54:50.009018
1712;1838;-126;10:54:50.009018
1716;1846;-130;10:54:50.009018
1724;1854;-130;10:54:50.009018
1729;1864;-135;10:54:50.009018
1734;1866;-132;10:54:50.009018
1737;1869;-132;10:54:50.009018
1737;1871;-134;10:54:50.009018
1738;1869;-131;10:54:50.009018
1735;1866;-131;10:54:50.009018
1734;1861;-127;10:54:50.009018
1732;1861;-129;10:54:50.009018
1732;1860;-128;10:54:50.009018
1729;1858;-129;10:54:50.009018
1724;1854;-130;10:54:50.009018
1722;1847;-125;10:54:50.009018
1718;1843;-125;10:54:50.009018
1716;1835;-119;10:54:50.009018
1716;1832;-116;10:54:50.009018
1714;1828;-114;10:54:50.009018
1714;1826;-112;10:54:50.009018
1714;1827;-113;10:54:50.009018
1717;1829;-112;10:54:50.009018
1716;1829;-113;10:54:50.009018
1716;1830;-114;10:54:50.009018
1717;1832;-115;10:54:50.009018
1723;1839;-116;10:54:50.009018
1726;1842;-116;10:54:50.009018
1726;1846;-120;10:54:50.009018
1732;1854;-122;10:54:50.009018
1738;1865;-127;10:54:50.009018
1737;1867;-130;10:54:50.009018
1739;1872;-133;10:54:50.009018
1739;1876;-137;10:54:50.009018
1739;1876;-137;10:54:50.009018
1741;1878;-137;10:54:50.009018
1737;1875;-138;10:54:50.009018
1737;1876;-139;10:54:50.009018
1735;1873;-138;10:54:50.009018
1735;1870;-135;10:54:50.009018
1732;1867;-135;10:54:50.009018
1728;1862;-134;10:54:50.009018
1726;1858;-132;10:54:50.009018
1724;1857;-133;10:54:50.009018
1723;1856;-133;10:54:50.009018
1728;1854;-126;10:54:50.009018
1733;1855;-122;10:54:50.009018
1737;1861;-124;10:54:50.009018
1740;1861;-121;10:54:50.009018
1744;1865;-121;10:54:50.009018
1747;1868;-121;10:54:50.009018
1753;1871;-118;10:54:50.009018
1759;1874;-115;10:54:50.009018
1767;1880;-113;10:54:50.009018
1772;1887;-115;10:54:50.009018
1785;1894;-109;10:54:50.009018
1789;1900;-111;10:54:50.009018
1792;1907;-115;10:54:50.009018
1798;1910;-112;10:54:50.009018
1807;1913;-106;10:54:50.009018
1812;1916;-104;10:54:50.009018
1814;1918;-104;10:54:50.009018
1815;1919;-104;10:54:50.009018
1816;1922;-106;10:54:50.009018
1816;1924;-108;10:54:50.009018
1819;1928;-109;10:54:50.009018
1823;1933;-110;10:54:50.009018
1830;1934;-104;10:54:50.009018
1828;1935;-107;10:54:50.009018
1829;1935;-106;10:54:50.009018
1833;1936;-103;10:54:50.009018
1831;1938;-107;10:54:50.009018
1830;1938;-108;10:54:50.009018
1826;1939;-113;10:54:50.009018
1821;1936;-115;10:54:50.009018
1821;1934;-113;10:54:50.009018
1823;1931;-108;10:54:50.009018
1820;1928;-108;10:54:50.009018
1813;1922;-109;10:54:50.009018
1812;1917;-105;10:54:50.009018
1810;1911;-101;10:54:50.009018
1803;1904;-101;10:54:50.009018
1794;1895;-101;10:54:50.009018
1788;1895;-107;10:54:50.009018
1785;1887;-102;10:54:50.009018
1781;1882;-101;10:54:50.009018
1775;1878;-103;10:54:50.009018
1774;1875;-101;10:54:50.009018
1771;1874;-103;10:54:50.009018
1763;1867;-104;10:54:50.009018
1762;1862;-100;10:54:50.009018
1757;1859;-102;10:54:50.009018
1754;1854;-100;10:54:50.009018
1754;1855;-101;10:54:50.009018
1755;1855;-100;10:54:50.009018
1753;1862;-109;10:54:50.009018
1755;1868;-113;10:54:50.009018
1761;1879;-118;10:54:50.009018
1766;1889;-123;10:54:50.009018
1774;1899;-125;10:54:50.009018
1787;1910;-123;10:54:50.009018
1796;1920;-124;10:54:50.009018
1804;1934;-130;10:54:50.009018
1812;1944;-132;10:54:50.009018
1820;1955;-135;10:54:50.009018
1827;1962;-135;10:54:50.009018
1833;1965;-132;10:54:50.009018
1836;1964;-128;10:54:50.009018
1841;1966;-125;10:54:50.009018
1849;1961;-112;10:54:50.009018
1849;1957;-108;10:54:50.009018
1851;1952;-101;10:54:50.009018
1851;1946;-95;10:54:50.009018
1843;1940;-97;10:54:50.009018
1837;1933;-96;10:54:50.009018
1832;1929;-97;10:54:50.009018
1823;1918;-95;10:54:50.009018
1814;1908;-94;10:54:50.009018
1804;1900;-96;10:54:50.009018
1800;1890;-90;10:54:50.009018
1793;1884;-91;10:54:50.009018
1785;1878;-93;10:54:50.009018
1774;1872;-98;10:54:50.009018
1766;1863;-97;10:54:50.009018
1759;1853;-94;10:54:50.009018
1748;1851;-103;10:54:50.009018
1741;1844;-103;10:54:50.009018
1734;1840;-106;10:54:50.009018
1729;1837;-108;10:54:50.009018
1727;1834;-107;10:54:50.009018
1726;1831;-105;10:54:50.009018
1726;1832;-106;10:54:50.009018
1724;1833;-109;10:54:50.009018
1721;1837;-116;10:54:50.009018
1723;1838;-115;10:54:50.009018
1727;1844;-117;10:54:50.009018
1727;1850;-123;10:54:50.009018
1736;1852;-116;10:54:50.009018
1735;1861;-126;10:54:50.009018
1741;1861;-120;10:54:50.009018
1747;1868;-121;10:54:50.009018
1752;1873;-121;10:54:50.009018
1757;1877;-120;10:54:50.009018
1757;1877;-120;10:54:50.009018
1761;1876;-115;10:54:50.009018
1753;1879;-126;10:54:50.009018
1752;1877;-125;10:54:50.009018
1754;1868;-114;10:54:50.009018
1745;1866;-121;10:54:50.009018
1736;1854;-118;10:54:50.009018
1729;1849;-120;10:54:50.009018
1714;1839;-125;10:54:50.009018
1706;1831;-125;10:54:50.009018
1697;1815;-118;10:54:50.009018
1688;1806;-118;10:54:50.009018
1674;1791;-117;10:54:50.009018
1660;1778;-118;10:54:50.009018
1649;1766;-117;10:54:50.009018
1640;1758;-118;10:54:50.009018
1628;1748;-120;10:54:50.009018
1620;1742;-122;10:54:50.009018
1615;1738;-123;10:54:50.009018
1610;1735;-125;10:54:50.009018
1611;1738;-127;10:54:50.009018
1613;1739;-126;10:54:50.009018
1614;1746;-132;10:54:50.009018
1621;1749;-128;10:54:50.009018
1629;1759;-130;10:54:50.009018
1636;1769;-133;10:54:50.009018
1647;1784;-137;10:54:50.009018
1662;1796;-134;10:54:50.009018
1672;1812;-140;10:54:50.009018
1682;1823;-141;10:54:50.009018
1697;1839;-142;10:54:50.009018
1711;1847;-136;10:54:50.009018
1726;1861;-135;10:54:50.009018
1739;1868;-129;10:54:50.009018
1749;1878;-129;10:54:50.009018
1755;1880;-125;10:54:50.009018
1762;1886;-124;10:54:50.009018
1764;1884;-120;10:54:50.009018
1764;1886;-122;10:54:50.009018
1760;1882;-122;10:54:50.009018
1760;1882;-122;10:54:50.009018
1755;1874;-119;10:54:50.009018
1749;1871;-122;10:54:50.009018
1746;1862;-116;10:54:50.009018
1739;1855;-116;10:54:50.009018
1730;1851;-121;10:54:50.009018
1724;1845;-121;10:54:50.009018
1717;1840;-123;10:54:50.009018
1713;1838;-125;10:54:50.009018
1709;1837;-128;10:54:50.009018
1707;1835;-128;10:54:50.009018
1708;1832;-124;10:54:50.009018
1709;1835;-126;10:54:50.009018
1711;1834;-123;10:54:50.009018
1715;1838;-123;10:54:50.009018
1714;1837;-123;10:54:50.009018
1715;1838;-123;10:54:50.009018
1718;1841;-123;10:54:50.009018
1722;1843;-121;10:54:50.009018
1727;1846;-119;10:54:50.009018
1730;1848;-118;10:54:50.009018
1736;1849;-113;10:54:50.009018
1738;1855;-117;10:54:50.009018
1739;1857;-118;10:54:50.009018
1740;1863;-123;10:54:50.009018
1744;1864;-120;10:54:50.009018
1749;1872;-123;10:54:50.009018
1749;1875;-126;10:54:50.009018
1754;1880;-126;10:54:50.009018
1754;1882;-128;10:54:50.009018
1757;1884;-127;10:54:50.009018
1755;1883;-128;10:54:50.009018
1755;1883;-128;10:54:50.009018
1755;1884;-129;10:54:50.009018
1759;1883;-124;10:54:50.009018
1752;1877;-125;10:54:50.009018
1752;1876;-124;10:54:50.009018
1753;1873;-120;10:54:50.009018
1749;1871;-122;10:54:50.009018
1746;1868;-122;10:54:50.009018
1745;1865;-120;10:54:50.009018
1747;1863;-116;10:54:50.009018
1747;1861;-114;10:54:50.009018
1751;1865;-114;10:54:50.009018
1756;1863;-107;10:54:50.009018
1758;1871;-113;10:54:50.009018
1766;1874;-108;10:54:50.009018
1771;1876;-105;10:54:50.009018
1777;1884;-107;10:54:50.009018
1781;1887;-106;10:54:50.009018
1790;1893;-103;10:54:50.009018
1798;1900;-102;10:54:50.009018
1806;1905;-99;10:54:50.009018
1812;1913;-101;10:54:50.009018
1813;1916;-103;10:54:50.009018
1818;1924;-106;10:54:50.009018
1822;1923;-101;10:54:50.009018
1821;1933;-112;10:54:50.009018
1820;1931;-111;10:54:50.009018
1829;1936;-107;10:54:50.009018
1826;1935;-109;10:54:50.009018
1826;1934;-108;10:54:50.009018
1822;1929;-107;10:54:50.009018
1820;1929;-109;10:54:50.009018
1814;1921;-107;10:54:50.009018
1803;1915;-112;10:54:50.009018
1796;1904;-108;10:54:50.009018
1789;1899;-110;10:54:50.009018
1779;1888;-109;10:54:50.009018
1771;1881;-110;10:54:50.009018
1764;1872;-108;10:54:50.009018
1755;1867;-112;10:54:50.009018
1752;1860;-108;10:54:50.009018
1746;1853;-107;10:54:50.009018
1741;1850;-109;10:54:50.009018
1740;1848;-108;10:54:50.009018
1740;1848;-108;10:54:50.009018
1735;1853;-118;10:54:50.009018
1737;1852;-115;10:54:50.009018
1742;1859;-117;10:54:50.009018
1745;1863;-118;10:54:50.009018
1759;1870;-111;10:54:50.010054
1767;1879;-112;10:54:50.010054
1772;1880;-108;10:54:50.010054
1776;1886;-110;10:54:50.010054
1784;1895;-111;10:54:50.010054
1786;1899;-113;10:54:50.010054
1790;1903;-113;10:54:50.010054
1795;1905;-110;10:54:50.010054
1798;1912;-114;10:54:50.010054
1803;1918;-115;10:54:50.010054
1802;1921;-119;10:54:50.010054
1810;1927;-117;10:54:50.010054
1814;1930;-116;10:54:50.010054
1814;1935;-121;10:54:50.010054
1824;1936;-112;10:54:50.010054
1822;1937;-115;10:54:50.010054
1819;1939;-120;10:54:50.010054
1823;1942;-119;10:54:50.010054
1828;1944;-116;10:54:50.010054
1826;1942;-116;10:54:50.010054
1824;1942;-118;10:54:50.010054
1826;1938;-112;10:54:50.010054
1824;1936;-112;10:54:50.010054
1823;1928;-105;10:54:50.010054
1818;1922;-104;10:54:50.010054
1810;1911;-101;10:54:50.010054
1806;1906;-100;10:54:50.010054
1802;1899;-97;10:54:50.010054
1790;1892;-102;10:54:50.010054
1787;1885;-98;10:54:50.010054
1778;1875;-97;10:54:50.010054
1770;1863;-93;10:54:50.010054
1760;1857;-97;10:54:50.010054
1756;1846;-90;10:54:50.010054
1749;1841;-92;10:54:50.010054
1743;1840;-97;10:54:50.010054
1739;1835;-96;10:54:50.010054
1731;1834;-103;10:54:50.010054
1727;1836;-109;10:54:50.010054
1727;1834;-107;10:54:50.010054
1724;1834;-110;10:54:50.010054
1724;1837;-113;10:54:50.010054
1725;1842;-117;10:54:50.010054
1726;1844;-118;10:54:50.010054
1733;1851;-118;10:54:50.010054
1738;1859;-121;10:54:50.010054
1739;1864;-125;10:54:50.010054
1745;1872;-127;10:54:50.010054
1750;1877;-127;10:54:50.010054
1746;1873;-127;10:54:50.010054
1745;1878;-133;10:54:50.010054
1752;1877;-125;10:54:50.010054
1750;1875;-125;10:54:50.010054
1745;1872;-127;10:54:50.010054
1746;1867;-121;10:54:50.010054
1745;1860;-115;10:54:50.010054
1737;1852;-115;10:54:50.010054
1728;1843;-115;10:54:50.010054
1719;1837;-118;10:54:50.010054
1712;1829;-117;10:54:50.010054
1703;1819;-116;10:54:50.010054
1696;1812;-116;10:54:50.010054
1689;1803;-114;10:54:50.010054
1680;1792;-112;10:54:50.010054
1672;1785;-113;10:54:50.010054
1664;1778;-114;10:54:50.010054
1654;1771;-117;10:54:50.010054
1651;1767;-116;10:54:50.010054
1649;1768;-119;10:54:50.010054
1643;1768;-125;10:54:50.010054
1642;1764;-122;10:54:50.010054
1639;1765;-126;10:54:50.010054
1636;1766;-130;10:54:50.010054
1643;1772;-129;10:54:50.010054
1645;1775;-130;10:54:50.010054
1647;1779;-132;10:54:50.010054
1654;1788;-134;10:54:50.010054
1663;1790;-127;10:54:50.010054
1672;1798;-126;10:54:50.010054
1678;1804;-126;10:54:50.010054
1683;1812;-129;10:54:50.010054
1693;1823;-130;10:54:50.010054
1706;1833;-127;10:54:50.010054
1716;1842;-126;10:54:50.010054
1728;1851;-123;10:54:50.010054
1736;1864;-128;10:54:50.010054
1749;1874;-125;10:54:50.010054
1757;1881;-124;10:54:50.010054
1766;1883;-117;10:54:50.010054
1773;1894;-121;10:54:50.010054
1777;1895;-118;10:54:50.010054
1777;1898;-121;10:54:50.010054
1781;1896;-115;10:54:50.010054
1782;1901;-119;10:54:50.010054
1780;1892;-112;10:54:50.010054
1775;1889;-114;10:54:50.010054
1766;1879;-113;10:54:50.010054
1755;1872;-117;10:54:50.010054
1744;1860;-116;10:54:50.010054
1737;1852;-115;10:54:50.010054
1734;1845;-111;10:54:50.010054
1726;1838;-112;10:54:50.010054
1719;1835;-116;10:54:50.010054
1712;1832;-120;10:54:50.010054
1707;1824;-117;10:54:50.010054
1699;1819;-120;10:54:50.010054
1696;1813;-117;10:54:50.010054
1691;1813;-122;10:54:50.010054
1691;1813;-122;10:54:50.010054
1697;1815;-118;10:54:50.010054
1696;1819;-123;10:54:50.010054
1700;1824;-124;10:54:50.010054
1706;1831;-125;10:54:50.010054
1710;1836;-126;10:54:50.010054
1719;1840;-121;10:54:50.010054
1724;1850;-126;10:54:50.010054
1734;1860;-126;10:54:50.010054
1744;1866;-122;10:54:50.010054
1755;1875;-120;10:54:50.010054
1761;1887;-126;10:54:50.010054
1766;1892;-126;10:54:50.010054
1772;1895;-123;10:54:50.010054
1779;1899;-120;10:54:50.010054
1780;1900;-120;10:54:50.010054
1781;1899;-118;10:54:50.010054
1785;1900;-115;10:54:50.010054
1788;1900;-112;10:54:50.010054
1786;1896;-110;10:54:50.010054
1784;1897;-113;10:54:50.010054
1784;1894;-110;10:54:50.010054
1775;1889;-114;10:54:50.010054
1775;1884;-109;10:54:50.010054
1775;1878;-103;10:54:50.010054
1766;1878;-112;10:54:50.010054
1767;1872;-105;10:54:50.010054
1769;1877;-108;10:54:50.010054
1770;1879;-109;10:54:50.010054
1770;1880;-110;10:54:50.010054
1776;1882;-106;10:54:50.010054
1777;1886;-109;10:54:50.010054
1777;1889;-112;10:54:50.010054
1782;1889;-107;10:54:50.010054
1786;1897;-111;10:54:50.010054
1791;1900;-109;10:54:50.010054
1802;1901;-99;10:54:50.010054
1806;1907;-101;10:54:50.010054
1810;1910;-100;10:54:50.010054
1813;1912;-99;10:54:50.010054
1816;1916;-100;10:54:50.010054
1820;1916;-96;10:54:50.010054
1817;1921;-104;10:54:50.010054
1821;1921;-100;10:54:50.010054
1824;1925;-101;10:54:50.010054
1822;1926;-104;10:54:50.010054
1817;1925;-108;10:54:50.010054
1817;1924;-107;10:54:50.010054
1815;1922;-107;10:54:50.010054
1813;1920;-107;10:54:50.010054
1810;1920;-110;10:54:50.010054
1804;1916;-112;10:54:50.010054
1803;1912;-109;10:54:50.010054
1799;1913;-114;10:54:50.010054
1795;1906;-111;10:54:50.010054
1786;1893;-107;10:54:50.010054
1781;1889;-108;10:54:50.010054
1777;1881;-104;10:54:50.010054
1772;1879;-107;10:54:50.010054
1769;1875;-106;10:54:50.010054
1766;1875;-109;10:54:50.010054
1763;1870;-107;10:54:50.010054
1760;1868;-108;10:54:50.010054
1758;1869;-111;10:54:50.010054
1758;1864;-106;10:54:50.010054
1760;1866;-106;10:54:50.010054
1764;1872;-108;10:54:50.010054
1771;1879;-108;10:54:50.010054
1775;1885;-110;10:54:50.010054
1786;1898;-112;10:54:50.010054
1792;1903;-111;10:54:50.010054
1801;1911;-110;10:54:50.010054
1808;1920;-112;10:54:50.010054
1819;1931;-112;10:54:50.010054
1824;1937;-113;10:54:50.010054
1834;1949;-115;10:54:50.010054
1841;1957;-116;10:54:50.010054
1850;1966;-116;10:54:50.010054
1857;1968;-111;10:54:50.010054
1855;1973;-118;10:54:50.010054
1856;1972;-116;10:54:50.010054
1861;1972;-111;10:54:50.010054
1862;1967;-105;10:54:50.010054
1862;1966;-104;10:54:50.010054
1860;1965;-105;10:54:50.010054
1854;1961;-107;10:54:50.010054
1852;1953;-101;10:54:50.010054
1847;1947;-100;10:54:50.010054
1838;1939;-101;10:54:50.010054
1831;1925;-94;10:54:50.010054
1825;1916;-91;10:54:50.010054
1812;1906;-94;10:54:50.010054
1803;1899;-96;10:54:50.010054
1801;1889;-88;10:54:50.010054
1793;1885;-92;10:54:50.010054
1782;1874;-92;10:54:50.010054
1770;1868;-98;10:54:50.010054
1763;1862;-99;10:54:50.010054
1757;1858;-101;10:54:50.010054
1757;1853;-96;10:54:50.010054
1755;1853;-98;10:54:50.010054
1753;1852;-99;10:54:50.010054
1748;1851;-103;10:54:50.010054
1744;1851;-107;10:54:50.010054
1747;1847;-100;10:54:50.010054
1742;1847;-105;10:54:50.010054
1742;1851;-109;10:54:50.010054
1742;1851;-109;10:54:50.010054
1740;1852;-112;10:54:50.010054
1742;1855;-113;10:54:50.010054
1741;1854;-113;10:54:50.010054
1738;1854;-116;10:54:50.010054
1734;1853;-119;10:54:50.010054
1733;1851;-118;10:54:50.010054
1730;1848;-118;10:54:50.010054
1727;1848;-121;10:54:50.010054
1725;1849;-124;10:54:50.010054
1727;1848;-121;10:54:50.010054
1722;1845;-123;10:54:50.010054
1724;1847;-123;10:54:50.010054
1720;1844;-124;10:54:50.010054
1720;1841;-121;10:54:50.010054
1718;1839;-121;10:54:50.010054
1713;1835;-122;10:54:50.010054
1712;1833;-121;10:54:50.010054
1710;1827;-117;10:54:50.010054
1703;1826;-123;10:54:50.010054
1695;1816;-121;10:54:50.010054
1692;1812;-120;10:54:50.010054
1685;1801;-116;10:54:50.010054
1682;1795;-113;10:54:50.010054
1679;1790;-111;10:54:50.010054
1673;1784;-111;10:54:50.010054
1671;1778;-107;10:54:50.010054
1675;1775;-100;10:54:50.010054
1667;1776;-109;10:54:50.010054
1659;1774;-115;10:54:50.010054
1661;1777;-116;10:54:50.010054
1662;1777;-115;10:54:50.010054
1663;1778;-115;10:54:50.010054
1663;1782;-119;10:54:50.010054
1668;1789;-121;10:54:50.010054
1671;1796;-125;10:54:50.010054
1679;1802;-123;10:54:50.010054
1682;1811;-129;10:54:50.010054
1689;1816;-127;10:54:50.010054
1695;1818;-123;10:54:50.010054
1707;1839;-132;10:54:50.010054
1716;1843;-127;10:54:50.010054
1722;1852;-130;10:54:50.010054
1731;1859;-128;10:54:50.010054
1739;1869;-130;10:54:50.010054
1748;1870;-122;10:54:50.010054
1754;1878;-124;10:54:50.010054
1760;1882;-122;10:54:50.010054
1765;1886;-121;10:54:50.010054
1767;1887;-120;10:54:50.010054
1769;1890;-121;10:54:50.010054
1771;1890;-119;10:54:50.010054
1770;1886;-116;10:54:50.010054
1767;1886;-119;10:54:50.010054
1766;1877;-111;10:54:50.010054
1764;1871;-107;10:54:50.010054
1758;1867;-109;10:54:50.010054
1754;1860;-106;10:54:50.010054
1747;1854;-107;10:54:50.010054
1741;1852;-111;10:54:50.010054
1737;1853;-116;10:54:50.010054
1732;1849;-117;10:54:50.010054
1726;1844;-118;10:54:50.010054
1725;1842;-117;10:54:50.010054
1719;1840;-121;10:54:50.010054
1715;1837;-122;10:54:50.010054
1718;1834;-116;10:54:50.010054
1713;1835;-122;10:54:50.010054
1713;1832;-119;10:54:50.010054
1716;1834;-118;10:54:50.010054
1713;1835;-122;10:54:50.010054
1717;1837;-120;10:54:50.010054
1721;1839;-118;10:54:50.010054
1726;1843;-117;10:54:50.010054
1728;1849;-121;10:54:50.010054
1731;1854;-123;10:54:50.010054
1739;1862;-123;10:54:50.010054
1742;1865;-123;10:54:50.010054
1748;1873;-125;10:54:50.010054
1756;1877;-121;10:54:50.010054
1766;1885;-119;10:54:50.010054
1771;1893;-122;10:54:50.010054
1777;1897;-120;10:54:50.010054
1782;1908;-126;10:54:50.010054
1792;1910;-118;10:54:50.010054
1800;1915;-115;10:54:50.010054
1800;1914;-114;10:54:50.010054
1805;1916;-111;10:54:50.010054
1808;1920;-112;10:54:50.010054
1810;1916;-106;10:54:50.010054
1811;1913;-102;10:54:50.010054
1806;1913;-107;10:54:50.010054
1802;1908;-106;10:54:50.010054
1797;1903;-106;10:54:50.010054
1793;1896;-103;10:54:50.010054
1789;1891;-102;10:54:50.010054
1782;1881;-99;10:54:50.010054
1778;1878;-100;10:54:50.010054
1776;1875;-99;10:54:50.010054
1769;1871;-102;10:54:50.010054
1773;1875;-102;10:54:50.010054
1771;1877;-106;10:54:50.010054
1769;1878;-109;10:54:50.010054
1771;1880;-109;10:54:50.010054
1777;1885;-108;10:54:50.010054
1779;1886;-107;10:54:50.010054
1786;1895;-109;10:54:50.010054
1793;1902;-109;10:54:50.010054
1798;1908;-110;10:54:50.010054
1804;1915;-111;10:54:50.010054
1810;1921;-111;10:54:50.010054
1810;1925;-115;10:54:50.010054
1814;1925;-111;10:54:50.010054
1815;1922;-107;10:54:50.010054
1814;1924;-110;10:54:50.010054
1816;1926;-110;10:54:50.010054
1818;1925;-107;10:54:50.010054
1815;1922;-107;10:54:50.010054
1813;1919;-106;10:54:50.010054
1812;1917;-105;10:54:50.010054
1809;1911;-102;10:54:50.010054
1804;1905;-101;10:54:50.010054
1792;1898;-106;10:54:50.010054
1787;1895;-108;10:54:50.010054
1788;1891;-103;10:54:50.010054
1781;1886;-105;10:54:50.010054
1776;1883;-107;10:54:50.010054
1777;1883;-106;10:54:50.010054
1771;1878;-107;10:54:50.010054
1772;1878;-106;10:54:50.010054
1774;1880;-106;10:54:50.010054
1775;1880;-105;10:54:50.010054
1778;1886;-108;10:54:50.010054
1783;1891;-108;10:54:50.010054
1791;1899;-108;10:54:50.010054
1796;1900;-104;10:54:50.010054
1798;1906;-108;10:54:50.010054
1805;1911;-106;10:54:50.010054
1814;1922;-108;10:54:50.010054
1819;1926;-107;10:54:50.010054
1825;1936;-111;10:54:50.010054
1835;1940;-105;10:54:50.010054
1848;1951;-103;10:54:50.010054
1851;1948;-97;10:54:50.010054
1850;1954;-104;10:54:50.010054
1852;1952;-100;10:54:50.010054
1853;1956;-103;10:54:50.010054
1851;1955;-104;10:54:50.010054
1849;1949;-100;10:54:50.010054
1847;1950;-103;10:54:50.010054
1846;1945;-99;10:54:50.010054
1839;1941;-102;10:54:50.010054
1833;1932;-99;10:54:50.010054
1830;1926;-96;10:54:50.010054
1824;1922;-98;10:54:50.010054
1815;1914;-99;10:54:50.010054
1807;1906;-99;10:54:50.010054
1801;1901;-100;10:54:50.010054
1794;1893;-99;10:54:50.010054
1787;1883;-96;10:54:50.010054
1777;1877;-100;10:54:50.010054
1769;1865;-96;10:54:50.010054
1764;1859;-95;10:54:50.010054
1755;1855;-100;10:54:50.010054
1754;1847;-93;10:54:50.010054
1751;1844;-93;10:54:50.010054
1744;1841;-97;10:54:50.010054
1741;1838;-97;10:54:50.010054
1740;1837;-97;10:54:50.010054
1736;1835;-99;10:54:50.010054
1732;1839;-107;10:54:50.010054
1731;1842;-111;10:54:50.010054
1733;1841;-108;10:54:50.010054
1735;1846;-111;10:54:50.010054
1739;1847;-108;10:54:50.010054
1738;1851;-113;10:54:50.010054
1742;1853;-111;10:54:50.010054
1740;1857;-117;10:54:50.010054
1738;1857;-119;10:54:50.010054
1738;1857;-119;10:54:50.010054
1735;1859;-124;10:54:50.010054
1734;1858;-124;10:54:50.010054
1736;1856;-120;10:54:50.010054
1733;1854;-121;10:54:50.010054
1732;1851;-119;10:54:50.010054
1726;1845;-119;10:54:50.010054
1721;1841;-120;10:54:50.010054
1718;1836;-118;10:54:50.010054
1710;1830;-120;10:54:50.010054
1708;1825;-117;10:54:50.010054
1705;1821;-116;10:54:50.010054
1703;1815;-112;10:54:50.010054
1698;1813;-115;10:54:50.010054
1688;1807;-119;10:54:50.010054
1684;1801;-117;10:54:50.010054
1680;1796;-116;10:54:50.010054
1679;1798;-119;10:54:50.010054
1682;1795;-113;10:54:50.010054
1680;1795;-115;10:54:50.010054
1678;1795;-117;10:54:50.010054
1678;1795;-117;10:54:50.010054
1678;1795;-117;10:54:50.010054
1679;1796;-117;10:54:50.010054
1681;1801;-120;10:54:50.010054
1684;1805;-121;10:54:50.010054
1689;1806;-117;10:54:50.010054
1693;1810;-117;10:54:50.010054
1699;1818;-119;10:54:50.010054
1706;1825;-119;10:54:50.010054
1717;1830;-113;10:54:50.010054
1719;1839;-120;10:54:50.010054
1722;1845;-123;10:54:50.010054
1732;1849;-117;10:54:50.010054
1736;1855;-119;10:54:50.010054
1738;1860;-122;10:54:50.010054
1744;1862;-118;10:54:50.010054
1747;1865;-118;10:54:50.010054
1747;1873;-126;10:54:50.010054
1751;1872;-121;10:54:50.010054
1755;1873;-118;10:54:50.010054
1754;1876;-122;10:54:50.010054
1759;1876;-117;10:54:50.010054
1760;1878;-118;10:54:50.010054
1760;1880;-120;10:54:50.010054
1761;1883;-122;10:54:50.010054
1761;1880;-119;10:54:50.010054
1759;1880;-121;10:54:50.010054
1756;1881;-125;10:54:50.010054
1755;1880;-125;10:54:50.010054
1755;1873;-118;10:54:50.010054
1751;1867;-116;10:54:50.010054
1747;1861;-114;10:54:50.010054
1743;1855;-112;10:54:50.010054
1736;1855;-119;10:54:50.010054
1730;1850;-120;10:54:50.010054
1726;1844;-118;10:54:50.010054
1721;1841;-120;10:54:50.010054
1718;1836;-118;10:54:50.010054
1717;1831;-114;10:54:50.010054
1717;1834;-117;10:54:50.010054
1713;1830;-117;10:54:50.010054
1713;1829;-116;10:54:50.010054
1712;1831;-119;10:54:50.010054
1711;1835;-124;10:54:50.010054
1714;1840;-126;10:54:50.010054
1717;1846;-129;10:54:50.010054
1724;1851;-127;10:54:50.010054
1730;1852;-122;10:54:50.010054
1734;1857;-123;10:54:50.010054
1737;1860;-123;10:54:50.010054
1742;1866;-124;10:54:50.010054
1749;1869;-120;10:54:50.010054
1755;1879;-124;10:54:50.010054
1757;1881;-124;10:54:50.010054
1765;1884;-119;10:54:50.010054
1769;1888;-119;10:54:50.010054
1774;1893;-119;10:54:50.010054
1779;1899;-120;10:54:50.010054
1785;1903;-118;10:54:50.010054
1791;1905;-114;10:54:50.010054
1793;1908;-115;10:54:50.010054
1798;1910;-112;10:54:50.010054
1800;1913;-113;10:54:50.010054
1804;1911;-107;10:54:50.010054
1798;1907;-109;10:54:50.010054
1803;1907;-104;10:54:50.010054
1802;1909;-107;10:54:50.010054
1802;1905;-103;10:54:50.010054
1799;1905;-106;10:54:50.010054
1799;1903;-104;10:54:50.010054
1800;1898;-98;10:54:50.010054
1796;1896;-100;10:54:50.010054
1791;1892;-101;10:54:50.010054
1784;1887;-103;10:54:50.010054
1784;1887;-103;10:54:50.010054
1783;1887;-104;10:54:50.010054
1777;1885;-108;10:54:50.010054
1776;1882;-106;10:54:50.010054
1778;1886;-108;10:54:50.010054
1777;1886;-109;10:54:50.010054
1781;1885;-104;10:54:50.010054
1786;1886;-100;10:54:50.010054
1783;1887;-104;10:54:50.010054
1783;1890;-107;10:54:50.010054
1787;1889;-102;10:54:50.010054
1787;1892;-105;10:54:50.010054
1782;1893;-111;10:54:50.010054
1784;1897;-113;10:54:50.010054
1786;1898;-112;10:54:50.010054
1784;1900;-116;10:54:50.010054
1785;1905;-120;10:54:50.010054
1788;1905;-117;10:54:50.010054
1792;1910;-118;10:54:50.010054
1792;1909;-117;10:54:50.010054
1794;1909;-115;10:54:50.010054
1798;1911;-113;10:54:50.010054
1794;1910;-116;10:54:50.010054
1796;1908;-112;10:54:50.010054
1795;1910;-115;10:54:50.010054
1797;1910;-113;10:54:50.010054
1797;1901;-104;10:54:50.010054
1794;1903;-109;10:54:50.010054
1793;1898;-105;10:54:50.010054
1794;1897;-103;10:54:50.010054
1793;1894;-101;10:54:50.010054
1791;1891;-100;10:54:50.010054
1791;1893;-102;10:54:50.010054
1790;1895;-105;10:54:50.010054
1792;1898;-106;10:54:50.010054
1789;1900;-111;10:54:50.010054
1790;1905;-115;10:54:50.010054
1798;1909;-111;10:54:50.010054
1800;1912;-112;10:54:50.010054
1806;1919;-113;10:54:50.010054
1813;1923;-110;10:54:50.010054
1821;1933;-112;10:54:50.010054
1825;1936;-111;10:54:50.010054
1827;1941;-114;10:54:50.010054
1831;1940;-109;10:54:50.010054
1829;1942;-113;10:54:50.010054
1828;1942;-114;10:54:50.010054
1828;1935;-107;10:54:50.010054
1826;1934;-108;10:54:50.010054
1824;1930;-106;10:54:50.010054
1823;1924;-101;10:54:50.010054
1818;1918;-100;10:54:50.010054
1814;1914;-100;10:54:50.010054
1806;1907;-101;10:54:50.010054
1797;1898;-101;10:54:50.010054
1791;1891;-100;10:54:50.010054
1781;1883;-102;10:54:50.010054
1769;1874;-105;10:54:50.010054
1762;1867;-105;10:54:50.010054
1756;1857;-101;10:54:50.010054
1744;1852;-108;10:54:50.010054
1735;1844;-109;10:54:50.010054
1734;1838;-104;10:54:50.010054
1727;1834;-107;10:54:50.010054
1720;1828;-108;10:54:50.010054
1715;1825;-110;10:54:50.010054
1710;1823;-113;10:54:50.010054
1704;1820;-116;10:54:50.010054
1702;1819;-117;10:54:50.010054
1704;1821;-117;10:54:50.010054
1702;1819;-117;10:54:50.010054
1703;1820;-117;10:54:50.010054
1710;1824;-114;10:54:50.010054
1712;1822;-110;10:54:50.010054
1718;1826;-108;10:54:50.010054
1719;1829;-110;10:54:50.010054
1722;1834;-112;10:54:50.010054
1718;1840;-122;10:54:50.010054
1723;1842;-119;10:54:50.010054
1724;1845;-121;10:54:50.010054
1722;1849;-127;10:54:50.010054
1723;1846;-123;10:54:50.010054
1723;1847;-124;10:54:50.010054
1721;1842;-121;10:54:50.010054
1718;1840;-122;10:54:50.010054
1715;1837;-122;10:54:50.010054
1708;1830;-122;10:54:50.010054
1707;1830;-123;10:54:50.010054
1702;1825;-123;10:54:50.010054
1696;1818;-122;10:54:50.010054
1690;1815;-125;10:54:50.010054
1687;1807;-120;10:54:50.010054
1684;1805;-121;10:54:50.010054
1680;1797;-117;10:54:50.010054
1675;1797;-122;10:54:50.010054
1672;1793;-121;10:54:50.010054
1672;1787;-115;10:54:50.010054
1665;1782;-117;10:54:50.010054
1662;1782;-120;10:54:50.010054
1663;1782;-119;10:54:50.010054
1664;1783;-119;10:54:50.010054
1663;1782;-119;10:54:50.010054
1666;1787;-121;10:54:50.010054
1673;1788;-115;10:54:50.010054
1677;1793;-116;10:54:50.010054
1683;1801;-118;10:54:50.010054
1690;1808;-118;10:54:50.010054
1695;1819;-124;10:54:50.010054
1703;1825;-122;10:54:50.010054
1708;1836;-128;10:54:50.010054
1717;1841;-124;10:54:50.010054
1726;1851;-125;10:54:50.010054
1731;1860;-129;10:54:50.010054
1739;1866;-127;10:54:50.010054
1745;1871;-126;10:54:50.010054
1748;1872;-124;10:54:50.010054
1750;1875;-125;10:54:50.010054
1755;1879;-124;10:54:50.010054
1753;1877;-124;10:54:50.010054
1755;1874;-119;10:54:50.010054
1757;1871;-114;10:54:50.010054
1754;1867;-113;10:54:50.010054
1753;1865;-112;10:54:50.010054
1748;1860;-112;10:54:50.010054
1745;1855;-110;10:54:50.010054
1738;1851;-113;10:54:50.010054
1730;1850;-120;10:54:50.010054
1726;1844;-118;10:54:50.010054
1726;1841;-115;10:54:50.010054
1718;1841;-123;10:54:50.010054
1715;1835;-120;10:54:50.010054
1715;1832;-117;10:54:50.010054
1717;1835;-118;10:54:50.010054
1714;1833;-119;10:54:50.010054
1713;1833;-120;10:54:50.010054
1713;1832;-119;10:54:50.010054
1713;1834;-121;10:54:50.010054
1716;1831;-115;10:54:50.010054
1714;1835;-121;10:54:50.010054
1718;1839;-121;10:54:50.010054
1722;1838;-116;10:54:50.010054
1721;1836;-115;10:54:50.010054
1724;1838;-114;10:54:50.010054
1727;1843;-116;10:54:50.010054
1730;1844;-114;10:54:50.010054
1735;1850;-115;10:54:50.010054
1739;1853;-114;10:54:50.010054
1741;1861;-120;10:54:50.010054
1750;1862;-112;10:54:50.010054
1753;1865;-112;10:54:50.010054
1758;1874;-116;10:54:50.010054
1766;1875;-109;10:54:50.010054
1769;1882;-113;10:54:50.010054
1772;1887;-115;10:54:50.010054
1775;1889;-114;10:54:50.010054
1781;1893;-112;10:54:50.010054
1782;1896;-114;10:54:50.010054
1780;1899;-119;10:54:50.010054
1782;1900;-118;10:54:50.010054
1786;1899;-113;10:54:50.010054
1786;1898;-112;10:54:50.010054
1788;1895;-107;10:54:50.010054
1788;1893;-105;10:54:50.010054
1789;1895;-106;10:54:50.010054
1788;1896;-108;10:54:50.010054
1789;1890;-101;10:54:50.010054
1786;1889;-103;10:54:50.010054
1783;1887;-104;10:54:50.010054
1785;1886;-101;10:54:50.010054
1783;1880;-97;10:54:50.010054
1782;1883;-101;10:54:50.010054
1783;1882;-99;10:54:50.010054
1781;1881;-100;10:54:50.010054
1777;1878;-101;10:54:50.010054
1778;1875;-97;10:54:50.010054
1772;1874;-102;10:54:50.010054
1773;1879;-106;10:54:50.010054
1770;1878;-108;10:54:50.010054
1768;1879;-111;10:54:50.010054
1769;1879;-110;10:54:50.010054
1771;1882;-111;10:54:50.010054
1774;1887;-113;10:54:50.010054
1772;1885;-113;10:54:50.010054
1776;1890;-114;10:54:50.010054
1776;1888;-112;10:54:50.010054
1777;1892;-115;10:54:50.010054
1779;1893;-114;10:54:50.010054
1781;1899;-118;10:54:50.010054
1786;1899;-113;10:54:50.010054
1788;1900;-112;10:54:50.010054
1788;1900;-112;10:54:50.010054
1787;1900;-113;10:54:50.010054
1787;1901;-114;10:54:50.010054
1792;1904;-112;10:54:50.010054
1793;1902;-109;10:54:50.010054
1794;1900;-106;10:54:50.010054
1795;1898;-103;10:54:50.010054
1794;1907;-113;10:54:50.010054
1796;1906;-110;10:54:50.010054
1799;1906;-107;10:54:50.010054
1796;1907;-111;10:54:50.010054
1795;1906;-111;10:54:50.010054
1799;1910;-111;10:54:50.010054
1800;1909;-109;10:54:50.010054
1800;1908;-108;10:54:50.010054
1798;1907;-109;10:54:50.010054
1798;1907;-109;10:54:50.010054
1799;1905;-106;10:54:50.010054
1797;1902;-105;10:54:50.010054
1793;1900;-107;10:54:50.010054
1793;1898;-105;10:54:50.010054
1796;1900;-104;10:54:50.010054
1796;1899;-103;10:54:50.010054
1797;1898;-101;10:54:50.010054
1799;1901;-102;10:54:50.010054
1801;1901;-100;10:54:50.010054
1802;1905;-103;10:54:50.010054
1801;1907;-106;10:54:50.010054
1803;1909;-106;10:54:50.010054
1806;1908;-102;10:54:50.010054
1806;1916;-110;10:54:50.010054
1808;1915;-107;10:54:50.010054
1806;1919;-113;10:54:50.010054
1808;1915;-107;10:54:50.010054
1807;1914;-107;10:54:50.010054
1804;1910;-106;10:54:50.010054
1802;1909;-107;10:54:50.010054
1800;1902;-102;10:54:50.010054
1794;1898;-104;10:54:50.010054
1789;1893;-104;10:54:50.010054
1784;1888;-104;10:54:50.010054
1778;1880;-102;10:54:50.010054
1766;1874;-108;10:54:50.010054
1758;1865;-107;10:54:50.010054
1754;1860;-106;10:54:50.010054
1748;1853;-105;10:54:50.010054
1742;1842;-100;10:54:50.010054
1735;1837;-102;10:54:50.010054
1729;1832;-103;10:54:50.010054
1725;1826;-101;10:54:50.010054
1722;1820;-98;10:54:50.010054
1712;1820;-108;10:54:50.010054
1710;1818;-108;10:54:50.010054
1709;1818;-109;10:54:50.010054
1702;1816;-114;10:54:50.010054
1702;1817;-115;10:54:50.010054
1705;1821;-116;10:54:50.010054
1700;1822;-122;10:54:50.010054
1698;1824;-126;10:54:50.010054
1703;1824;-121;10:54:50.010054
1708;1832;-124;10:54:50.010054
1708;1833;-125;10:54:50.010054
1714;1837;-123;10:54:50.010054
1717;1839;-122;10:54:50.010054
1718;1841;-123;10:54:50.010054
1721;1843;-122;10:54:50.010054
1724;1843;-119;10:54:50.010054
1724;1845;-121;10:54:50.010054
1725;1845;-120;10:54:50.010054
1727;1842;-115;10:54:50.010054
1726;1841;-115;10:54:50.010054
1722;1836;-114;10:54:50.010054
1723;1837;-114;10:54:50.010054
1720;1834;-114;10:54:50.010054
1718;1826;-108;10:54:50.010054
1713;1821;-108;10:54:50.010054
1708;1817;-109;10:54:50.010054
1703;1815;-112;10:54:50.010054
1697;1811;-114;10:54:50.010054
1691;1810;-119;10:54:50.010054
1694;1807;-113;10:54:50.010054
1689;1802;-113;10:54:50.010054
1690;1802;-112;10:54:50.010054
1690;1803;-113;10:54:50.010054
1687;1802;-115;10:54:50.010054
1690;1804;-114;10:54:50.010054
1689;1810;-121;10:54:50.113209
1691;1810;-119;10:54:50.113209
1698;1815;-117;10:54:50.113209
1699;1818;-119;10:54:50.113209
1701;1821;-120;10:54:50.113209
1706;1823;-117;10:54:50.113209
1711;1827;-116;10:54:50.113209
1716;1834;-118;10:54:50.113209
1723;1839;-116;10:54:50.113209
1730;1850;-120;10:54:50.113209
1738;1856;-118;10:54:50.113209
1743;1865;-122;10:54:50.113209
1752;1871;-119;10:54:50.113209
1755;1876;-121;10:54:50.113209
1761;1881;-120;10:54:50.113209
1764;1887;-123;10:54:50.113209
1765;1889;-124;10:54:50.113209
1770;1888;-118;10:54:50.113209
1772;1893;-121;10:54:50.113209
1776;1889;-113;10:54:50.113209
1769;1884;-115;10:54:50.113209
1765;1881;-116;10:54:50.113209
1760;1875;-115;10:54:50.113209
1753;1870;-117;10:54:50.113209
1748;1863;-115;10:54:50.113209
1744;1855;-111;10:54:50.113209
1742;1849;-107;10:54:50.113209
1732;1841;-109;10:54:50.113209
1726;1834;-108;10:54:50.113209
1722;1829;-107;10:54:50.113209
1714;1822;-108;10:54:50.113209
1710;1817;-107;10:54:50.113209
1709;1818;-109;10:54:50.113209
1709;1819;-110;10:54:50.113209
1710;1821;-111;10:54:50.113209
1709;1823;-114;10:54:50.113209
1712;1829;-117;10:54:50.113209
1711;1825;-114;10:54:50.113209
1715;1830;-115;10:54:50.113209
1717;1833;-116;10:54:50.113209
1722;1840;-118;10:54:50.113209
1728;1848;-120;10:54:50.113209
1736;1855;-119;10:54:50.113209
1744;1861;-117;10:54:50.113209
1751;1870;-119;10:54:50.113209
1756;1875;-119;10:54:50.113209
1763;1883;-120;10:54:50.113209
1766;1886;-120;10:54:50.113209
1771;1891;-120;10:54:50.113209
1779;1894;-115;10:54:50.113209
1786;1900;-114;10:54:50.113209
1795;1901;-106;10:54:50.113209
1800;1907;-107;10:54:50.113209
1798;1906;-108;10:54:50.113209
1795;1901;-106;10:54:50.113209
1797;1900;-103;10:54:50.113209
1796;1900;-104;10:54:50.113209
1795;1895;-100;10:54:50.113209
1794;1892;-98;10:54:50.113209
1791;1893;-102;10:54:50.113209
1782;1888;-106;10:54:50.113209
1782;1882;-100;10:54:50.113209
1777;1880;-103;10:54:50.113209
1776;1880;-104;10:54:50.113209
1777;1878;-101;10:54:50.113209
1773;1880;-107;10:54:50.113209
1768;1877;-109;10:54:50.113209
1769;1877;-108;10:54:50.113209
1771;1877;-106;10:54:50.113209
1769;1881;-112;10:54:50.113209
1772;1879;-107;10:54:50.113209
1775;1876;-101;10:54:50.113209
1775;1882;-107;10:54:50.113209
1776;1880;-104;10:54:50.113209
1774;1881;-107;10:54:50.113209
1774;1886;-112;10:54:50.113209
1777;1884;-107;10:54:50.113209
1775;1885;-110;10:54:50.113209
1778;1886;-108;10:54:50.113209
1779;1889;-110;10:54:50.113209
1776;1889;-113;10:54:50.113209
1781;1893;-112;10:54:50.113209
1785;1897;-112;10:54:50.113209
1785;1898;-113;10:54:50.113209
1782;1898;-116;10:54:50.113209
1787;1902;-115;10:54:50.113209
1786;1907;-121;10:54:50.113209
1789;1904;-115;10:54:50.113209
1789;1910;-121;10:54:50.113209
1792;1910;-118;10:54:50.113209
1794;1911;-117;10:54:50.113209
1797;1914;-117;10:54:50.113209
1801;1915;-114;10:54:50.113209
1798;1916;-118;10:54:50.113209
1799;1915;-116;10:54:50.113209
1802;1912;-110;10:54:50.113209
1796;1908;-112;10:54:50.113209
1798;1910;-112;10:54:50.113209
1797;1907;-110;10:54:50.113209
1801;1911;-110;10:54:50.113209
1800;1910;-110;10:54:50.113209
1803;1911;-108;10:54:50.113209
1803;1910;-107;10:54:50.113209
1803;1911;-108;10:54:50.113209
1803;1912;-109;10:54:50.113209
1807;1910;-103;10:54:50.113209
1808;1911;-103;10:54:50.113209
1807;1911;-104;10:54:50.113209
1806;1915;-109;10:54:50.113209
1809;1916;-107;10:54:50.113209
1804;1917;-113;10:54:50.113209
1810;1919;-109;10:54:50.113209
1807;1917;-110;10:54:50.113209
1804;1917;-113;10:54:50.113209
1806;1916;-110;10:54:50.113209
1808;1917;-109;10:54:50.113209
1807;1910;-103;10:54:50.113209
1803;1911;-108;10:54:50.113209
1799;1906;-107;10:54:50.113209
1798;1902;-104;10:54:50.113209
1794;1899;-105;10:54:50.113209
1789;1896;-107;10:54:50.113209
1784;1896;-112;10:54:50.113209
1782;1889;-107;10:54:50.113209
1782;1889;-107;10:54:50.113209
1777;1885;-108;10:54:50.113209
1774;1882;-108;10:54:50.113209
1769;1877;-108;10:54:50.113209
1766;1873;-107;10:54:50.113209
1759;1863;-104;10:54:50.113209
1751;1857;-106;10:54:50.113209
1747;1856;-109;10:54:50.113209
1745;1854;-109;10:54:50.113209
1741;1851;-110;10:54:50.113209
1741;1849;-108;10:54:50.113209
1735;1847;-112;10:54:50.113209
1734;1845;-111;10:54:50.113209
1735;1842;-107;10:54:50.113209
1731;1840;-109;10:54:50.113209
1725;1840;-115;10:54:50.113209
1721;1836;-115;10:54:50.113209
1720;1836;-116;10:54:50.113209
1718;1831;-113;10:54:50.113209
1715;1831;-116;10:54:50.113209
1716;1830;-114;10:54:50.113209
1709;1829;-120;10:54:50.113209
1711;1828;-117;10:54:50.113209
1709;1826;-117;10:54:50.113209
1707;1829;-122;10:54:50.113209
1706;1827;-121;10:54:50.113209
1708;1830;-122;10:54:50.113209
1711;1832;-121;10:54:50.113209
1711;1831;-120;10:54:50.113209
1715;1834;-119;10:54:50.113209
1718;1834;-116;10:54:50.113209
1714;1839;-125;10:54:50.113209
1716;1843;-127;10:54:50.113209
1721;1847;-126;10:54:50.113209
1722;1850;-128;10:54:50.113209
1726;1849;-123;10:54:50.113209
1727;1849;-122;10:54:50.113209
1728;1847;-119;10:54:50.113209
1723;1841;-118;10:54:50.113209
1718;1840;-122;10:54:50.113209
1720;1836;-116;10:54:50.113209
1722;1830;-108;10:54:50.113209
1718;1826;-108;10:54:50.113209
1715;1824;-109;10:54:50.113209
1712;1818;-106;10:54:50.113209
1708;1815;-107;10:54:50.113209
1705;1814;-109;10:54:50.113209
1702;1809;-107;10:54:50.113209
1702;1809;-107;10:54:50.113209
1701;1810;-109;10:54:50.113209
1701;1811;-110;10:54:50.113209
1704;1814;-110;10:54:50.113209
1702;1815;-113;10:54:50.113209
1707;1819;-112;10:54:50.113209
1703;1821;-118;10:54:50.113209
1708;1824;-116;10:54:50.113209
1710;1833;-123;10:54:50.113209
1714;1835;-121;10:54:50.113209
1715;1838;-123;10:54:50.113209
1719;1843;-124;10:54:50.113209
1725;1849;-124;10:54:50.113209
1726;1851;-125;10:54:50.113209
1730;1856;-126;10:54:50.113209
1733;1852;-119;10:54:50.113209
1732;1856;-124;10:54:50.113209
1738;1857;-119;10:54:50.113209
1740;1862;-122;10:54:50.113209
1743;1862;-119;10:54:50.113209
1743;1862;-119;10:54:50.113209
1746;1860;-114;10:54:50.113209
1743;1861;-118;10:54:50.113209
1740;1856;-116;10:54:50.113209
1740;1855;-115;10:54:50.113209
1736;1853;-117;10:54:50.113209
1734;1846;-112;10:54:50.113209
1735;1840;-105;10:54:50.113209
1728;1841;-113;10:54:50.113209
1728;1840;-112;10:54:50.113209
1723;1837;-114;10:54:50.113209
1723;1839;-116;10:54:50.113209
1720;1837;-117;10:54:50.113209
1717;1834;-117;10:54:50.113209
1716;1837;-121;10:54:50.113209
1716;1834;-118;10:54:50.113209
1715;1835;-120;10:54:50.113209
1718;1834;-116;10:54:50.113209
1717;1833;-116;10:54:50.113209
1716;1832;-116;10:54:50.113209
1717;1834;-117;10:54:50.113209
1722;1837;-115;10:54:50.113209
1721;1836;-115;10:54:50.113209
1722;1838;-116;10:54:50.113209
1729;1840;-111;10:54:50.113209
1734;1847;-113;10:54:50.113209
1739;1851;-112;10:54:50.113209
1744;1859;-115;10:54:50.113209
1752;1869;-117;10:54:50.113209
1761;1875;-114;10:54:50.113209
1768;1884;-116;10:54:50.113209
1775;1893;-118;10:54:50.113209
1781;1899;-118;10:54:50.113209
1788;1907;-119;10:54:50.113209
1796;1913;-117;10:54:50.113209
1800;1912;-112;10:54:50.113209
1801;1914;-113;10:54:50.113209
1808;1917;-109;10:54:50.113209
1808;1915;-107;10:54:50.113209
1808;1910;-102;10:54:50.113209
1804;1908;-104;10:54:50.113209
1798;1907;-109;10:54:50.113209
1796;1906;-110;10:54:50.113209
1795;1899;-104;10:54:50.113209
1790;1894;-104;10:54:50.113209
1789;1889;-100;10:54:50.113209
1783;1884;-101;10:54:50.113209
1779;1883;-104;10:54:50.113209
1775;1881;-106;10:54:50.113209
1774;1873;-99;10:54:50.113209
1774;1878;-104;10:54:50.113209
1770;1876;-106;10:54:50.113209
1772;1879;-107;10:54:50.113209
1776;1879;-103;10:54:50.113209
1774;1883;-109;10:54:50.113209
1777;1882;-105;10:54:50.113209
1775;1884;-109;10:54:50.113209
1783;1891;-108;10:54:50.113209
1780;1893;-113;10:54:50.113209
1779;1894;-115;10:54:50.113209
1785;1901;-116;10:54:50.113209
1787;1906;-119;10:54:50.113209
1786;1904;-118;10:54:50.113209
1796;1912;-116;10:54:50.133328
1797;1911;-114;10:54:50.133328
1801;1909;-108;10:54:50.133328
1806;1914;-108;10:54:50.133328
1805;1918;-113;10:54:50.133328
1807;1918;-111;10:54:50.133328
1809;1916;-107;10:54:50.133328
1812;1922;-110;10:54:50.133328
1817;1925;-108;10:54:50.133328
1811;1922;-111;10:54:50.133328
1814;1923;-109;10:54:50.133328
1815;1921;-106;10:54:50.133328
1814;1922;-108;10:54:50.133328
1813;1920;-107;10:54:50.133328
1810;1920;-110;10:54:50.133328
1812;1922;-110;10:54:50.133328
1813;1920;-107;10:54:50.133328
1814;1920;-106;10:54:50.133328
1814;1918;-104;10:54:50.133328
1817;1918;-101;10:54:50.133328
1816;1920;-104;10:54:50.133328
1813;1921;-108;10:54:50.133328
1815;1920;-105;10:54:50.133328
1815;1920;-105;10:54:50.133328
1816;1918;-102;10:54:50.133328
1815;1918;-103;10:54:50.133328
1816;1914;-98;10:54:50.133328
1817;1915;-98;10:54:50.133328
1817;1912;-95;10:54:50.133328
1814;1907;-93;10:54:50.133328
1817;1907;-90;10:54:50.133328
1809;1907;-98;10:54:50.133328
1803;1903;-100;10:54:50.133328
1803;1899;-96;10:54:50.133328
1796;1895;-99;10:54:50.133328
1794;1892;-98;10:54:50.133328
1793;1894;-101;10:54:50.133328
1785;1886;-101;10:54:50.133328
1784;1886;-102;10:54:50.133328
1784;1884;-100;10:54:50.133328
1779;1882;-103;10:54:50.133328
1774;1879;-105;10:54:50.133328
1771;1879;-108;10:54:50.133328
1770;1882;-112;10:54:50.133328
1769;1874;-105;10:54:50.133328
1762;1872;-110;10:54:50.133328
1755;1871;-116;10:54:50.133328
1750;1867;-117;10:54:50.133328
1748;1858;-110;10:54:50.133328
1746;1855;-109;10:54:50.133328
1743;1851;-108;10:54:50.133328
1738;1847;-109;10:54:50.133328
1736;1846;-110;10:54:50.133328
1734;1844;-110;10:54:50.133328
1725;1842;-117;10:54:50.133328
1726;1835;-109;10:54:50.133328
1727;1837;-110;10:54:50.133328
1725;1833;-108;10:54:50.133328
1726;1834;-108;10:54:50.133328
1723;1834;-111;10:54:50.133328
1724;1835;-111;10:54:50.133328
1727;1837;-110;10:54:50.133328
1724;1836;-112;10:54:50.133328
1729;1838;-109;10:54:50.133328
1727;1846;-119;10:54:50.133328
1728;1841;-113;10:54:50.133328
1729;1846;-117;10:54:50.133328
1725;1840;-115;10:54:50.133328
1728;1842;-114;10:54:50.133328
1725;1838;-113;10:54:50.133328
1718;1839;-121;10:54:50.133328
1716;1837;-121;10:54:50.133328
1714;1832;-118;10:54:50.133328
1711;1831;-120;10:54:50.133328
1709;1823;-114;10:54:50.133328
1708;1825;-117;10:54:50.133328
1701;1823;-122;10:54:50.133328
1701;1820;-119;10:54:50.133328
1700;1821;-121;10:54:50.133328
1700;1820;-120;10:54:50.133328
1699;1820;-121;10:54:50.133328
1701;1817;-116;10:54:50.133328
1704;1823;-119;10:54:50.133328
1704;1816;-112;10:54:50.133328
1698;1815;-117;10:54:50.133328
1704;1819;-115;10:54:50.133328
1704;1822;-118;10:54:50.133328
1705;1822;-117;10:54:50.133328
1709;1828;-119;10:54:50.133328
1711;1828;-117;10:54:50.133328
1711;1834;-123;10:54:50.133328
1715;1831;-116;10:54:50.133328
1715;1835;-120;10:54:50.133328
1719;1834;-115;10:54:50.133328
1723;1834;-111;10:54:50.133328
1723;1837;-114;10:54:50.133328
1726;1840;-114;10:54:50.133328
1725;1844;-119;10:54:50.133328
1725;1841;-116;10:54:50.133328
1730;1846;-116;10:54:50.133328
1726;1846;-120;10:54:50.133328
1731;1847;-116;10:54:50.133328
1735;1844;-109;10:54:50.133328
1732;1848;-116;10:54:50.133328
1728;1851;-123;10:54:50.133328
1731;1854;-123;10:54:50.133328
1733;1853;-120;10:54:50.133328
1733;1856;-123;10:54:50.133328
1735;1857;-122;10:54:50.133328
1734;1859;-125;10:54:50.133328
1729;1857;-128;10:54:50.133328
1737;1859;-122;10:54:50.133328
1735;1859;-124;10:54:50.133328
1734;1857;-123;10:54:50.133328
1742;1861;-119;10:54:50.133328
1736;1858;-122;10:54:50.133328
1737;1856;-119;10:54:50.133328
1735;1854;-119;10:54:50.133328
1736;1859;-123;10:54:50.133328
1736;1850;-114;10:54:50.133328
1732;1846;-114;10:54:50.133328
1731;1850;-119;10:54:50.133328
1734;1844;-110;10:54:50.133328
1735;1844;-109;10:54:50.133328
1729;1839;-110;10:54:50.133328
1731;1836;-105;10:54:50.133328
1726;1837;-111;10:54:50.133328
1723;1835;-112;10:54:50.133328
1726;1835;-109;10:54:50.133328
1732;1842;-110;10:54:50.133328
1733;1842;-109;10:54:50.133328
1734;1850;-116;10:54:50.133328
1736;1854;-118;10:54:50.133328
1744;1858;-114;10:54:50.133328
1753;1868;-115;10:54:50.133328
1758;1876;-118;10:54:50.133328
1763;1877;-114;10:54:50.133328
1767;1884;-117;10:54:50.133328
1769;1888;-119;10:54:50.133328
1772;1889;-117;10:54:50.133328
1773;1894;-121;10:54:50.133328
1778;1903;-125;10:54:50.133328
1784;1901;-117;10:54:50.133328
1783;1896;-113;10:54:50.133328
1783;1895;-112;10:54:50.133328
1792;1899;-107;10:54:50.133328
1792;1897;-105;10:54:50.133328
1788;1893;-105;10:54:50.133328
1785;1892;-107;10:54:50.133328
1790;1895;-105;10:54:50.133328
1791;1891;-100;10:54:50.133328
1785;1891;-106;10:54:50.133328
1785;1895;-110;10:54:50.133328
1785;1890;-105;10:54:50.133328
1781;1890;-109;10:54:50.133328
1777;1886;-109;10:54:50.133328
1778;1890;-112;10:54:50.133328
1776;1882;-106;10:54:50.133328
1775;1883;-108;10:54:50.133328
1772;1876;-104;10:54:50.133328
1772;1878;-106;10:54:50.133328
1768;1878;-110;10:54:50.133328
1764;1874;-110;10:54:50.133328
1761;1873;-112;10:54:50.133328
1758;1875;-117;10:54:50.133328
1760;1875;-115;10:54:50.133328
1759;1872;-113;10:54:50.133328
1759;1878;-119;10:54:50.133328
1763;1882;-119;10:54:50.133328
1763;1882;-119;10:54:50.133328
1767;1879;-112;10:54:50.133328
1773;1884;-111;10:54:50.133328
1775;1885;-110;10:54:50.133328
1783;1895;-112;10:54:50.133328
1788;1894;-106;10:54:50.133328
1786;1896;-110;10:54:50.133328
1790;1899;-109;10:54:50.133328
1797;1905;-108;10:54:50.133328
1800;1912;-112;10:54:50.133328
1801;1911;-110;10:54:50.133328
1804;1918;-114;10:54:50.133328
1810;1922;-112;10:54:50.133328
1810;1922;-112;10:54:50.133328
1809;1924;-115;10:54:50.133328
1814;1928;-114;10:54:50.133328
1814;1923;-109;10:54:50.133328
1813;1919;-106;10:54:50.133328
1808;1918;-110;10:54:50.133328
1810;1916;-106;10:54:50.133328
1808;1912;-104;10:54:50.133328
1806;1910;-104;10:54:50.133328
1805;1909;-104;10:54:50.133328
1804;1907;-103;10:54:50.133328
1803;1904;-101;10:54:50.133328
1799;1898;-99;10:54:50.133328
1795;1897;-102;10:54:50.133328
1795;1898;-103;10:54:50.133328
1796;1896;-100;10:54:50.133328
1795;1901;-106;10:54:50.133328
1796;1896;-100;10:54:50.133328
1797;1902;-105;10:54:50.133328
1800;1904;-104;10:54:50.133328
1797;1901;-104;10:54:50.133328
1796;1905;-109;10:54:50.133328
1803;1908;-105;10:54:50.133328
1806;1908;-102;10:54:50.133328
1802;1906;-104;10:54:50.133328
1806;1906;-100;10:54:50.133328
1801;1904;-103;10:54:50.133328
1796;1901;-105;10:54:50.133328
1796;1898;-102;10:54:50.133328
1790;1895;-105;10:54:50.133328
1786;1895;-109;10:54:50.133328
1781;1888;-107;10:54:50.133328
1773;1877;-104;10:54:50.133328
1771;1872;-101;10:54:50.133328
1766;1862;-96;10:54:50.133328
1755;1857;-102;10:54:50.133328
1748;1852;-104;10:54:50.133328
1741;1849;-108;10:54:50.133328
1739;1847;-108;10:54:50.133328
1731;1844;-113;10:54:50.133328
1727;1834;-107;10:54:50.133328
1725;1837;-112;10:54:50.133328
1720;1836;-116;10:54:50.133328
1715;1829;-114;10:54:50.133328
1712;1833;-121;10:54:50.133328
1713;1833;-120;10:54:50.133328
1714;1831;-117;10:54:50.133328
1710;1832;-122;10:54:50.133328
1710;1839;-129;10:54:50.133328
1713;1835;-122;10:54:50.133328
1714;1830;-116;10:54:50.133328
1710;1830;-120;10:54:50.133328
1716;1834;-118;10:54:50.133328
1719;1834;-115;10:54:50.133328
1715;1832;-117;10:54:50.133328
1715;1837;-122;10:54:50.133328
1719;1838;-119;10:54:50.133328
1719;1836;-117;10:54:50.133328
1721;1838;-117;10:54:50.133328
1722;1838;-116;10:54:50.133328
1723;1842;-119;10:54:50.133328
1727;1843;-116;10:54:50.133328
1723;1842;-119;10:54:50.133328
1722;1841;-119;10:54:50.133328
1722;1844;-122;10:54:50.133328
1725;1845;-120;10:54:50.133328
1726;1843;-117;10:54:50.133328
1725;1845;-120;10:54:50.133328
1726;1847;-121;10:54:50.133328
1725;1843;-118;10:54:50.133328
1720;1845;-125;10:54:50.133328
1722;1848;-126;10:54:50.133328
1719;1843;-124;10:54:50.133328
1724;1841;-117;10:54:50.133328
1718;1835;-117;10:54:50.133328
1716;1836;-120;10:54:50.133328
1713;1832;-119;10:54:50.133328
1710;1833;-123;10:54:50.133328
1712;1824;-112;10:54:50.133328
1711;1825;-114;10:54:50.133328
1715;1823;-108;10:54:50.133328
1710;1827;-117;10:54:50.133328
1707;1828;-121;10:54:50.133328
1716;1830;-114;10:54:50.133328
1715;1832;-117;10:54:50.133328
1718;1834;-116;10:54:50.133328
1719;1837;-118;10:54:50.133328
1726;1840;-114;10:54:50.133328
1728;1843;-115;10:54:50.133328
1731;1849;-118;10:54:50.133328
1731;1858;-127;10:54:50.133328
1736;1857;-121;10:54:50.133328
1740;1862;-122;10:54:50.133328
1745;1869;-124;10:54:50.133328
1743;1867;-124;10:54:50.133328
1742;1864;-122;10:54:50.133328
1744;1864;-120;10:54:50.133328
1743;1865;-122;10:54:50.133328
1740;1859;-119;10:54:50.133328
1739;1860;-121;10:54:50.133328
1738;1860;-122;10:54:50.133328
1733;1852;-119;10:54:50.133328
1732;1848;-116;10:54:50.133328
1727;1846;-119;10:54:50.133328
1721;1843;-122;10:54:50.133328
1715;1840;-125;10:54:50.133328
1717;1835;-118;10:54:50.133328
1716;1839;-123;10:54:50.133328
1718;1832;-114;10:54:50.133328
1719;1837;-118;10:54:50.133328
1715;1836;-121;10:54:50.133328
1716;1838;-122;10:54:50.133328
1716;1838;-122;10:54:50.133328
1723;1839;-116;10:54:50.133328
1723;1841;-118;10:54:50.133328
1724;1841;-117;10:54:50.133328
1727;1836;-109;10:54:50.133328
1723;1845;-122;10:54:50.133328
1729;1845;-116;10:54:50.133328
1731;1844;-113;10:54:50.133328
1736;1847;-111;10:54:50.133328
1736;1849;-113;10:54:50.133328
1738;1850;-112;10:54:50.133328
1738;1855;-117;10:54:50.133328
1738;1856;-118;10:54:50.133328
1742;1860;-118;10:54:50.133328
1744;1863;-119;10:54:50.133328
1746;1867;-121;10:54:50.133328
1755;1871;-116;10:54:50.133328
1761;1870;-109;10:54:50.133328
1761;1873;-112;10:54:50.133328
1768;1879;-111;10:54:50.133328
1771;1887;-116;10:54:50.133328
1776;1885;-109;10:54:50.133328
1777;1885;-108;10:54:50.133328
1782;1891;-109;10:54:50.133328
1780;1895;-115;10:54:50.133328
1780;1893;-113;10:54:50.133328
1784;1902;-118;10:54:50.133328
1788;1898;-110;10:54:50.133328
1788;1896;-108;10:54:50.133328
1783;1897;-114;10:54:50.133328
1783;1895;-112;10:54:50.133328
1783;1891;-108;10:54:50.133328
1779;1888;-109;10:54:50.133328
1776;1887;-111;10:54:50.133328
1784;1883;-99;10:54:50.133328
1777;1880;-103;10:54:50.133328
1771;1878;-107;10:54:50.133328
1767;1875;-108;10:54:50.133328
1767;1874;-107;10:54:50.133328
1769;1870;-101;10:54:50.133328
1766;1865;-99;10:54:50.133328
1761;1866;-105;10:54:50.133328
1764;1867;-103;10:54:50.133328
1761;1868;-107;10:54:50.133328
1757;1868;-111;10:54:50.133328
1759;1875;-116;10:54:50.133328
1762;1877;-115;10:54:50.133328
1762;1879;-117;10:54:50.133328
1766;1882;-116;10:54:50.133328
1768;1884;-116;10:54:50.133328
1774;1893;-119;10:54:50.133328
1781;1899;-118;10:54:50.133328
1784;1902;-118;10:54:50.133328
1790;1906;-116;10:54:50.133328
1798;1908;-110;10:54:50.133328
1799;1920;-121;10:54:50.133328
1805;1918;-113;10:54:50.133328
1807;1919;-112;10:54:50.133328
1811;1919;-108;10:54:50.133328
1814;1929;-115;10:54:50.133328
1816;1926;-110;10:54:50.133328
1823;1927;-104;10:54:50.133328
1828;1934;-106;10:54:50.133328
1829;1932;-103;10:54:50.133328
1829;1924;-95;10:54:50.133328
1826;1925;-99;10:54:50.133328
1823;1924;-101;10:54:50.133328
1825;1924;-99;10:54:50.133328
1819;1919;-100;10:54:50.133328
1817;1921;-104;10:54:50.133328
1819;1921;-102;10:54:50.133328
1813;1917;-104;10:54:50.133328
1808;1911;-103;10:54:50.133328
1807;1908;-101;10:54:50.133328
1801;1903;-102;10:54:50.133328
1796;1902;-106;10:54:50.133328
1792;1894;-102;10:54:50.133328
1789;1892;-103;10:54:50.133328
1786;1889;-103;10:54:50.133328
1781;1889;-108;10:54:50.133328
1781;1886;-105;10:54:50.133328
1780;1882;-102;10:54:50.133328
1775;1882;-107;10:54:50.133328
1774;1884;-110;10:54:50.133328
1778;1881;-103;10:54:50.133328
1774;1876;-102;10:54:50.133328
1769;1877;-108;10:54:50.133328
1774;1880;-106;10:54:50.133328
1772;1879;-107;10:54:50.133328
1774;1881;-107;10:54:50.133328
1772;1882;-110;10:54:50.133328
1772;1883;-111;10:54:50.133328
1774;1885;-111;10:54:50.133328
1768;1882;-114;10:54:50.133328
1769;1877;-108;10:54:50.133328
1770;1876;-106;10:54:50.133328
1770;1879;-109;10:54:50.133328
1765;1874;-109;10:54:50.133328
1759;1868;-109;10:54:50.133328
1759;1866;-107;10:54:50.133328
1756;1868;-112;10:54:50.133328
1749;1863;-114;10:54:50.133328
1744;1859;-115;10:54:50.133328
1745;1854;-109;10:54:50.133328
1737;1849;-112;10:54:50.133328
1733;1850;-117;10:54:50.133328
1734;1843;-109;10:54:50.133328
1730;1836;-106;10:54:50.133328
1722;1839;-117;10:54:50.133328
1720;1831;-111;10:54:50.133328
1722;1828;-106;10:54:50.133328
1716;1832;-116;10:54:50.133328
1711;1827;-116;10:54:50.133328
1712;1829;-117;10:54:50.133328
1712;1833;-121;10:54:50.133328
1720;1831;-111;10:54:50.133328
1719;1834;-115;10:54:50.133328
1724;1837;-113;10:54:50.133328
1723;1843;-120;10:54:50.133328
1726;1850;-124;10:54:50.133328
1732;1847;-115;10:54:50.133328
1734;1848;-114;10:54:50.133328
1734;1852;-118;10:54:50.133328
1735;1855;-120;10:54:50.133328
1737;1852;-115;10:54:50.133328
1738;1856;-118;10:54:50.133328
1740;1858;-118;10:54:50.133328
1741;1851;-110;10:54:50.133328
1739;1852;-113;10:54:50.133328
1738;1849;-111;10:54:50.133328
1735;1846;-111;10:54:50.133328
1734;1851;-117;10:54:50.133328
1729;1842;-113;10:54:50.133328
1725;1844;-119;10:54:50.133328
1725;1837;-112;10:54:50.133328
1717;1833;-116;10:54:50.133328
1719;1833;-114;10:54:50.133328
1715;1830;-115;10:54:50.133328
1714;1824;-110;10:54:50.133328
1713;1825;-112;10:54:50.133328
1708;1821;-113;10:54:50.133328
1707;1826;-119;10:54:50.133328
1710;1826;-116;10:54:50.133328
1711;1825;-114;10:54:50.133328
1710;1826;-116;10:54:50.133328
1715;1826;-111;10:54:50.133328
1710;1828;-118;10:54:50.133328
1712;1829;-117;10:54:50.133328
1711;1832;-121;10:54:50.133328
1713;1834;-121;10:54:50.133328
1719;1835;-116;10:54:50.133328
1720;1840;-120;10:54:50.133328
1723;1839;-116;10:54:50.133328
1720;1848;-128;10:54:50.133328
1723;1846;-123;10:54:50.133328
1727;1849;-122;10:54:50.133328
1731;1850;-119;10:54:50.133328
1733;1854;-121;10:54:50.133328
1731;1852;-121;10:54:50.133328
1732;1852;-120;10:54:50.133328
1733;1849;-116;10:54:50.133328
1733;1856;-123;10:54:50.133328
1732;1849;-117;10:54:50.133328
1729;1855;-126;10:54:50.133328
1728;1852;-124;10:54:50.133328
1729;1848;-119;10:54:50.133328
1728;1848;-120;10:54:50.133328
1728;1849;-121;10:54:50.133328
1728;1845;-117;10:54:50.133328
1727;1847;-120;10:54:50.133328
1724;1845;-121;10:54:50.133328
1728;1840;-112;10:54:50.133328
1729;1844;-115;10:54:50.133328
1729;1839;-110;10:54:50.133328
1728;1840;-112;10:54:50.133328
1726;1841;-115;10:54:50.133328
1728;1840;-112;10:54:50.133328
1724;1840;-116;10:54:50.133328
1726;1840;-114;10:54:50.133328
1728;1839;-111;10:54:50.133328
1729;1848;-119;10:54:50.133328
1733;1844;-111;10:54:50.133328
1741;1847;-106;10:54:50.133328
1736;1851;-115;10:54:50.133328
1743;1854;-111;10:54:50.133328
1751;1860;-109;10:54:50.133328
1753;1860;-107;10:54:50.133328
1756;1870;-114;10:54:50.133328
1761;1867;-106;10:54:50.133328
1768;1878;-110;10:54:50.133328
1769;1879;-110;10:54:50.133328
1770;1888;-118;10:54:50.133328
1776;1890;-114;10:54:50.133328
1780;1893;-113;10:54:50.133328
1781;1893;-112;10:54:50.133328
1780;1898;-118;10:54:50.133328
1778;1890;-112;10:54:50.133328
1778;1893;-115;10:54:50.133328
1780;1890;-110;10:54:50.133328
1778;1889;-111;10:54:50.133328
1773;1885;-112;10:54:50.133328
1776;1887;-111;10:54:50.133328
1774;1882;-108;10:54:50.133328
1772;1885;-113;10:54:50.133328
1774;1880;-106;10:54:50.133328
1770;1883;-113;10:54:50.133328
1774;1881;-107;10:54:50.133328
1775;1882;-107;10:54:50.133328
1774;1885;-111;10:54:50.133328
1777;1885;-108;10:54:50.133328
1777;1886;-109;10:54:50.133328
1781;1895;-114;10:54:50.133328
1786;1890;-104;10:54:50.133328
1779;1890;-111;10:54:50.133328
1786;1895;-109;10:54:50.133328
1785;1894;-109;10:54:50.133328
1784;1889;-105;10:54:50.238031
1784;1889;-105;10:54:50.238031
1782;1889;-107;10:54:50.238031
1779;1884;-105;10:54:50.238031
1776;1883;-107;10:54:50.238031
1775;1884;-109;10:54:50.238031
1780;1884;-104;10:54:50.238031
1779;1883;-104;10:54:50.238031
1780;1885;-105;10:54:50.238031
1783;1892;-109;10:54:50.238031
1784;1897;-113;10:54:50.238031
1783;1898;-115;10:54:50.238031
1788;1902;-114;10:54:50.238031
1793;1905;-112;10:54:50.238031
1798;1912;-114;10:54:50.238031
1799;1912;-113;10:54:50.238031
1807;1920;-113;10:54:50.238031
1809;1918;-109;10:54:50.238031
1811;1924;-113;10:54:50.238031
1819;1924;-105;10:54:50.238031
1815;1928;-113;10:54:50.238031
1821;1926;-105;10:54:50.238031
1824;1927;-103;10:54:50.238031
1820;1923;-103;10:54:50.238031
1826;1931;-105;10:54:50.238031
1826;1931;-105;10:54:50.238031
1829;1931;-102;10:54:50.238031
1826;1929;-103;10:54:50.238031
1824;1922;-98;10:54:50.238031
1820;1924;-104;10:54:50.238031
1820;1916;-96;10:54:50.238031
1818;1911;-93;10:54:50.238031
1814;1910;-96;10:54:50.238031
1810;1905;-95;10:54:50.238031
1805;1899;-94;10:54:50.238031
1798;1893;-95;10:54:50.238031
1793;1890;-97;10:54:50.238031
1790;1890;-100;10:54:50.238031
1784;1883;-99;10:54:50.238031
1782;1881;-99;10:54:50.238031
1778;1881;-103;10:54:50.238031
1766;1875;-109;10:54:50.238031
1768;1877;-109;10:54:50.238031
1773;1877;-104;10:54:50.238031
1772;1878;-106;10:54:50.238031
1769;1877;-108;10:54:50.238031
1768;1875;-107;10:54:50.238031
1766;1878;-112;10:54:50.238031
1765;1875;-110;10:54:50.238031
1771;1877;-106;10:54:50.238031
1766;1876;-110;10:54:50.238031
1758;1878;-120;10:54:50.238031
1765;1872;-107;10:54:50.238031
1762;1868;-106;10:54:50.238031
1757;1864;-107;10:54:50.238031
1754;1866;-112;10:54:50.238031
1756;1860;-104;10:54:50.238031
1751;1858;-107;10:54:50.238031
1744;1862;-118;10:54:50.238031
1744;1858;-114;10:54:50.238031
1742;1854;-112;10:54:50.238031
1739;1853;-114;10:54:50.238031
1735;1848;-113;10:54:50.238031
1735;1847;-112;10:54:50.238031
1731;1845;-114;10:54:50.238031
1729;1846;-117;10:54:50.238031
1727;1839;-112;10:54:50.238031
1728;1841;-113;10:54:50.238031
1724;1836;-112;10:54:50.238031
1725;1836;-111;10:54:50.238031
1723;1834;-111;10:54:50.238031
1716;1835;-119;10:54:50.238031
1717;1833;-116;10:54:50.238031
1719;1830;-111;10:54:50.238031
1719;1833;-114;10:54:50.238031
1712;1830;-118;10:54:50.238031
1710;1828;-118;10:54:50.238031
1715;1828;-113;10:54:50.238031
1712;1826;-114;10:54:50.238031
1708;1827;-119;10:54:50.238031
1714;1828;-114;10:54:50.238031
1714;1831;-117;10:54:50.238031
1712;1829;-117;10:54:50.238031
1720;1834;-114;10:54:50.238031
1720;1838;-118;10:54:50.238031
1718;1838;-120;10:54:50.238031
1723;1837;-114;10:54:50.238031
1728;1846;-118;10:54:50.238031
1727;1844;-117;10:54:50.238031
1725;1845;-120;10:54:50.238031
1729;1844;-115;10:54:50.238031
1727;1851;-124;10:54:50.238031
1722;1844;-122;10:54:50.238031
1720;1838;-118;10:54:50.238031
1727;1840;-113;10:54:50.238031
1717;1839;-122;10:54:50.238031
1714;1838;-124;10:54:50.238031
1719;1833;-114;10:54:50.238031
1716;1834;-118;10:54:50.238031
1715;1835;-120;10:54:50.238031
1719;1831;-112;10:54:50.238031
1710;1827;-117;10:54:50.238031
1712;1832;-120;10:54:50.238031
1716;1831;-115;10:54:50.238031
1712;1831;-119;10:54:50.238031
1717;1834;-117;10:54:50.238031
1721;1838;-117;10:54:50.238031
1721;1838;-117;10:54:50.238031
1725;1844;-119;10:54:50.238031
1726;1846;-120;10:54:50.238031
1731;1849;-118;10:54:50.238031
1732;1849;-117;10:54:50.238031
1733;1854;-121;10:54:50.238031
1739;1857;-118;10:54:50.238031
1738;1860;-122;10:54:50.238031
1740;1862;-122;10:54:50.238031
1743;1861;-118;10:54:50.238031
1742;1863;-121;10:54:50.238031
1742;1864;-122;10:54:50.238031
1741;1859;-118;10:54:50.238031
1747;1865;-118;10:54:50.238031
1745;1863;-118;10:54:50.238031
1743;1854;-111;10:54:50.238031
1740;1858;-118;10:54:50.238031
1742;1851;-109;10:54:50.238031
1733;1851;-118;10:54:50.238031
1732;1849;-117;10:54:50.238031
1730;1845;-115;10:54:50.238031
1732;1842;-110;10:54:50.238031
1729;1837;-108;10:54:50.238031
1724;1842;-118;10:54:50.238031
1731;1841;-110;10:54:50.238031
1731;1841;-110;10:54:50.238031
1729;1845;-116;10:54:50.238031
1733;1848;-115;10:54:50.238031
1737;1849;-112;10:54:50.238031
1741;1850;-109;10:54:50.238031
1741;1856;-115;10:54:50.238031
1741;1857;-116;10:54:50.238031
1747;1861;-114;10:54:50.238031
1749;1862;-113;10:54:50.238031
1752;1863;-111;10:54:50.238031
1756;1869;-113;10:54:50.238031
1754;1871;-117;10:54:50.238031
1763;1871;-108;10:54:50.238031
1763;1874;-111;10:54:50.238031
1769;1880;-111;10:54:50.238031
1771;1876;-105;10:54:50.238031
1772;1883;-111;10:54:50.238031
1773;1887;-114;10:54:50.238031
1781;1886;-105;10:54:50.238031
1775;1885;-110;10:54:50.238031
1775;1889;-114;10:54:50.238031
1784;1895;-111;10:54:50.238031
1786;1893;-107;10:54:50.238031
1784;1889;-105;10:54:50.238031
1782;1894;-112;10:54:50.238031
1786;1893;-107;10:54:50.238031
1781;1891;-110;10:54:50.238031
1781;1888;-107;10:54:50.238031
1780;1890;-110;10:54:50.238031
1775;1880;-105;10:54:50.238031
1776;1881;-105;10:54:50.238031
1771;1883;-112;10:54:50.238031
1767;1875;-108;10:54:50.238031
1768;1873;-105;10:54:50.238031
1763;1872;-109;10:54:50.238031
1767;1871;-104;10:54:50.238031
1761;1865;-104;10:54:50.238031
1758;1870;-112;10:54:50.238031
1765;1869;-104;10:54:50.238031
1761;1868;-107;10:54:50.238031
1761;1868;-107;10:54:50.238031
1763;1873;-110;10:54:50.238031
1770;1877;-107;10:54:50.238031
1769;1876;-107;10:54:50.238031
1768;1879;-111;10:54:50.238031
1772;1888;-116;10:54:50.238031
1780;1889;-109;10:54:50.238031
1784;1893;-109;10:54:50.238031
1787;1897;-110;10:54:50.238031
1793;1900;-107;10:54:50.238031
1798;1911;-113;10:54:50.238031
1796;1908;-112;10:54:50.238031
1799;1910;-111;10:54:50.238031
1802;1916;-114;10:54:50.238031
1803;1917;-114;10:54:50.238031
1808;1915;-107;10:54:50.238031
1811;1914;-103;10:54:50.238031
1808;1914;-106;10:54:50.238031
1809;1916;-107;10:54:50.238031
1812;1912;-100;10:54:50.238031
1815;1913;-98;10:54:50.238031
1815;1910;-95;10:54:50.238031
1807;1911;-104;10:54:50.238031
1809;1909;-100;10:54:50.238031
1813;1907;-94;10:54:50.238031
1803;1910;-107;10:54:50.238031
1803;1901;-98;10:54:50.238031
1805;1908;-103;10:54:50.238031
1804;1908;-104;10:54:50.238031
1802;1903;-101;10:54:50.238031
1803;1903;-100;10:54:50.238031
1799;1903;-104;10:54:50.238031
1801;1897;-96;10:54:50.238031
1800;1896;-96;10:54:50.238031
1791;1893;-102;10:54:50.238031
1791;1899;-108;10:54:50.238031
1786;1890;-104;10:54:50.238031
1786;1891;-105;10:54:50.238031
1783;1889;-106;10:54:50.238031
1785;1889;-104;10:54:50.238031
1786;1884;-98;10:54:50.238031
1777;1875;-98;10:54:50.238031
1773;1879;-106;10:54:50.238031
1775;1874;-99;10:54:50.238031
1767;1871;-104;10:54:50.238031
1768;1870;-102;10:54:50.238031
1766;1872;-106;10:54:50.238031
1759;1868;-109;10:54:50.238031
1757;1865;-108;10:54:50.238031
1758;1863;-105;10:54:50.238031
1753;1859;-106;10:54:50.238031
1747;1856;-109;10:54:50.238031
1749;1853;-104;10:54:50.238031
1748;1858;-110;10:54:50.238031
1745;1858;-113;10:54:50.238031
1744;1855;-111;10:54:50.238031
1748;1858;-110;10:54:50.238031
1746;1861;-115;10:54:50.238031
1742;1855;-113;10:54:50.238031
1742;1859;-117;10:54:50.238031
1740;1854;-114;10:54:50.238031
1740;1849;-109;10:54:50.238031
1739;1844;-105;10:54:50.238031
1737;1845;-108;10:54:50.238031
1732;1845;-113;10:54:50.238031
1732;1839;-107;10:54:50.238031
1728;1837;-109;10:54:50.238031
1726;1838;-112;10:54:50.238031
1721;1832;-111;10:54:50.238031
1723;1831;-108;10:54:50.238031
1715;1834;-119;10:54:50.238031
1717;1827;-110;10:54:50.238031
1715;1828;-113;10:54:50.238031
1707;1830;-123;10:54:50.238031
1711;1829;-118;10:54:50.238031
1717;1829;-112;10:54:50.238031
1713;1830;-117;10:54:50.238031
1712;1829;-117;10:54:50.238031
1713;1831;-118;10:54:50.238031
1714;1831;-117;10:54:50.238031
1711;1828;-117;10:54:50.238031
1714;1829;-115;10:54:50.238031
1716;1829;-113;10:54:50.238031
1713;1832;-119;10:54:50.259361
1722;1833;-111;10:54:50.259361
1722;1832;-110;10:54:50.259361
1722;1834;-112;10:54:50.259361
1722;1839;-117;10:54:50.259361
1727;1836;-109;10:54:50.259361
1725;1835;-110;10:54:50.259361
1727;1839;-112;10:54:50.259361
1727;1840;-113;10:54:50.259361
1723;1836;-113;10:54:50.259361
1728;1838;-110;10:54:50.259361
1727;1844;-117;10:54:50.259361
1723;1837;-114;10:54:50.259361
1726;1839;-113;10:54:50.259361
1717;1843;-126;10:54:50.259361
1725;1839;-114;10:54:50.259361
1726;1840;-114;10:54:50.259361
1719;1838;-119;10:54:50.259361
1716;1838;-122;10:54:50.259361
1722;1839;-117;10:54:50.259361
1716;1838;-122;10:54:50.259361
1719;1837;-118;10:54:50.259361
1721;1843;-122;10:54:50.259361
1718;1838;-120;10:54:50.259361
1723;1835;-112;10:54:50.259361
1724;1839;-115;10:54:50.259361
1725;1846;-121;10:54:50.259361
1729;1842;-113;10:54:50.259361
1729;1838;-109;10:54:50.259361
1726;1846;-120;10:54:50.259361
1735;1850;-115;10:54:50.259361
1737;1852;-115;10:54:50.259361
1737;1852;-115;10:54:50.259361
1738;1856;-118;10:54:50.259361
1738;1856;-118;10:54:50.259361
1742;1859;-117;10:54:50.259361
1744;1861;-117;10:54:50.259361
1744;1861;-117;10:54:50.259361
1746;1865;-119;10:54:50.259361
1748;1860;-112;10:54:50.259361
1751;1865;-114;10:54:50.259361
1754;1861;-107;10:54:50.259361
1750;1868;-118;10:54:50.259361
1752;1863;-111;10:54:50.259361
1753;1866;-113;10:54:50.259361
1747;1862;-115;10:54:50.259361
1751;1855;-104;10:54:50.259361
1750;1863;-113;10:54:50.259361
1747;1857;-110;10:54:50.259361
1744;1853;-109;10:54:50.259361
1746;1857;-111;10:54:50.259361
1742;1857;-115;10:54:50.259361
1743;1850;-107;10:54:50.259361
1743;1852;-109;10:54:50.259361
1746;1855;-109;10:54:50.259361
1746;1854;-108;10:54:50.259361
1750;1860;-110;10:54:50.259361
1757;1857;-100;10:54:50.259361
1761;1867;-106;10:54:50.259361
1758;1862;-104;10:54:50.259361
1761;1871;-110;10:54:50.259361
1765;1875;-110;10:54:50.259361
1768;1881;-113;10:54:50.259361
1774;1878;-104;10:54:50.259361
1773;1879;-106;10:54:50.259361
1775;1891;-116;10:54:50.259361
1780;1887;-107;10:54:50.259361
1778;1886;-108;10:54:50.259361
1782;1891;-109;10:54:50.259361
1789;1892;-103;10:54:50.259361
1786;1892;-106;10:54:50.259361
1780;1890;-110;10:54:50.259361
1785;1891;-106;10:54:50.259361
1786;1895;-109;10:54:50.259361
1779;1891;-112;10:54:50.259361
1784;1891;-107;10:54:50.259361
1782;1886;-104;10:54:50.259361
1782;1887;-105;10:54:50.259361
1778;1888;-110;10:54:50.259361
1770;1884;-114;10:54:50.259361
1774;1881;-107;10:54:50.259361
1772;1883;-111;10:54:50.259361
1768;1880;-112;10:54:50.259361
1773;1880;-107;10:54:50.259361
1768;1879;-111;10:54:50.259361
1764;1879;-115;10:54:50.259361
1770;1874;-104;10:54:50.259361
1765;1878;-113;10:54:50.259361
1764;1881;-117;10:54:50.259361
1771;1879;-108;10:54:50.259361
1774;1880;-106;10:54:50.259361
1775;1882;-107;10:54:50.259361
1778;1891;-113;10:54:50.259361
1781;1895;-114;10:54:50.259361
1778;1894;-116;10:54:50.259361
1787;1895;-108;10:54:50.259361
1789;1899;-110;10:54:50.259361
1789;1898;-109;10:54:50.259361
1796;1901;-105;10:54:50.259361
1802;1908;-106;10:54:50.259361
1802;1909;-107;10:54:50.259361
1805;1911;-106;10:54:50.259361
1807;1915;-108;10:54:50.259361
1812;1916;-104;10:54:50.259361
1808;1923;-115;10:54:50.259361
1817;1919;-102;10:54:50.259361
1817;1924;-107;10:54:50.259361
1816;1930;-114;10:54:50.259361
1818;1929;-111;10:54:50.259361
1819;1929;-110;10:54:50.259361
1822;1922;-100;10:54:50.259361
1822;1928;-106;10:54:50.259361
1820;1928;-108;10:54:50.259361
1819;1919;-100;10:54:50.259361
1819;1918;-99;10:54:50.259361
1814;1912;-98;10:54:50.259361
1812;1911;-99;10:54:50.259361
1808;1901;-93;10:54:50.259361
1802;1900;-98;10:54:50.259361
1798;1899;-101;10:54:50.259361
1798;1888;-90;10:54:50.259361
1795;1890;-95;10:54:50.259361
1787;1886;-99;10:54:50.259361
1786;1884;-98;10:54:50.259361
1782;1885;-103;10:54:50.259361
1780;1882;-102;10:54:50.259361
1779;1882;-103;10:54:50.259361
1770;1876;-106;10:54:50.259361
1768;1883;-115;10:54:50.259361
1775;1881;-106;10:54:50.259361
1770;1874;-104;10:54:50.259361
1771;1882;-111;10:54:50.259361
1774;1874;-100;10:54:50.259361
1772;1869;-97;10:54:50.259361
1768;1873;-105;10:54:50.259361
1760;1875;-115;10:54:50.259361
1763;1869;-106;10:54:50.259361
1754;1872;-118;10:54:50.259361
1755;1870;-115;10:54:50.259361
1753;1869;-116;10:54:50.259361
1755;1870;-115;10:54:50.259361
1756;1865;-109;10:54:50.259361
1747;1865;-118;10:54:50.259361
1749;1860;-111;10:54:50.259361
1753;1859;-106;10:54:50.259361
1748;1857;-109;10:54:50.259361
1746;1861;-115;10:54:50.259361
1744;1852;-108;10:54:50.259361
1752;1859;-107;10:54:50.259361
1746;1852;-106;10:54:50.259361
1738;1853;-115;10:54:50.259361
1742;1851;-109;10:54:50.259361
1738;1849;-111;10:54:50.259361
1735;1853;-118;10:54:50.259361
1735;1849;-114;10:54:50.259361
1731;1850;-119;10:54:50.259361
1737;1848;-111;10:54:50.259361
1729;1849;-120;10:54:50.259361
1727;1846;-119;10:54:50.259361
1732;1845;-113;10:54:50.259361
1738;1846;-108;10:54:50.259361
1729;1843;-114;10:54:50.259361
1724;1842;-118;10:54:50.259361
1732;1841;-109;10:54:50.259361
1727;1844;-117;10:54:50.259361
1724;1841;-117;10:54:50.259361
1727;1841;-114;10:54:50.259361
1726;1845;-119;10:54:50.259361
1728;1841;-113;10:54:50.259361
1722;1835;-113;10:54:50.259361
1730;1846;-116;10:54:50.259361
1725;1840;-115;10:54:50.259361
1721;1840;-119;10:54:50.259361
1729;1841;-112;10:54:50.259361
1726;1847;-121;10:54:50.259361
1724;1848;-124;10:54:50.259361
1724;1846;-122;10:54:50.259361
1728;1851;-123;10:54:50.259361
1728;1846;-118;10:54:50.259361
1733;1845;-112;10:54:50.259361
1731;1847;-116;10:54:50.259361
1730;1848;-118;10:54:50.259361
1731;1848;-117;10:54:50.259361
1728;1848;-120;10:54:50.259361
1731;1852;-121;10:54:50.259361
1731;1847;-116;10:54:50.259361
1732;1852;-120;10:54:50.259361
1728;1854;-126;10:54:50.259361
1731;1852;-121;10:54:50.259361
1734;1855;-121;10:54:50.259361
1734;1846;-112;10:54:50.259361
1729;1854;-125;10:54:50.259361
1733;1847;-114;10:54:50.259361
1728;1848;-120;10:54:50.259361
1726;1846;-120;10:54:50.259361
1727;1844;-117;10:54:50.259361
1730;1852;-122;10:54:50.259361
1729;1843;-114;10:54:50.259361
1724;1846;-122;10:54:50.259361
1726;1844;-118;10:54:50.259361
1725;1846;-121;10:54:50.259361
1728;1842;-114;10:54:50.259361
1728;1846;-118;10:54:50.259361
1721;1847;-126;10:54:50.259361
1726;1849;-123;10:54:50.259361
1730;1850;-120;10:54:50.259361
1725;1847;-122;10:54:50.259361
1725;1850;-125;10:54:50.259361
1732;1855;-123;10:54:50.259361
1730;1848;-118;10:54:50.259361
1731;1850;-119;10:54:50.259361
1735;1855;-120;10:54:50.259361
1733;1853;-120;10:54:50.259361
1735;1853;-118;10:54:50.259361
1735;1857;-122;10:54:50.259361
1739;1856;-117;10:54:50.259361
1746;1857;-111;10:54:50.259361
1739;1853;-114;10:54:50.259361
1746;1860;-114;10:54:50.259361
1747;1858;-111;10:54:50.259361
1749;1860;-111;10:54:50.259361
1745;1865;-120;10:54:50.259361
1747;1863;-116;10:54:50.259361
1749;1863;-114;10:54:50.259361
1746;1865;-119;10:54:50.259361
1754;1867;-113;10:54:50.259361
1754;1866;-112;10:54:50.259361
1753;1868;-115;10:54:50.259361
1753;1869;-116;10:54:50.259361
1756;1867;-111;10:54:50.259361
1760;1865;-105;10:54:50.259361
1755;1870;-115;10:54:50.259361
1756;1869;-113;10:54:50.259361
1758;1864;-106;10:54:50.259361
1752;1863;-111;10:54:50.259361
1761;1867;-106;10:54:50.259361
1751;1867;-116;10:54:50.259361
1757;1865;-108;10:54:50.259361
1766;1870;-104;10:54:50.259361
1764;1873;-109;10:54:50.259361
1761;1876;-115;10:54:50.259361
1765;1875;-110;10:54:50.259361
1768;1878;-110;10:54:50.259361
1768;1882;-114;10:54:50.259361
1767;1881;-114;10:54:50.259361
1771;1887;-116;10:54:50.259361
1773;1888;-115;10:54:50.259361
1774;1891;-117;10:54:50.259361
1774;1894;-120;10:54:50.259361
1782;1892;-110;10:54:50.259361
1779;1900;-121;10:54:50.259361
1778;1893;-115;10:54:50.259361
1780;1894;-114;10:54:50.259361
1782;1891;-109;10:54:50.259361
1779;1898;-119;10:54:50.259361
1781;1896;-115;10:54:50.260206
1781;1888;-107;10:54:50.260206
1782;1890;-108;10:54:50.260206
1774;1891;-117;10:54:50.260206
1775;1883;-108;10:54:50.260206
1776;1890;-114;10:54:50.260206
1775;1888;-113;10:54:50.260206
1780;1885;-105;10:54:50.260206
1779;1882;-103;10:54:50.260206
1777;1884;-107;10:54:50.260206
1772;1878;-106;10:54:50.260206
1778;1886;-108;10:54:50.260206
1784;1885;-101;10:54:50.260206
1775;1888;-113;10:54:50.260206
1776;1888;-112;10:54:50.260206
1785;1897;-112;10:54:50.260206
1784;1897;-113;10:54:50.260206
1791;1898;-107;10:54:50.260206
1794;1904;-110;10:54:50.260206
1797;1912;-115;10:54:50.260206
1796;1907;-111;10:54:50.260206
1800;1912;-112;10:54:50.260206
1804;1918;-114;10:54:50.260206
1802;1917;-115;10:54:50.260206
1809;1915;-106;10:54:50.260206
1810;1917;-107;10:54:50.260206
1807;1921;-114;10:54:50.260206
1809;1920;-111;10:54:50.260206
1805;1911;-106;10:54:50.260206
1810;1922;-112;10:54:50.260206
1809;1918;-109;10:54:50.260206
1808;1911;-103;10:54:50.260206
1809;1906;-97;10:54:50.260206
1806;1910;-104;10:54:50.260206
1802;1909;-107;10:54:50.260206
1797;1899;-102;10:54:50.260206
1797;1901;-104;10:54:50.260206
1790;1899;-109;10:54:50.260206
1789;1896;-107;10:54:50.260206
1786;1895;-109;10:54:50.260206
1784;1886;-102;10:54:50.260206
1782;1889;-107;10:54:50.260206
1777;1884;-107;10:54:50.260206
1776;1881;-105;10:54:50.260206
1770;1872;-102;10:54:50.260206
1768;1875;-107;10:54:50.260206
1762;1873;-111;10:54:50.260206
1761;1871;-110;10:54:50.260206
1763;1871;-108;10:54:50.260206
1755;1861;-106;10:54:50.260206
1757;1864;-107;10:54:50.260206
1754;1863;-109;10:54:50.260206
1749;1863;-114;10:54:50.260206
1751;1860;-109;10:54:50.260206
1752;1860;-108;10:54:50.260206
1747;1861;-114;10:54:50.260206
1747;1863;-116;10:54:50.260206
1746;1860;-114;10:54:50.260206
1745;1864;-119;10:54:50.260206
1743;1862;-119;10:54:50.260206
1744;1860;-116;10:54:50.260206
1743;1859;-116;10:54:50.260206
1743;1862;-119;10:54:50.260206
1745;1859;-114;10:54:50.260206
1743;1863;-120;10:54:50.260206
1743;1857;-114;10:54:50.260206
1738;1860;-122;10:54:50.260206
1737;1852;-115;10:54:50.260206
1736;1853;-117;10:54:50.260206
1741;1853;-112;10:54:50.260206
1731;1847;-116;10:54:50.260206
1734;1847;-113;10:54:50.260206
1738;1846;-108;10:54:50.260206
1735;1847;-112;10:54:50.260206
1729;1845;-116;10:54:50.260206
1728;1843;-115;10:54:50.260206
1734;1840;-106;10:54:50.260206
1729;1845;-116;10:54:50.260206
1729;1839;-110;10:54:50.260206
1728;1844;-116;10:54:50.260206
1732;1839;-107;10:54:50.260206
1731;1842;-111;10:54:50.260206
1724;1838;-114;10:54:50.260206
1720;1840;-120;10:54:50.260206
1727;1844;-117;10:54:50.260206
1721;1841;-120;10:54:50.260206
1722;1846;-124;10:54:50.260206
1727;1841;-114;10:54:50.260206
1726;1845;-119;10:54:50.260206
1726;1840;-114;10:54:50.260206
1727;1849;-122;10:54:50.260206
1724;1846;-122;10:54:50.260206
1727;1841;-114;10:54:50.260206
1730;1845;-115;10:54:50.260206
1728;1849;-121;10:54:50.260206
1725;1844;-119;10:54:50.260206
1726;1840;-114;10:54:50.260206
1729;1838;-109;10:54:50.260206
1724;1843;-119;10:54:50.260206
1717;1839;-122;10:54:50.260206
1723;1838;-115;10:54:50.260206
1722;1839;-117;10:54:50.260206
1718;1843;-125;10:54:50.260206
1719;1838;-119;10:54:50.260206
1718;1837;-119;10:54:50.260206
1719;1841;-122;10:54:50.260206
1724;1844;-120;10:54:50.260206
1719;1844;-125;10:54:50.260206
1718;1844;-126;10:54:50.260206
1725;1846;-121;10:54:50.260206
1722;1839;-117;10:54:50.260206
1725;1847;-122;10:54:50.260206
1725;1845;-120;10:54:50.260206
1722;1838;-116;10:54:50.260206
1720;1844;-124;10:54:50.260206
1722;1843;-121;10:54:50.260206
1724;1843;-119;10:54:50.260206
1718;1841;-123;10:54:50.260206
1723;1843;-120;10:54:50.260206
1725;1842;-117;10:54:50.260206
1723;1844;-121;10:54:50.260206
1728;1843;-115;10:54:50.260206
1726;1841;-115;10:54:50.260206
1724;1842;-118;10:54:50.260206
1724;1841;-117;10:54:50.260206
1725;1841;-116;10:54:50.260206
1725;1844;-119;10:54:50.260206
1728;1839;-111;10:54:50.260206
1723;1846;-123;10:54:50.260206
1727;1845;-118;10:54:50.260206
1732;1851;-119;10:54:50.260206
1730;1846;-116;10:54:50.260206
1729;1852;-123;10:54:50.260206
1732;1853;-121;10:54:50.260206
1735;1859;-124;10:54:50.260206
1729;1854;-125;10:54:50.260206
1734;1855;-121;10:54:50.260206
1735;1857;-122;10:54:50.260206
1743;1854;-111;10:54:50.260206
1740;1859;-119;10:54:50.260206
1741;1860;-119;10:54:50.260206
1744;1861;-117;10:54:50.260206
1743;1856;-113;10:54:50.260206
1750;1861;-111;10:54:50.260206
1753;1861;-108;10:54:50.260206
1750;1864;-114;10:54:50.260206
1749;1862;-113;10:54:50.260206
1756;1869;-113;10:54:50.260206
1758;1869;-111;10:54:50.260206
1756;1867;-111;10:54:50.260206
1761;1874;-113;10:54:50.260206
1764;1880;-116;10:54:50.260206
1766;1873;-107;10:54:50.260206
1761;1874;-113;10:54:50.260206
1763;1878;-115;10:54:50.260206
1769;1883;-114;10:54:50.260206
1767;1879;-112;10:54:50.260206
1768;1874;-106;10:54:50.260206
1765;1879;-114;10:54:50.260206
1768;1879;-111;10:54:50.260206
1766;1878;-112;10:54:50.260206
1763;1878;-115;10:54:50.260206
1763;1879;-116;10:54:50.260206
1764;1877;-113;10:54:50.260206
1767;1875;-108;10:54:50.260206
1764;1881;-117;10:54:50.260206
1763;1882;-119;10:54:50.260206
1768;1879;-111;10:54:50.260206
1767;1882;-115;10:54:50.260206
1765;1884;-119;10:54:50.260206
1770;1883;-113;10:54:50.260206
1768;1889;-121;10:54:50.260206
1774;1886;-112;10:54:50.260206
1772;1885;-113;10:54:50.260206
1772;1886;-114;10:54:50.260206
1776;1891;-115;10:54:50.260206
1776;1896;-120;10:54:50.260206
1778;1892;-114;10:54:50.260206
1777;1899;-122;10:54:50.260206
1779;1897;-118;10:54:50.260206
1787;1906;-119;10:54:50.260206
1785;1901;-116;10:54:50.260206
1788;1902;-114;10:54:50.260206
1787;1905;-118;10:54:50.260206
1793;1898;-105;10:54:50.260206
1790;1899;-109;10:54:50.260206
1790;1901;-111;10:54:50.260206
1796;1900;-104;10:54:50.260206
1795;1904;-109;10:54:50.260206
1794;1899;-105;10:54:50.260206
1799;1905;-106;10:54:50.260206
1799;1905;-106;10:54:50.260206
1802;1904;-102;10:54:50.260206
1801;1913;-112;10:54:50.260206
1801;1915;-114;10:54:50.260206
1809;1915;-106;10:54:50.260206
1808;1916;-108;10:54:50.260206
1809;1914;-105;10:54:50.260206
1808;1912;-104;10:54:50.260206
1803;1920;-117;10:54:50.260206
1805;1915;-110;10:54:50.260206
1808;1916;-108;10:54:50.260206
1808;1910;-102;10:54:50.260206
1803;1915;-112;10:54:50.260206
1804;1907;-103;10:54:50.260206
1805;1909;-104;10:54:50.260206
1797;1906;-109;10:54:50.260206
1798;1901;-103;10:54:50.260206
1796;1902;-106;10:54:50.260206
1794;1894;-100;10:54:50.260206
1784;1892;-108;10:54:50.260206
1784;1891;-107;10:54:50.260206
1781;1882;-101;10:54:50.260206
1780;1882;-102;10:54:50.260206
1773;1879;-106;10:54:50.260206
1775;1878;-103;10:54:50.260206
1772;1874;-102;10:54:50.260206
1764;1874;-110;10:54:50.260206
1768;1871;-103;10:54:50.260206
1768;1868;-100;10:54:50.260206
1759;1868;-109;10:54:50.260206
1759;1864;-105;10:54:50.260206
1756;1862;-106;10:54:50.260206
1749;1868;-119;10:54:50.260206
1752;1862;-110;10:54:50.260206
1752;1863;-111;10:54:50.260206
1752;1861;-109;10:54:50.260206
1742;1860;-118;10:54:50.260206
1749;1860;-111;10:54:50.260206
1748;1858;-110;10:54:50.260206
1742;1863;-121;10:54:50.260206
1741;1857;-116;10:54:50.260206
1744;1857;-113;10:54:50.260206
1743;1853;-110;10:54:50.260206
1738;1854;-116;10:54:50.260206
1735;1848;-113;10:54:50.260206
1736;1850;-114;10:54:50.260206
1733;1843;-110;10:54:50.260206
1733;1843;-110;10:54:50.260206
1731;1849;-118;10:54:50.260206
1725;1836;-111;10:54:50.260206
1728;1838;-110;10:54:50.260206
1728;1845;-117;10:54:50.260206
1722;1836;-114;10:54:50.260206
1720;1841;-121;10:54:50.260206
1724;1836;-112;10:54:50.260206
1722;1839;-117;10:54:50.260206
1718;1839;-121;10:54:50.260206
1717;1836;-119;10:54:50.260206
1722;1838;-116;10:54:50.260206
1718;1830;-112;10:54:50.260206
1713;1832;-119;10:54:50.260206
1716;1830;-114;10:54:50.260206
1714;1832;-118;10:54:50.260206
1708;1823;-115;10:54:50.260206
1710;1825;-115;10:54:50.260206
1713;1829;-116;10:54:50.260206
1711;1827;-116;10:54:50.260206
1714;1828;-114;10:54:50.260206
1717;1836;-119;10:54:50.260206
1714;1831;-117;10:54:50.260206
1717;1839;-122;10:54:50.260206
1716;1838;-122;10:54:50.260206
1725;1839;-114;10:54:50.260206
1722;1838;-116;10:54:50.260206
1725;1837;-112;10:54:50.260206
1722;1845;-123;10:54:50.260206
1726;1841;-115;10:54:50.260206
1722;1841;-119;10:54:50.260206
1722;1847;-125;10:54:50.260206
1721;1841;-120;10:54:50.260206
1727;1846;-119;10:54:50.260206
1719;1842;-123;10:54:50.260206
1720;1837;-117;10:54:50.260206
1719;1833;-114;10:54:50.260206
1714;1834;-120;10:54:50.260206
1708;1831;-123;10:54:50.260206
1712;1826;-114;10:54:50.260206
1711;1827;-116;10:54:50.260206
1709;1830;-121;10:54:50.260206
1712;1824;-112;10:54:50.260206
1709;1826;-117;10:54:50.260206
1706;1827;-121;10:54:50.260206
1710;1825;-115;10:54:50.260206
1712;1827;-115;10:54:50.260206
1706;1829;-123;10:54:50.260206
1711;1830;-119;10:54:50.260206
1713;1834;-121;10:54:50.260206
1713;1835;-122;10:54:50.260206
1712;1836;-124;10:54:50.260206
1718;1842;-124;10:54:50.260206
1717;1841;-124;10:54:50.260206
1718;1841;-123;10:54:50.260206
1718;1843;-125;10:54:50.260206
1722;1850;-128;10:54:50.260206
1727;1847;-120;10:54:50.260206
1727;1847;-120;10:54:50.260206
1731;1849;-118;10:54:50.260206
1734;1850;-116;10:54:50.260206
1733;1854;-121;10:54:50.260206
1738;1853;-115;10:54:50.260206
1734;1855;-121;10:54:50.260206
1739;1855;-116;10:54:50.260206
1748;1853;-105;10:54:50.260206
1738;1850;-112;10:54:50.260206
1739;1854;-115;10:54:50.260206
1742;1851;-109;10:54:50.260206
1744;1852;-108;10:54:50.260206
1741;1858;-117;10:54:50.260206
1743;1853;-110;10:54:50.260206
1743;1851;-108;10:54:50.260206
1744;1854;-110;10:54:50.260206
1742;1853;-111;10:54:50.260206
1743;1855;-112;10:54:50.260206
1748;1857;-109;10:54:50.260206
1753;1866;-113;10:54:50.260206
1750;1861;-111;10:54:50.260206
1748;1871;-123;10:54:50.260206
1755;1867;-112;10:54:50.260206
1755;1874;-119;10:54:50.260206
1758;1869;-111;10:54:50.260206
1760;1877;-117;10:54:50.260206
1759;1872;-113;10:54:50.260206
1764;1879;-115;10:54:50.260206
1760;1876;-116;10:54:50.260206
1764;1877;-113;10:54:50.260206
1770;1880;-110;10:54:50.260206
1766;1878;-112;10:54:50.260206
1769;1878;-109;10:54:50.260206
1772;1881;-109;10:54:50.260206
1776;1887;-111;10:54:50.260206
1779;1883;-104;10:54:50.260206
1777;1886;-109;10:54:50.260206
1777;1890;-113;10:54:50.260206
1780;1894;-114;10:54:50.260206
1783;1894;-111;10:54:50.260206
1780;1895;-115;10:54:50.260206
1785;1899;-114;10:54:50.260206
1784;1900;-116;10:54:50.260206
1785;1902;-117;10:54:50.260206
1789;1895;-106;10:54:50.260206
1791;1901;-110;10:54:50.260206
1788;1900;-112;10:54:50.260206
1785;1902;-117;10:54:50.260206
1785;1900;-115;10:54:50.260206
1786;1895;-109;10:54:50.260206
1780;1899;-119;10:54:50.260206
1782;1899;-117;10:54:50.260206
1781;1891;-110;10:54:50.260206
1782;1892;-110;10:54:50.260206
1784;1900;-116;10:54:50.260206
1786;1892;-106;10:54:50.260206
1788;1897;-109;10:54:50.260206
1787;1898;-111;10:54:50.260206
1792;1898;-106;10:54:50.260206
1788;1897;-109;10:54:50.260206
1792;1900;-108;10:54:50.260206
1793;1901;-108;10:54:50.260206
1796;1902;-106;10:54:50.260206
1796;1906;-110;10:54:50.260206
1801;1906;-105;10:54:50.260206
1803;1909;-106;10:54:50.260206
1805;1909;-104;10:54:50.260206
1808;1917;-109;10:54:50.260206
1808;1920;-112;10:54:50.260206
1807;1919;-112;10:54:50.260206
1813;1923;-110;10:54:50.260206
1809;1924;-115;10:54:50.260206
1808;1917;-109;10:54:50.260206
1808;1923;-115;10:54:50.260206
1815;1920;-105;10:54:50.260206
1813;1922;-109;10:54:50.260206
1814;1915;-101;10:54:50.260206
1809;1916;-107;10:54:50.260206
1805;1912;-107;10:54:50.260206
1808;1911;-103;10:54:50.260206
1802;1906;-104;10:54:50.260206
1801;1906;-105;10:54:50.260206
1799;1904;-105;10:54:50.260206
1798;1901;-103;10:54:50.260206
1796;1897;-101;10:54:50.260206
1793;1899;-106;10:54:50.260206
1788;1896;-108;10:54:50.260206
1789;1892;-103;10:54:50.260206
1785;1889;-104;10:54:50.260206
1782;1889;-107;10:54:50.260206
1778;1887;-109;10:54:50.260206
1773;1888;-115;10:54:50.260206
1770;1884;-114;10:54:50.260206
1773;1881;-108;10:54:50.260206
1769;1880;-111;10:54:50.260206
1768;1879;-111;10:54:50.260206
1763;1868;-105;10:54:50.260206
1762;1876;-114;10:54:50.260206
1757;1864;-107;10:54:50.260206
1761;1865;-104;10:54:50.260206
1759;1862;-103;10:54:50.260206
1753;1858;-105;10:54:50.260206
1753;1857;-104;10:54:50.260206
1749;1857;-108;10:54:50.260206
1748;1859;-111;10:54:50.260206
1752;1851;-99;10:54:50.260206
1745;1858;-113;10:54:50.260206
1745;1858;-113;10:54:50.260206
1743;1849;-106;10:54:50.260206
1743;1855;-112;10:54:50.260206
1744;1860;-116;10:54:50.260206
1738;1854;-116;10:54:50.260206
1737;1854;-117;10:54:50.260206
1736;1856;-120;10:54:50.260206
1739;1855;-116;10:54:50.260206
1734;1854;-120;10:54:50.260206
1737;1852;-115;10:54:50.260206
1736;1855;-119;10:54:50.260206
1734;1851;-117;10:54:50.260206
1732;1849;-117;10:54:50.260206
1728;1850;-122;10:54:50.260206
1736;1848;-112;10:54:50.260206
1729;1842;-113;10:54:50.260206
1728;1843;-115;10:54:50.260206
1726;1837;-111;10:54:50.260206
1724;1841;-117;10:54:50.260206
1718;1828;-110;10:54:50.260206
1722;1830;-108;10:54:50.260206
1718;1834;-116;10:54:50.260206
1717;1830;-113;10:54:50.260206
1714;1827;-113;10:54:50.260206
1714;1832;-118;10:54:50.260206
1715;1827;-112;10:54:50.260206
1714;1832;-118;10:54:50.260206
1710;1828;-118;10:54:50.260206
1712;1833;-121;10:54:50.260206
1708;1829;-121;10:54:50.260206
1713;1834;-121;10:54:50.260206
1710;1829;-119;10:54:50.260206
1712;1830;-118;10:54:50.260206
1711;1836;-125;10:54:50.260206
1708;1832;-124;10:54:50.260206
1711;1837;-126;10:54:50.260206
1709;1830;-121;10:54:50.260206
1714;1837;-123;10:54:50.260206
1709;1831;-122;10:54:50.260206
1715;1837;-122;10:54:50.260206
1714;1835;-121;10:54:50.260206
1715;1836;-121;10:54:50.260206
1719;1842;-123;10:54:50.260206
1716;1839;-123;10:54:50.260206
1718;1843;-125;10:54:50.260206
1726;1841;-115;10:54:50.260206
1722;1848;-126;10:54:50.260206
1726;1844;-118;10:54:50.260206
1728;1842;-114;10:54:50.260206
1728;1847;-119;10:54:50.260206
1725;1843;-118;10:54:50.260206
1731;1845;-114;10:54:50.260206
1726;1851;-125;10:54:50.260206
1728;1847;-119;10:54:50.260206
1727;1847;-120;10:54:50.260206
1727;1847;-120;10:54:50.260206
1730;1850;-120;10:54:50.260206
1730;1848;-118;10:54:50.260206
1730;1850;-120;10:54:50.260206
1727;1849;-122;10:54:50.260206
1727;1848;-121;10:54:50.260206
1729;1844;-115;10:54:50.260206
1726;1849;-123;10:54:50.260206
1728;1848;-120;10:54:50.260206
1729;1843;-114;10:54:50.260206
1722;1843;-121;10:54:50.260206
1728;1846;-118;10:54:50.260206
1732;1844;-112;10:54:50.260206
1736;1850;-114;10:54:50.260206
1734;1853;-119;10:54:50.260206
1739;1857;-118;10:54:50.260206
1747;1860;-113;10:54:50.260206
1743;1866;-123;10:54:50.260206
1749;1868;-119;10:54:50.260206
1756;1871;-115;10:54:50.260206
1755;1872;-117;10:54:50.260206
1760;1877;-117;10:54:50.260206
1760;1880;-120;10:54:50.260206
1762;1878;-116;10:54:50.260206
1769;1881;-112;10:54:50.260206
1766;1880;-114;10:54:50.260206
1764;1876;-112;10:54:50.260206
1767;1881;-114;10:54:50.260206
1765;1879;-114;10:54:50.260206
1762;1872;-110;10:54:50.260206
1765;1870;-105;10:54:50.260206
1761;1871;-110;10:54:50.260206
1760;1871;-111;10:54:50.260206
1762;1869;-107;10:54:50.260206
1758;1869;-111;10:54:50.260206
1757;1878;-121;10:54:50.260206
1759;1866;-107;10:54:50.260206
1762;1875;-113;10:54:50.260206
1756;1872;-116;10:54:50.260206
1762;1878;-116;10:54:50.260206
1761;1877;-116;10:54:50.260206
1765;1881;-116;10:54:50.260206
1768;1876;-108;10:54:50.260206
1773;1886;-113;10:54:50.260206
1772;1883;-111;10:54:50.260206
1769;1889;-120;10:54:50.260206
1778;1892;-114;10:54:50.260206
1779;1889;-110;10:54:50.260206
1777;1897;-120;10:54:50.260206
1782;1890;-108;10:54:50.260206
1781;1894;-113;10:54:50.260206
1781;1893;-112;10:54:50.260206
1785;1894;-109;10:54:50.260206
1786;1893;-107;10:54:50.260206
1789;1896;-107;10:54:50.260206
1790;1898;-108;10:54:50.260206
1786;1895;-109;10:54:50.260206
1788;1896;-108;10:54:50.260206
1789;1897;-108;10:54:50.260206
1790;1900;-110;10:54:50.260206
1789;1901;-112;10:54:50.260206
1786;1894;-108;10:54:50.260206
1790;1899;-109;10:54:50.260206
1790;1899;-109;10:54:50.260206
1787;1898;-111;10:54:50.260206
1789;1894;-105;10:54:50.260206
1796;1906;-110;10:54:50.260206
1796;1906;-110;10:54:50.260206
1796;1902;-106;10:54:50.260206
1798;1910;-112;10:54:50.260206
1805;1909;-104;10:54:50.260206
1807;1912;-105;10:54:50.260206
1802;1910;-108;10:54:50.260206
1805;1916;-111;10:54:50.260206
1803;1912;-109;10:54:50.260206
1806;1916;-110;10:54:50.260206
1809;1919;-110;10:54:50.260206
1808;1913;-105;10:54:50.260206
1810;1917;-107;10:54:50.260206
1810;1916;-106;10:54:50.260206
1810;1916;-106;10:54:50.260206
1812;1911;-99;10:54:50.260206
1815;1913;-98;10:54:50.260206
1810;1912;-102;10:54:50.260206
1805;1909;-104;10:54:50.260206
1809;1908;-99;10:54:50.260206
1806;1902;-96;10:54:50.260206
1800;1904;-104;10:54:50.260206
1800;1911;-111;10:54:50.260206
1802;1908;-106;10:54:50.260206
1799;1906;-107;10:54:50.260206
1798;1908;-110;10:54:50.260206
1800;1909;-109;10:54:50.260206
1803;1900;-97;10:54:50.260206
1795;1905;-110;10:54:50.260206
1792;1896;-104;10:54:50.260206
1791;1893;-102;10:54:50.260206
1791;1892;-101;10:54:50.260206
1783;1889;-106;10:54:50.260206
1778;1884;-106;10:54:50.260206
1773;1887;-114;10:54:50.260206
1773;1879;-106;10:54:50.260206
1769;1873;-104;10:54:50.260206
1766;1872;-106;10:54:50.260206
1764;1870;-106;10:54:50.260206
1761;1867;-106;10:54:50.260206
1755;1862;-107;10:54:50.260206
1753;1866;-113;10:54:50.260206
1752;1866;-114;10:54:50.260206
1748;1860;-112;10:54:50.260206
1749;1858;-109;10:54:50.260206
1745;1856;-111;10:54:50.260206
1747;1859;-112;10:54:50.260206
1745;1856;-111;10:54:50.260206
1746;1853;-107;10:54:50.260206
1743;1855;-112;10:54:50.260206
1743;1855;-112;10:54:50.260206
1739;1858;-119;10:54:50.260206
1740;1855;-115;10:54:50.260206
1736;1855;-119;10:54:50.260206
1732;1853;-121;10:54:50.260206
1736;1850;-114;10:54:50.260206
1736;1848;-112;10:54:50.260206
1732;1845;-113;10:54:50.260206
1733;1849;-116;10:54:50.260206
1730;1846;-116;10:54:50.260206
1729;1843;-114;10:54:50.260206
1731;1843;-112;10:54:50.260206
1732;1845;-113;10:54:50.260206
1731;1848;-117;10:54:50.260206
1732;1845;-113;10:54:50.260206
1733;1847;-114;10:54:50.260206
1730;1847;-117;10:54:50.260206
1733;1850;-117;10:54:50.260206
1732;1850;-118;10:54:50.260206
1736;1850;-114;10:54:50.260206
1736;1852;-116;10:54:50.260206
1731;1849;-118;10:54:50.260206
1736;1850;-114;10:54:50.260206
1738;1847;-109;10:54:50.260206
1732;1846;-114;10:54:50.260206
1728;1847;-119;10:54:50.260206
1729;1842;-113;10:54:50.260206
1726;1838;-112;10:54:50.260206
1721;1836;-115;10:54:50.260206
1722;1835;-113;10:54:50.260206
1721;1832;-111;10:54:50.260206
1715;1832;-117;10:54:50.260206
1716;1830;-114;10:54:50.260206
1717;1828;-111;10:54:50.260206
1714;1831;-117;10:54:50.260206
1708;1833;-125;10:54:50.260206
1711;1831;-120;10:54:50.260206
1714;1837;-123;10:54:50.260206
1712;1836;-124;10:54:50.260206
1719;1838;-119;10:54:50.260206
1720;1839;-119;10:54:50.260206
1716;1842;-126;10:54:50.260206
1727;1844;-117;10:54:50.260206
1726;1845;-119;10:54:50.260206
1726;1844;-118;10:54:50.260206
1727;1848;-121;10:54:50.260206
1726;1847;-121;10:54:50.260206
1729;1851;-122;10:54:50.260206
1728;1849;-121;10:54:50.260206
1728;1850;-122;10:54:50.260206
1727;1852;-125;10:54:50.260206
1729;1848;-119;10:54:50.260206
1727;1848;-121;10:54:50.260206
1730;1847;-117;10:54:50.260206
1727;1847;-120;10:54:50.260206
1727;1841;-114;10:54:50.260206
1727;1843;-116;10:54:50.260206
1724;1847;-123;10:54:50.260206
1720;1842;-122;10:54:50.260206
1726;1844;-118;10:54:50.260206
1723;1839;-116;10:54:50.260206
1725;1843;-118;10:54:50.260206
1725;1839;-114;10:54:50.260206
1728;1841;-113;10:54:50.260206
1721;1840;-119;10:54:50.260206
1727;1846;-119;10:54:50.260206
1725;1845;-120;10:54:50.260206
1726;1847;-121;10:54:50.260206
1725;1853;-128;10:54:50.260206
1732;1857;-125;10:54:50.260206
1732;1852;-120;10:54:50.260206
1733;1856;-123;10:54:50.260206
1739;1856;-117;10:54:50.260206
1742;1853;-111;10:54:50.260206
1742;1858;-116;10:54:50.260206
1741;1860;-119;10:54:50.260206
1743;1861;-118;10:54:50.260206
1741;1858;-117;10:54:50.260206
1744;1862;-118;10:54:50.260206
1738;1857;-119;10:54:50.260206
1747;1855;-108;10:54:50.260206
1747;1864;-117;10:54:50.260206
1749;1860;-111;10:54:50.260206
1755;1864;-109;10:54:50.260206
1755;1866;-111;10:54:50.260206
1758;1872;-114;10:54:50.260206
1757;1866;-109;10:54:50.260206
1761;1874;-113;10:54:50.260206
1764;1879;-115;10:54:50.260206
1767;1877;-110;10:54:50.260206
1763;1882;-119;10:54:50.260206
1773;1885;-112;10:54:50.260206
1771;1883;-112;10:54:50.260206
1772;1885;-113;10:54:50.260206
1775;1891;-116;10:54:50.260206
1774;1882;-108;10:54:50.260206
1774;1887;-113;10:54:50.260206
1779;1891;-112;10:54:50.260206
1775;1887;-112;10:54:50.260206
1775;1888;-113;10:54:50.260206
1776;1891;-115;10:54:50.260206
1776;1890;-114;10:54:50.260206
1773;1886;-113;10:54:50.260206
1779;1890;-111;10:54:50.260206
1779;1890;-111;10:54:50.260206
1780;1890;-110;10:54:50.260206
1784;1892;-108;10:54:50.260206
1783;1893;-110;10:54:50.260206
1786;1895;-109;10:54:50.260206
1787;1899;-112;10:54:50.260206
1791;1900;-109;10:54:50.260206
1794;1907;-113;10:54:50.260206
1797;1908;-111;10:54:50.260206
1801;1910;-109;10:54:50.260206
1807;1916;-109;10:54:50.260206
1804;1921;-117;10:54:50.260206
1805;1921;-116;10:54:50.260206
1812;1917;-105;10:54:50.260206
1806;1919;-113;10:54:50.260206
1803;1912;-109;10:54:50.260206
1807;1912;-105;10:54:50.260206
1804;1911;-107;10:54:50.260206
1803;1908;-105;10:54:50.260206
1806;1906;-100;10:54:50.260206
1804;1907;-103;10:54:50.260206
1801;1906;-105;10:54:50.260206
1802;1904;-102;10:54:50.260206
1803;1907;-104;10:54:50.260206
1804;1905;-101;10:54:50.260206
1800;1906;-106;10:54:50.260206
1799;1907;-108;10:54:50.260206
1804;1914;-110;10:54:50.260206
1805;1906;-101;10:54:50.260206
1805;1912;-107;10:54:50.260206
1808;1911;-103;10:54:50.260206
1808;1917;-109;10:54:50.260206
1806;1915;-109;10:54:50.260206
1804;1912;-108;10:54:50.260206
1811;1917;-106;10:54:50.260206
1810;1914;-104;10:54:50.260206
1810;1914;-104;10:54:50.260206
1809;1913;-104;10:54:50.260206
1804;1911;-107;10:54:50.260206
1805;1915;-110;10:54:50.260206
1802;1907;-105;10:54:50.260206
1801;1900;-99;10:54:50.260206
1797;1900;-103;10:54:50.260206
1794;1897;-103;10:54:50.260206
1792;1893;-101;10:54:50.260206
1786;1893;-107;10:54:50.260206
1783;1885;-102;10:54:50.260206
1781;1882;-101;10:54:50.260206
1773;1882;-109;10:54:50.260206
1769;1874;-105;10:54:50.260206
1769;1868;-99;10:54:50.260206
1763;1866;-103;10:54:50.260206
1757;1865;-108;10:54:50.260206
1756;1864;-108;10:54:50.260206
1761;1862;-101;10:54:50.260206
1750;1862;-112;10:54:50.260206
1748;1860;-112;10:54:50.260206
1752;1860;-108;10:54:50.260206
1747;1856;-109;10:54:50.260206
1741;1849;-108;10:54:50.260206
1741;1854;-113;10:54:50.260206
1746;1849;-103;10:54:50.260206
1743;1849;-106;10:54:50.260206
1744;1852;-108;10:54:50.260206
1742;1843;-101;10:54:50.260206
1742;1848;-106;10:54:50.260206
1741;1844;-103;10:54:50.260206
1739;1850;-111;10:54:50.260206
1743;1844;-101;10:54:50.260206
1743;1848;-105;10:54:50.260206
1743;1849;-106;10:54:50.260206
1740;1846;-106;10:54:50.260206
1737;1845;-108;10:54:50.260206
1742;1843;-101;10:54:50.260206
1740;1845;-105;10:54:50.260206
1735;1842;-107;10:54:50.260206
1734;1844;-110;10:54:50.260206
1732;1838;-106;10:54:50.260206
1727;1842;-115;10:54:50.260206
1729;1838;-109;10:54:50.260206
1730;1835;-105;10:54:50.260206
1723;1841;-118;10:54:50.260206
1722;1836;-114;10:54:50.260206
1724;1835;-111;10:54:50.260206
1719;1838;-119;10:54:50.260206
1718;1838;-120;10:54:50.260206
1724;1829;-105;10:54:50.260206
1720;1829;-109;10:54:50.261233
1716;1833;-117;10:54:50.261233
1716;1829;-113;10:54:50.261233
1715;1830;-115;10:54:50.261233
1716;1830;-114;10:54:50.261233
1718;1828;-110;10:54:50.261233
1719;1835;-116;10:54:50.261233
1724;1828;-104;10:54:50.261233
1728;1834;-106;10:54:50.261233
1725;1839;-114;10:54:50.261233
1722;1836;-114;10:54:50.261233
1732;1838;-106;10:54:50.261233
1733;1842;-109;10:54:50.261233
1732;1841;-109;10:54:50.261233
1735;1844;-109;10:54:50.261233
1734;1848;-114;10:54:50.261233
1734;1848;-114;10:54:50.261233
1735;1850;-115;10:54:50.261233
1736;1849;-113;10:54:50.261233
1733;1849;-116;10:54:50.261233
1735;1848;-113;10:54:50.261233
1735;1849;-114;10:54:50.261233
1734;1841;-107;10:54:50.261233
1730;1840;-110;10:54:50.261233
1729;1842;-113;10:54:50.261233
1727;1833;-106;10:54:50.261233
1721;1833;-112;10:54:50.261233
1720;1833;-113;10:54:50.261233
1720;1830;-110;10:54:50.261233
1721;1830;-109;10:54:50.261233
1725;1835;-110;10:54:50.261233
1720;1833;-113;10:54:50.261233
1724;1830;-106;10:54:50.261233
1726;1842;-116;10:54:50.261233
1726;1842;-116;10:54:50.261233
1729;1839;-110;10:54:50.261233
1734;1845;-111;10:54:50.261233
1733;1848;-115;10:54:50.261233
1734;1849;-115;10:54:50.261233
1736;1849;-113;10:54:50.261233
1734;1854;-120;10:54:50.261233
1741;1854;-113;10:54:50.261233
1737;1851;-114;10:54:50.261233
1740;1855;-115;10:54:50.261233
1743;1853;-110;10:54:50.261233
1741;1851;-110;10:54:50.261233
1742;1850;-108;10:54:50.261233
1743;1846;-103;10:54:50.261233
1738;1851;-113;10:54:50.261233
1736;1849;-113;10:54:50.261233
1739;1849;-110;10:54:50.261233
1739;1850;-111;10:54:50.261233
1740;1851;-111;10:54:50.261233
1741;1851;-110;10:54:50.261233
1742;1856;-114;10:54:50.261233
1743;1852;-109;10:54:50.261233
1741;1853;-112;10:54:50.261233
1749;1852;-103;10:54:50.261233
1747;1855;-108;10:54:50.261233
1745;1854;-109;10:54:50.261233
1747;1860;-113;10:54:50.261233
1747;1858;-111;10:54:50.261233
1748;1863;-115;10:54:50.261233
1750;1864;-114;10:54:50.261233
1751;1865;-114;10:54:50.261233
1754;1863;-109;10:54:50.261233
1752;1869;-117;10:54:50.261233
1753;1868;-115;10:54:50.261233
1758;1863;-105;10:54:50.261233
1761;1868;-107;10:54:50.261233
1761;1869;-108;10:54:50.261233
1761;1869;-108;10:54:50.261233
1763;1870;-107;10:54:50.261233
1764;1870;-106;10:54:50.261233
1763;1867;-104;10:54:50.261233
1766;1872;-106;10:54:50.261233
1762;1868;-106;10:54:50.261233
1763;1873;-110;10:54:50.261233
1766;1874;-108;10:54:50.261233
1767;1877;-110;10:54:50.261233
1767;1871;-104;10:54:50.261233
1767;1880;-113;10:54:50.261233
1767;1878;-111;10:54:50.261233
1770;1881;-111;10:54:50.261233
1769;1878;-109;10:54:50.261233
1771;1884;-113;10:54:50.261233
1771;1884;-113;10:54:50.261233
1776;1885;-109;10:54:50.261233
1776;1889;-113;10:54:50.261233
1779;1886;-107;10:54:50.261233
1778;1891;-113;10:54:50.261233
1784;1888;-104;10:54:50.261233
1782;1888;-106;10:54:50.261233
1782;1889;-107;10:54:50.261233
1785;1892;-107;10:54:50.261233
1786;1892;-106;10:54:50.261233
1785;1892;-107;10:54:50.261233
1790;1895;-105;10:54:50.261233
1788;1894;-106;10:54:50.261233
1789;1897;-108;10:54:50.261233
1792;1895;-103;10:54:50.261233
1792;1896;-104;10:54:50.261233
1791;1897;-106;10:54:50.261233
1790;1895;-105;10:54:50.261233
1795;1901;-106;10:54:50.261233
1795;1901;-106;10:54:50.261233
1798;1906;-108;10:54:50.261233
1800;1903;-103;10:54:50.261233
1804;1910;-106;10:54:50.261233
1805;1909;-104;10:54:50.261233
1803;1911;-108;10:54:50.261233
1805;1907;-102;10:54:50.261233
1800;1908;-108;10:54:50.261233
1799;1908;-109;10:54:50.261233
1803;1902;-99;10:54:50.261233
1803;1903;-100;10:54:50.261233
1799;1902;-103;10:54:50.261233
1800;1901;-101;10:54:50.261233
1801;1904;-103;10:54:50.261233
1800;1902;-102;10:54:50.261233
1799;1903;-104;10:54:50.261233
1801;1904;-103;10:54:50.261233
1803;1905;-102;10:54:50.261233
1800;1903;-103;10:54:50.261233
1802;1903;-101;10:54:50.261233
1807;1904;-97;10:54:50.261233
1803;1904;-101;10:54:50.261233
1803;1905;-102;10:54:50.261233
1802;1898;-96;10:54:50.261233
1801;1901;-100;10:54:50.261233
1798;1903;-105;10:54:50.261233
1793;1895;-102;10:54:50.261233
1792;1898;-106;10:54:50.261233
1789;1889;-100;10:54:50.261233
1784;1890;-106;10:54:50.261233
1779;1882;-103;10:54:50.261233
1777;1877;-100;10:54:50.261233
1769;1881;-112;10:54:50.261233
1769;1872;-103;10:54:50.261233
1762;1867;-105;10:54:50.261233
1759;1867;-108;10:54:50.261233
1759;1865;-106;10:54:50.261233
1754;1859;-105;10:54:50.261233
1751;1860;-109;10:54:50.261233
1750;1858;-108;10:54:50.261233
1750;1852;-102;10:54:50.261233
1746;1851;-105;10:54:50.261233
1742;1849;-107;10:54:50.261233
1743;1846;-103;10:54:50.261233
1737;1843;-106;10:54:50.261233
1735;1842;-107;10:54:50.261233
1739;1843;-104;10:54:50.261233
1736;1849;-113;10:54:50.261233
1738;1851;-113;10:54:50.261233
1742;1854;-112;10:54:50.261233
1741;1854;-113;10:54:50.261233
1743;1854;-111;10:54:50.261233
1742;1854;-112;10:54:50.261233
1744;1855;-111;10:54:50.261233
1738;1856;-118;10:54:50.261233
1742;1855;-113;10:54:50.261233
1744;1852;-108;10:54:50.261233
1744;1852;-108;10:54:50.261233
1744;1854;-110;10:54:50.261233
1743;1851;-108;10:54:50.261233
1746;1849;-103;10:54:50.261233
1740;1846;-106;10:54:50.261233
1738;1848;-110;10:54:50.261233
1734;1847;-113;10:54:50.261233
1732;1841;-109;10:54:50.261233
1734;1844;-110;10:54:50.261233
1730;1838;-108;10:54:50.261233
1730;1841;-111;10:54:50.261233
1727;1839;-112;10:54:50.261233
1727;1837;-110;10:54:50.261233
1726;1836;-110;10:54:50.261233
1724;1836;-112;10:54:50.261233
1728;1832;-104;10:54:50.261233
1729;1828;-99;10:54:50.261233
1724;1836;-112;10:54:50.261233
1723;1832;-109;10:54:50.261233
1716;1829;-113;10:54:50.261233
1714;1831;-117;10:54:50.261233
1719;1833;-114;10:54:50.261233
1714;1826;-112;10:54:50.261233
1716;1829;-113;10:54:50.261233
1717;1831;-114;10:54:50.261233
1716;1828;-112;10:54:50.261233
1717;1831;-114;10:54:50.261233
1716;1832;-116;10:54:50.261233
1714;1830;-116;10:54:50.261233
1720;1833;-113;10:54:50.261233
1723;1837;-114;10:54:50.261233
1720;1835;-115;10:54:50.261233
1724;1834;-110;10:54:50.261233
1718;1841;-123;10:54:50.261233
1722;1841;-119;10:54:50.261233
1721;1840;-119;10:54:50.261233
1727;1842;-115;10:54:50.261233
1724;1844;-120;10:54:50.261233
1724;1844;-120;10:54:50.261233
1726;1845;-119;10:54:50.261233
1721;1843;-122;10:54:50.261233
1722;1844;-122;10:54:50.261233
1720;1843;-123;10:54:50.261233
1718;1841;-123;10:54:50.261233
1717;1842;-125;10:54:50.261233
1722;1836;-114;10:54:50.261233
1717;1834;-117;10:54:50.261233
1719;1835;-116;10:54:50.261233
1713;1833;-120;10:54:50.261233
1714;1835;-121;10:54:50.261233
1715;1832;-117;10:54:50.261233
1714;1832;-118;10:54:50.261233
1712;1833;-121;10:54:50.261233
1714;1833;-119;10:54:50.261233
1717;1831;-114;10:54:50.261233
1711;1834;-123;10:54:50.261233
1715;1834;-119;10:54:50.261233
1715;1837;-122;10:54:50.261233
1719;1837;-118;10:54:50.261233
1719;1835;-116;10:54:50.261233
1717;1838;-121;10:54:50.261233
1723;1847;-124;10:54:50.261233
1730;1847;-117;10:54:50.261233
1731;1851;-120;10:54:50.261233
1731;1855;-124;10:54:50.261233
1739;1857;-118;10:54:50.261233
1739;1860;-121;10:54:50.261233
1741;1862;-121;10:54:50.261233
1739;1862;-123;10:54:50.261233
1742;1860;-118;10:54:50.261233
1744;1861;-117;10:54:50.261233
1742;1857;-115;10:54:50.261233
1742;1863;-121;10:54:50.261233
1745;1862;-117;10:54:50.261233
1745;1861;-116;10:54:50.261233
1746;1861;-115;10:54:50.261233
1744;1863;-119;10:54:50.261233
1746;1863;-117;10:54:50.261233
1749;1863;-114;10:54:50.261233
1749;1865;-116;10:54:50.261233
1751;1861;-110;10:54:50.261233
1750;1864;-114;10:54:50.261233
1752;1867;-115;10:54:50.261233
1756;1868;-112;10:54:50.261233
1754;1870;-116;10:54:50.261233
1760;1875;-115;10:54:50.261233
1761;1877;-116;10:54:50.261233
1764;1878;-114;10:54:50.261233
1766;1883;-117;10:54:50.261233
1765;1884;-119;10:54:50.261233
1766;1879;-113;10:54:50.261233
1766;1882;-116;10:54:50.261233
1770;1882;-112;10:54:50.261233
1765;1881;-116;10:54:50.350629
1764;1878;-114;10:54:50.350629
1766;1884;-118;10:54:50.350629
1770;1880;-110;10:54:50.350629
1766;1882;-116;10:54:50.350629
1767;1879;-112;10:54:50.350629
1767;1884;-117;10:54:50.350629
1769;1882;-113;10:54:50.350629
1769;1885;-116;10:54:50.350629
1768;1889;-121;10:54:50.350629
1771;1891;-120;10:54:50.350629
1773;1895;-122;10:54:50.350629
1783;1896;-113;10:54:50.350629
1785;1900;-115;10:54:50.350629
1788;1901;-113;10:54:50.350629
1789;1905;-116;10:54:50.350629
1790;1906;-116;10:54:50.350629
1796;1908;-112;10:54:50.350629
1797;1911;-114;10:54:50.350629
1797;1909;-112;10:54:50.350629
1802;1914;-112;10:54:50.350629
1802;1910;-108;10:54:50.350629
1802;1910;-108;10:54:50.350629
1801;1911;-110;10:54:50.350629
1800;1908;-108;10:54:50.350629
1803;1907;-104;10:54:50.350629
1801;1907;-106;10:54:50.350629
1799;1907;-108;10:54:50.350629
1799;1902;-103;10:54:50.350629
1794;1904;-110;10:54:50.350629
1796;1898;-102;10:54:50.350629
1797;1901;-104;10:54:50.350629
1789;1894;-105;10:54:50.350629
1788;1895;-107;10:54:50.350629
1788;1897;-109;10:54:50.350629
1789;1895;-106;10:54:50.350629
1791;1898;-107;10:54:50.350629
1784;1897;-113;10:54:50.350629
1786;1898;-112;10:54:50.350629
1787;1899;-112;10:54:50.350629
1781;1894;-113;10:54:50.350629
1782;1895;-113;10:54:50.350629
1780;1895;-115;10:54:50.350629
1780;1894;-114;10:54:50.350629
1780;1890;-110;10:54:50.350629
1780;1891;-111;10:54:50.350629
1777;1886;-109;10:54:50.350629
1777;1888;-111;10:54:50.350629
1778;1887;-109;10:54:50.350629
1770;1883;-113;10:54:50.350629
1771;1881;-110;10:54:50.350629
1770;1882;-112;10:54:50.350629
1766;1878;-112;10:54:50.350629
1762;1875;-113;10:54:50.350629
1761;1875;-114;10:54:50.350629
1760;1869;-109;10:54:50.350629
1762;1868;-106;10:54:50.350629
1758;1870;-112;10:54:50.350629
1757;1864;-107;10:54:50.350629
1754;1864;-110;10:54:50.350629
1752;1862;-110;10:54:50.350629
1751;1862;-111;10:54:50.350629
1750;1862;-112;10:54:50.350629
1748;1861;-113;10:54:50.350629
1749;1860;-111;10:54:50.350629
1748;1860;-112;10:54:50.350629
1745;1858;-113;10:54:50.350629
1743;1855;-112;10:54:50.350629
1744;1854;-110;10:54:50.350629
1742;1850;-108;10:54:50.350629
1742;1856;-114;10:54:50.350629
1742;1847;-105;10:54:50.350629
1741;1848;-107;10:54:50.350629
1740;1851;-111;10:54:50.350629
1738;1849;-111;10:54:50.350629
1733;1845;-112;10:54:50.350629
1735;1848;-113;10:54:50.350629
1737;1848;-111;10:54:50.350629
1733;1845;-112;10:54:50.350629
1736;1850;-114;10:54:50.350629
1734;1851;-117;10:54:50.350629
1737;1851;-114;10:54:50.350629
1737;1855;-118;10:54:50.350629
1735;1859;-124;10:54:50.350629
1740;1858;-118;10:54:50.350629
1739;1860;-121;10:54:50.350629
1741;1860;-119;10:54:50.350629
1741;1857;-116;10:54:50.350629
1736;1853;-117;10:54:50.350629
1741;1851;-110;10:54:50.350629
1737;1854;-117;10:54:50.350629
1736;1846;-110;10:54:50.350629
1734;1845;-111;10:54:50.350629
1733;1843;-110;10:54:50.350629
1729;1841;-112;10:54:50.350629
1723;1837;-114;10:54:50.350629
1720;1838;-118;10:54:50.350629
1717;1836;-119;10:54:50.350629
1717;1833;-116;10:54:50.350629
1719;1835;-116;10:54:50.350629
1716;1829;-113;10:54:50.350629
1717;1835;-118;10:54:50.350629
1716;1833;-117;10:54:50.350629
1716;1834;-118;10:54:50.350629
1716;1833;-117;10:54:50.350629
1716;1834;-118;10:54:50.350629
1722;1837;-115;10:54:50.350629
1721;1836;-115;10:54:50.350629
1719;1838;-119;10:54:50.350629
1717;1839;-122;10:54:50.350629
1721;1842;-121;10:54:50.350629
1718;1841;-123;10:54:50.350629
1719;1841;-122;10:54:50.350629
1720;1841;-121;10:54:50.350629
1721;1843;-122;10:54:50.350629
1722;1842;-120;10:54:50.350629
1718;1843;-125;10:54:50.350629
1719;1842;-123;10:54:50.350629
1724;1846;-122;10:54:50.350629
1727;1845;-118;10:54:50.350629
1722;1845;-123;10:54:50.350629
1724;1846;-122;10:54:50.350629
1731;1845;-114;10:54:50.350629
1734;1847;-113;10:54:50.350629
1733;1846;-113;10:54:50.350629
1734;1850;-116;10:54:50.350629
1734;1848;-114;10:54:50.350629
1736;1854;-118;10:54:50.350629
1733;1852;-119;10:54:50.350629
1736;1851;-115;10:54:50.350629
1741;1853;-112;10:54:50.350629
1738;1851;-113;10:54:50.350629
1740;1854;-114;10:54:50.350629
1740;1854;-114;10:54:50.350629
1740;1854;-114;10:54:50.350629
1742;1853;-111;10:54:50.350629
1741;1857;-116;10:54:50.350629
1743;1855;-112;10:54:50.350629
1744;1852;-108;10:54:50.350629
1743;1855;-112;10:54:50.350629
1738;1847;-109;10:54:50.350629
1740;1853;-113;10:54:50.350629
1743;1850;-107;10:54:50.350629
1743;1853;-110;10:54:50.350629
1740;1849;-109;10:54:50.350629
1740;1852;-112;10:54:50.350629
1740;1851;-111;10:54:50.350629
1741;1856;-115;10:54:50.350629
1741;1855;-114;10:54:50.350629
1743;1856;-113;10:54:50.350629
1744;1862;-118;10:54:50.350629
1749;1864;-115;10:54:50.350629
1749;1866;-117;10:54:50.350629
1753;1872;-119;10:54:50.350629
1756;1872;-116;10:54:50.350629
1762;1877;-115;10:54:50.350629
1766;1873;-107;10:54:50.350629
1763;1879;-116;10:54:50.350629
1764;1877;-113;10:54:50.350629
1767;1880;-113;10:54:50.350629
1768;1883;-115;10:54:50.350629
1768;1881;-113;10:54:50.350629
1770;1882;-112;10:54:50.350629
1767;1883;-116;10:54:50.350629
1769;1884;-115;10:54:50.350629
1767;1879;-112;10:54:50.350629
1770;1879;-109;10:54:50.350629
1769;1884;-115;10:54:50.350629
1774;1884;-110;10:54:50.350629
1775;1880;-105;10:54:50.350629
1774;1883;-109;10:54:50.350629
1770;1885;-115;10:54:50.350629
1776;1887;-111;10:54:50.350629
1772;1889;-117;10:54:50.350629
1774;1887;-113;10:54:50.350629
1778;1893;-115;10:54:50.350629
1777;1894;-117;10:54:50.350629
1781;1895;-114;10:54:50.350629
1783;1894;-111;10:54:50.350629
1785;1900;-115;10:54:50.350629
1783;1901;-118;10:54:50.350629
1787;1900;-113;10:54:50.350629
1788;1901;-113;10:54:50.350629
1787;1901;-114;10:54:50.350629
1789;1898;-109;10:54:50.350629
1790;1897;-107;10:54:50.350629
1791;1897;-106;10:54:50.350629
1787;1898;-111;10:54:50.350629
1789;1901;-112;10:54:50.350629
1792;1901;-109;10:54:50.350629
1792;1897;-105;10:54:50.350629
1797;1902;-105;10:54:50.350629
1798;1901;-103;10:54:50.350629
1799;1905;-106;10:54:50.350629
1796;1904;-108;10:54:50.350629
1801;1907;-106;10:54:50.350629
1802;1909;-107;10:54:50.350629
1800;1908;-108;10:54:50.350629
1798;1912;-114;10:54:50.350629
1801;1910;-109;10:54:50.350629
1801;1910;-109;10:54:50.350629
1802;1907;-105;10:54:50.350629
1804;1913;-109;10:54:50.350629
1802;1910;-108;10:54:50.350629
1802;1912;-110;10:54:50.350629
1803;1913;-110;10:54:50.350629
1800;1911;-111;10:54:50.350629
1802;1909;-107;10:54:50.350629
1807;1910;-103;10:54:50.350629
1802;1907;-105;10:54:50.350629
1800;1901;-101;10:54:50.350629
1797;1901;-104;10:54:50.350629
1793;1894;-101;10:54:50.350629
1787;1894;-107;10:54:50.350629
1783;1888;-105;10:54:50.350629
1778;1888;-110;10:54:50.350629
1776;1885;-109;10:54:50.350629
1768;1883;-115;10:54:50.350629
1767;1880;-113;10:54:50.350629
1770;1878;-108;10:54:50.350629
1760;1877;-117;10:54:50.350629
1764;1878;-114;10:54:50.350629
1762;1874;-112;10:54:50.350629
1761;1875;-114;10:54:50.350629
1763;1875;-112;10:54:50.350629
1759;1875;-116;10:54:50.350629
1756;1871;-115;10:54:50.350629
1757;1871;-114;10:54:50.350629
1753;1869;-116;10:54:50.350629
1755;1870;-115;10:54:50.350629
1751;1865;-114;10:54:50.350629
1751;1864;-113;10:54:50.350629
1746;1863;-117;10:54:50.350629
1748;1863;-115;10:54:50.350629
1747;1862;-115;10:54:50.350629
1746;1862;-116;10:54:50.350629
1744;1863;-119;10:54:50.350629
1747;1861;-114;10:54:50.350629
1745;1865;-120;10:54:50.350629
1745;1859;-114;10:54:50.350629
1743;1860;-117;10:54:50.350629
1744;1860;-116;10:54:50.350629
1740;1860;-120;10:54:50.350629
1741;1861;-120;10:54:50.350629
1742;1861;-119;10:54:50.350629
1744;1862;-118;10:54:50.350629
1747;1862;-115;10:54:50.350629
1749;1861;-112;10:54:50.350629
1747;1861;-114;10:54:50.350629
1746;1857;-111;10:54:50.350629
1744;1859;-115;10:54:50.350629
1741;1857;-116;10:54:50.350629
1738;1858;-120;10:54:50.350629
1734;1853;-119;10:54:50.350629
1739;1856;-117;10:54:50.350629
1739;1852;-113;10:54:50.368584
1736;1850;-114;10:54:50.368584
1736;1851;-115;10:54:50.368584
1734;1849;-115;10:54:50.368584
1731;1847;-116;10:54:50.368584
1731;1846;-115;10:54:50.368584
1731;1847;-116;10:54:50.368584
1727;1848;-121;10:54:50.368584
1728;1847;-119;10:54:50.368584
1728;1849;-121;10:54:50.368584
1727;1845;-118;10:54:50.368584
1728;1849;-121;10:54:50.368584
1729;1848;-119;10:54:50.368584
1726;1848;-122;10:54:50.368584
1725;1850;-125;10:54:50.368584
1727;1849;-122;10:54:50.368584
1726;1845;-119;10:54:50.368584
1727;1843;-116;10:54:50.368584
1727;1843;-116;10:54:50.368584
1729;1846;-117;10:54:50.368584
1727;1848;-121;10:54:50.368584
1731;1847;-116;10:54:50.368584
1732;1848;-116;10:54:50.368584
1731;1844;-113;10:54:50.368584
1732;1844;-112;10:54:50.368584
1728;1847;-119;10:54:50.368584
1728;1847;-119;10:54:50.368584
1726;1850;-124;10:54:50.368584
1726;1850;-124;10:54:50.368584
1729;1852;-123;10:54:50.368584
1726;1849;-123;10:54:50.368584
1725;1853;-128;10:54:50.368584
1727;1850;-123;10:54:50.368584
1726;1847;-121;10:54:50.368584
1729;1850;-121;10:54:50.368584
1731;1847;-116;10:54:50.368584
1728;1847;-119;10:54:50.368584
1728;1848;-120;10:54:50.368584
1729;1849;-120;10:54:50.368584
1728;1851;-123;10:54:50.368584
1725;1850;-125;10:54:50.368584
1723;1848;-125;10:54:50.368584
1725;1850;-125;10:54:50.368584
1724;1849;-125;10:54:50.368584
1727;1852;-125;10:54:50.368584
1728;1851;-123;10:54:50.368584
1728;1850;-122;10:54:50.368584
1730;1852;-122;10:54:50.368584
1733;1854;-121;10:54:50.368584
1730;1852;-122;10:54:50.368584
1730;1854;-124;10:54:50.368584
1735;1856;-121;10:54:50.368584
1737;1854;-117;10:54:50.368584
1740;1856;-116;10:54:50.368584
1740;1852;-112;10:54:50.368584
1739;1856;-117;10:54:50.368584
1738;1854;-116;10:54:50.368584
1740;1857;-117;10:54:50.368584
1739;1854;-115;10:54:50.368584
1740;1857;-117;10:54:50.368584
1742;1858;-116;10:54:50.368584
1744;1861;-117;10:54:50.368584
1741;1860;-119;10:54:50.368584
1741;1863;-122;10:54:50.368584
1746;1863;-117;10:54:50.368584
1744;1862;-118;10:54:50.368584
1746;1862;-116;10:54:50.368584
1746;1863;-117;10:54:50.368584
1747;1865;-118;10:54:50.368584
1751;1865;-114;10:54:50.368584
1750;1863;-113;10:54:50.368584
1753;1865;-112;10:54:50.368584
1752;1864;-112;10:54:50.368584
1752;1868;-116;10:54:50.368584
1752;1865;-113;10:54:50.368584
1751;1868;-117;10:54:50.368584
1751;1870;-119;10:54:50.368584
1750;1871;-121;10:54:50.368584
1754;1871;-117;10:54:50.368584
1751;1870;-119;10:54:50.368584
1751;1873;-122;10:54:50.368584
1752;1873;-121;10:54:50.368584
1752;1872;-120;10:54:50.368584
1753;1875;-122;10:54:50.368584
1759;1874;-115;10:54:50.368584
1760;1874;-114;10:54:50.368584
1758;1876;-118;10:54:50.368584
1762;1877;-115;10:54:50.368584
1763;1876;-113;10:54:50.368584
1763;1877;-114;10:54:50.368584
1764;1882;-118;10:54:50.368584
1771;1881;-110;10:54:50.368584
1770;1884;-114;10:54:50.368584
1772;1886;-114;10:54:50.368584
1772;1888;-116;10:54:50.368584
1774;1888;-114;10:54:50.368584
1776;1893;-117;10:54:50.368584
1777;1895;-118;10:54:50.368584
1778;1898;-120;10:54:50.368584
1782;1896;-114;10:54:50.368584
1783;1897;-114;10:54:50.368584
1787;1898;-111;10:54:50.368584
1787;1897;-110;10:54:50.368584
1787;1898;-111;10:54:50.368584
1783;1898;-115;10:54:50.368584
1785;1899;-114;10:54:50.368584
1787;1899;-112;10:54:50.368584
1786;1898;-112;10:54:50.368584
1785;1898;-113;10:54:50.368584
1786;1897;-111;10:54:50.368584
1785;1897;-112;10:54:50.368584
1785;1895;-110;10:54:50.368584
1783;1893;-110;10:54:50.368584
1783;1895;-112;10:54:50.368584
1783;1893;-110;10:54:50.368584
1783;1893;-110;10:54:50.368584
1780;1891;-111;10:54:50.368584
1783;1894;-111;10:54:50.368584
1784;1889;-105;10:54:50.368584
1785;1893;-108;10:54:50.368584
1786;1894;-108;10:54:50.368584
1786;1895;-109;10:54:50.368584
1785;1898;-113;10:54:50.368584
1786;1901;-115;10:54:50.368584
1788;1900;-112;10:54:50.368584
1787;1902;-115;10:54:50.368584
1786;1899;-113;10:54:50.368584
1788;1904;-116;10:54:50.368584
1789;1897;-108;10:54:50.368584
1788;1902;-114;10:54:50.368584
1789;1901;-112;10:54:50.368584
1792;1900;-108;10:54:50.368584
1788;1900;-112;10:54:50.368584
1788;1898;-110;10:54:50.368584
1788;1897;-109;10:54:50.368584
1786;1893;-107;10:54:50.368584
1783;1895;-112;10:54:50.368584
1781;1890;-109;10:54:50.368584
1780;1891;-111;10:54:50.368584
1777;1886;-109;10:54:50.368584
1777;1889;-112;10:54:50.368584
1776;1884;-108;10:54:50.368584
1771;1878;-107;10:54:50.368584
1771;1875;-104;10:54:50.368584
1764;1876;-112;10:54:50.368584
1762;1874;-112;10:54:50.368584
1761;1872;-111;10:54:50.368584
1756;1872;-116;10:54:50.368584
1757;1867;-110;10:54:50.368584
1756;1870;-114;10:54:50.368584
1757;1872;-115;10:54:50.368584
1755;1871;-116;10:54:50.368584
1756;1872;-116;10:54:50.368584
1759;1872;-113;10:54:50.368584
1755;1872;-117;10:54:50.368584
1756;1868;-112;10:54:50.368584
1757;1868;-111;10:54:50.368584
1751;1864;-113;10:54:50.368584
1751;1865;-114;10:54:50.368584
1753;1863;-110;10:54:50.368584
1752;1865;-113;10:54:50.368584
1748;1865;-117;10:54:50.368584
1749;1867;-118;10:54:50.368584
1752;1864;-112;10:54:50.368584
1753;1867;-114;10:54:50.368584
1751;1864;-113;10:54:50.368584
1752;1867;-115;10:54:50.368584
1753;1868;-115;10:54:50.368584
1755;1871;-116;10:54:50.368584
1752;1870;-118;10:54:50.368584
1752;1868;-116;10:54:50.368584
1752;1867;-115;10:54:50.368584
1752;1865;-113;10:54:50.368584
1750;1863;-113;10:54:50.368584
1752;1865;-113;10:54:50.368584
1753;1865;-112;10:54:50.368584
1751;1860;-109;10:54:50.368584
1747;1861;-114;10:54:50.368584
1744;1856;-112;10:54:50.368584
1744;1858;-114;10:54:50.368584
1738;1857;-119;10:54:50.368584
1736;1856;-120;10:54:50.368584
1737;1854;-117;10:54:50.368584
1735;1856;-121;10:54:50.368584
1735;1850;-115;10:54:50.368584
1735;1853;-118;10:54:50.368584
1739;1853;-114;10:54:50.368584
1734;1850;-116;10:54:50.368584
1735;1850;-115;10:54:50.368584
1730;1849;-119;10:54:50.368584
1727;1848;-121;10:54:50.368584
1728;1846;-118;10:54:50.368584
1730;1846;-116;10:54:50.368584
1724;1847;-123;10:54:50.368584
1723;1844;-121;10:54:50.368584
1724;1843;-119;10:54:50.368584
1723;1843;-120;10:54:50.368584
1724;1843;-119;10:54:50.368584
1724;1849;-125;10:54:50.368584
1724;1847;-123;10:54:50.368584
1726;1847;-121;10:54:50.368584
1730;1849;-119;10:54:50.368584
1731;1850;-119;10:54:50.368584
1729;1853;-124;10:54:50.368584
1732;1852;-120;10:54:50.368584
1734;1852;-118;10:54:50.368584
1733;1852;-119;10:54:50.368584
1733;1852;-119;10:54:50.368584
1734;1852;-118;10:54:50.368584
1735;1855;-120;10:54:50.368584
1736;1851;-115;10:54:50.368584
1730;1851;-121;10:54:50.368584
1735;1850;-115;10:54:50.368584
1735;1853;-118;10:54:50.368584
1735;1850;-115;10:54:50.368584
1734;1851;-117;10:54:50.368584
1731;1848;-117;10:54:50.368584
1728;1849;-121;10:54:50.368584
1730;1847;-117;10:54:50.368584
1729;1846;-117;10:54:50.368584
1728;1848;-120;10:54:50.368584
1729;1848;-119;10:54:50.368584
1728;1847;-119;10:54:50.368584
1725;1844;-119;10:54:50.368584
1724;1844;-120;10:54:50.368584
1724;1843;-119;10:54:50.368584
1728;1841;-113;10:54:50.368584
1726;1842;-116;10:54:50.368584
1725;1841;-116;10:54:50.368584
1727;1847;-120;10:54:50.368584
1728;1843;-115;10:54:50.368584
1729;1847;-118;10:54:50.368584
1729;1847;-118;10:54:50.368584
1733;1849;-116;10:54:50.368584
1733;1848;-115;10:54:50.368584
1735;1854;-119;10:54:50.368584
1736;1855;-119;10:54:50.368584
1740;1858;-118;10:54:50.368584
1744;1860;-116;10:54:50.368584
1749;1865;-116;10:54:50.368584
1746;1866;-120;10:54:50.368584
1749;1867;-118;10:54:50.368584
1756;1869;-113;10:54:50.368584
1755;1872;-117;10:54:50.368584
1757;1871;-114;10:54:50.368584
1758;1874;-116;10:54:50.368584
1758;1877;-119;10:54:50.368584
1759;1872;-113;10:54:50.368584
1759;1876;-117;10:54:50.368584
1757;1876;-119;10:54:50.368584
1759;1874;-115;10:54:50.368584
1761;1873;-112;10:54:50.368584
1757;1876;-119;10:54:50.368584
1758;1872;-114;10:54:50.368584
1759;1872;-113;10:54:50.368584
1763;1870;-107;10:54:50.368584
1761;1868;-107;10:54:50.368584
1761;1870;-109;10:54:50.368584
1762;1872;-110;10:54:50.368584
1758;1872;-114;10:54:50.368584
1758;1872;-114;10:54:50.368584
1757;1876;-119;10:54:50.368584
1760;1879;-119;10:54:50.368584
1763;1878;-115;10:54:50.368584
1763;1879;-116;10:54:50.368584
1761;1880;-119;10:54:50.368584
1767;1884;-117;10:54:50.368584
1771;1886;-115;10:54:50.368584
1772;1885;-113;10:54:50.368584
1772;1888;-116;10:54:50.368584
1776;1885;-109;10:54:50.368584
1776;1890;-114;10:54:50.368584
1775;1889;-114;10:54:50.368584
1778;1895;-117;10:54:50.368584
1780;1894;-114;10:54:50.368584
1781;1896;-115;10:54:50.368584
1787;1897;-110;10:54:50.368584
1787;1897;-110;10:54:50.368584
1787;1902;-115;10:54:50.368584
1787;1900;-113;10:54:50.368584
1788;1900;-112;10:54:50.368584
1790;1904;-114;10:54:50.368584
1790;1901;-111;10:54:50.368584
1793;1905;-112;10:54:50.368584
1793;1902;-109;10:54:50.368584
1794;1903;-109;10:54:50.368584
1795;1897;-102;10:54:50.368584
1793;1901;-108;10:54:50.368584
1797;1896;-99;10:54:50.368584
1794;1899;-105;10:54:50.368584
1790;1898;-108;10:54:50.368584
1788;1900;-112;10:54:50.368584
1789;1900;-111;10:54:50.368584
1791;1900;-109;10:54:50.368584
1787;1895;-108;10:54:50.368584
1786;1892;-106;10:54:50.368584
1782;1893;-111;10:54:50.368584
1784;1889;-105;10:54:50.368584
1779;1889;-110;10:54:50.368584
1776;1885;-109;10:54:50.368584
1771;1887;-116;10:54:50.368584
1771;1883;-112;10:54:50.368584
1770;1885;-115;10:54:50.368584
1767;1881;-114;10:54:50.368584
1768;1883;-115;10:54:50.368584
1769;1884;-115;10:54:50.368584
1770;1885;-115;10:54:50.368584
1771;1885;-114;10:54:50.368584
1770;1887;-117;10:54:50.368584
1771;1884;-113;10:54:50.368584
1773;1887;-114;10:54:50.368584
1769;1884;-115;10:54:50.368584
1767;1888;-121;10:54:50.368584
1771;1884;-113;10:54:50.368584
1769;1885;-116;10:54:50.368584
1771;1882;-111;10:54:50.368584
1773;1880;-107;10:54:50.368584
1768;1878;-110;10:54:50.368584
1768;1876;-108;10:54:50.368584
1767;1874;-107;10:54:50.368584
1763;1872;-109;10:54:50.368584
1761;1871;-110;10:54:50.368584
1761;1873;-112;10:54:50.368584
1763;1871;-108;10:54:50.368584
1759;1869;-110;10:54:50.368584
1759;1868;-109;10:54:50.368584
1755;1866;-111;10:54:50.368584
1751;1866;-115;10:54:50.368584
1748;1862;-114;10:54:50.368584
1746;1860;-114;10:54:50.368584
1743;1860;-117;10:54:50.368584
1742;1857;-115;10:54:50.368584
1740;1858;-118;10:54:50.368584
1742;1857;-115;10:54:50.368584
1740;1858;-118;10:54:50.368584
1740;1855;-115;10:54:50.368584
1737;1859;-122;10:54:50.368584
1741;1858;-117;10:54:50.368584
1737;1859;-122;10:54:50.368584
1741;1857;-116;10:54:50.368584
1742;1860;-118;10:54:50.368584
1741;1859;-118;10:54:50.368584
1742;1861;-119;10:54:50.368584
1746;1859;-113;10:54:50.368584
1744;1857;-113;10:54:50.368584
1745;1858;-113;10:54:50.368584
1745;1859;-114;10:54:50.368584
1746;1860;-114;10:54:50.368584
1742;1857;-115;10:54:50.368584
1743;1858;-115;10:54:50.368584
1745;1855;-110;10:54:50.368584
1744;1857;-113;10:54:50.368584
1744;1854;-110;10:54:50.368584
1743;1856;-113;10:54:50.368584
1740;1855;-115;10:54:50.368584
1740;1854;-114;10:54:50.368584
1737;1852;-115;10:54:50.368584
1735;1848;-113;10:54:50.368584
1736;1853;-117;10:54:50.368584
1735;1851;-116;10:54:50.368584
1734;1850;-116;10:54:50.368584
1736;1851;-115;10:54:50.368584
1734;1849;-115;10:54:50.368584
1732;1850;-118;10:54:50.368584
1731;1847;-116;10:54:50.368584
1730;1846;-116;10:54:50.368584
1727;1846;-119;10:54:50.368584
1726;1846;-120;10:54:50.368584
1728;1844;-116;10:54:50.368584
1725;1841;-116;10:54:50.368584
1725;1838;-113;10:54:50.368584
1723;1840;-117;10:54:50.368584
1725;1842;-117;10:54:50.368584
1728;1841;-113;10:54:50.368584
1724;1843;-119;10:54:50.368584
1726;1844;-118;10:54:50.368584
1730;1843;-113;10:54:50.368584
1730;1844;-114;10:54:50.368584
1728;1845;-117;10:54:50.368584
1729;1848;-119;10:54:50.368584
1731;1850;-119;10:54:50.368584
1731;1850;-119;10:54:50.368584
1728;1850;-122;10:54:50.368584
1729;1850;-121;10:54:50.368584
1731;1854;-123;10:54:50.368584
1732;1853;-121;10:54:50.368584
1734;1853;-119;10:54:50.368584
1735;1853;-118;10:54:50.368584
1735;1851;-116;10:54:50.368584
1738;1850;-112;10:54:50.368584
1735;1852;-117;10:54:50.368584
1737;1854;-117;10:54:50.368584
1737;1851;-114;10:54:50.368584
1741;1853;-112;10:54:50.368584
1736;1851;-115;10:54:50.368584
1737;1855;-118;10:54:50.368584
1738;1852;-114;10:54:50.368584
1738;1851;-113;10:54:50.368584
1735;1850;-115;10:54:50.368584
1738;1850;-112;10:54:50.368584
1737;1849;-112;10:54:50.368584
1733;1849;-116;10:54:50.368584
1735;1847;-112;10:54:50.368584
1735;1848;-113;10:54:50.368584
1734;1849;-115;10:54:50.368584
1736;1847;-111;10:54:50.368584
1735;1850;-115;10:54:50.368584
1734;1850;-116;10:54:50.368584
1736;1852;-116;10:54:50.368584
1740;1854;-114;10:54:50.368584
1738;1852;-114;10:54:50.368584
1737;1855;-118;10:54:50.368584
1736;1856;-120;10:54:50.368584
1737;1855;-118;10:54:50.368584
1740;1854;-114;10:54:50.368584
1738;1855;-117;10:54:50.368584
1743;1856;-113;10:54:50.368584
1744;1857;-113;10:54:50.368584
1746;1861;-115;10:54:50.368584
1751;1861;-110;10:54:50.368584
1753;1863;-110;10:54:50.368584
1751;1866;-115;10:54:50.368584
1753;1868;-115;10:54:50.368584
1757;1869;-112;10:54:50.368584
1755;1874;-119;10:54:50.368584
1757;1873;-116;10:54:50.368584
1761;1877;-116;10:54:50.368584
1763;1880;-117;10:54:50.368584
1768;1881;-113;10:54:50.368584
1769;1881;-112;10:54:50.368584
1768;1880;-112;10:54:50.368584
1766;1882;-116;10:54:50.368584
1767;1877;-110;10:54:50.368584
1762;1877;-115;10:54:50.368584
1760;1873;-113;10:54:50.368584
1764;1877;-113;10:54:50.368584
1765;1876;-111;10:54:50.368584
1765;1874;-109;10:54:50.368584
1768;1873;-105;10:54:50.368584
1769;1876;-107;10:54:50.368584
1771;1874;-103;10:54:50.368584
1769;1878;-109;10:54:50.368584
1770;1876;-106;10:54:50.368584
1774;1886;-112;10:54:50.368584
1775;1884;-109;10:54:50.368584
1774;1892;-118;10:54:50.368584
1776;1891;-115;10:54:50.368584
1778;1894;-116;10:54:50.368584
1780;1894;-114;10:54:50.368584
1779;1896;-117;10:54:50.368584
1782;1891;-109;10:54:50.368584
1781;1898;-117;10:54:50.368584
1782;1896;-114;10:54:50.368584
1786;1898;-112;10:54:50.368584
1788;1899;-111;10:54:50.368584
1786;1899;-113;10:54:50.368584
1783;1897;-114;10:54:50.368584
1782;1898;-116;10:54:50.368584
1783;1896;-113;10:54:50.368584
1783;1896;-113;10:54:50.368584
1788;1897;-109;10:54:50.368584
1789;1898;-109;10:54:50.368584
1787;1899;-112;10:54:50.368584
1788;1896;-108;10:54:50.368584
1787;1897;-110;10:54:50.368584
1787;1895;-108;10:54:50.368584
1785;1895;-110;10:54:50.368584
1784;1894;-110;10:54:50.368584
1785;1892;-107;10:54:50.368584
1783;1890;-107;10:54:50.368584
1781;1889;-108;10:54:50.368584
1781;1885;-104;10:54:50.368584
1777;1885;-108;10:54:50.368584
1776;1886;-110;10:54:50.368584
1774;1882;-108;10:54:50.368584
1774;1883;-109;10:54:50.368584
1768;1881;-113;10:54:50.368584
1769;1881;-112;10:54:50.368584
1768;1879;-111;10:54:50.368584
1761;1875;-114;10:54:50.368584
1760;1872;-112;10:54:50.368584
1760;1870;-110;10:54:50.368584
1754;1872;-118;10:54:50.368584
1755;1869;-114;10:54:50.368584
1758;1871;-113;10:54:50.368584
1755;1868;-113;10:54:50.368584
1753;1866;-113;10:54:50.368584
1754;1867;-113;10:54:50.368584
1750;1865;-115;10:54:50.368584
1755;1864;-109;10:54:50.368584
1756;1867;-111;10:54:50.368584
1757;1869;-112;10:54:50.368584
1755;1870;-115;10:54:50.368584
1756;1875;-119;10:54:50.368584
1756;1875;-119;10:54:50.368584
1758;1875;-117;10:54:50.368584
1757;1875;-118;10:54:50.368584
1763;1877;-114;10:54:50.368584
1761;1876;-115;10:54:50.368584
1760;1877;-117;10:54:50.368584
1761;1874;-113;10:54:50.368584
1760;1875;-115;10:54:50.368584
1760;1872;-112;10:54:50.368584
1758;1872;-114;10:54:50.368584
1759;1873;-114;10:54:50.368584
1755;1870;-115;10:54:50.368584
1751;1865;-114;10:54:50.368584
1753;1866;-113;10:54:50.368584
1748;1866;-118;10:54:50.368584
1747;1863;-116;10:54:50.368584
1744;1859;-115;10:54:50.368584
1742;1855;-113;10:54:50.368584
1741;1854;-113;10:54:50.368584
1738;1854;-116;10:54:50.368584
1736;1853;-117;10:54:50.368584
1736;1853;-117;10:54:50.368584
1735;1847;-112;10:54:50.368584
1733;1850;-117;10:54:50.368584
1736;1849;-113;10:54:50.368584
1734;1854;-120;10:54:50.368584
1736;1851;-115;10:54:50.368584
1736;1854;-118;10:54:50.368584
1739;1851;-112;10:54:50.368584
1735;1851;-116;10:54:50.368584
1733;1854;-121;10:54:50.368584
1734;1849;-115;10:54:50.368584
1735;1852;-117;10:54:50.368584
1733;1851;-118;10:54:50.368584
1732;1851;-119;10:54:50.368584
1736;1851;-115;10:54:50.368584
1734;1852;-118;10:54:50.368584
1732;1848;-116;10:54:50.368584
1733;1846;-113;10:54:50.368584
1733;1846;-113;10:54:50.368584
1729;1843;-114;10:54:50.368584
1732;1844;-112;10:54:50.368584
1732;1846;-114;10:54:50.368584
1731;1848;-117;10:54:50.368584
1730;1848;-118;10:54:50.368584
1730;1848;-118;10:54:50.368584
1730;1848;-118;10:54:50.368584
1729;1847;-118;10:54:50.368584
1730;1844;-114;10:54:50.368584
1728;1844;-116;10:54:50.368584
1726;1847;-121;10:54:50.368584
1726;1845;-119;10:54:50.368584
1724;1847;-123;10:54:50.368584
1723;1844;-121;10:54:50.368584
1725;1845;-120;10:54:50.368584
1726;1843;-117;10:54:50.368584
1726;1844;-118;10:54:50.368584
1727;1844;-117;10:54:50.368584
1730;1844;-114;10:54:50.368584
1731;1842;-111;10:54:50.368584
1729;1845;-116;10:54:50.368584
1731;1846;-115;10:54:50.368584
1731;1849;-118;10:54:50.368584
1732;1849;-117;10:54:50.368584
1731;1848;-117;10:54:50.368584
1732;1848;-116;10:54:50.368584
1735;1848;-113;10:54:50.368584
1738;1850;-112;10:54:50.368584
1736;1849;-113;10:54:50.368584
1739;1850;-111;10:54:50.368584
1735;1851;-116;10:54:50.368584
1737;1849;-112;10:54:50.368584
1735;1850;-115;10:54:50.368584
1735;1852;-117;10:54:50.368584
1733;1854;-121;10:54:50.368584
1736;1853;-117;10:54:50.368584
1736;1852;-116;10:54:50.368584
1734;1852;-118;10:54:50.368584
1738;1855;-117;10:54:50.368584
1740;1856;-116;10:54:50.368584
1741;1855;-114;10:54:50.368584
1744;1851;-107;10:54:50.368584
1742;1856;-114;10:54:50.368584
1745;1852;-107;10:54:50.368584
1745;1857;-112;10:54:50.368584
1746;1854;-108;10:54:50.368584
1748;1856;-108;10:54:50.368584
1750;1860;-110;10:54:50.368584
1753;1866;-113;10:54:50.368584
1755;1865;-110;10:54:50.368584
1755;1865;-110;10:54:50.368584
1760;1869;-109;10:54:50.368584
1761;1869;-108;10:54:50.368584
1757;1870;-113;10:54:50.368584
1756;1870;-114;10:54:50.368584
1758;1874;-116;10:54:50.368584
1759;1870;-111;10:54:50.368584
1758;1869;-111;10:54:50.368584
1755;1870;-115;10:54:50.368584
1756;1873;-117;10:54:50.368584
1757;1872;-115;10:54:50.368584
1756;1872;-116;10:54:50.368584
1755;1868;-113;10:54:50.368584
1754;1870;-116;10:54:50.368584
1754;1868;-114;10:54:50.368584
1752;1867;-115;10:54:50.368584
1750;1867;-117;10:54:50.368584
1753;1869;-116;10:54:50.368584
1756;1868;-112;10:54:50.368584
1758;1873;-115;10:54:50.368584
1758;1873;-115;10:54:50.368584
1759;1875;-116;10:54:50.368584
1760;1876;-116;10:54:50.368584
1763;1877;-114;10:54:50.368584
1764;1878;-114;10:54:50.368584
1768;1880;-112;10:54:50.368584
1770;1884;-114;10:54:50.368584
1771;1885;-114;10:54:50.368584
1773;1889;-116;10:54:50.368584
1777;1889;-112;10:54:50.368584
1780;1893;-113;10:54:50.368584
1780;1889;-109;10:54:50.368584
1779;1892;-113;10:54:50.368584
1777;1891;-114;10:54:50.368584
1778;1891;-113;10:54:50.368584
1780;1890;-110;10:54:50.368584
1778;1891;-113;10:54:50.368584
1776;1889;-113;10:54:50.368584
1777;1892;-115;10:54:50.368584
1777;1886;-109;10:54:50.368584
1777;1885;-108;10:54:50.368584
1777;1883;-106;10:54:50.368584
1779;1880;-101;10:54:50.368584
1778;1883;-105;10:54:50.368584
1779;1885;-106;10:54:50.368584
1779;1885;-106;10:54:50.368584
1778;1890;-112;10:54:50.368584
1782;1890;-108;10:54:50.368584
1787;1892;-105;10:54:50.368584
1781;1887;-106;10:54:50.368584
1778;1892;-114;10:54:50.368584
1776;1893;-117;10:54:50.368584
1777;1892;-115;10:54:50.368584
1780;1890;-110;10:54:50.368584
1784;1890;-106;10:54:50.368584
1779;1889;-110;10:54:50.368584
1781;1892;-111;10:54:50.368584
1780;1887;-107;10:54:50.368584
1776;1886;-110;10:54:50.368584
1777;1883;-106;10:54:50.368584
1775;1884;-109;10:54:50.368584
1772;1884;-112;10:54:50.368584
1772;1881;-109;10:54:50.368584
1771;1878;-107;10:54:50.368584
1768;1878;-110;10:54:50.368584
1769;1874;-105;10:54:50.368584
1769;1875;-106;10:54:50.368584
1767;1877;-110;10:54:50.368584
1767;1877;-110;10:54:50.368584
1766;1876;-110;10:54:50.368584
1768;1874;-106;10:54:50.368584
1764;1874;-110;10:54:50.368584
1762;1871;-109;10:54:50.368584
1762;1875;-113;10:54:50.368584
1761;1871;-110;10:54:50.368584
1759;1873;-114;10:54:50.368584
1761;1871;-110;10:54:50.368584
1761;1875;-114;10:54:50.368584
1757;1873;-116;10:54:50.368584
1759;1872;-113;10:54:50.368584
1759;1874;-115;10:54:50.368584
1752;1868;-116;10:54:50.368584
1752;1867;-115;10:54:50.368584
1751;1867;-116;10:54:50.368584
1753;1867;-114;10:54:50.368584
1752;1865;-113;10:54:50.368584
1750;1863;-113;10:54:50.368584
1749;1863;-114;10:54:50.368584
1749;1860;-111;10:54:50.368584
1747;1860;-113;10:54:50.368584
1743;1860;-117;10:54:50.368584
1744;1857;-113;10:54:50.368584
1742;1859;-117;10:54:50.368584
1743;1857;-114;10:54:50.368584
1745;1860;-115;10:54:50.368584
1743;1860;-117;10:54:50.368584
1744;1862;-118;10:54:50.368584
1748;1864;-116;10:54:50.368584
1747;1864;-117;10:54:50.368584
1746;1864;-118;10:54:50.368584
1747;1862;-115;10:54:50.368584
1747;1862;-115;10:54:50.368584
1746;1861;-115;10:54:50.368584
1748;1862;-114;10:54:50.368584
1747;1862;-115;10:54:50.368584
1746;1863;-117;10:54:50.368584
1749;1860;-111;10:54:50.368584
1744;1859;-115;10:54:50.368584
1746;1856;-110;10:54:50.368584
1744;1856;-112;10:54:50.368584
1744;1854;-110;10:54:50.368584
1742;1856;-114;10:54:50.368584
1740;1852;-112;10:54:50.368584
1741;1853;-112;10:54:50.368584
1740;1853;-113;10:54:50.368584
1737;1848;-111;10:54:50.368584
1737;1846;-109;10:54:50.368584
1734;1846;-112;10:54:50.368584
1732;1847;-115;10:54:50.368584
1731;1844;-113;10:54:50.368584
1732;1845;-113;10:54:50.368584
1731;1846;-115;10:54:50.368584
1730;1848;-118;10:54:50.368584
1732;1846;-114;10:54:50.368584
1732;1847;-115;10:54:50.368584
1730;1849;-119;10:54:50.368584
1728;1851;-123;10:54:50.368584
1729;1847;-118;10:54:50.368584
1731;1847;-116;10:54:50.368584
1731;1846;-115;10:54:50.368584
1731;1848;-117;10:54:50.368584
1730;1849;-119;10:54:50.368584
1732;1845;-113;10:54:50.368584
1731;1845;-114;10:54:50.368584
1729;1845;-116;10:54:50.368584
1731;1845;-114;10:54:50.368584
1733;1847;-114;10:54:50.368584
1731;1845;-114;10:54:50.368584
1730;1847;-117;10:54:50.368584
1735;1850;-115;10:54:50.368584
1738;1849;-111;10:54:50.368584
1738;1852;-114;10:54:50.368584
1740;1855;-115;10:54:50.368584
1743;1857;-114;10:54:50.368584
1742;1859;-117;10:54:50.368584
1745;1859;-114;10:54:50.368584
1746;1862;-116;10:54:50.368584
1745;1858;-113;10:54:50.368584
1747;1860;-113;10:54:50.368584
1747;1861;-114;10:54:50.368584
1743;1859;-116;10:54:50.368584
1745;1859;-114;10:54:50.368584
1744;1857;-113;10:54:50.368584
1743;1856;-113;10:54:50.368584
1741;1851;-110;10:54:50.368584
1739;1852;-113;10:54:50.368584
1738;1853;-115;10:54:50.368584
1735;1848;-113;10:54:50.368584
1737;1848;-111;10:54:50.368584
1734;1849;-115;10:54:50.368584
1735;1848;-113;10:54:50.368584
1735;1849;-114;10:54:50.368584
1736;1851;-115;10:54:50.368584
1735;1848;-113;10:54:50.368584
1737;1851;-114;10:54:50.368584
1741;1853;-112;10:54:50.368584
1741;1853;-112;10:54:50.368584
1742;1858;-116;10:54:50.368584
1742;1859;-117;10:54:50.368584
1743;1864;-121;10:54:50.368584
1743;1862;-119;10:54:50.368584
1747;1867;-120;10:54:50.368584
1747;1864;-117;10:54:50.368584
1751;1866;-115;10:54:50.368584
1753;1865;-112;10:54:50.368584
1755;1871;-116;10:54:50.368584
1757;1869;-112;10:54:50.368584
1761;1874;-113;10:54:50.368584
1758;1873;-115;10:54:50.368584
1759;1876;-117;10:54:50.368584
1759;1877;-118;10:54:50.368584
1761;1880;-119;10:54:50.531816
1766;1879;-113;10:54:50.531816
1767;1880;-113;10:54:50.531816
1769;1881;-112;10:54:50.531816
1770;1882;-112;10:54:50.531816
1765;1881;-116;10:54:50.531816
1765;1881;-116;10:54:50.531816
1766;1882;-116;10:54:50.531816
1764;1882;-118;10:54:50.531816
1765;1880;-115;10:54:50.531816
1765;1879;-114;10:54:50.531816
1763;1878;-115;10:54:50.531816
1762;1878;-116;10:54:50.531816
1762;1877;-115;10:54:50.531816
1763;1878;-115;10:54:50.531816
1762;1879;-117;10:54:50.531816
1766;1882;-116;10:54:50.531816
1765;1884;-119;10:54:50.531816
1764;1886;-122;10:54:50.531816
1766;1887;-121;10:54:50.531816
1769;1888;-119;10:54:50.531816
1771;1890;-119;10:54:50.531816
1776;1892;-116;10:54:50.531816
1780;1892;-112;10:54:50.531816
1784;1895;-111;10:54:50.531816
1785;1896;-111;10:54:50.531816
1786;1897;-111;10:54:50.531816
1783;1899;-116;10:54:50.531816
1789;1902;-113;10:54:50.531816
1789;1900;-111;10:54:50.531816
1790;1902;-112;10:54:50.531816
1790;1901;-111;10:54:50.531816
1789;1902;-113;10:54:50.531816
1791;1903;-112;10:54:50.531816
1789;1903;-114;10:54:50.531816
1786;1904;-118;10:54:50.531816
1789;1903;-114;10:54:50.531816
1789;1901;-112;10:54:50.531816
1786;1898;-112;10:54:50.531816
1784;1896;-112;10:54:50.531816
1787;1895;-108;10:54:50.531816
1784;1893;-109;10:54:50.531816
1779;1889;-110;10:54:50.531816
1775;1887;-112;10:54:50.531816
1775;1886;-111;10:54:50.531816
1771;1884;-113;10:54:50.531816
1770;1880;-110;10:54:50.531816
1772;1882;-110;10:54:50.531816
1771;1879;-108;10:54:50.531816
1769;1882;-113;10:54:50.531816
1771;1880;-109;10:54:50.531816
1769;1880;-111;10:54:50.531816
1769;1881;-112;10:54:50.531816
1768;1881;-113;10:54:50.531816
1769;1882;-113;10:54:50.531816
1770;1883;-113;10:54:50.531816
1772;1884;-112;10:54:50.531816
1773;1885;-112;10:54:50.531816
1772;1885;-113;10:54:50.531816
1775;1887;-112;10:54:50.531816
1774;1884;-110;10:54:50.531816
1772;1885;-113;10:54:50.531816
1771;1883;-112;10:54:50.531816
1767;1880;-113;10:54:50.531816
1766;1877;-111;10:54:50.531816
1764;1877;-113;10:54:50.531816
1760;1874;-114;10:54:50.531816
1759;1871;-112;10:54:50.531816
1760;1874;-114;10:54:50.531816
1760;1872;-112;10:54:50.531816
1760;1871;-111;10:54:50.531816
1759;1873;-114;10:54:50.531816
1761;1875;-114;10:54:50.531816
1762;1873;-111;10:54:50.531816
1760;1874;-114;10:54:50.531816
1761;1874;-113;10:54:50.531816
1760;1874;-114;10:54:50.531816
1761;1874;-113;10:54:50.531816
1759;1876;-117;10:54:50.531816
1758;1874;-116;10:54:50.531816
1759;1875;-116;10:54:50.531816
1759;1876;-117;10:54:50.531816
1755;1874;-119;10:54:50.531816
1754;1869;-115;10:54:50.531816
1751;1868;-117;10:54:50.531816
1751;1867;-116;10:54:50.531816
1749;1867;-118;10:54:50.531816
1747;1864;-117;10:54:50.531816
1748;1864;-116;10:54:50.531816
1748;1863;-115;10:54:50.531816
1745;1865;-120;10:54:50.531816
1746;1865;-119;10:54:50.531816
1746;1864;-118;10:54:50.531816
1748;1860;-112;10:54:50.531816
1747;1860;-113;10:54:50.531816
1746;1861;-115;10:54:50.531816
1742;1859;-117;10:54:50.531816
1741;1861;-120;10:54:50.531816
1743;1860;-117;10:54:50.531816
1742;1858;-116;10:54:50.531816
1742;1856;-114;10:54:50.531816
1740;1858;-118;10:54:50.531816
1739;1860;-121;10:54:50.531816
1741;1857;-116;10:54:50.531816
1739;1859;-120;10:54:50.531816
1739;1859;-120;10:54:50.531816
1744;1860;-116;10:54:50.531816
1743;1859;-116;10:54:50.531816
1744;1858;-114;10:54:50.531816
1744;1859;-115;10:54:50.531816
1744;1861;-117;10:54:50.531816
1744;1858;-114;10:54:50.531816
1744;1858;-114;10:54:50.531816
1743;1859;-116;10:54:50.531816
1740;1856;-116;10:54:50.531816
1740;1857;-117;10:54:50.531816
1740;1854;-114;10:54:50.531816
1736;1851;-115;10:54:50.531816
1736;1852;-116;10:54:50.531816
1733;1850;-117;10:54:50.531816
1733;1845;-112;10:54:50.531816
1733;1844;-111;10:54:50.531816
1730;1847;-117;10:54:50.531816
1730;1848;-118;10:54:50.531816
1732;1846;-114;10:54:50.531816
1734;1847;-113;10:54:50.531816
1736;1851;-115;10:54:50.531816
1736;1853;-117;10:54:50.531816
1734;1852;-118;10:54:50.531816
1735;1854;-119;10:54:50.531816
1735;1855;-120;10:54:50.531816
1736;1855;-119;10:54:50.531816
1737;1859;-122;10:54:50.531816
1735;1858;-123;10:54:50.531816
1736;1859;-123;10:54:50.531816
1740;1856;-116;10:54:50.531816
1738;1855;-117;10:54:50.531816
1743;1854;-111;10:54:50.531816
1745;1857;-112;10:54:50.531816
1747;1859;-112;10:54:50.531816
1745;1857;-112;10:54:50.531816
1745;1858;-113;10:54:50.531816
1746;1859;-113;10:54:50.531816
1748;1863;-115;10:54:50.531816
1747;1864;-117;10:54:50.531816
1749;1867;-118;10:54:50.531816
1750;1864;-114;10:54:50.531816
1751;1868;-117;10:54:50.531816
1752;1864;-112;10:54:50.531816
1752;1866;-114;10:54:50.531816
1752;1862;-110;10:54:50.531816
1752;1863;-111;10:54:50.531816
1749;1861;-112;10:54:50.531816
1746;1859;-113;10:54:50.531816
1742;1857;-115;10:54:50.531816
1741;1856;-115;10:54:50.531816
1741;1856;-115;10:54:50.531816
1740;1855;-115;10:54:50.531816
1742;1853;-111;10:54:50.531816
1743;1852;-109;10:54:50.531816
1741;1854;-113;10:54:50.531816
1742;1855;-113;10:54:50.531816
1745;1858;-113;10:54:50.531816
1747;1859;-112;10:54:50.531816
1745;1858;-113;10:54:50.531816
1748;1860;-112;10:54:50.531816
1748;1864;-116;10:54:50.531816
1750;1863;-113;10:54:50.531816
1752;1865;-113;10:54:50.531816
1751;1867;-116;10:54:50.531816
1756;1869;-113;10:54:50.531816
1760;1869;-109;10:54:50.531816
1756;1873;-117;10:54:50.531816
1758;1875;-117;10:54:50.531816
1761;1879;-118;10:54:50.531816
1761;1881;-120;10:54:50.531816
1764;1880;-116;10:54:50.531816
1766;1880;-114;10:54:50.531816
1768;1883;-115;10:54:50.531816
1767;1882;-115;10:54:50.531816
1771;1883;-112;10:54:50.531816
1772;1882;-110;10:54:50.531816
1770;1881;-111;10:54:50.531816
1770;1879;-109;10:54:50.531816
1769;1880;-111;10:54:50.531816
1769;1880;-111;10:54:50.531816
1767;1878;-111;10:54:50.531816
1770;1879;-109;10:54:50.531816
1767;1880;-113;10:54:50.531816
1768;1877;-109;10:54:50.531816
1768;1880;-112;10:54:50.531816
1769;1882;-113;10:54:50.531816
1771;1882;-111;10:54:50.531816
1774;1882;-108;10:54:50.531816
1776;1884;-108;10:54:50.531816
1773;1886;-113;10:54:50.531816
1776;1889;-113;10:54:50.531816
1779;1891;-112;10:54:50.531816
1779;1893;-114;10:54:50.531816
1781;1892;-111;10:54:50.531816
1779;1894;-115;10:54:50.531816
1781;1893;-112;10:54:50.531816
1784;1893;-109;10:54:50.531816
1783;1894;-111;10:54:50.531816
1782;1892;-110;10:54:50.531816
1784;1895;-111;10:54:50.531816
1782;1891;-109;10:54:50.531816
1781;1890;-109;10:54:50.531816
1779;1888;-109;10:54:50.531816
1776;1890;-114;10:54:50.531816
1781;1890;-109;10:54:50.531816
1781;1890;-109;10:54:50.531816
1781;1892;-111;10:54:50.531816
1784;1892;-108;10:54:50.531816
1786;1892;-106;10:54:50.531816
1786;1891;-105;10:54:50.531816
1785;1891;-106;10:54:50.531816
1786;1892;-106;10:54:50.531816
1785;1892;-107;10:54:50.531816
1786;1892;-106;10:54:50.531816
1784;1894;-110;10:54:50.531816
1783;1892;-109;10:54:50.531816
1782;1892;-110;10:54:50.531816
1780;1892;-112;10:54:50.531816
1778;1888;-110;10:54:50.531816
1776;1888;-112;10:54:50.531816
1778;1884;-106;10:54:50.531816
1777;1884;-107;10:54:50.531816
1774;1880;-106;10:54:50.531816
1774;1882;-108;10:54:50.531816
1771;1879;-108;10:54:50.531816
1769;1877;-108;10:54:50.531816
1769;1873;-104;10:54:50.531816
1768;1871;-103;10:54:50.531816
1766;1872;-106;10:54:50.531816
1764;1874;-110;10:54:50.531816
1765;1873;-108;10:54:50.531816
1766;1875;-109;10:54:50.531816
1765;1872;-107;10:54:50.531816
1765;1875;-110;10:54:50.531816
1762;1875;-113;10:54:50.531816
1761;1874;-113;10:54:50.531816
1762;1873;-111;10:54:50.531816
1761;1873;-112;10:54:50.531816
1762;1872;-110;10:54:50.531816
1759;1872;-113;10:54:50.531816
1759;1872;-113;10:54:50.531816
1758;1873;-115;10:54:50.531816
1759;1871;-112;10:54:50.531816
1759;1871;-112;10:54:50.531816
1761;1869;-108;10:54:50.531816
1760;1870;-110;10:54:50.531816
1761;1869;-108;10:54:50.531816
1756;1869;-113;10:54:50.531816
1757;1869;-112;10:54:50.531816
1756;1870;-114;10:54:50.536800
1754;1869;-115;10:54:50.536800
1755;1867;-112;10:54:50.536800
1754;1867;-113;10:54:50.536800
1754;1867;-113;10:54:50.536800
1753;1864;-111;10:54:50.536800
1753;1863;-110;10:54:50.536800
1752;1863;-111;10:54:50.536800
1749;1863;-114;10:54:50.536800
1750;1863;-113;10:54:50.536800
1751;1864;-113;10:54:50.536800
1749;1862;-113;10:54:50.536800
1748;1861;-113;10:54:50.536800
1748;1863;-115;10:54:50.536800
1747;1859;-112;10:54:50.536800
1742;1859;-117;10:54:50.536800
1741;1858;-117;10:54:50.536800
1742;1858;-116;10:54:50.536800
1741;1854;-113;10:54:50.536800
1739;1852;-113;10:54:50.536800
1738;1851;-113;10:54:50.536800
1737;1853;-116;10:54:50.536800
1734;1850;-116;10:54:50.536800
1734;1850;-116;10:54:50.536800
1735;1850;-115;10:54:50.536800
1734;1850;-116;10:54:50.536800
1737;1848;-111;10:54:50.536800
1734;1851;-117;10:54:50.536800
1735;1850;-115;10:54:50.536800
1734;1849;-115;10:54:50.536800
1734;1850;-116;10:54:50.536800
1733;1851;-118;10:54:50.536800
1734;1852;-118;10:54:50.536800
1736;1850;-114;10:54:50.536800
1736;1852;-116;10:54:50.536800
1735;1851;-116;10:54:50.536800
1735;1852;-117;10:54:50.536800
1735;1853;-118;10:54:50.536800
1733;1853;-120;10:54:50.536800
1734;1851;-117;10:54:50.536800
1735;1850;-115;10:54:50.536800
1733;1850;-117;10:54:50.536800
1735;1847;-112;10:54:50.536800
1733;1847;-114;10:54:50.536800
1733;1845;-112;10:54:50.536800
1731;1846;-115;10:54:50.536800
1732;1844;-112;10:54:50.536800
1730;1846;-116;10:54:50.536800
1728;1845;-117;10:54:50.536800
1728;1843;-115;10:54:50.536800
1731;1844;-113;10:54:50.536800
1730;1845;-115;10:54:50.536800
1731;1845;-114;10:54:50.536800
1730;1846;-116;10:54:50.536800
1730;1848;-118;10:54:50.536800
1730;1847;-117;10:54:50.536800
1736;1852;-116;10:54:50.536800
1735;1850;-115;10:54:50.536800
1734;1853;-119;10:54:50.536800
1736;1855;-119;10:54:50.536800
1737;1855;-118;10:54:50.536800
1735;1853;-118;10:54:50.536800
1736;1850;-114;10:54:50.536800
1737;1852;-115;10:54:50.536800
1734;1851;-117;10:54:50.536800
1732;1850;-118;10:54:50.536800
1736;1850;-114;10:54:50.536800
1738;1852;-114;10:54:50.536800
1740;1851;-111;10:54:50.536800
1741;1855;-114;10:54:50.536800
1743;1854;-111;10:54:50.536800
1742;1854;-112;10:54:50.536800
1743;1855;-112;10:54:50.536800
1745;1857;-112;10:54:50.536800
1744;1861;-117;10:54:50.536800
1745;1857;-112;10:54:50.536800
1746;1861;-115;10:54:50.536800
1750;1862;-112;10:54:50.536800
1749;1864;-115;10:54:50.536800
1751;1863;-112;10:54:50.536800
1754;1866;-112;10:54:50.536800
1754;1863;-109;10:54:50.536800
1752;1864;-112;10:54:50.536800
1756;1867;-111;10:54:50.536800
1755;1868;-113;10:54:50.536800
1756;1866;-110;10:54:50.536800
1755;1867;-112;10:54:50.536800
1756;1868;-112;10:54:50.536800
1754;1869;-115;10:54:50.536800
1755;1871;-116;10:54:50.536800
1757;1868;-111;10:54:50.536800
1757;1868;-111;10:54:50.536800
1759;1870;-111;10:54:50.536800
1759;1873;-114;10:54:50.536800
1758;1873;-115;10:54:50.536800
1764;1873;-109;10:54:50.536800
1767;1874;-107;10:54:50.536800
1767;1875;-108;10:54:50.536800
1763;1873;-110;10:54:50.536800
1763;1876;-113;10:54:50.536800
1764;1877;-113;10:54:50.536800
1764;1881;-117;10:54:50.536800
1769;1882;-113;10:54:50.536800
1773;1887;-114;10:54:50.536800
1774;1886;-112;10:54:50.536800
1775;1887;-112;10:54:50.536800
1777;1888;-111;10:54:50.536800
1776;1888;-112;10:54:50.536800
1777;1888;-111;10:54:50.536800
1779;1888;-109;10:54:50.536800
1779;1889;-110;10:54:50.536800
1778;1888;-110;10:54:50.536800
1777;1888;-111;10:54:50.536800
1779;1886;-107;10:54:50.536800
1778;1886;-108;10:54:50.536800
1781;1887;-106;10:54:50.536800
1782;1887;-105;10:54:50.536800
1778;1889;-111;10:54:50.536800
1778;1890;-112;10:54:50.536800
1781;1890;-109;10:54:50.536800
1784;1893;-109;10:54:50.536800
1784;1894;-110;10:54:50.536800
1786;1894;-108;10:54:50.536800
1784;1895;-111;10:54:50.536800
1786;1895;-109;10:54:50.536800
1787;1894;-107;10:54:50.536800
1787;1895;-108;10:54:50.536800
1785;1894;-109;10:54:50.536800
1785;1893;-108;10:54:50.536800
1783;1893;-110;10:54:50.536800
1782;1891;-109;10:54:50.536800
1779;1892;-113;10:54:50.536800
1779;1893;-114;10:54:50.536800
1779;1890;-111;10:54:50.536800
1780;1885;-105;10:54:50.536800
1777;1886;-109;10:54:50.536800
1776;1883;-107;10:54:50.536800
1776;1884;-108;10:54:50.536800
1774;1883;-109;10:54:50.536800
1774;1881;-107;10:54:50.536800
1775;1881;-106;10:54:50.536800
1775;1882;-107;10:54:50.536800
1774;1879;-105;10:54:50.536800
1772;1879;-107;10:54:50.536800
1767;1878;-111;10:54:50.536800
1768;1877;-109;10:54:50.536800
1769;1876;-107;10:54:50.536800
1771;1875;-104;10:54:50.536800
1769;1874;-105;10:54:50.536800
1767;1874;-107;10:54:50.536800
1767;1877;-110;10:54:50.536800
1766;1877;-111;10:54:50.536800
1765;1877;-112;10:54:50.536800
1765;1879;-114;10:54:50.536800
1765;1876;-111;10:54:50.536800
1765;1876;-111;10:54:50.536800
1763;1876;-113;10:54:50.536800
1763;1874;-111;10:54:50.536800
1764;1872;-108;10:54:50.536800
1764;1872;-108;10:54:50.536800
1763;1871;-108;10:54:50.536800
1760;1870;-110;10:54:50.536800
1758;1866;-108;10:54:50.536800
1756;1865;-109;10:54:50.536800
1754;1867;-113;10:54:50.536800
1751;1864;-113;10:54:50.536800
1750;1863;-113;10:54:50.536800
1747;1863;-116;10:54:50.536800
1751;1866;-115;10:54:50.536800
1752;1866;-114;10:54:50.536800
1750;1864;-114;10:54:50.536800
1749;1865;-116;10:54:50.536800
1753;1864;-111;10:54:50.536800
1752;1866;-114;10:54:50.536800
1752;1862;-110;10:54:50.536800
1753;1861;-108;10:54:50.536800
1753;1863;-110;10:54:50.536800
1750;1863;-113;10:54:50.536800
1749;1864;-115;10:54:50.536800
1749;1865;-116;10:54:50.536800
1752;1864;-112;10:54:50.536800
1753;1861;-108;10:54:50.536800
1752;1860;-108;10:54:50.536800
1747;1861;-114;10:54:50.536800
1747;1859;-112;10:54:50.536800
1747;1859;-112;10:54:50.536800
1744;1857;-113;10:54:50.536800
1744;1854;-110;10:54:50.536800
1744;1853;-109;10:54:50.536800
1743;1853;-110;10:54:50.536800
1741;1853;-112;10:54:50.536800
1741;1853;-112;10:54:50.536800
1740;1854;-114;10:54:50.536800
1736;1852;-116;10:54:50.536800
1733;1849;-116;10:54:50.536800
1732;1851;-119;10:54:50.536800
1734;1852;-118;10:54:50.536800
1734;1851;-117;10:54:50.536800
1736;1851;-115;10:54:50.536800
1737;1849;-112;10:54:50.536800
1738;1850;-112;10:54:50.536800
1737;1848;-111;10:54:50.536800
1737;1849;-112;10:54:50.536800
1734;1849;-115;10:54:50.536800
1736;1849;-113;10:54:50.536800
1739;1848;-109;10:54:50.536800
1734;1845;-111;10:54:50.536800
1733;1844;-111;10:54:50.536800
1730;1843;-113;10:54:50.536800
1729;1843;-114;10:54:50.536800
1727;1842;-115;10:54:50.536800
1729;1840;-111;10:54:50.536800
1729;1841;-112;10:54:50.536800
1727;1842;-115;10:54:50.536800
1728;1842;-114;10:54:50.536800
1729;1846;-117;10:54:50.536800
1729;1844;-115;10:54:50.536800
1729;1842;-113;10:54:50.536800
1732;1842;-110;10:54:50.536800
1730;1844;-114;10:54:50.536800
1728;1845;-117;10:54:50.536800
1728;1848;-120;10:54:50.536800
1728;1847;-119;10:54:50.536800
1729;1846;-117;10:54:50.536800
1728;1846;-118;10:54:50.536800
1729;1849;-120;10:54:50.536800
1728;1848;-120;10:54:50.536800
1730;1848;-118;10:54:50.536800
1731;1845;-114;10:54:50.536800
1732;1847;-115;10:54:50.536800
1731;1846;-115;10:54:50.536800
1734;1850;-116;10:54:50.536800
1732;1849;-117;10:54:50.536800
1732;1847;-115;10:54:50.536800
1732;1849;-117;10:54:50.536800
1732;1848;-116;10:54:50.536800
1733;1848;-115;10:54:50.536800
1736;1849;-113;10:54:50.536800
1735;1850;-115;10:54:50.536800
1734;1848;-114;10:54:50.536800
1734;1851;-117;10:54:50.536800
1735;1854;-119;10:54:50.536800
1736;1853;-117;10:54:50.536800
1737;1850;-113;10:54:50.536800
1738;1852;-114;10:54:50.536800
1739;1853;-114;10:54:50.536800
1735;1855;-120;10:54:50.536800
1738;1857;-119;10:54:50.536800
1741;1861;-120;10:54:50.536800
1742;1858;-116;10:54:50.536800
1742;1859;-117;10:54:50.536800
1743;1860;-117;10:54:50.536800
1744;1865;-121;10:54:50.536800
1747;1864;-117;10:54:50.536800
1749;1866;-117;10:54:50.536800
1752;1867;-115;10:54:50.536800
1754;1868;-114;10:54:50.536800
1754;1868;-114;10:54:50.536800
1753;1870;-117;10:54:50.536800
1756;1873;-117;10:54:50.536800
1759;1874;-115;10:54:50.536800
1760;1878;-118;10:54:50.536800
1760;1877;-117;10:54:50.536800
1764;1880;-116;10:54:50.536800
1764;1881;-117;10:54:50.536800
1766;1881;-115;10:54:50.536800
1767;1881;-114;10:54:50.536800
1766;1878;-112;10:54:50.536800
1768;1881;-113;10:54:50.536800
1768;1880;-112;10:54:50.536800
1765;1882;-117;10:54:50.536800
1764;1882;-118;10:54:50.536800
1767;1884;-117;10:54:50.536800
1768;1885;-117;10:54:50.536800
1767;1884;-117;10:54:50.536800
1765;1884;-119;10:54:50.536800
1768;1884;-116;10:54:50.536800
1768;1884;-116;10:54:50.536800
1770;1883;-113;10:54:50.536800
1770;1885;-115;10:54:50.536800
1773;1884;-111;10:54:50.536800
1772;1887;-115;10:54:50.536800
1773;1884;-111;10:54:50.536800
1773;1885;-112;10:54:50.536800
1771;1886;-115;10:54:50.536800
1772;1886;-114;10:54:50.536800
1771;1889;-118;10:54:50.536800
1776;1887;-111;10:54:50.536800
1779;1893;-114;10:54:50.536800
1781;1894;-113;10:54:50.536800
1785;1898;-113;10:54:50.536800
1784;1898;-114;10:54:50.536800
1786;1899;-113;10:54:50.536800
1788;1898;-110;10:54:50.536800
1788;1901;-113;10:54:50.536800
1790;1901;-111;10:54:50.536800
1790;1901;-111;10:54:50.536800
1788;1901;-113;10:54:50.536800
1789;1899;-110;10:54:50.536800
1792;1898;-106;10:54:50.536800
1788;1895;-107;10:54:50.536800
1788;1894;-106;10:54:50.536800
1785;1893;-108;10:54:50.536800
1784;1893;-109;10:54:50.536800
1778;1890;-112;10:54:50.536800
1778;1887;-109;10:54:50.536800
1779;1890;-111;10:54:50.536800
1778;1889;-111;10:54:50.536800
1778;1889;-111;10:54:50.536800
1779;1889;-110;10:54:50.536800
1778;1888;-110;10:54:50.536800
1777;1889;-112;10:54:50.536800
1778;1888;-110;10:54:50.536800
1778;1888;-110;10:54:50.536800
1777;1886;-109;10:54:50.536800
1777;1889;-112;10:54:50.536800
1774;1887;-113;10:54:50.536800
1773;1885;-112;10:54:50.536800
1769;1881;-112;10:54:50.536800
1769;1880;-111;10:54:50.536800
1768;1879;-111;10:54:50.536800
1766;1877;-111;10:54:50.536800
1765;1876;-111;10:54:50.536800
1763;1873;-110;10:54:50.536800
1762;1872;-110;10:54:50.536800
1762;1869;-107;10:54:50.536800
1762;1871;-109;10:54:50.536800
1761;1869;-108;10:54:50.536800
1760;1870;-110;10:54:50.536800
1760;1873;-113;10:54:50.536800
1759;1872;-113;10:54:50.536800
1760;1874;-114;10:54:50.536800
1760;1874;-114;10:54:50.536800
1760;1874;-114;10:54:50.536800
1761;1874;-113;10:54:50.536800
1761;1874;-113;10:54:50.536800
1758;1872;-114;10:54:50.536800
1757;1871;-114;10:54:50.536800
1755;1869;-114;10:54:50.536800
1752;1868;-116;10:54:50.536800
1750;1865;-115;10:54:50.536800
1748;1861;-113;10:54:50.536800
1748;1859;-111;10:54:50.536800
1747;1857;-110;10:54:50.536800
1748;1856;-108;10:54:50.536800
1744;1852;-108;10:54:50.536800
1741;1852;-111;10:54:50.536800
1740;1850;-110;10:54:50.536800
1740;1854;-114;10:54:50.536800
1741;1855;-114;10:54:50.536800
1741;1855;-114;10:54:50.536800
1740;1856;-116;10:54:50.536800
1739;1854;-115;10:54:50.536800
1739;1853;-114;10:54:50.536800
1743;1851;-108;10:54:50.536800
1738;1851;-113;10:54:50.536800
1736;1852;-116;10:54:50.536800
1737;1850;-113;10:54:50.536800
1737;1851;-114;10:54:50.536800
1737;1849;-112;10:54:50.536800
1736;1848;-112;10:54:50.536800
1734;1849;-115;10:54:50.536800
1735;1848;-113;10:54:50.536800
1738;1849;-111;10:54:50.536800
1736;1849;-113;10:54:50.536800
1732;1848;-116;10:54:50.536800
1733;1850;-117;10:54:50.536800
1734;1848;-114;10:54:50.536800
1734;1850;-116;10:54:50.536800
1734;1847;-113;10:54:50.536800
1734;1851;-117;10:54:50.536800
1732;1852;-120;10:54:50.536800
1734;1851;-117;10:54:50.536800
1732;1850;-118;10:54:50.536800
1734;1849;-115;10:54:50.536800
1732;1849;-117;10:54:50.536800
1732;1846;-114;10:54:50.536800
1733;1847;-114;10:54:50.536800
1735;1851;-116;10:54:50.536800
1734;1849;-115;10:54:50.536800
1733;1848;-115;10:54:50.536800
1735;1850;-115;10:54:50.536800
1734;1851;-117;10:54:50.536800
1733;1853;-120;10:54:50.536800
1734;1849;-115;10:54:50.536800
1736;1850;-114;10:54:50.536800
1739;1850;-111;10:54:50.536800
1736;1852;-116;10:54:50.536800
1737;1851;-114;10:54:50.536800
1735;1853;-118;10:54:50.536800
1734;1850;-116;10:54:50.536800
1735;1851;-116;10:54:50.536800
1733;1849;-116;10:54:50.536800
1731;1849;-118;10:54:50.536800
1732;1848;-116;10:54:50.536800
1731;1848;-117;10:54:50.536800
1730;1850;-120;10:54:50.536800
1732;1850;-118;10:54:50.536800
1731;1847;-116;10:54:50.536800
1729;1850;-121;10:54:50.536800
1730;1850;-120;10:54:50.536800
1732;1850;-118;10:54:50.536800
1734;1851;-117;10:54:50.536800
1732;1851;-119;10:54:50.536800
1736;1854;-118;10:54:50.536800
1736;1852;-116;10:54:50.536800
1737;1850;-113;10:54:50.536800
1740;1853;-113;10:54:50.536800
1736;1854;-118;10:54:50.536800
1738;1855;-117;10:54:50.536800
1738;1855;-117;10:54:50.536800
1742;1857;-115;10:54:50.536800
1740;1858;-118;10:54:50.536800
1740;1856;-116;10:54:50.536800
1742;1855;-113;10:54:50.536800
1743;1860;-117;10:54:50.536800
1745;1859;-114;10:54:50.536800
1746;1861;-115;10:54:50.536800
1744;1861;-117;10:54:50.536800
1744;1861;-117;10:54:50.536800
1744;1860;-116;10:54:50.536800
1748;1861;-113;10:54:50.536800
1747;1861;-114;10:54:50.536800
1747;1860;-113;10:54:50.536800
1751;1864;-113;10:54:50.536800
1750;1869;-119;10:54:50.536800
1753;1869;-116;10:54:50.536800
1755;1870;-115;10:54:50.536800
1755;1872;-117;10:54:50.536800
1755;1873;-118;10:54:50.536800
1756;1873;-117;10:54:50.536800
1757;1873;-116;10:54:50.536800
1757;1876;-119;10:54:50.536800
1761;1878;-117;10:54:50.536800
1765;1878;-113;10:54:50.536800
1764;1880;-116;10:54:50.536800
1764;1878;-114;10:54:50.536800
1765;1879;-114;10:54:50.536800
1767;1881;-114;10:54:50.536800
1770;1880;-110;10:54:50.536800
1771;1880;-109;10:54:50.536800
1772;1882;-110;10:54:50.536800
1774;1887;-113;10:54:50.536800
1777;1888;-111;10:54:50.536800
1780;1891;-111;10:54:50.536800
1780;1891;-111;10:54:50.536800
1778;1894;-116;10:54:50.536800
1780;1894;-114;10:54:50.536800
1781;1896;-115;10:54:50.536800
1782;1893;-111;10:54:50.536800
1787;1895;-108;10:54:50.536800
1785;1896;-111;10:54:50.536800
1786;1895;-109;10:54:50.536800
1787;1896;-109;10:54:50.536800
1787;1895;-108;10:54:50.536800
1786;1892;-106;10:54:50.536800
1787;1892;-105;10:54:50.536800
1785;1893;-108;10:54:50.536800
1782;1892;-110;10:54:50.536800
1784;1894;-110;10:54:50.536800
1786;1896;-110;10:54:50.536800
1785;1896;-111;10:54:50.536800
1786;1894;-108;10:54:50.536800
1788;1896;-108;10:54:50.536800
1787;1897;-110;10:54:50.536800
1784;1895;-111;10:54:50.536800
1787;1896;-109;10:54:50.536800
1786;1893;-107;10:54:50.536800
1786;1893;-107;10:54:50.536800
1787;1895;-108;10:54:50.536800
1788;1899;-111;10:54:50.536800
1787;1897;-110;10:54:50.536800
1784;1896;-112;10:54:50.536800
1784;1896;-112;10:54:50.536800
1784;1898;-114;10:54:50.536800
1784;1898;-114;10:54:50.536800
1784;1894;-110;10:54:50.536800
1782;1894;-112;10:54:50.536800
1781;1892;-111;10:54:50.536800
1782;1890;-108;10:54:50.536800
1781;1888;-107;10:54:50.536800
1779;1889;-110;10:54:50.536800
1778;1887;-109;10:54:50.536800
1776;1883;-107;10:54:50.536800
1772;1883;-111;10:54:50.536800
1771;1877;-106;10:54:50.536800
1771;1880;-109;10:54:50.536800
1768;1873;-105;10:54:50.536800
1767;1873;-106;10:54:50.536800
1767;1872;-105;10:54:50.536800
1762;1875;-113;10:54:50.536800
1760;1873;-113;10:54:50.536800
1759;1874;-115;10:54:50.536800
1760;1871;-111;10:54:50.536800
1758;1868;-110;10:54:50.536800
1754;1867;-113;10:54:50.536800
1758;1866;-108;10:54:50.536800
1755;1865;-110;10:54:50.536800
1753;1867;-114;10:54:50.536800
1754;1867;-113;10:54:50.536800
1755;1867;-112;10:54:50.536800
1753;1865;-112;10:54:50.536800
1753;1864;-111;10:54:50.536800
1751;1862;-111;10:54:50.536800
1750;1863;-113;10:54:50.536800
1748;1863;-115;10:54:50.536800
1749;1864;-115;10:54:50.536800
1747;1861;-114;10:54:50.536800
1746;1859;-113;10:54:50.536800
1743;1862;-119;10:54:50.536800
1746;1864;-118;10:54:50.536800
1746;1863;-117;10:54:50.536800
1746;1861;-115;10:54:50.536800
1745;1860;-115;10:54:50.536800
1747;1860;-113;10:54:50.536800
1750;1861;-111;10:54:50.536800
1748;1860;-112;10:54:50.536800
1747;1862;-115;10:54:50.536800
1746;1863;-117;10:54:50.536800
1746;1864;-118;10:54:50.536800
1748;1861;-113;10:54:50.536800
1749;1861;-112;10:54:50.536800
1750;1862;-112;10:54:50.536800
1749;1864;-115;10:54:50.536800
1745;1860;-115;10:54:50.536800
1745;1859;-114;10:54:50.536800
1747;1858;-111;10:54:50.536800
1746;1857;-111;10:54:50.536800
1744;1855;-111;10:54:50.536800
1745;1856;-111;10:54:50.536800
1745;1859;-114;10:54:50.536800
1743;1856;-113;10:54:50.536800
1743;1856;-113;10:54:50.536800
1743;1856;-113;10:54:50.536800
1740;1856;-116;10:54:50.536800
1740;1855;-115;10:54:50.536800
1737;1857;-120;10:54:50.536800
1740;1854;-114;10:54:50.536800
1740;1853;-113;10:54:50.536800
1738;1852;-114;10:54:50.536800
1738;1851;-113;10:54:50.536800
1740;1853;-113;10:54:50.536800
1741;1852;-111;10:54:50.536800
1740;1853;-113;10:54:50.536800
1736;1850;-114;10:54:50.536800
1737;1853;-116;10:54:50.536800
1735;1852;-117;10:54:50.536800
1735;1854;-119;10:54:50.536800
1740;1858;-118;10:54:50.536800
1742;1856;-114;10:54:50.536800
1742;1857;-115;10:54:50.536800
1741;1858;-117;10:54:50.536800
1745;1856;-111;10:54:50.536800
1745;1857;-112;10:54:50.536800
1746;1857;-111;10:54:50.536800
1741;1856;-115;10:54:50.536800
1742;1856;-114;10:54:50.536800
1743;1855;-112;10:54:50.536800
1741;1856;-115;10:54:50.536800
1744;1853;-109;10:54:50.536800
1745;1855;-110;10:54:50.536800
1741;1854;-113;10:54:50.536800
1739;1854;-115;10:54:50.536800
1739;1854;-115;10:54:50.536800
1736;1853;-117;10:54:50.536800
1737;1853;-116;10:54:50.536800
1738;1854;-116;10:54:50.536800
1738;1854;-116;10:54:50.536800
1735;1852;-117;10:54:50.536800
1738;1849;-111;10:54:50.536800
1739;1847;-108;10:54:50.536800
1739;1847;-108;10:54:50.536800
1736;1851;-115;10:54:50.536800
1732;1851;-119;10:54:50.536800
1736;1851;-115;10:54:50.536800
1739;1850;-111;10:54:50.536800
1738;1851;-113;10:54:50.536800
1737;1853;-116;10:54:50.536800
1737;1855;-118;10:54:50.536800
1737;1856;-119;10:54:50.536800
1742;1855;-113;10:54:50.536800
1745;1856;-111;10:54:50.536800
1744;1860;-116;10:54:50.536800
1744;1862;-118;10:54:50.536800
1747;1862;-115;10:54:50.536800
1747;1864;-117;10:54:50.536800
1750;1865;-115;10:54:50.536800
1754;1867;-113;10:54:50.536800
1756;1867;-111;10:54:50.536800
1758;1868;-110;10:54:50.536800
1760;1872;-112;10:54:50.536800
1763;1870;-107;10:54:50.536800
1762;1873;-111;10:54:50.536800
1762;1871;-109;10:54:50.536800
1762;1875;-113;10:54:50.536800
1763;1872;-109;10:54:50.536800
1766;1869;-103;10:54:50.536800
1764;1871;-107;10:54:50.536800
1763;1870;-107;10:54:50.536800
1765;1874;-109;10:54:50.536800
1767;1873;-106;10:54:50.536800
1767;1871;-104;10:54:50.536800
1765;1871;-106;10:54:50.536800
1768;1872;-104;10:54:50.536800
1769;1874;-105;10:54:50.536800
1765;1874;-109;10:54:50.536800
1765;1872;-107;10:54:50.536800
1767;1873;-106;10:54:50.536800
1769;1875;-106;10:54:50.536800
1767;1876;-109;10:54:50.536800
1769;1878;-109;10:54:50.536800
1770;1880;-110;10:54:50.536800
1774;1881;-107;10:54:50.536800
1776;1882;-106;10:54:50.536800
1775;1883;-108;10:54:50.536800
1774;1884;-110;10:54:50.536800
1776;1887;-111;10:54:50.536800
1779;1886;-107;10:54:50.536800
1776;1885;-109;10:54:50.536800
1779;1884;-105;10:54:50.536800
1780;1886;-106;10:54:50.536800
1780;1885;-105;10:54:50.536800
1783;1885;-102;10:54:50.536800
1779;1885;-106;10:54:50.536800
1777;1886;-109;10:54:50.536800
1780;1886;-106;10:54:50.536800
1779;1883;-104;10:54:50.536800
1778;1886;-108;10:54:50.536800
1778;1885;-107;10:54:50.536800
1778;1887;-109;10:54:50.536800
1776;1888;-112;10:54:50.536800
1777;1887;-110;10:54:50.536800
1779;1887;-108;10:54:50.536800
1780;1887;-107;10:54:50.536800
1782;1887;-105;10:54:50.536800
1782;1884;-102;10:54:50.536800
1781;1886;-105;10:54:50.536800
1781;1886;-105;10:54:50.536800
1781;1884;-103;10:54:50.536800
1778;1883;-105;10:54:50.536800
1777;1885;-108;10:54:50.536800
1776;1883;-107;10:54:50.536800
1774;1880;-106;10:54:50.536800
1776;1879;-103;10:54:50.536800
1774;1880;-106;10:54:50.536800
1771;1879;-108;10:54:50.536800
1770;1876;-106;10:54:50.536800
1772;1876;-104;10:54:50.536800
1770;1875;-105;10:54:50.536800
1767;1873;-106;10:54:50.536800
1768;1878;-110;10:54:50.536800
1767;1874;-107;10:54:50.536800
1770;1872;-102;10:54:50.536800
1767;1872;-105;10:54:50.536800
1768;1874;-106;10:54:50.536800
1767;1873;-106;10:54:50.536800
1766;1877;-111;10:54:50.536800
1768;1877;-109;10:54:50.536800
1766;1877;-111;10:54:50.536800
1766;1876;-110;10:54:50.536800
1766;1875;-109;10:54:50.536800
1768;1881;-113;10:54:50.536800
1769;1879;-110;10:54:50.536800
1769;1881;-112;10:54:50.536800
1770;1879;-109;10:54:50.536800
1773;1880;-107;10:54:50.536800
1773;1879;-106;10:54:50.536800
1775;1878;-103;10:54:50.536800
1775;1876;-101;10:54:50.536800
1773;1875;-102;10:54:50.536800
1773;1878;-105;10:54:50.536800
1772;1877;-105;10:54:50.536800
1773;1876;-103;10:54:50.536800
1772;1880;-108;10:54:50.536800
1771;1876;-105;10:54:50.536800
1768;1874;-106;10:54:50.536800
1767;1873;-106;10:54:50.536800
1764;1873;-109;10:54:50.536800
1761;1869;-108;10:54:50.536800
1761;1870;-109;10:54:50.536800
1760;1869;-109;10:54:50.536800
1760;1867;-107;10:54:50.536800
1758;1866;-108;10:54:50.536800
1756;1866;-110;10:54:50.536800
1753;1864;-111;10:54:50.536800
1755;1865;-110;10:54:50.536800
1754;1861;-107;10:54:50.536800
1753;1865;-112;10:54:50.536800
1754;1861;-107;10:54:50.536800
1754;1864;-110;10:54:50.536800
1752;1864;-112;10:54:50.536800
1752;1866;-114;10:54:50.536800
1755;1866;-111;10:54:50.536800
1754;1868;-114;10:54:50.536800
1754;1867;-113;10:54:50.536800
1753;1867;-114;10:54:50.536800
1755;1868;-113;10:54:50.536800
1756;1868;-112;10:54:50.536800
1755;1867;-112;10:54:50.536800
1754;1865;-111;10:54:50.536800
1755;1866;-111;10:54:50.536800
1756;1864;-108;10:54:50.536800
1756;1864;-108;10:54:50.536800
1754;1865;-111;10:54:50.536800
1755;1864;-109;10:54:50.536800
1752;1864;-112;10:54:50.536800
1753;1862;-109;10:54:50.536800
1750;1861;-111;10:54:50.536800
1749;1862;-113;10:54:50.536800
1749;1858;-109;10:54:50.536800
1749;1859;-110;10:54:50.536800
1748;1857;-109;10:54:50.536800
1748;1856;-108;10:54:50.536800
1750;1855;-105;10:54:50.536800
1746;1853;-107;10:54:50.536800
1744;1851;-107;10:54:50.536800
1745;1850;-105;10:54:50.536800
1743;1849;-106;10:54:50.536800
1742;1851;-109;10:54:50.536800
1742;1856;-114;10:54:50.536800
1744;1857;-113;10:54:50.536800
1744;1856;-112;10:54:50.536800
1746;1854;-108;10:54:50.536800
1743;1854;-111;10:54:50.536800
1742;1851;-109;10:54:50.536800
1743;1853;-110;10:54:50.536800
1741;1852;-111;10:54:50.536800
1743;1852;-109;10:54:50.536800
1744;1852;-108;10:54:50.536800
1743;1853;-110;10:54:50.536800
1744;1857;-113;10:54:50.536800
1743;1857;-114;10:54:50.536800
1744;1857;-113;10:54:50.536800
1747;1858;-111;10:54:50.536800
1750;1856;-106;10:54:50.536800
1750;1859;-109;10:54:50.536800
1749;1855;-106;10:54:50.536800
1748;1856;-108;10:54:50.536800
1747;1856;-109;10:54:50.536800
1748;1858;-110;10:54:50.536800
1749;1857;-108;10:54:50.536800
1748;1855;-107;10:54:50.536800
1751;1859;-108;10:54:50.536800
1749;1855;-106;10:54:50.536800
1747;1857;-110;10:54:50.536800
1750;1858;-108;10:54:50.536800
1750;1856;-106;10:54:50.536800
1749;1855;-106;10:54:50.536800
1748;1856;-108;10:54:50.536800
1748;1854;-106;10:54:50.536800
1746;1855;-109;10:54:50.536800
1742;1854;-112;10:54:50.536800
1746;1852;-106;10:54:50.536800
1744;1852;-108;10:54:50.536800
1744;1853;-109;10:54:50.536800
1745;1853;-108;10:54:50.536800
1745;1854;-109;10:54:50.536800
1746;1854;-108;10:54:50.536800
1748;1856;-108;10:54:50.536800
1749;1857;-108;10:54:50.536800
1749;1856;-107;10:54:50.536800
1749;1855;-106;10:54:50.536800
1751;1857;-106;10:54:50.536800
1752;1859;-107;10:54:50.536800
1752;1860;-108;10:54:50.536800
1757;1866;-109;10:54:50.536800
1757;1866;-109;10:54:50.536800
1762;1869;-107;10:54:50.536800
1762;1869;-107;10:54:50.536800
1764;1871;-107;10:54:50.536800
1766;1870;-104;10:54:50.536800
1767;1875;-108;10:54:50.536800
1770;1874;-104;10:54:50.536800
1770;1875;-105;10:54:50.536800
1771;1877;-106;10:54:50.536800
1771;1880;-109;10:54:50.536800
1771;1878;-107;10:54:50.536800
1769;1876;-107;10:54:50.536800
1774;1878;-104;10:54:50.536800
1773;1876;-103;10:54:50.536800
1771;1876;-105;10:54:50.536800
1770;1875;-105;10:54:50.536800
1770;1875;-105;10:54:50.536800
1776;1876;-100;10:54:50.536800
1774;1875;-101;10:54:50.536800
1771;1875;-104;10:54:50.536800
1771;1877;-106;10:54:50.536800
1769;1878;-109;10:54:50.536800
1771;1876;-105;10:54:50.536800
1770;1879;-109;10:54:50.536800
1773;1878;-105;10:54:50.536800
1772;1881;-109;10:54:50.536800
1773;1881;-108;10:54:50.536800
1776;1882;-106;10:54:50.536800
1776;1883;-107;10:54:50.536800
1779;1884;-105;10:54:50.536800
1780;1884;-104;10:54:50.536800
1780;1884;-104;10:54:50.536800
1778;1882;-104;10:54:50.536800
1777;1883;-106;10:54:50.536800
1778;1885;-107;10:54:50.536800
1778;1883;-105;10:54:50.536800
1775;1887;-112;10:54:50.536800
1777;1884;-107;10:54:50.536800
1777;1888;-111;10:54:50.536800
1776;1882;-106;10:54:50.536800
1775;1881;-106;10:54:50.536800
1776;1881;-105;10:54:50.536800
1776;1878;-102;10:54:50.536800
1774;1880;-106;10:54:50.536800
1773;1880;-107;10:54:50.536800
1773;1880;-107;10:54:50.536800
1773;1880;-107;10:54:50.536800
1774;1881;-107;10:54:50.536800
1773;1882;-109;10:54:50.536800
1772;1884;-112;10:54:50.536800
1773;1884;-111;10:54:50.536800
1774;1884;-110;10:54:50.536800
1772;1879;-107;10:54:50.536800
1775;1879;-104;10:54:50.536800
1771;1882;-111;10:54:50.536800
1767;1880;-113;10:54:50.536800
1766;1879;-113;10:54:50.536800
1767;1876;-109;10:54:50.536800
1764;1874;-110;10:54:50.536800
1763;1877;-114;10:54:50.536800
1766;1876;-110;10:54:50.536800
1766;1876;-110;10:54:50.536800
1764;1876;-112;10:54:50.536800
1766;1873;-107;10:54:50.536800
1765;1874;-109;10:54:50.536800
1761;1876;-115;10:54:50.536800
1760;1872;-112;10:54:50.536800
1761;1875;-114;10:54:50.536800
1758;1872;-114;10:54:50.536800
1762;1868;-106;10:54:50.536800
1759;1869;-110;10:54:50.536800
1756;1870;-114;10:54:50.536800
1758;1869;-111;10:54:50.536800
1757;1869;-112;10:54:50.536800
1759;1870;-111;10:54:50.536800
1757;1870;-113;10:54:50.536800
1756;1871;-115;10:54:50.536800
1755;1872;-117;10:54:50.536800
1756;1875;-119;10:54:50.536800
1757;1875;-118;10:54:50.536800
1759;1873;-114;10:54:50.536800
1760;1874;-114;10:54:50.536800
1762;1873;-111;10:54:50.536800
1763;1873;-110;10:54:50.536800
1764;1876;-112;10:54:50.536800
1761;1872;-111;10:54:50.536800
1762;1874;-112;10:54:50.536800
1763;1871;-108;10:54:50.536800
1761;1872;-111;10:54:50.536800
1758;1871;-113;10:54:50.536800
1763;1870;-107;10:54:50.536800
1758;1870;-112;10:54:50.536800
1756;1869;-113;10:54:50.536800
1755;1867;-112;10:54:50.536800
1752;1868;-116;10:54:50.536800
1750;1865;-115;10:54:50.536800
1748;1863;-115;10:54:50.536800
1749;1864;-115;10:54:50.536800
1747;1862;-115;10:54:50.536800
1747;1860;-113;10:54:50.536800
1746;1860;-114;10:54:50.536800
1740;1856;-116;10:54:50.536800
1740;1857;-117;10:54:50.536800
1741;1856;-115;10:54:50.536800
1744;1858;-114;10:54:50.536800
1741;1858;-117;10:54:50.536800
1739;1857;-118;10:54:50.536800
1741;1858;-117;10:54:50.536800
1738;1856;-118;10:54:50.536800
1741;1853;-112;10:54:50.536800
1740;1856;-116;10:54:50.536800
1738;1855;-117;10:54:50.536800
1740;1859;-119;10:54:50.536800
1743;1860;-117;10:54:50.536800
1748;1860;-112;10:54:50.536800
1747;1856;-109;10:54:50.536800
1746;1857;-111;10:54:50.536800
1749;1861;-112;10:54:50.536800
1744;1859;-115;10:54:50.536800
1745;1860;-115;10:54:50.536800
1747;1858;-111;10:54:50.536800
1747;1861;-114;10:54:50.536800
1747;1860;-113;10:54:50.536800
1748;1859;-111;10:54:50.536800
1744;1860;-116;10:54:50.536800
1744;1859;-115;10:54:50.536800
1741;1858;-117;10:54:50.536800
1742;1855;-113;10:54:50.536800
1737;1850;-113;10:54:50.536800
1737;1852;-115;10:54:50.536800
1736;1849;-113;10:54:50.536800
1734;1847;-113;10:54:50.536800
1733;1847;-114;10:54:50.536800
1733;1845;-112;10:54:50.536800
1735;1844;-109;10:54:50.536800
1734;1845;-111;10:54:50.536800
1733;1845;-112;10:54:50.536800
1733;1843;-110;10:54:50.536800
1732;1844;-112;10:54:50.536800
1728;1844;-116;10:54:50.536800
1729;1848;-119;10:54:50.536800
1725;1847;-122;10:54:50.536800
1726;1849;-123;10:54:50.536800
1730;1848;-118;10:54:50.536800
1734;1853;-119;10:54:50.536800
1737;1851;-114;10:54:50.536800
1737;1851;-114;10:54:50.536800
1736;1850;-114;10:54:50.536800
1735;1853;-118;10:54:50.536800
1735;1846;-111;10:54:50.536800
1735;1852;-117;10:54:50.536800
1734;1851;-117;10:54:50.536800
1733;1855;-122;10:54:50.536800
1734;1852;-118;10:54:50.536800
1733;1852;-119;10:54:50.536800
1734;1852;-118;10:54:50.536800
1736;1852;-116;10:54:50.536800
1737;1854;-117;10:54:50.536800
1737;1850;-113;10:54:50.536800
1737;1851;-114;10:54:50.536800
1735;1851;-116;10:54:50.536800
1736;1851;-115;10:54:50.536800
1735;1850;-115;10:54:50.536800
1735;1850;-115;10:54:50.536800
1734;1851;-117;10:54:50.536800
1735;1848;-113;10:54:50.536800
1735;1849;-114;10:54:50.536800
1733;1851;-118;10:54:50.536800
1734;1851;-117;10:54:50.536800
1734;1854;-120;10:54:50.536800
1736;1855;-119;10:54:50.536800
1736;1851;-115;10:54:50.536800
1735;1851;-116;10:54:50.536800
1735;1851;-116;10:54:50.536800
1735;1852;-117;10:54:50.536800
1736;1853;-117;10:54:50.536800
1737;1852;-115;10:54:50.536800
1738;1851;-113;10:54:50.536800
1737;1853;-116;10:54:50.536800
1738;1854;-116;10:54:50.536800
1735;1854;-119;10:54:50.536800
1736;1853;-117;10:54:50.536800
1739;1852;-113;10:54:50.536800
1739;1853;-114;10:54:50.536800
1741;1854;-113;10:54:50.536800
1746;1857;-111;10:54:50.536800
1746;1863;-117;10:54:50.536800
1745;1864;-119;10:54:50.536800
1751;1866;-115;10:54:50.536800
1750;1871;-121;10:54:50.536800
1752;1872;-120;10:54:50.536800
1755;1868;-113;10:54:50.536800
1755;1871;-116;10:54:50.536800
1761;1872;-111;10:54:50.536800
1763;1875;-112;10:54:50.536800
1764;1874;-110;10:54:50.536800
1767;1874;-107;10:54:50.536800
1768;1878;-110;10:54:50.536800
1768;1879;-111;10:54:50.536800
1769;1877;-108;10:54:50.536800
1769;1880;-111;10:54:50.536800
1768;1882;-114;10:54:50.536800
1769;1882;-113;10:54:50.536800
1770;1882;-112;10:54:50.536800
1772;1880;-108;10:54:50.536800
1772;1880;-108;10:54:50.536800
1774;1881;-107;10:54:50.536800
1771;1880;-109;10:54:50.536800
1771;1879;-108;10:54:50.536800
1769;1880;-111;10:54:50.536800
1770;1880;-110;10:54:50.536800
1771;1882;-111;10:54:50.536800
1770;1882;-112;10:54:50.536800
1773;1880;-107;10:54:50.536800
1770;1882;-112;10:54:50.536800
1770;1883;-113;10:54:50.536800
1769;1883;-114;10:54:50.536800
1769;1883;-114;10:54:50.536800
1769;1882;-113;10:54:50.536800
1766;1884;-118;10:54:50.536800
1765;1880;-115;10:54:50.536800
1768;1882;-114;10:54:50.536800
1767;1880;-113;10:54:50.536800
1766;1879;-113;10:54:50.536800
1770;1877;-107;10:54:50.536800
1768;1880;-112;10:54:50.536800
1767;1882;-115;10:54:50.536800
1767;1881;-114;10:54:50.536800
1772;1886;-114;10:54:50.536800
1774;1886;-112;10:54:50.536800
1777;1884;-107;10:54:50.536800
1779;1888;-109;10:54:50.536800
1779;1890;-111;10:54:50.536800
1779;1888;-109;10:54:50.536800
1779;1889;-110;10:54:50.536800
1781;1889;-108;10:54:50.536800
1777;1889;-112;10:54:50.536800
1777;1888;-111;10:54:50.536800
1773;1887;-114;10:54:50.536800
1772;1883;-111;10:54:50.536800
1772;1881;-109;10:54:50.536800
1771;1881;-110;10:54:50.536800
1770;1878;-108;10:54:50.536800
1768;1875;-107;10:54:50.536800
1763;1872;-109;10:54:50.536800
1760;1872;-112;10:54:50.536800
1757;1869;-112;10:54:50.536800
1754;1866;-112;10:54:50.536800
1756;1863;-107;10:54:50.536800
1754;1864;-110;10:54:50.536800
1751;1861;-110;10:54:50.536800
1752;1866;-114;10:54:50.536800
1751;1865;-114;10:54:50.536800
1753;1866;-113;10:54:50.536800
1755;1869;-114;10:54:50.624010
1755;1865;-110;10:54:50.624010
1753;1866;-113;10:54:50.624010
1755;1869;-114;10:54:50.624010
1756;1872;-116;10:54:50.624010
1755;1867;-112;10:54:50.624010
1759;1872;-113;10:54:50.624010
1758;1873;-115;10:54:50.624010
1759;1873;-114;10:54:50.624010
1757;1874;-117;10:54:50.624010
1759;1874;-115;10:54:50.624010
1760;1878;-118;10:54:50.624010
1760;1877;-117;10:54:50.624010
1759;1873;-114;10:54:50.624010
1757;1875;-118;10:54:50.624010
1757;1873;-116;10:54:50.624010
1759;1872;-113;10:54:50.624010
1757;1869;-112;10:54:50.624010
1756;1865;-109;10:54:50.624010
1756;1862;-106;10:54:50.624010
1756;1862;-106;10:54:50.624010
1750;1860;-110;10:54:50.624010
1748;1859;-111;10:54:50.624010
1746;1861;-115;10:54:50.624010
1742;1861;-119;10:54:50.624010
1739;1860;-121;10:54:50.624010
1738;1858;-120;10:54:50.624010
1738;1856;-118;10:54:50.624010
1738;1852;-114;10:54:50.624010
1739;1851;-112;10:54:50.624010
1738;1850;-112;10:54:50.624010
1738;1852;-114;10:54:50.624010
1738;1851;-113;10:54:50.624010
1738;1848;-110;10:54:50.624010
1735;1852;-117;10:54:50.624010
1733;1852;-119;10:54:50.624010
1735;1852;-117;10:54:50.624010
1731;1850;-119;10:54:50.624010
1731;1849;-118;10:54:50.624010
1731;1852;-121;10:54:50.624010
1732;1852;-120;10:54:50.624010
1735;1850;-115;10:54:50.624010
1735;1848;-113;10:54:50.624010
1736;1851;-115;10:54:50.624010
1738;1848;-110;10:54:50.624010
1737;1851;-114;10:54:50.624010
1738;1851;-113;10:54:50.624010
1738;1850;-112;10:54:50.624010
1737;1848;-111;10:54:50.624010
1738;1850;-112;10:54:50.624010
1739;1851;-112;10:54:50.624010
1737;1853;-116;10:54:50.624010
1738;1857;-119;10:54:50.624010
1741;1856;-115;10:54:50.624010
1737;1858;-121;10:54:50.624010
1739;1855;-116;10:54:50.624010
1738;1855;-117;10:54:50.624010
1738;1851;-113;10:54:50.624010
1735;1849;-114;10:54:50.624010
1739;1846;-107;10:54:50.624010
1735;1846;-111;10:54:50.624010
1734;1846;-112;10:54:50.624010
1736;1845;-109;10:54:50.624010
1733;1845;-112;10:54:50.624010
1730;1844;-114;10:54:50.624010
1729;1844;-115;10:54:50.624010
1730;1841;-111;10:54:50.624010
1729;1842;-113;10:54:50.624010
1731;1840;-109;10:54:50.624010
1728;1840;-112;10:54:50.624010
1726;1841;-115;10:54:50.624010
1728;1844;-116;10:54:50.624010
1729;1845;-116;10:54:50.624010
1729;1847;-118;10:54:50.624010
1728;1846;-118;10:54:50.624010
1727;1847;-120;10:54:50.624010
1727;1847;-120;10:54:50.624010
1727;1849;-122;10:54:50.624010
1725;1846;-121;10:54:50.624010
1726;1849;-123;10:54:50.624010
1731;1851;-120;10:54:50.624010
1730;1851;-121;10:54:50.624010
1733;1851;-118;10:54:50.624010
1734;1853;-119;10:54:50.624010
1736;1855;-119;10:54:50.624010
1738;1856;-118;10:54:50.624010
1738;1855;-117;10:54:50.624010
1739;1858;-119;10:54:50.624010
1740;1858;-118;10:54:50.624010
1742;1858;-116;10:54:50.624010
1743;1861;-118;10:54:50.624010
1743;1861;-118;10:54:50.624010
1745;1864;-119;10:54:50.624010
1750;1866;-116;10:54:50.624010
1753;1863;-110;10:54:50.624010
1753;1866;-113;10:54:50.624010
1751;1866;-115;10:54:50.624010
1753;1869;-116;10:54:50.624010
1755;1868;-113;10:54:50.624010
1755;1871;-116;10:54:50.624010
1753;1869;-116;10:54:50.624010
1757;1872;-115;10:54:50.624010
1754;1872;-118;10:54:50.624010
1755;1869;-114;10:54:50.624010
1756;1870;-114;10:54:50.624010
1758;1873;-115;10:54:50.624010
1757;1871;-114;10:54:50.624010
1758;1870;-112;10:54:50.624010
1762;1871;-109;10:54:50.624010
1761;1872;-111;10:54:50.624010
1760;1871;-111;10:54:50.624010
1760;1871;-111;10:54:50.624010
1761;1873;-112;10:54:50.624010
1758;1874;-116;10:54:50.624010
1761;1874;-113;10:54:50.624010
1762;1874;-112;10:54:50.624010
1762;1878;-116;10:54:50.624010
1763;1878;-115;10:54:50.624010
1768;1881;-113;10:54:50.624010
1769;1884;-115;10:54:50.624010
1772;1884;-112;10:54:50.624010
1772;1885;-113;10:54:50.624010
1775;1886;-111;10:54:50.624010
1776;1889;-113;10:54:50.624010
1777;1889;-112;10:54:50.624010
1779;1889;-110;10:54:50.624010
1780;1892;-112;10:54:50.624010
1778;1894;-116;10:54:50.624010
1781;1892;-111;10:54:50.624010
1779;1890;-111;10:54:50.624010
1776;1887;-111;10:54:50.624010
1777;1886;-109;10:54:50.624010
1778;1886;-108;10:54:50.624010
1776;1881;-105;10:54:50.624010
1778;1880;-102;10:54:50.624010
1775;1879;-104;10:54:50.624010
1771;1880;-109;10:54:50.624010
1769;1879;-110;10:54:50.624010
1768;1877;-109;10:54:50.624010
1769;1876;-107;10:54:50.624010
1767;1875;-108;10:54:50.624010
1768;1875;-107;10:54:50.624010
1766;1876;-110;10:54:50.624010
1766;1877;-111;10:54:50.624010
1765;1879;-114;10:54:50.624010
1766;1879;-113;10:54:50.624010
1767;1880;-113;10:54:50.624010
1764;1878;-114;10:54:50.624010
1766;1882;-116;10:54:50.624010
1765;1881;-116;10:54:50.624010
1765;1883;-118;10:54:50.624010
1764;1881;-117;10:54:50.624010
1765;1881;-116;10:54:50.624010
1768;1879;-111;10:54:50.624010
1768;1879;-111;10:54:50.624010
1770;1880;-110;10:54:50.624010
1770;1881;-111;10:54:50.624010
1771;1879;-108;10:54:50.624010
1769;1880;-111;10:54:50.624010
1766;1880;-114;10:54:50.624010
1769;1877;-108;10:54:50.624010
1770;1879;-109;10:54:50.624010
1772;1882;-110;10:54:50.624010
1771;1881;-110;10:54:50.624010
1771;1882;-111;10:54:50.624010
1773;1880;-107;10:54:50.624010
1772;1882;-110;10:54:50.624010
1769;1882;-113;10:54:50.624010
1771;1882;-111;10:54:50.624010
1770;1882;-112;10:54:50.624010
1774;1878;-104;10:54:50.624010
1769;1878;-109;10:54:50.624010
1769;1877;-108;10:54:50.624010
1767;1875;-108;10:54:50.624010
1766;1874;-108;10:54:50.624010
1765;1871;-106;10:54:50.624010
1764;1871;-107;10:54:50.624010
1760;1870;-110;10:54:50.624010
1759;1868;-109;10:54:50.624010
1755;1868;-113;10:54:50.624010
1756;1865;-109;10:54:50.624010
1756;1866;-110;10:54:50.624010
1752;1865;-113;10:54:50.624010
1752;1864;-112;10:54:50.624010
1754;1863;-109;10:54:50.624010
1752;1863;-111;10:54:50.624010
1754;1865;-111;10:54:50.624010
1756;1862;-106;10:54:50.624010
1755;1866;-111;10:54:50.624010
1755;1866;-111;10:54:50.624010
1755;1868;-113;10:54:50.624010
1757;1868;-111;10:54:50.624010
1757;1870;-113;10:54:50.624010
1757;1873;-116;10:54:50.624010
1757;1873;-116;10:54:50.624010
1757;1870;-113;10:54:50.624010
1756;1868;-112;10:54:50.624010
1756;1870;-114;10:54:50.624010
1751;1865;-114;10:54:50.624010
1751;1863;-112;10:54:50.624010
1751;1861;-110;10:54:50.624010
1752;1859;-107;10:54:50.624010
1751;1857;-106;10:54:50.624010
1749;1856;-107;10:54:50.624010
1746;1857;-111;10:54:50.624010
1744;1856;-112;10:54:50.624010
1743;1854;-111;10:54:50.624010
1743;1854;-111;10:54:50.624010
1742;1853;-111;10:54:50.624010
1743;1852;-109;10:54:50.624010
1741;1852;-111;10:54:50.624010
1739;1852;-113;10:54:50.624010
1737;1850;-113;10:54:50.624010
1738;1849;-111;10:54:50.624010
1737;1851;-114;10:54:50.624010
1736;1848;-112;10:54:50.624010
1737;1849;-112;10:54:50.624010
1734;1851;-117;10:54:50.624010
1736;1848;-112;10:54:50.624010
1734;1847;-113;10:54:50.624010
1735;1845;-110;10:54:50.624010
1732;1847;-115;10:54:50.624010
1732;1847;-115;10:54:50.624010
1730;1844;-114;10:54:50.624010
1728;1847;-119;10:54:50.624010
1729;1845;-116;10:54:50.624010
1733;1846;-113;10:54:50.624010
1733;1845;-112;10:54:50.624010
1733;1844;-111;10:54:50.624010
1735;1846;-111;10:54:50.624010
1735;1849;-114;10:54:50.624010
1735;1849;-114;10:54:50.624010
1735;1851;-116;10:54:50.624010
1738;1852;-114;10:54:50.624010
1736;1854;-118;10:54:50.624010
1736;1849;-113;10:54:50.624010
1737;1853;-116;10:54:50.624010
1739;1853;-114;10:54:50.624010
1744;1852;-108;10:54:50.624010
1741;1852;-111;10:54:50.624010
1742;1853;-111;10:54:50.624010
1740;1851;-111;10:54:50.624010
1739;1853;-114;10:54:50.624010
1737;1852;-115;10:54:50.624010
1735;1852;-117;10:54:50.624010
1736;1854;-118;10:54:50.624010
1737;1853;-116;10:54:50.624010
1735;1851;-116;10:54:50.624010
1738;1849;-111;10:54:50.624010
1740;1849;-109;10:54:50.624010
1741;1849;-108;10:54:50.624010
1739;1850;-111;10:54:50.624010
1741;1850;-109;10:54:50.624010
1743;1853;-110;10:54:50.624010
1743;1854;-111;10:54:50.624010
1741;1859;-118;10:54:50.625003
1741;1858;-117;10:54:50.625003
1744;1858;-114;10:54:50.625003
1746;1861;-115;10:54:50.625003
1748;1860;-112;10:54:50.625003
1748;1861;-113;10:54:50.625003
1750;1864;-114;10:54:50.625003
1753;1866;-113;10:54:50.625003
1751;1867;-116;10:54:50.625003
1751;1869;-118;10:54:50.625003
1756;1870;-114;10:54:50.625003
1756;1870;-114;10:54:50.625003
1756;1869;-113;10:54:50.625003
1759;1871;-112;10:54:50.625003
1759;1874;-115;10:54:50.625003
1761;1873;-112;10:54:50.625003
1762;1872;-110;10:54:50.625003
1763;1873;-110;10:54:50.625003
1762;1876;-114;10:54:50.625003
1765;1880;-115;10:54:50.625003
1767;1880;-113;10:54:50.625003
1768;1879;-111;10:54:50.625003
1770;1879;-109;10:54:50.625003
1772;1880;-108;10:54:50.625003
1774;1878;-104;10:54:50.625003
1770;1879;-109;10:54:50.625003
1771;1881;-110;10:54:50.625003
1775;1883;-108;10:54:50.625003
1774;1883;-109;10:54:50.625003
1772;1882;-110;10:54:50.625003
1771;1883;-112;10:54:50.625003
1771;1885;-114;10:54:50.625003
1769;1883;-114;10:54:50.625003
1769;1882;-113;10:54:50.625003
1769;1882;-113;10:54:50.625003
1770;1882;-112;10:54:50.625003
1769;1881;-112;10:54:50.625003
1770;1882;-112;10:54:50.625003
1770;1880;-110;10:54:50.625003
1774;1883;-109;10:54:50.625003
1774;1883;-109;10:54:50.625003
1773;1884;-111;10:54:50.625003
1772;1881;-109;10:54:50.625003
1774;1884;-110;10:54:50.625003
1774;1887;-113;10:54:50.625003
1775;1886;-111;10:54:50.625003
1778;1889;-111;10:54:50.625003
1778;1892;-114;10:54:50.625003
1779;1893;-114;10:54:50.625003
1781;1894;-113;10:54:50.625003
1780;1894;-114;10:54:50.625003
1782;1896;-114;10:54:50.625003
1783;1895;-112;10:54:50.625003
1783;1894;-111;10:54:50.625003
1785;1891;-106;10:54:50.625003
1783;1889;-106;10:54:50.625003
1782;1888;-106;10:54:50.625003
1781;1888;-107;10:54:50.625003
1778;1889;-111;10:54:50.625003
1777;1886;-109;10:54:50.625003
1775;1886;-111;10:54:50.625003
1774;1888;-114;10:54:50.625003
1772;1886;-114;10:54:50.625003
1773;1880;-107;10:54:50.625003
1772;1880;-108;10:54:50.625003
1775;1877;-102;10:54:50.625003
1770;1878;-108;10:54:50.625003
1769;1878;-109;10:54:50.625003
1766;1878;-112;10:54:50.625003
1766;1876;-110;10:54:50.625003
1766;1877;-111;10:54:50.625003
1766;1875;-109;10:54:50.625003
1767;1875;-108;10:54:50.625003
1765;1876;-111;10:54:50.625003
1767;1877;-110;10:54:50.625003
1766;1877;-111;10:54:50.625003
1767;1878;-111;10:54:50.625003
1768;1880;-112;10:54:50.625003
1770;1878;-108;10:54:50.625003
1767;1879;-112;10:54:50.625003
1764;1876;-112;10:54:50.625003
1760;1878;-118;10:54:50.625003
1763;1877;-114;10:54:50.625003
1763;1876;-113;10:54:50.625003
1762;1875;-113;10:54:50.625003
1764;1875;-111;10:54:50.625003
1761;1876;-115;10:54:50.625003
1758;1871;-113;10:54:50.625003
1758;1873;-115;10:54:50.625003
1760;1872;-112;10:54:50.625003
1760;1871;-111;10:54:50.625003
1760;1871;-111;10:54:50.625003
1757;1874;-117;10:54:50.625003
1758;1874;-116;10:54:50.625003
1757;1875;-118;10:54:50.625003
1760;1873;-113;10:54:50.625003
1762;1872;-110;10:54:50.625003
1761;1872;-111;10:54:50.625003
1760;1873;-113;10:54:50.625003
1757;1874;-117;10:54:50.625003
1758;1874;-116;10:54:50.625003
1760;1873;-113;10:54:50.625003
1758;1871;-113;10:54:50.625003
1756;1871;-115;10:54:50.625003
1756;1869;-113;10:54:50.625003
1754;1868;-114;10:54:50.625003
1751;1867;-116;10:54:50.625003
1749;1865;-116;10:54:50.625003
1747;1864;-117;10:54:50.625003
1745;1861;-116;10:54:50.625003
1745;1859;-114;10:54:50.625003
1741;1858;-117;10:54:50.625003
1739;1856;-117;10:54:50.625003
1737;1855;-118;10:54:50.625003
1736;1853;-117;10:54:50.625003
1739;1853;-114;10:54:50.625003
1737;1850;-113;10:54:50.625003
1736;1848;-112;10:54:50.625003
1734;1847;-113;10:54:50.625003
1734;1849;-115;10:54:50.625003
1731;1849;-118;10:54:50.625003
1732;1853;-121;10:54:50.625003
1736;1854;-118;10:54:50.625003
1736;1857;-121;10:54:50.625003
1737;1856;-119;10:54:50.625003
1737;1856;-119;10:54:50.625003
1737;1858;-121;10:54:50.625003
1740;1855;-115;10:54:50.625003
1739;1856;-117;10:54:50.625003
1742;1857;-115;10:54:50.625003
1741;1853;-112;10:54:50.625003
1744;1853;-109;10:54:50.625003
1743;1854;-111;10:54:50.625003
1737;1850;-113;10:54:50.625003
1736;1849;-113;10:54:50.625003
1738;1849;-111;10:54:50.625003
1737;1849;-112;10:54:50.625003
1735;1850;-115;10:54:50.625003
1737;1853;-116;10:54:50.625003
1739;1855;-116;10:54:50.625003
1739;1852;-113;10:54:50.625003
1736;1853;-117;10:54:50.625003
1736;1849;-113;10:54:50.625003
1734;1848;-114;10:54:50.625003
1733;1848;-115;10:54:50.625003
1733;1845;-112;10:54:50.625003
1733;1843;-110;10:54:50.625003
1734;1846;-112;10:54:50.625003
1735;1847;-112;10:54:50.625003
1730;1848;-118;10:54:50.625003
1729;1846;-117;10:54:50.625003
1732;1845;-113;10:54:50.625003
1730;1846;-116;10:54:50.625003
1729;1838;-109;10:54:50.625003
1730;1846;-116;10:54:50.625003
1730;1845;-115;10:54:50.625003
1729;1845;-116;10:54:50.625003
1729;1843;-114;10:54:50.625003
1735;1845;-110;10:54:50.625003
1735;1849;-114;10:54:50.625003
1736;1850;-114;10:54:50.625003
1737;1852;-115;10:54:50.625003
1740;1854;-114;10:54:50.625003
1740;1852;-112;10:54:50.625003
1742;1856;-114;10:54:50.625003
1743;1855;-112;10:54:50.625003
1741;1854;-113;10:54:50.625003
1741;1857;-116;10:54:50.625003
1746;1858;-112;10:54:50.625003
1748;1860;-112;10:54:50.625003
1753;1865;-112;10:54:50.625003
1752;1863;-111;10:54:50.625003
1749;1865;-116;10:54:50.625003
1749;1863;-114;10:54:50.625003
1751;1863;-112;10:54:50.625003
1749;1864;-115;10:54:50.625003
1748;1865;-117;10:54:50.625003
1750;1863;-113;10:54:50.625003
1751;1860;-109;10:54:50.625003
1752;1863;-111;10:54:50.625003
1755;1859;-104;10:54:50.625003
1757;1862;-105;10:54:50.625003
1755;1861;-106;10:54:50.625003
1754;1862;-108;10:54:50.625003
1755;1866;-111;10:54:50.625003
1753;1867;-114;10:54:50.625003
1757;1869;-112;10:54:50.625003
1761;1873;-112;10:54:50.625003
1760;1873;-113;10:54:50.625003
1762;1877;-115;10:54:50.625003
1763;1879;-116;10:54:50.625003
1766;1878;-112;10:54:50.625003
1770;1879;-109;10:54:50.625003
1770;1879;-109;10:54:50.625003
1774;1882;-108;10:54:50.625003
1773;1883;-110;10:54:50.625003
1773;1888;-115;10:54:50.625003
1774;1885;-111;10:54:50.625003
1778;1888;-110;10:54:50.625003
1779;1885;-106;10:54:50.625003
1780;1888;-108;10:54:50.625003
1780;1887;-107;10:54:50.625003
1781;1890;-109;10:54:50.625003
1781;1890;-109;10:54:50.625003
1780;1887;-107;10:54:50.625003
1782;1890;-108;10:54:50.625003
1782;1888;-106;10:54:50.625003
1785;1889;-104;10:54:50.625003
1783;1893;-110;10:54:50.625003
1782;1888;-106;10:54:50.625003
1783;1888;-105;10:54:50.625003
1785;1885;-100;10:54:50.625003
1787;1886;-99;10:54:50.625003
1785;1885;-100;10:54:50.625003
1784;1884;-100;10:54:50.625003
1777;1885;-108;10:54:50.625003
1776;1885;-109;10:54:50.625003
1779;1884;-105;10:54:50.625003
1777;1885;-108;10:54:50.625003
1777;1882;-105;10:54:50.625003
1776;1881;-105;10:54:50.625003
1774;1884;-110;10:54:50.625003
1774;1882;-108;10:54:50.625003
1775;1880;-105;10:54:50.625003
1775;1878;-103;10:54:50.625003
1771;1878;-107;10:54:50.625003
1769;1881;-112;10:54:50.625003
1770;1878;-108;10:54:50.625003
1768;1876;-108;10:54:50.625003
1767;1874;-107;10:54:50.625003
1769;1875;-106;10:54:50.625003
1768;1876;-108;10:54:50.625003
1768;1876;-108;10:54:50.625003
1765;1878;-113;10:54:50.625003
1766;1881;-115;10:54:50.625003
1771;1883;-112;10:54:50.625003
1773;1881;-108;10:54:50.625003
1774;1882;-108;10:54:50.625003
1771;1883;-112;10:54:50.625003
1772;1882;-110;10:54:50.625003
1776;1884;-108;10:54:50.625003
1773;1882;-109;10:54:50.625003
1772;1883;-111;10:54:50.625003
1770;1881;-111;10:54:50.625003
1773;1882;-109;10:54:50.625003
1768;1882;-114;10:54:50.625003
1766;1881;-115;10:54:50.625003
1769;1877;-108;10:54:50.625003
1766;1877;-111;10:54:50.625003
1764;1870;-106;10:54:50.625003
1762;1870;-108;10:54:50.625003
1761;1870;-109;10:54:50.625003
1760;1869;-109;10:54:50.625003
1760;1868;-108;10:54:50.625003
1759;1868;-109;10:54:50.625003
1754;1868;-114;10:54:50.649943
1758;1867;-109;10:54:50.649943
1758;1868;-110;10:54:50.649943
1758;1866;-108;10:54:50.649943
1760;1866;-106;10:54:50.649943
1761;1869;-108;10:54:50.649943
1759;1870;-111;10:54:50.649943
1759;1873;-114;10:54:50.649943
1758;1874;-116;10:54:50.649943
1758;1874;-116;10:54:50.649943
1758;1873;-115;10:54:50.649943
1755;1870;-115;10:54:50.649943
1753;1871;-118;10:54:50.649943
1756;1869;-113;10:54:50.649943
1753;1868;-115;10:54:50.649943
1752;1867;-115;10:54:50.649943
1753;1865;-112;10:54:50.649943
1753;1864;-111;10:54:50.649943
1755;1866;-111;10:54:50.649943
1755;1866;-111;10:54:50.649943
1755;1866;-111;10:54:50.649943
1754;1866;-112;10:54:50.649943
1755;1864;-109;10:54:50.649943
1754;1863;-109;10:54:50.649943
1754;1864;-110;10:54:50.649943
1755;1865;-110;10:54:50.649943
1751;1867;-116;10:54:50.649943
1756;1869;-113;10:54:50.649943
1756;1867;-111;10:54:50.649943
1756;1868;-112;10:54:50.649943
1755;1867;-112;10:54:50.649943
1754;1861;-107;10:54:50.649943
1750;1858;-108;10:54:50.649943
1746;1856;-110;10:54:50.649943
1743;1856;-113;10:54:50.649943
1741;1854;-113;10:54:50.649943
1740;1851;-111;10:54:50.649943
1740;1853;-113;10:54:50.649943
1739;1855;-116;10:54:50.649943
1737;1852;-115;10:54:50.649943
1733;1850;-117;10:54:50.649943
1736;1846;-110;10:54:50.649943
1732;1846;-114;10:54:50.649943
1732;1845;-113;10:54:50.649943
1736;1845;-109;10:54:50.649943
1735;1844;-109;10:54:50.649943
1733;1841;-108;10:54:50.649943
1732;1846;-114;10:54:50.649943
1732;1846;-114;10:54:50.649943
1731;1848;-117;10:54:50.649943
1734;1848;-114;10:54:50.649943
1739;1853;-114;10:54:50.649943
1742;1853;-111;10:54:50.649943
1743;1856;-113;10:54:50.649943
1745;1856;-111;10:54:50.649943
1744;1859;-115;10:54:50.649943
1747;1857;-110;10:54:50.649943
1745;1857;-112;10:54:50.649943
1743;1855;-112;10:54:50.649943
1745;1859;-114;10:54:50.649943
1747;1859;-112;10:54:50.649943
1747;1857;-110;10:54:50.649943
1748;1855;-107;10:54:50.649943
1747;1856;-109;10:54:50.649943
1749;1853;-104;10:54:50.649943
1745;1854;-109;10:54:50.649943
1742;1852;-110;10:54:50.649943
1743;1852;-109;10:54:50.649943
1746;1854;-108;10:54:50.649943
1748;1854;-106;10:54:50.649943
1747;1853;-106;10:54:50.649943
1745;1852;-107;10:54:50.649943
1745;1857;-112;10:54:50.649943
1744;1857;-113;10:54:50.649943
1745;1854;-109;10:54:50.649943
1745;1853;-108;10:54:50.649943
1743;1851;-108;10:54:50.649943
1741;1852;-111;10:54:50.649943
1738;1851;-113;10:54:50.649943
1741;1854;-113;10:54:50.649943
1743;1850;-107;10:54:50.649943
1740;1850;-110;10:54:50.649943
1740;1852;-112;10:54:50.649943
1740;1854;-114;10:54:50.649943
1739;1856;-117;10:54:50.649943
1741;1856;-115;10:54:50.649943
1744;1855;-111;10:54:50.649943
1743;1856;-113;10:54:50.649943
1744;1859;-115;10:54:50.649943
1750;1861;-111;10:54:50.649943
1752;1862;-110;10:54:50.649943
1750;1860;-110;10:54:50.649943
1752;1862;-110;10:54:50.649943
1752;1867;-115;10:54:50.649943
1755;1868;-113;10:54:50.649943
1758;1865;-107;10:54:50.649943
1761;1869;-108;10:54:50.649943
1761;1871;-110;10:54:50.649943
1764;1874;-110;10:54:50.649943
1766;1874;-108;10:54:50.649943
1764;1875;-111;10:54:50.649943
1763;1876;-113;10:54:50.649943
1765;1876;-111;10:54:50.649943
1764;1876;-112;10:54:50.649943
1760;1870;-110;10:54:50.649943
1760;1873;-113;10:54:50.649943
1758;1873;-115;10:54:50.649943
1759;1869;-110;10:54:50.649943
1758;1867;-109;10:54:50.649943
1758;1866;-108;10:54:50.649943
1757;1867;-110;10:54:50.649943
1758;1864;-106;10:54:50.649943
1757;1864;-107;10:54:50.649943
1757;1868;-111;10:54:50.649943
1760;1872;-112;10:54:50.649943
1758;1868;-110;10:54:50.649943
1758;1870;-112;10:54:50.649943
1762;1877;-115;10:54:50.649943
1762;1874;-112;10:54:50.649943
1765;1876;-111;10:54:50.649943
1767;1879;-112;10:54:50.649943
1766;1880;-114;10:54:50.649943
1766;1882;-116;10:54:50.649943
1767;1880;-113;10:54:50.649943
1768;1881;-113;10:54:50.649943
1769;1883;-114;10:54:50.649943
1772;1886;-114;10:54:50.649943
1772;1884;-112;10:54:50.649943
1775;1887;-112;10:54:50.649943
1775;1885;-110;10:54:50.649943
1776;1887;-111;10:54:50.649943
1776;1887;-111;10:54:50.649943
1776;1888;-112;10:54:50.649943
1777;1890;-113;10:54:50.649943
1778;1890;-112;10:54:50.649943
1777;1892;-115;10:54:50.649943
1780;1888;-108;10:54:50.649943
1780;1888;-108;10:54:50.649943
1780;1887;-107;10:54:50.649943
1778;1884;-106;10:54:50.649943
1778;1885;-107;10:54:50.649943
1778;1882;-104;10:54:50.649943
1778;1884;-106;10:54:50.649943
1776;1887;-111;10:54:50.649943
1775;1885;-110;10:54:50.649943
1775;1886;-111;10:54:50.649943
1776;1882;-106;10:54:50.649943
1776;1883;-107;10:54:50.649943
1774;1879;-105;10:54:50.649943
1772;1880;-108;10:54:50.649943
1770;1881;-111;10:54:50.649943
1770;1878;-108;10:54:50.649943
1770;1879;-109;10:54:50.649943
1770;1876;-106;10:54:50.649943
1767;1878;-111;10:54:50.649943
1768;1877;-109;10:54:50.649943
1769;1879;-110;10:54:50.649943
1766;1877;-111;10:54:50.649943
1766;1876;-110;10:54:50.649943
1766;1877;-111;10:54:50.649943
1766;1878;-112;10:54:50.649943
1767;1878;-111;10:54:50.649943
1768;1879;-111;10:54:50.649943
1768;1879;-111;10:54:50.649943
1770;1880;-110;10:54:50.649943
1772;1881;-109;10:54:50.649943
1771;1881;-110;10:54:50.649943
1772;1882;-110;10:54:50.649943
1778;1883;-105;10:54:50.649943
1774;1881;-107;10:54:50.649943
1774;1879;-105;10:54:50.649943
1775;1880;-105;10:54:50.649943
1774;1881;-107;10:54:50.649943
1774;1881;-107;10:54:50.649943
1773;1882;-109;10:54:50.649943
1770;1880;-110;10:54:50.649943
1768;1876;-108;10:54:50.649943
1770;1877;-107;10:54:50.649943
1768;1874;-106;10:54:50.649943
1763;1871;-108;10:54:50.649943
1764;1867;-103;10:54:50.649943
1762;1866;-104;10:54:50.649943
1760;1865;-105;10:54:50.649943
1756;1864;-108;10:54:50.649943
1753;1866;-113;10:54:50.649943
1751;1867;-116;10:54:50.649943
1753;1862;-109;10:54:50.649943
1751;1863;-112;10:54:50.649943
1752;1863;-111;10:54:50.649943
1755;1865;-110;10:54:50.649943
1751;1864;-113;10:54:50.649943
1750;1865;-115;10:54:50.649943
1750;1863;-113;10:54:50.649943
1749;1861;-112;10:54:50.649943
1748;1862;-114;10:54:50.649943
1750;1862;-112;10:54:50.649943
1748;1861;-113;10:54:50.649943
1746;1859;-113;10:54:50.649943
1747;1859;-112;10:54:50.649943
1746;1859;-113;10:54:50.649943
1748;1857;-109;10:54:50.649943
1749;1859;-110;10:54:50.649943
1746;1861;-115;10:54:50.649943
1745;1857;-112;10:54:50.649943
1747;1858;-111;10:54:50.649943
1748;1857;-109;10:54:50.649943
1748;1856;-108;10:54:50.649943
1748;1855;-107;10:54:50.649943
1746;1860;-114;10:54:50.649943
1746;1856;-110;10:54:50.649943
1746;1857;-111;10:54:50.649943
1743;1854;-111;10:54:50.649943
1742;1855;-113;10:54:50.649943
1742;1852;-110;10:54:50.649943
1742;1853;-111;10:54:50.649943
1741;1851;-110;10:54:50.649943
1743;1851;-108;10:54:50.649943
1743;1850;-107;10:54:50.649943
1744;1847;-103;10:54:50.649943
1739;1848;-109;10:54:50.649943
1741;1850;-109;10:54:50.649943
1739;1851;-112;10:54:50.649943
1743;1846;-103;10:54:50.649943
1740;1847;-107;10:54:50.649943
1741;1848;-107;10:54:50.649943
1741;1850;-109;10:54:50.649943
1740;1849;-109;10:54:50.649943
1739;1851;-112;10:54:50.649943
1738;1850;-112;10:54:50.649943
1741;1849;-108;10:54:50.649943
1742;1849;-107;10:54:50.649943
1739;1848;-109;10:54:50.649943
1739;1847;-108;10:54:50.649943
1738;1850;-112;10:54:50.649943
1738;1850;-112;10:54:50.649943
1741;1850;-109;10:54:50.649943
1740;1854;-114;10:54:50.649943
1740;1855;-115;10:54:50.649943
1741;1854;-113;10:54:50.649943
1741;1853;-112;10:54:50.649943
1743;1854;-111;10:54:50.649943
1744;1856;-112;10:54:50.649943
1747;1857;-110;10:54:50.649943
1748;1859;-111;10:54:50.649943
1750;1857;-107;10:54:50.649943
1751;1860;-109;10:54:50.649943
1754;1859;-105;10:54:50.649943
1752;1858;-106;10:54:50.649943
1749;1857;-108;10:54:50.649943
1751;1857;-106;10:54:50.649943
1748;1857;-109;10:54:50.649943
1749;1856;-107;10:54:50.649943
1749;1859;-110;10:54:50.649943
1747;1861;-114;10:54:50.649943
1747;1860;-113;10:54:50.649943
1748;1859;-111;10:54:50.650933
1751;1857;-106;10:54:50.650933
1750;1860;-110;10:54:50.650933
1749;1857;-108;10:54:50.650933
1749;1855;-106;10:54:50.650933
1750;1859;-109;10:54:50.650933
1750;1860;-110;10:54:50.650933
1750;1861;-111;10:54:50.650933
1750;1862;-112;10:54:50.650933
1752;1863;-111;10:54:50.650933
1750;1860;-110;10:54:50.650933
1756;1861;-105;10:54:50.650933
1755;1865;-110;10:54:50.650933
1753;1866;-113;10:54:50.650933
1756;1867;-111;10:54:50.650933
1757;1870;-113;10:54:50.650933
1755;1867;-112;10:54:50.650933
1757;1873;-116;10:54:50.650933
1761;1870;-109;10:54:50.650933
1762;1872;-110;10:54:50.650933
1762;1873;-111;10:54:50.650933
1769;1875;-106;10:54:50.650933
1767;1875;-108;10:54:50.650933
1770;1877;-107;10:54:50.650933
1772;1879;-107;10:54:50.650933
1769;1878;-109;10:54:50.650933
1773;1883;-110;10:54:50.650933
1772;1884;-112;10:54:50.650933
1773;1885;-112;10:54:50.650933
1775;1885;-110;10:54:50.650933
1776;1884;-108;10:54:50.650933
1774;1887;-113;10:54:50.650933
1773;1887;-114;10:54:50.650933
1775;1884;-109;10:54:50.650933
1773;1883;-110;10:54:50.650933
1774;1882;-108;10:54:50.650933
1775;1879;-104;10:54:50.650933
1774;1877;-103;10:54:50.650933
1772;1878;-106;10:54:50.650933
1770;1879;-109;10:54:50.650933
1769;1875;-106;10:54:50.650933
1773;1877;-104;10:54:50.650933
1771;1879;-108;10:54:50.650933
1768;1881;-113;10:54:50.650933
1770;1883;-113;10:54:50.650933
1770;1884;-114;10:54:50.650933
1770;1882;-112;10:54:50.650933
1768;1883;-115;10:54:50.650933
1771;1884;-113;10:54:50.650933
1770;1884;-114;10:54:50.650933
1772;1883;-111;10:54:50.650933
1773;1884;-111;10:54:50.650933
1772;1885;-113;10:54:50.650933
1772;1883;-111;10:54:50.650933
1774;1884;-110;10:54:50.650933
1770;1881;-111;10:54:50.650933
1770;1880;-110;10:54:50.650933
1770;1882;-112;10:54:50.650933
1770;1883;-113;10:54:50.650933
1771;1881;-110;10:54:50.650933
1771;1881;-110;10:54:50.650933
1773;1883;-110;10:54:50.650933
1774;1884;-110;10:54:50.650933
1773;1883;-110;10:54:50.650933
1773;1888;-115;10:54:50.650933
1773;1885;-112;10:54:50.650933
1777;1883;-106;10:54:50.650933
1777;1882;-105;10:54:50.650933
1773;1881;-108;10:54:50.650933
1773;1881;-108;10:54:50.650933
1775;1880;-105;10:54:50.650933
1774;1881;-107;10:54:50.650933
1774;1878;-104;10:54:50.650933
1768;1881;-113;10:54:50.650933
1768;1880;-112;10:54:50.650933
1767;1880;-113;10:54:50.650933
1767;1878;-111;10:54:50.650933
1766;1877;-111;10:54:50.650933
1764;1874;-110;10:54:50.650933
1765;1877;-112;10:54:50.650933
1765;1877;-112;10:54:50.650933
1766;1878;-112;10:54:50.650933
1762;1877;-115;10:54:50.650933
1761;1878;-117;10:54:50.650933
1762;1874;-112;10:54:50.650933
1761;1874;-113;10:54:50.650933
1760;1871;-111;10:54:50.650933
1759;1870;-111;10:54:50.650933
1756;1870;-114;10:54:50.650933
1759;1870;-111;10:54:50.650933
1755;1868;-113;10:54:50.650933
1753;1869;-116;10:54:50.650933
1751;1869;-118;10:54:50.650933
1752;1869;-117;10:54:50.650933
1754;1868;-114;10:54:50.650933
1753;1869;-116;10:54:50.650933
1754;1871;-117;10:54:50.650933
1755;1872;-117;10:54:50.650933
1757;1870;-113;10:54:50.650933
1755;1869;-114;10:54:50.650933
1753;1868;-115;10:54:50.650933
1752;1867;-115;10:54:50.650933
1750;1865;-115;10:54:50.650933
1752;1863;-111;10:54:50.650933
1753;1862;-109;10:54:50.650933
1751;1861;-110;10:54:50.650933
1750;1863;-113;10:54:50.650933
1746;1862;-116;10:54:50.650933
1749;1860;-111;10:54:50.650933
1744;1859;-115;10:54:50.650933
1744;1860;-116;10:54:50.650933
1744;1861;-117;10:54:50.650933
1743;1859;-116;10:54:50.650933
1741;1860;-119;10:54:50.650933
1740;1858;-118;10:54:50.650933
1738;1853;-115;10:54:50.650933
1740;1852;-112;10:54:50.650933
1741;1850;-109;10:54:50.650933
1739;1849;-110;10:54:50.650933
1738;1849;-111;10:54:50.650933
1735;1853;-118;10:54:50.650933
1735;1849;-114;10:54:50.650933
1737;1852;-115;10:54:50.650933
1737;1854;-117;10:54:50.650933
1737;1854;-117;10:54:50.650933
1737;1853;-116;10:54:50.650933
1737;1854;-117;10:54:50.650933
1738;1855;-117;10:54:50.650933
1735;1853;-118;10:54:50.650933
1734;1857;-123;10:54:50.650933
1735;1855;-120;10:54:50.650933
1739;1856;-117;10:54:50.650933
1738;1856;-118;10:54:50.650933
1739;1857;-118;10:54:50.650933
1737;1856;-119;10:54:50.650933
1736;1857;-121;10:54:50.650933
1735;1856;-121;10:54:50.650933
1738;1854;-116;10:54:50.650933
1737;1855;-118;10:54:50.650933
1739;1853;-114;10:54:50.650933
1740;1854;-114;10:54:50.650933
1739;1852;-113;10:54:50.650933
1738;1851;-113;10:54:50.650933
1739;1853;-114;10:54:50.650933
1742;1852;-110;10:54:50.650933
1739;1854;-115;10:54:50.650933
1735;1852;-117;10:54:50.650933
1734;1852;-118;10:54:50.650933
1735;1850;-115;10:54:50.650933
1735;1846;-111;10:54:50.650933
1735;1850;-115;10:54:50.650933
1731;1847;-116;10:54:50.650933
1734;1848;-114;10:54:50.650933
1733;1848;-115;10:54:50.650933
1732;1844;-112;10:54:50.650933
1732;1844;-112;10:54:50.650933
1733;1842;-109;10:54:50.650933
1733;1849;-116;10:54:50.650933
1731;1848;-117;10:54:50.650933
1734;1848;-114;10:54:50.650933
1733;1851;-118;10:54:50.650933
1734;1850;-116;10:54:50.650933
1733;1848;-115;10:54:50.650933
1737;1854;-117;10:54:50.650933
1737;1854;-117;10:54:50.650933
1736;1855;-119;10:54:50.650933
1739;1858;-119;10:54:50.650933
1740;1859;-119;10:54:50.650933
1742;1861;-119;10:54:50.650933
1747;1861;-114;10:54:50.650933
1747;1865;-118;10:54:50.650933
1749;1861;-112;10:54:50.650933
1751;1865;-114;10:54:50.650933
1753;1864;-111;10:54:50.650933
1751;1867;-116;10:54:50.650933
1754;1866;-112;10:54:50.650933
1753;1871;-118;10:54:50.650933
1753;1871;-118;10:54:50.650933
1755;1872;-117;10:54:50.650933
1758;1872;-114;10:54:50.650933
1757;1871;-114;10:54:50.650933
1760;1870;-110;10:54:50.650933
1760;1873;-113;10:54:50.650933
1758;1874;-116;10:54:50.650933
1759;1874;-115;10:54:50.650933
1759;1872;-113;10:54:50.650933
1763;1873;-110;10:54:50.650933
1763;1874;-111;10:54:50.650933
1762;1874;-112;10:54:50.650933
1764;1873;-109;10:54:50.650933
1762;1874;-112;10:54:50.650933
1764;1873;-109;10:54:50.650933
1764;1875;-111;10:54:50.650933
1760;1872;-112;10:54:50.650933
1758;1875;-117;10:54:50.650933
1759;1876;-117;10:54:50.650933
1761;1875;-114;10:54:50.650933
1762;1875;-113;10:54:50.650933
1760;1874;-114;10:54:50.650933
1761;1878;-117;10:54:50.650933
1761;1878;-117;10:54:50.650933
1765;1879;-114;10:54:50.650933
1766;1882;-116;10:54:50.650933
1768;1881;-113;10:54:50.650933
1769;1884;-115;10:54:50.650933
1770;1883;-113;10:54:50.650933
1770;1884;-114;10:54:50.650933
1770;1883;-113;10:54:50.650933
1773;1884;-111;10:54:50.650933
1776;1886;-110;10:54:50.650933
1774;1885;-111;10:54:50.650933
1774;1888;-114;10:54:50.650933
1778;1886;-108;10:54:50.650933
1777;1888;-111;10:54:50.650933
1777;1884;-107;10:54:50.650933
1777;1887;-110;10:54:50.650933
1777;1888;-111;10:54:50.650933
1778;1889;-111;10:54:50.650933
1779;1884;-105;10:54:50.650933
1777;1884;-107;10:54:50.650933
1775;1884;-109;10:54:50.650933
1773;1882;-109;10:54:50.650933
1772;1884;-112;10:54:50.650933
1772;1879;-107;10:54:50.650933
1771;1879;-108;10:54:50.650933
1773;1875;-102;10:54:50.650933
1770;1874;-104;10:54:50.650933
1761;1874;-113;10:54:50.650933
1761;1875;-114;10:54:50.650933
1764;1878;-114;10:54:50.650933
1763;1874;-111;10:54:50.650933
1764;1877;-113;10:54:50.650933
1765;1876;-111;10:54:50.650933
1761;1879;-118;10:54:50.650933
1764;1878;-114;10:54:50.650933
1768;1876;-108;10:54:50.650933
1768;1877;-109;10:54:50.650933
1767;1875;-108;10:54:50.650933
1768;1879;-111;10:54:50.650933
1766;1877;-111;10:54:50.650933
1764;1877;-113;10:54:50.650933
1764;1878;-114;10:54:50.650933
1764;1877;-113;10:54:50.650933
1764;1877;-113;10:54:50.650933
1764;1875;-111;10:54:50.650933
1765;1875;-110;10:54:50.650933
1764;1877;-113;10:54:50.650933
1766;1874;-108;10:54:50.650933
1766;1876;-110;10:54:50.650933
1764;1874;-110;10:54:50.650933
1763;1873;-110;10:54:50.650933
1763;1874;-111;10:54:50.650933
1760;1875;-115;10:54:50.650933
1760;1871;-111;10:54:50.650933
1760;1873;-113;10:54:50.650933
1759;1871;-112;10:54:50.651925
1758;1871;-113;10:54:50.651925
1761;1868;-107;10:54:50.651925
1758;1869;-111;10:54:50.651925
1756;1874;-118;10:54:50.651925
1755;1873;-118;10:54:50.651925
1753;1872;-119;10:54:50.651925
1751;1867;-116;10:54:50.651925
1753;1870;-117;10:54:50.651925
1755;1867;-112;10:54:50.651925
1752;1865;-113;10:54:50.651925
1751;1865;-114;10:54:50.651925
1752;1868;-116;10:54:50.651925
1751;1864;-113;10:54:50.651925
1754;1864;-110;10:54:50.651925
1753;1864;-111;10:54:50.651925
1750;1865;-115;10:54:50.651925
1752;1863;-111;10:54:50.651925
1752;1865;-113;10:54:50.651925
1749;1868;-119;10:54:50.651925
1752;1867;-115;10:54:50.651925
1752;1870;-118;10:54:50.651925
1752;1871;-119;10:54:50.651925
1750;1869;-119;10:54:50.651925
1751;1870;-119;10:54:50.651925
1753;1869;-116;10:54:50.651925
1753;1868;-115;10:54:50.651925
1754;1868;-114;10:54:50.651925
1754;1869;-115;10:54:50.651925
1758;1868;-110;10:54:50.651925
1754;1869;-115;10:54:50.651925
1752;1867;-115;10:54:50.651925
1754;1870;-116;10:54:50.651925
1754;1868;-114;10:54:50.651925
1754;1867;-113;10:54:50.651925
1756;1865;-109;10:54:50.651925
1753;1866;-113;10:54:50.651925
1754;1866;-112;10:54:50.651925
1754;1868;-114;10:54:50.651925
1749;1869;-120;10:54:50.651925
1747;1865;-118;10:54:50.651925
1747;1866;-119;10:54:50.651925
1747;1861;-114;10:54:50.651925
1746;1858;-112;10:54:50.651925
1744;1855;-111;10:54:50.651925
1743;1856;-113;10:54:50.651925
1742;1853;-111;10:54:50.651925
1741;1852;-111;10:54:50.651925
1739;1850;-111;10:54:50.651925
1738;1854;-116;10:54:50.651925
1739;1856;-117;10:54:50.651925
1739;1854;-115;10:54:50.651925
1737;1857;-120;10:54:50.651925
1736;1855;-119;10:54:50.651925
1737;1856;-119;10:54:50.651925
1738;1852;-114;10:54:50.651925
1739;1851;-112;10:54:50.651925
1737;1853;-116;10:54:50.651925
1738;1854;-116;10:54:50.651925
1738;1855;-117;10:54:50.651925
1736;1853;-117;10:54:50.651925
1740;1853;-113;10:54:50.651925
1742;1852;-110;10:54:50.651925
1743;1852;-109;10:54:50.651925
1743;1853;-110;10:54:50.651925
1743;1852;-109;10:54:50.651925
1742;1854;-112;10:54:50.651925
1743;1854;-111;10:54:50.651925
1742;1857;-115;10:54:50.651925
1739;1860;-121;10:54:50.651925
1741;1858;-117;10:54:50.651925
1744;1860;-116;10:54:50.651925
1743;1857;-114;10:54:50.651925
1743;1856;-113;10:54:50.651925
1744;1852;-108;10:54:50.651925
1744;1854;-110;10:54:50.651925
1741;1851;-110;10:54:50.651925
1739;1852;-113;10:54:50.651925
1739;1853;-114;10:54:50.651925
1740;1852;-112;10:54:50.651925
1741;1852;-111;10:54:50.651925
1742;1850;-108;10:54:50.651925
1741;1852;-111;10:54:50.651925
1743;1852;-109;10:54:50.651925
1740;1854;-114;10:54:50.651925
1739;1852;-113;10:54:50.651925
1740;1854;-114;10:54:50.651925
1740;1854;-114;10:54:50.651925
1739;1857;-118;10:54:50.651925
1741;1859;-118;10:54:50.651925
1744;1856;-112;10:54:50.651925
1744;1858;-114;10:54:50.651925
1744;1855;-111;10:54:50.651925
1741;1858;-117;10:54:50.651925
1745;1857;-112;10:54:50.651925
1748;1857;-109;10:54:50.651925
1748;1861;-113;10:54:50.651925
1753;1864;-111;10:54:50.651925
1752;1868;-116;10:54:50.651925
1754;1870;-116;10:54:50.651925
1756;1870;-114;10:54:50.651925
1759;1871;-112;10:54:50.651925
1761;1872;-111;10:54:50.651925
1765;1874;-109;10:54:50.651925
1765;1873;-108;10:54:50.651925
1765;1875;-110;10:54:50.651925
1765;1873;-108;10:54:50.651925
1766;1873;-107;10:54:50.651925
1763;1874;-111;10:54:50.651925
1763;1871;-108;10:54:50.651925
1765;1871;-106;10:54:50.651925
1767;1871;-104;10:54:50.651925
1764;1875;-111;10:54:50.651925
1765;1875;-110;10:54:50.651925
1768;1876;-108;10:54:50.651925
1764;1875;-111;10:54:50.651925
1764;1876;-112;10:54:50.651925
1765;1874;-109;10:54:50.651925
1762;1874;-112;10:54:50.651925
1762;1875;-113;10:54:50.651925
1765;1876;-111;10:54:50.651925
1767;1874;-107;10:54:50.651925
1763;1876;-113;10:54:50.651925
1763;1876;-113;10:54:50.651925
1768;1878;-110;10:54:50.651925
1765;1878;-113;10:54:50.651925
1766;1878;-112;10:54:50.651925
1768;1878;-110;10:54:50.651925
1769;1880;-111;10:54:50.651925
1770;1880;-110;10:54:50.651925
1769;1879;-110;10:54:50.651925
1770;1880;-110;10:54:50.651925
1770;1884;-114;10:54:50.651925
1769;1881;-112;10:54:50.651925
1770;1881;-111;10:54:50.651925
1770;1882;-112;10:54:50.651925
1770;1884;-114;10:54:50.651925
1770;1884;-114;10:54:50.651925
1774;1882;-108;10:54:50.651925
1771;1880;-109;10:54:50.651925
1772;1878;-106;10:54:50.651925
1771;1881;-110;10:54:50.651925
1770;1883;-113;10:54:50.651925
1770;1884;-114;10:54:50.651925
1771;1884;-113;10:54:50.651925
1770;1883;-113;10:54:50.651925
1772;1883;-111;10:54:50.651925
1771;1882;-111;10:54:50.651925
1767;1880;-113;10:54:50.651925
1766;1880;-114;10:54:50.651925
1768;1878;-110;10:54:50.651925
1765;1873;-108;10:54:50.651925
1766;1875;-109;10:54:50.651925
1766;1875;-109;10:54:50.651925
1765;1875;-110;10:54:50.651925
1765;1874;-109;10:54:50.651925
1765;1874;-109;10:54:50.651925
1766;1873;-107;10:54:50.651925
1763;1875;-112;10:54:50.651925
1766;1876;-110;10:54:50.651925
1764;1877;-113;10:54:50.651925
1761;1875;-114;10:54:50.651925
1759;1873;-114;10:54:50.651925
1757;1872;-115;10:54:50.651925
1759;1872;-113;10:54:50.651925
1758;1869;-111;10:54:50.651925
1760;1869;-109;10:54:50.651925
1757;1868;-111;10:54:50.651925
1759;1869;-110;10:54:50.651925
1760;1869;-109;10:54:50.651925
1762;1867;-105;10:54:50.651925
1760;1869;-109;10:54:50.651925
1758;1869;-111;10:54:50.651925
1755;1871;-116;10:54:50.651925
1756;1871;-115;10:54:50.651925
1757;1872;-115;10:54:50.651925
1758;1869;-111;10:54:50.651925
1758;1870;-112;10:54:50.651925
1760;1873;-113;10:54:50.651925
1759;1872;-113;10:54:50.651925
1757;1876;-119;10:54:50.651925
1760;1871;-111;10:54:50.651925
1762;1871;-109;10:54:50.651925
1762;1874;-112;10:54:50.651925
1763;1870;-107;10:54:50.651925
1761;1870;-109;10:54:50.651925
1759;1869;-110;10:54:50.651925
1758;1869;-111;10:54:50.651925
1756;1867;-111;10:54:50.651925
1756;1869;-113;10:54:50.651925
1754;1866;-112;10:54:50.651925
1754;1862;-108;10:54:50.651925
1750;1862;-112;10:54:50.651925
1747;1860;-113;10:54:50.651925
1744;1861;-117;10:54:50.651925
1747;1858;-111;10:54:50.651925
1746;1859;-113;10:54:50.651925
1745;1856;-111;10:54:50.651925
1744;1855;-111;10:54:50.651925
1740;1855;-115;10:54:50.651925
1740;1855;-115;10:54:50.651925
1742;1854;-112;10:54:50.651925
1744;1852;-108;10:54:50.651925
1744;1853;-109;10:54:50.651925
1740;1852;-112;10:54:50.651925
1741;1855;-114;10:54:50.651925
1742;1856;-114;10:54:50.651925
1741;1856;-115;10:54:50.651925
1739;1854;-115;10:54:50.651925
1741;1855;-114;10:54:50.651925
1741;1857;-116;10:54:50.651925
1741;1858;-117;10:54:50.651925
1744;1858;-114;10:54:50.651925
1745;1859;-114;10:54:50.651925
1744;1857;-113;10:54:50.651925
1747;1856;-109;10:54:50.651925
1745;1854;-109;10:54:50.651925
1745;1855;-110;10:54:50.651925
1741;1854;-113;10:54:50.651925
1743;1858;-115;10:54:50.651925
1742;1856;-114;10:54:50.651925
1743;1855;-112;10:54:50.651925
1743;1853;-110;10:54:50.651925
1744;1856;-112;10:54:50.651925
1744;1858;-114;10:54:50.651925
1746;1858;-112;10:54:50.651925
1746;1859;-113;10:54:50.651925
1745;1858;-113;10:54:50.651925
1747;1858;-111;10:54:50.651925
1745;1858;-113;10:54:50.651925
1742;1856;-114;10:54:50.651925
1743;1855;-112;10:54:50.651925
1745;1853;-108;10:54:50.651925
1742;1852;-110;10:54:50.651925
1742;1852;-110;10:54:50.651925
1740;1853;-113;10:54:50.651925
1740;1854;-114;10:54:50.651925
1739;1853;-114;10:54:50.651925
1741;1851;-110;10:54:50.651925
1739;1854;-115;10:54:50.651925
1739;1853;-114;10:54:50.651925
1737;1853;-116;10:54:50.651925
1738;1851;-113;10:54:50.651925
1739;1854;-115;10:54:50.651925
1739;1855;-116;10:54:50.651925
1744;1855;-111;10:54:50.651925
1742;1856;-114;10:54:50.651925
1741;1853;-112;10:54:50.651925
1745;1855;-110;10:54:50.651925
1745;1854;-109;10:54:50.651925
1745;1855;-110;10:54:50.651925
1747;1857;-110;10:54:50.651925
1747;1860;-113;10:54:50.651925
1748;1858;-110;10:54:50.651925
1746;1860;-114;10:54:50.651925
1748;1862;-114;10:54:50.651925
1748;1862;-114;10:54:50.651925
1750;1860;-110;10:54:50.651925
1750;1860;-110;10:54:50.651925
1751;1862;-111;10:54:50.651925
1749;1861;-112;10:54:50.651925
1747;1858;-111;10:54:50.651925
1749;1857;-108;10:54:50.651925
1748;1857;-109;10:54:50.651925
1749;1858;-109;10:54:50.651925
1748;1858;-110;10:54:50.651925
1749;1857;-108;10:54:50.651925
1748;1857;-109;10:54:50.651925
1749;1860;-111;10:54:50.651925
1747;1860;-113;10:54:50.651925
1749;1864;-115;10:54:50.651925
1752;1865;-113;10:54:50.651925
1753;1865;-112;10:54:50.651925
1752;1865;-113;10:54:50.651925
1758;1868;-110;10:54:50.651925
1757;1867;-110;10:54:50.651925
1759;1870;-111;10:54:50.651925
1760;1874;-114;10:54:50.651925
1761;1871;-110;10:54:50.651925
1761;1872;-111;10:54:50.651925
1764;1873;-109;10:54:50.651925
1765;1876;-111;10:54:50.651925
1765;1878;-113;10:54:50.651925
1768;1881;-113;10:54:50.651925
1770;1881;-111;10:54:50.651925
1771;1879;-108;10:54:50.651925
1771;1881;-110;10:54:50.651925
1771;1877;-106;10:54:50.651925
1771;1878;-107;10:54:50.651925
1770;1876;-106;10:54:50.651925
1771;1877;-106;10:54:50.651925
1770;1876;-106;10:54:50.651925
1769;1878;-109;10:54:50.651925
1768;1878;-110;10:54:50.651925
1767;1876;-109;10:54:50.651925
1768;1876;-108;10:54:50.651925
1770;1877;-107;10:54:50.651925
1768;1880;-112;10:54:50.651925
1769;1875;-106;10:54:50.651925
1768;1875;-107;10:54:50.651925
1768;1875;-107;10:54:50.651925
1766;1877;-111;10:54:50.651925
1766;1878;-112;10:54:50.651925
1768;1877;-109;10:54:50.651925
1771;1878;-107;10:54:50.651925
1771;1877;-106;10:54:50.651925
1770;1880;-110;10:54:50.651925
1771;1879;-108;10:54:50.651925
1768;1877;-109;10:54:50.651925
1770;1877;-107;10:54:50.651925
1770;1877;-107;10:54:50.651925
1767;1878;-111;10:54:50.651925
1767;1879;-112;10:54:50.651925
1770;1884;-114;10:54:50.651925
1773;1883;-110;10:54:50.651925
1775;1884;-109;10:54:50.651925
1776;1884;-108;10:54:50.651925
1776;1883;-107;10:54:50.651925
1775;1883;-108;10:54:50.651925
1774;1885;-111;10:54:50.651925
1774;1886;-112;10:54:50.651925
1775;1885;-110;10:54:50.651925
1777;1885;-108;10:54:50.651925
1777;1884;-107;10:54:50.651925
1775;1885;-110;10:54:50.651925
1774;1884;-110;10:54:50.651925
1775;1887;-112;10:54:50.651925
1775;1884;-109;10:54:50.651925
1774;1884;-110;10:54:50.651925
1776;1885;-109;10:54:50.651925
1774;1883;-109;10:54:50.651925
1774;1884;-110;10:54:50.651925
1775;1882;-107;10:54:50.651925
1773;1879;-106;10:54:50.651925
1773;1880;-107;10:54:50.651925
1773;1879;-106;10:54:50.651925
1771;1880;-109;10:54:50.651925
1772;1880;-108;10:54:50.651925
1772;1879;-107;10:54:50.651925
1771;1878;-107;10:54:50.651925
1771;1877;-106;10:54:50.651925
1767;1879;-112;10:54:50.651925
1767;1881;-114;10:54:50.651925
1769;1881;-112;10:54:50.651925
1767;1881;-114;10:54:50.651925
1767;1879;-112;10:54:50.651925
1770;1881;-111;10:54:50.651925
1770;1880;-110;10:54:50.651925
1768;1879;-111;10:54:50.651925
1766;1879;-113;10:54:50.651925
1766;1880;-114;10:54:50.651925
1766;1877;-111;10:54:50.651925
1768;1876;-108;10:54:50.651925
1767;1875;-108;10:54:50.651925
1762;1876;-114;10:54:50.651925
1760;1874;-114;10:54:50.651925
1761;1875;-114;10:54:50.651925
1760;1872;-112;10:54:50.651925
1758;1873;-115;10:54:50.651925
1760;1875;-115;10:54:50.651925
1761;1873;-112;10:54:50.651925
1758;1873;-115;10:54:50.651925
1759;1869;-110;10:54:50.651925
1761;1872;-111;10:54:50.651925
1761;1872;-111;10:54:50.651925
1758;1873;-115;10:54:50.651925
1761;1873;-112;10:54:50.651925
1761;1872;-111;10:54:50.651925
1762;1871;-109;10:54:50.651925
1762;1870;-108;10:54:50.651925
1758;1873;-115;10:54:50.651925
1759;1873;-114;10:54:50.651925
1757;1871;-114;10:54:50.651925
1755;1871;-116;10:54:50.651925
1753;1871;-118;10:54:50.651925
1753;1870;-117;10:54:50.651925
1751;1866;-115;10:54:50.651925
1749;1864;-115;10:54:50.651925
1747;1861;-114;10:54:50.651925
1748;1862;-114;10:54:50.651925
1749;1862;-113;10:54:50.651925
1747;1859;-112;10:54:50.651925
1747;1861;-114;10:54:50.651925
1747;1859;-112;10:54:50.651925
1746;1857;-111;10:54:50.651925
1746;1856;-110;10:54:50.651925
1743;1855;-112;10:54:50.651925
1742;1855;-113;10:54:50.651925
1742;1855;-113;10:54:50.651925
1742;1854;-112;10:54:50.651925
1740;1855;-115;10:54:50.651925
1740;1853;-113;10:54:50.651925
1740;1856;-116;10:54:50.651925
1739;1856;-117;10:54:50.651925
1739;1854;-115;10:54:50.651925
1741;1857;-116;10:54:50.651925
1740;1857;-117;10:54:50.651925
1741;1855;-114;10:54:50.651925
1742;1854;-112;10:54:50.651925
1742;1855;-113;10:54:50.651925
1743;1853;-110;10:54:50.651925
1742;1855;-113;10:54:50.651925
1743;1856;-113;10:54:50.651925
1745;1856;-111;10:54:50.651925
1743;1858;-115;10:54:50.651925
1742;1854;-112;10:54:50.651925
1743;1854;-111;10:54:50.651925
1742;1852;-110;10:54:50.651925
1742;1851;-109;10:54:50.651925
1742;1850;-108;10:54:50.651925
1740;1848;-108;10:54:50.651925
1738;1849;-111;10:54:50.651925
1740;1850;-110;10:54:50.651925
1739;1849;-110;10:54:50.651925
1735;1848;-113;10:54:50.651925
1734;1850;-116;10:54:50.651925
1739;1850;-111;10:54:50.651925
1736;1849;-113;10:54:50.651925
1734;1850;-116;10:54:50.651925
1736;1853;-117;10:54:50.651925
1738;1855;-117;10:54:50.651925
1739;1856;-117;10:54:50.651925
1739;1855;-116;10:54:50.651925
1740;1855;-115;10:54:50.651925
1739;1859;-120;10:54:50.651925
1745;1858;-113;10:54:50.651925
1743;1856;-113;10:54:50.651925
1742;1857;-115;10:54:50.651925
1747;1860;-113;10:54:50.651925
1747;1859;-112;10:54:50.651925
1749;1860;-111;10:54:50.651925
1750;1861;-111;10:54:50.651925
1751;1862;-111;10:54:50.651925
1750;1863;-113;10:54:50.651925
1750;1865;-115;10:54:50.651925
1752;1865;-113;10:54:50.651925
1752;1867;-115;10:54:50.651925
1754;1866;-112;10:54:50.651925
1755;1868;-113;10:54:50.651925
1756;1869;-113;10:54:50.651925
1757;1871;-114;10:54:50.651925
1758;1871;-113;10:54:50.651925
1761;1871;-110;10:54:50.651925
1761;1870;-109;10:54:50.651925
1763;1872;-109;10:54:50.651925
1761;1872;-111;10:54:50.651925
1759;1874;-115;10:54:50.651925
1758;1870;-112;10:54:50.651925
1756;1871;-115;10:54:50.651925
1758;1872;-114;10:54:50.651925
1757;1870;-113;10:54:50.651925
1758;1871;-113;10:54:50.651925
1760;1873;-113;10:54:50.651925
1759;1872;-113;10:54:50.651925
1761;1870;-109;10:54:50.651925
1764;1876;-112;10:54:50.651925
1764;1875;-111;10:54:50.651925
1760;1875;-115;10:54:50.651925
1763;1877;-114;10:54:50.651925
1765;1877;-112;10:54:50.651925
1766;1876;-110;10:54:50.651925
1765;1875;-110;10:54:50.651925
1766;1876;-110;10:54:50.651925
1766;1876;-110;10:54:50.651925
1767;1877;-110;10:54:50.651925
1768;1880;-112;10:54:50.651925
1766;1879;-113;10:54:50.651925
1768;1881;-113;10:54:50.651925
1768;1883;-115;10:54:50.651925
1765;1882;-117;10:54:50.651925
1765;1882;-117;10:54:50.651925
1765;1881;-116;10:54:50.651925
1769;1879;-110;10:54:50.651925
1768;1882;-114;10:54:50.651925
1768;1879;-111;10:54:50.651925
1769;1882;-113;10:54:50.651925
1770;1877;-107;10:54:50.651925
1768;1876;-108;10:54:50.651925
1769;1877;-108;10:54:50.651925
1766;1876;-110;10:54:50.651925
1763;1875;-112;10:54:50.651925
1763;1877;-114;10:54:50.651925
1766;1876;-110;10:54:50.651925
1766;1879;-113;10:54:50.651925
1766;1879;-113;10:54:50.651925
1766;1882;-116;10:54:50.651925
1764;1879;-115;10:54:50.651925
1767;1880;-113;10:54:50.651925
1767;1877;-110;10:54:50.651925
1767;1876;-109;10:54:50.651925
1767;1877;-110;10:54:50.651925
1765;1878;-113;10:54:50.651925
1763;1874;-111;10:54:50.651925
1763;1874;-111;10:54:50.651925
1760;1875;-115;10:54:50.651925
1758;1875;-117;10:54:50.651925
1759;1878;-119;10:54:50.651925
1759;1875;-116;10:54:50.651925
1758;1875;-117;10:54:50.651925
1757;1873;-116;10:54:50.651925
1761;1873;-112;10:54:50.651925
1761;1874;-113;10:54:50.651925
1759;1874;-115;10:54:50.651925
1760;1874;-114;10:54:50.651925
1763;1876;-113;10:54:50.651925
1763;1874;-111;10:54:50.651925
1760;1874;-114;10:54:50.651925
1763;1877;-114;10:54:50.651925
1762;1877;-115;10:54:50.651925
1762;1876;-114;10:54:50.651925
1766;1879;-113;10:54:50.701735
1767;1877;-110;10:54:50.701735
1767;1879;-112;10:54:50.701735
1765;1881;-116;10:54:50.701735
1764;1883;-119;10:54:50.701735
1764;1881;-117;10:54:50.701735
1765;1879;-114;10:54:50.701735
1764;1881;-117;10:54:50.701735
1763;1879;-116;10:54:50.701735
1761;1880;-119;10:54:50.701735
1763;1878;-115;10:54:50.701735
1762;1874;-112;10:54:50.701735
1763;1875;-112;10:54:50.701735
1763;1872;-109;10:54:50.701735
1762;1871;-109;10:54:50.701735
1759;1870;-111;10:54:50.701735
1757;1869;-112;10:54:50.701735
1756;1871;-115;10:54:50.701735
1756;1870;-114;10:54:50.701735
1757;1870;-113;10:54:50.701735
1755;1870;-115;10:54:50.701735
1755;1868;-113;10:54:50.701735
1756;1870;-114;10:54:50.701735
1754;1869;-115;10:54:50.701735
1753;1870;-117;10:54:50.701735
1752;1873;-121;10:54:50.701735
1754;1871;-117;10:54:50.701735
1753;1870;-117;10:54:50.701735
1752;1869;-117;10:54:50.701735
1752;1868;-116;10:54:50.701735
1751;1869;-118;10:54:50.701735
1750;1867;-117;10:54:50.701735
1749;1868;-119;10:54:50.701735
1747;1866;-119;10:54:50.701735
1748;1865;-117;10:54:50.701735
1750;1863;-113;10:54:50.701735
1751;1864;-113;10:54:50.701735
1746;1863;-117;10:54:50.701735
1748;1862;-114;10:54:50.701735
1751;1864;-113;10:54:50.701735
1749;1865;-116;10:54:50.701735
1749;1864;-115;10:54:50.701735
1750;1866;-116;10:54:50.701735
1753;1867;-114;10:54:50.701735
1751;1866;-115;10:54:50.701735
1753;1861;-108;10:54:50.701735
1752;1864;-112;10:54:50.701735
1750;1864;-114;10:54:50.701735
1750;1862;-112;10:54:50.701735
1751;1862;-111;10:54:50.701735
1747;1861;-114;10:54:50.701735
1746;1863;-117;10:54:50.701735
1747;1865;-118;10:54:50.701735
1745;1862;-117;10:54:50.701735
1742;1861;-119;10:54:50.701735
1746;1859;-113;10:54:50.701735
1747;1861;-114;10:54:50.701735
1743;1857;-114;10:54:50.701735
1746;1856;-110;10:54:50.701735
1740;1857;-117;10:54:50.701735
1741;1855;-114;10:54:50.701735
1743;1856;-113;10:54:50.701735
1743;1856;-113;10:54:50.701735
1742;1858;-116;10:54:50.701735
1745;1858;-113;10:54:50.701735
1746;1860;-114;10:54:50.701735
1746;1863;-117;10:54:50.701735
1744;1861;-117;10:54:50.701735
1746;1863;-117;10:54:50.701735
1749;1863;-114;10:54:50.701735
1749;1865;-116;10:54:50.701735
1749;1864;-115;10:54:50.701735
1753;1865;-112;10:54:50.701735
1752;1867;-115;10:54:50.701735
1750;1865;-115;10:54:50.701735
1752;1865;-113;10:54:50.701735
1756;1867;-111;10:54:50.701735
1755;1864;-109;10:54:50.701735
1754;1863;-109;10:54:50.701735
1752;1864;-112;10:54:50.701735
1749;1862;-113;10:54:50.701735
1749;1863;-114;10:54:50.701735
1751;1859;-108;10:54:50.701735
1748;1859;-111;10:54:50.701735
1747;1859;-112;10:54:50.701735
1748;1859;-111;10:54:50.701735
1748;1858;-110;10:54:50.701735
1744;1856;-112;10:54:50.701735
1746;1858;-112;10:54:50.701735
1745;1857;-112;10:54:50.701735
1744;1857;-113;10:54:50.701735
1741;1856;-115;10:54:50.701735
1743;1859;-116;10:54:50.701735
1745;1860;-115;10:54:50.701735
1745;1858;-113;10:54:50.701735
1746;1857;-111;10:54:50.701735
1749;1861;-112;10:54:50.701735
1747;1860;-113;10:54:50.701735
1745;1859;-114;10:54:50.701735
1746;1861;-115;10:54:50.701735
1746;1863;-117;10:54:50.701735
1747;1860;-113;10:54:50.701735
1747;1861;-114;10:54:50.701735
1743;1859;-116;10:54:50.701735
1745;1859;-114;10:54:50.701735
1747;1862;-115;10:54:50.701735
1750;1862;-112;10:54:50.701735
1751;1861;-110;10:54:50.701735
1754;1865;-111;10:54:50.701735
1756;1869;-113;10:54:50.701735
1755;1872;-117;10:54:50.701735
1758;1876;-118;10:54:50.701735
1763;1878;-115;10:54:50.701735
1766;1881;-115;10:54:50.701735
1766;1880;-114;10:54:50.701735
1771;1880;-109;10:54:50.701735
1769;1878;-109;10:54:50.701735
1765;1877;-112;10:54:50.701735
1767;1876;-109;10:54:50.701735
1768;1875;-107;10:54:50.701735
1764;1874;-110;10:54:50.701735
1763;1873;-110;10:54:50.701735
1765;1878;-113;10:54:50.701735
1764;1877;-113;10:54:50.701735
1767;1876;-109;10:54:50.701735
1767;1878;-111;10:54:50.701735
1765;1875;-110;10:54:50.701735
1766;1876;-110;10:54:50.701735
1765;1874;-109;10:54:50.701735
1761;1875;-114;10:54:50.701735
1761;1878;-117;10:54:50.701735
1765;1878;-113;10:54:50.701735
1765;1879;-114;10:54:50.701735
1766;1879;-113;10:54:50.701735
1770;1882;-112;10:54:50.701735
1772;1884;-112;10:54:50.701735
1770;1880;-110;10:54:50.701735
1770;1880;-110;10:54:50.701735
1769;1880;-111;10:54:50.701735
1768;1882;-114;10:54:50.701735
1769;1882;-113;10:54:50.701735
1771;1885;-114;10:54:50.701735
1770;1888;-118;10:54:50.701735
1771;1890;-119;10:54:50.701735
1774;1890;-116;10:54:50.701735
1776;1889;-113;10:54:50.701735
1775;1887;-112;10:54:50.701735
1778;1888;-110;10:54:50.701735
1776;1887;-111;10:54:50.701735
1776;1886;-110;10:54:50.701735
1776;1883;-107;10:54:50.701735
1777;1884;-107;10:54:50.701735
1774;1883;-109;10:54:50.701735
1774;1882;-108;10:54:50.701735
1772;1883;-111;10:54:50.701735
1770;1881;-111;10:54:50.701735
1771;1883;-112;10:54:50.701735
1770;1879;-109;10:54:50.701735
1769;1878;-109;10:54:50.701735
1766;1879;-113;10:54:50.701735
1766;1880;-114;10:54:50.701735
1769;1878;-109;10:54:50.701735
1766;1879;-113;10:54:50.701735
1767;1877;-110;10:54:50.701735
1769;1877;-108;10:54:50.701735
1768;1874;-106;10:54:50.701735
1766;1873;-107;10:54:50.701735
1764;1873;-109;10:54:50.701735
1765;1876;-111;10:54:50.701735
1761;1876;-115;10:54:50.701735
1758;1874;-116;10:54:50.701735
1759;1876;-117;10:54:50.701735
1756;1877;-121;10:54:50.701735
1755;1875;-120;10:54:50.701735
1757;1875;-118;10:54:50.701735
1757;1873;-116;10:54:50.701735
1758;1871;-113;10:54:50.701735
1761;1870;-109;10:54:50.701735
1761;1869;-108;10:54:50.701735
1760;1871;-111;10:54:50.701735
1762;1873;-111;10:54:50.701735
1761;1875;-114;10:54:50.701735
1757;1872;-115;10:54:50.701735
1758;1875;-117;10:54:50.701735
1758;1874;-116;10:54:50.701735
1758;1875;-117;10:54:50.701735
1758;1875;-117;10:54:50.701735
1761;1874;-113;10:54:50.701735
1761;1876;-115;10:54:50.701735
1761;1875;-114;10:54:50.701735
1761;1873;-112;10:54:50.701735
1760;1875;-115;10:54:50.701735
1753;1874;-121;10:54:50.701735
1752;1873;-121;10:54:50.701735
1753;1869;-116;10:54:50.701735
1752;1868;-116;10:54:50.701735
1752;1864;-112;10:54:50.701735
1752;1861;-109;10:54:50.701735
1747;1862;-115;10:54:50.701735
1743;1859;-116;10:54:50.701735
1745;1857;-112;10:54:50.701735
1742;1861;-119;10:54:50.701735
1741;1858;-117;10:54:50.701735
1745;1858;-113;10:54:50.701735
1743;1861;-118;10:54:50.701735
1741;1860;-119;10:54:50.701735
1743;1862;-119;10:54:50.701735
1748;1864;-116;10:54:50.701735
1749;1864;-115;10:54:50.701735
1750;1860;-110;10:54:50.701735
1750;1862;-112;10:54:50.701735
1747;1863;-116;10:54:50.701735
1747;1861;-114;10:54:50.701735
1748;1860;-112;10:54:50.701735
1748;1860;-112;10:54:50.701735
1747;1860;-113;10:54:50.701735
1750;1858;-108;10:54:50.701735
1748;1859;-111;10:54:50.701735
1746;1858;-112;10:54:50.701735
1747;1854;-107;10:54:50.701735
1747;1854;-107;10:54:50.701735
1743;1853;-110;10:54:50.701735
1739;1854;-115;10:54:50.701735
1740;1856;-116;10:54:50.701735
1743;1856;-113;10:54:50.701735
1746;1853;-107;10:54:50.701735
1744;1855;-111;10:54:50.701735
1746;1856;-110;10:54:50.701735
1748;1856;-108;10:54:50.701735
1747;1852;-105;10:54:50.701735
1747;1852;-105;10:54:50.701735
1743;1852;-109;10:54:50.701735
1743;1854;-111;10:54:50.701735
1743;1852;-109;10:54:50.701735
1741;1852;-111;10:54:50.701735
1741;1851;-110;10:54:50.701735
1741;1849;-108;10:54:50.701735
1740;1850;-110;10:54:50.701735
1741;1849;-108;10:54:50.701735
1739;1847;-108;10:54:50.701735
1737;1845;-108;10:54:50.701735
1736;1845;-109;10:54:50.701735
1735;1846;-111;10:54:50.701735
1736;1846;-110;10:54:50.701735
1736;1846;-110;10:54:50.701735
1734;1846;-112;10:54:50.701735
1736;1847;-111;10:54:50.701735
1737;1845;-108;10:54:50.701735
1736;1845;-109;10:54:50.701735
1738;1847;-109;10:54:50.701735
1737;1853;-116;10:54:50.701735
1738;1849;-111;10:54:50.701735
1741;1849;-108;10:54:50.701735
1742;1851;-109;10:54:50.701735
1742;1853;-111;10:54:50.701735
1739;1856;-117;10:54:50.719011
1740;1855;-115;10:54:50.719011
1740;1856;-116;10:54:50.719011
1743;1856;-113;10:54:50.719011
1745;1857;-112;10:54:50.719011
1745;1856;-111;10:54:50.719011
1744;1854;-110;10:54:50.719011
1744;1854;-110;10:54:50.719011
1746;1853;-107;10:54:50.719011
1747;1854;-107;10:54:50.719011
1746;1855;-109;10:54:50.719011
1746;1857;-111;10:54:50.719011
1745;1858;-113;10:54:50.719011
1749;1858;-109;10:54:50.719011
1750;1857;-107;10:54:50.719011
1745;1858;-113;10:54:50.719011
1746;1857;-111;10:54:50.719011
1746;1857;-111;10:54:50.719011
1746;1854;-108;10:54:50.719011
1746;1857;-111;10:54:50.719011
1745;1856;-111;10:54:50.719011
1746;1855;-109;10:54:50.719011
1750;1856;-106;10:54:50.719011
1752;1856;-104;10:54:50.719011
1749;1858;-109;10:54:50.719011
1749;1862;-113;10:54:50.719011
1752;1864;-112;10:54:50.719011
1753;1866;-113;10:54:50.719011
1754;1863;-109;10:54:50.719011
1755;1863;-108;10:54:50.719011
1757;1866;-109;10:54:50.719011
1755;1868;-113;10:54:50.719011
1756;1867;-111;10:54:50.719011
1755;1869;-114;10:54:50.719011
1756;1867;-111;10:54:50.719011
1756;1867;-111;10:54:50.719011
1761;1869;-108;10:54:50.719011
1760;1868;-108;10:54:50.719011
1762;1868;-106;10:54:50.719011
1763;1868;-105;10:54:50.719011
1761;1868;-107;10:54:50.719011
1760;1868;-108;10:54:50.719011
1762;1869;-107;10:54:50.719011
1764;1872;-108;10:54:50.719011
1762;1871;-109;10:54:50.719011
1763;1873;-110;10:54:50.719011
1766;1875;-109;10:54:50.719011
1768;1875;-107;10:54:50.719011
1765;1874;-109;10:54:50.719011
1765;1873;-108;10:54:50.719011
1761;1876;-115;10:54:50.719011
1762;1875;-113;10:54:50.719011
1764;1875;-111;10:54:50.719011
1763;1874;-111;10:54:50.719011
1761;1873;-112;10:54:50.719011
1759;1870;-111;10:54:50.719011
1758;1868;-110;10:54:50.719011
1757;1869;-112;10:54:50.719011
1756;1865;-109;10:54:50.719011
1757;1865;-108;10:54:50.719011
1757;1865;-108;10:54:50.719011
1757;1866;-109;10:54:50.719011
1754;1866;-112;10:54:50.719011
1755;1867;-112;10:54:50.719011
1758;1869;-111;10:54:50.719011
1759;1867;-108;10:54:50.719011
1759;1867;-108;10:54:50.719011
1756;1867;-111;10:54:50.719011
1754;1869;-115;10:54:50.719011
1757;1873;-116;10:54:50.719011
1757;1873;-116;10:54:50.719011
1758;1874;-116;10:54:50.719011
1758;1877;-119;10:54:50.719011
1762;1874;-112;10:54:50.719011
1761;1874;-113;10:54:50.719011
1763;1874;-111;10:54:50.719011
1763;1876;-113;10:54:50.719011
1762;1875;-113;10:54:50.719011
1762;1874;-112;10:54:50.719011
1765;1874;-109;10:54:50.719011
1763;1876;-113;10:54:50.719011
1762;1872;-110;10:54:50.719011
1762;1873;-111;10:54:50.719011
1763;1875;-112;10:54:50.719011
1763;1877;-114;10:54:50.719011
1764;1876;-112;10:54:50.719011
1762;1877;-115;10:54:50.719011
1761;1876;-115;10:54:50.719011
1762;1874;-112;10:54:50.719011
1765;1871;-106;10:54:50.719011
1764;1870;-106;10:54:50.719011
1761;1872;-111;10:54:50.719011
1761;1871;-110;10:54:50.719011
1757;1870;-113;10:54:50.719011
1757;1868;-111;10:54:50.719011
1756;1869;-113;10:54:50.719011
1757;1873;-116;10:54:50.719011
1757;1873;-116;10:54:50.719011
1757;1871;-114;10:54:50.719011
1755;1869;-114;10:54:50.719011
1755;1869;-114;10:54:50.719011
1755;1868;-113;10:54:50.719011
1757;1870;-113;10:54:50.719011
1755;1871;-116;10:54:50.719011
1755;1869;-114;10:54:50.719011
1755;1869;-114;10:54:50.719011
1759;1868;-109;10:54:50.719011
1757;1867;-110;10:54:50.719011
1757;1870;-113;10:54:50.719011
1757;1870;-113;10:54:50.719011
1754;1868;-114;10:54:50.719011
1752;1867;-115;10:54:50.719011
1751;1866;-115;10:54:50.719011
1752;1868;-116;10:54:50.719011
1754;1869;-115;10:54:50.719011
1756;1870;-114;10:54:50.719011
1757;1870;-113;10:54:50.719011
1758;1870;-112;10:54:50.719011
1757;1872;-115;10:54:50.719011
1758;1874;-116;10:54:50.719011
1757;1872;-115;10:54:50.719011
1754;1870;-116;10:54:50.719011
1757;1870;-113;10:54:50.719011
1758;1870;-112;10:54:50.719011
1756;1867;-111;10:54:50.719011
1756;1866;-110;10:54:50.719011
1752;1862;-110;10:54:50.719011
1748;1861;-113;10:54:50.719011
1748;1861;-113;10:54:50.719011
1748;1860;-112;10:54:50.719011
1747;1859;-112;10:54:50.719011
1745;1856;-111;10:54:50.719011
1743;1856;-113;10:54:50.719011
1740;1855;-115;10:54:50.719011
1741;1853;-112;10:54:50.719011
1742;1856;-114;10:54:50.719011
1737;1857;-120;10:54:50.719011
1738;1855;-117;10:54:50.719011
1742;1853;-111;10:54:50.719011
1740;1852;-112;10:54:50.719011
1741;1853;-112;10:54:50.719011
1745;1855;-110;10:54:50.719011
1744;1856;-112;10:54:50.719011
1743;1857;-114;10:54:50.719011
1743;1857;-114;10:54:50.719011
1746;1859;-113;10:54:50.719011
1743;1859;-116;10:54:50.719011
1742;1859;-117;10:54:50.719011
1743;1858;-115;10:54:50.719011
1741;1859;-118;10:54:50.719011
1739;1858;-119;10:54:50.719011
1743;1856;-113;10:54:50.719011
1746;1860;-114;10:54:50.719011
1743;1859;-116;10:54:50.719011
1744;1857;-113;10:54:50.719011
1747;1857;-110;10:54:50.719011
1745;1857;-112;10:54:50.719011
1744;1855;-111;10:54:50.719011
1746;1854;-108;10:54:50.719011
1748;1857;-109;10:54:50.719011
1748;1857;-109;10:54:50.719011
1749;1857;-108;10:54:50.719011
1747;1855;-108;10:54:50.719011
1746;1858;-112;10:54:50.719011
1744;1859;-115;10:54:50.719011
1743;1858;-115;10:54:50.719011
1740;1859;-119;10:54:50.719011
1740;1858;-118;10:54:50.719011
1744;1859;-115;10:54:50.719011
1743;1859;-116;10:54:50.719011
1740;1858;-118;10:54:50.719011
1739;1855;-116;10:54:50.719011
1738;1853;-115;10:54:50.719011
1739;1854;-115;10:54:50.719011
1737;1852;-115;10:54:50.719011
1740;1855;-115;10:54:50.719011
1741;1856;-115;10:54:50.719011
1739;1857;-118;10:54:50.719011
1742;1856;-114;10:54:50.719011
1742;1858;-116;10:54:50.719011
1741;1858;-117;10:54:50.719011
1743;1860;-117;10:54:50.719011
1744;1862;-118;10:54:50.719011
1745;1862;-117;10:54:50.719011
1748;1865;-117;10:54:50.719011
1748;1866;-118;10:54:50.719011
1747;1866;-119;10:54:50.719011
1749;1865;-116;10:54:50.719011
1750;1863;-113;10:54:50.719011
1749;1863;-114;10:54:50.719011
1750;1867;-117;10:54:50.719011
1752;1868;-116;10:54:50.719011
1756;1871;-115;10:54:50.719011
1755;1867;-112;10:54:50.719011
1756;1869;-113;10:54:50.719011
1757;1869;-112;10:54:50.719011
1756;1871;-115;10:54:50.719011
1757;1869;-112;10:54:50.719011
1758;1873;-115;10:54:50.719011
1754;1873;-119;10:54:50.719011
1757;1873;-116;10:54:50.719011
1760;1872;-112;10:54:50.719011
1761;1871;-110;10:54:50.719011
1761;1870;-109;10:54:50.719011
1760;1870;-110;10:54:50.719011
1758;1871;-113;10:54:50.719011
1756;1869;-113;10:54:50.719011
1757;1869;-112;10:54:50.719011
1757;1871;-114;10:54:50.719011
1759;1871;-112;10:54:50.719011
1760;1871;-111;10:54:50.719011
1759;1872;-113;10:54:50.719011
1758;1872;-114;10:54:50.719011
1754;1874;-120;10:54:50.719011
1758;1875;-117;10:54:50.719011
1759;1876;-117;10:54:50.719011
1759;1876;-117;10:54:50.719011
1760;1874;-114;10:54:50.719011
1763;1877;-114;10:54:50.719011
1764;1875;-111;10:54:50.719011
1764;1874;-110;10:54:50.719011
1763;1877;-114;10:54:50.719011
1766;1878;-112;10:54:50.719011
1768;1878;-110;10:54:50.719011
1765;1880;-115;10:54:50.719011
1762;1880;-118;10:54:50.719011
1764;1881;-117;10:54:50.719011
1764;1882;-118;10:54:50.719011
1763;1879;-116;10:54:50.719011
1763;1880;-117;10:54:50.719011
1763;1880;-117;10:54:50.719011
1765;1880;-115;10:54:50.719011
1767;1878;-111;10:54:50.719011
1765;1879;-114;10:54:50.719011
1764;1878;-114;10:54:50.719011
1765;1879;-114;10:54:50.719011
1764;1880;-116;10:54:50.719011
1764;1878;-114;10:54:50.719011
1766;1877;-111;10:54:50.719011
1763;1876;-113;10:54:50.719011
1762;1877;-115;10:54:50.719011
1762;1876;-114;10:54:50.719011
1762;1876;-114;10:54:50.719011
1760;1874;-114;10:54:50.719011
1762;1878;-116;10:54:50.719011
1759;1876;-117;10:54:50.719011
1756;1876;-120;10:54:50.719011
1759;1876;-117;10:54:50.719011
1760;1876;-116;10:54:50.719011
1759;1875;-116;10:54:50.719011
1760;1874;-114;10:54:50.719011
1761;1875;-114;10:54:50.719011
1760;1876;-116;10:54:50.719011
1761;1876;-115;10:54:50.719011
1760;1877;-117;10:54:50.719011
1763;1881;-118;10:54:50.719011
1763;1882;-119;10:54:50.719011
1766;1883;-117;10:54:50.719011
1766;1884;-118;10:54:50.719011
1767;1883;-116;10:54:50.719011
1766;1884;-118;10:54:50.719011
1763;1881;-118;10:54:50.719011
1763;1882;-119;10:54:50.719011
1764;1879;-115;10:54:50.719011
1765;1880;-115;10:54:50.719011
1764;1881;-117;10:54:50.719011
1765;1879;-114;10:54:50.719011
1765;1879;-114;10:54:50.719011
1761;1876;-115;10:54:50.719011
1763;1877;-114;10:54:50.719011
1763;1879;-116;10:54:50.719011
1763;1878;-115;10:54:50.719011
1761;1878;-117;10:54:50.719011
1761;1875;-114;10:54:50.719011
1760;1875;-115;10:54:50.719011
1758;1873;-115;10:54:50.719011
1758;1874;-116;10:54:50.719011
1758;1875;-117;10:54:50.719011
1758;1872;-114;10:54:50.719011
1755;1870;-115;10:54:50.719011
1753;1867;-114;10:54:50.719011
1752;1866;-114;10:54:50.719011
1751;1866;-115;10:54:50.719011
1747;1864;-117;10:54:50.719011
1746;1865;-119;10:54:50.719011
1746;1863;-117;10:54:50.719011
1747;1864;-117;10:54:50.719011
1745;1861;-116;10:54:50.719011
1743;1858;-115;10:54:50.719011
1742;1858;-116;10:54:50.719011
1741;1859;-118;10:54:50.719011
1744;1861;-117;10:54:50.719011
1744;1862;-118;10:54:50.719011
1743;1862;-119;10:54:50.719011
1743;1860;-117;10:54:50.719011
1742;1859;-117;10:54:50.719011
1744;1860;-116;10:54:50.719011
1741;1860;-119;10:54:50.719011
1741;1862;-121;10:54:50.719011
1744;1861;-117;10:54:50.719011
1745;1865;-120;10:54:50.719011
1745;1862;-117;10:54:50.719011
1746;1862;-116;10:54:50.719011
1749;1862;-113;10:54:50.719011
1748;1862;-114;10:54:50.719011
1745;1861;-116;10:54:50.719011
1744;1861;-117;10:54:50.719011
1745;1859;-114;10:54:50.719011
1743;1859;-116;10:54:50.719011
1740;1857;-117;10:54:50.719011
1740;1858;-118;10:54:50.719011
1743;1858;-115;10:54:50.719011
1742;1856;-114;10:54:50.719011
1742;1858;-116;10:54:50.719011
1742;1855;-113;10:54:50.719011
1738;1858;-120;10:54:50.719011
1736;1859;-123;10:54:50.719011
1737;1855;-118;10:54:50.719011
1739;1859;-120;10:54:50.719011
1740;1859;-119;10:54:50.719011
1741;1857;-116;10:54:50.719011
1741;1856;-115;10:54:50.719011
1740;1855;-115;10:54:50.719011
1739;1855;-116;10:54:50.719011
1740;1854;-114;10:54:50.719011
1737;1855;-118;10:54:50.719011
1736;1853;-117;10:54:50.719011
1735;1854;-119;10:54:50.719011
1738;1855;-117;10:54:50.719011
1739;1856;-117;10:54:50.719011
1740;1857;-117;10:54:50.719011
1741;1856;-115;10:54:50.719011
1743;1858;-115;10:54:50.719011
1743;1857;-114;10:54:50.719011
1741;1856;-115;10:54:50.719011
1743;1857;-114;10:54:50.719011
1742;1858;-116;10:54:50.719011
1740;1857;-117;10:54:50.719011
1742;1856;-114;10:54:50.719011
1742;1856;-114;10:54:50.719011
1743;1856;-113;10:54:50.719011
1742;1859;-117;10:54:50.719011
1742;1856;-114;10:54:50.719011
1743;1853;-110;10:54:50.719011
1742;1851;-109;10:54:50.719011
1739;1853;-114;10:54:50.719011
1737;1855;-118;10:54:50.719011
1736;1855;-119;10:54:50.719011
1737;1856;-119;10:54:50.719011
1739;1857;-118;10:54:50.719011
1742;1859;-117;10:54:50.719011
1743;1860;-117;10:54:50.719011
1743;1860;-117;10:54:50.719011
1743;1861;-118;10:54:50.719011
1745;1859;-114;10:54:50.719011
1746;1860;-114;10:54:50.719011
1746;1858;-112;10:54:50.719011
1747;1859;-112;10:54:50.719011
1747;1860;-113;10:54:50.719011
1745;1862;-117;10:54:50.719011
1744;1863;-119;10:54:50.719011
1748;1863;-115;10:54:50.719011
1747;1861;-114;10:54:50.719011
1746;1860;-114;10:54:50.719011
1748;1865;-117;10:54:50.719011
1751;1865;-114;10:54:50.719011
1750;1864;-114;10:54:50.719011
1752;1866;-114;10:54:50.719011
1751;1868;-117;10:54:50.719011
1752;1869;-117;10:54:50.719011
1754;1871;-117;10:54:50.719011
1757;1871;-114;10:54:50.719011
1759;1872;-113;10:54:50.719011
1761;1871;-110;10:54:50.719011
1760;1872;-112;10:54:50.719011
1759;1873;-114;10:54:50.719011
1761;1872;-111;10:54:50.719011
1760;1875;-115;10:54:50.719011
1760;1875;-115;10:54:50.719011
1761;1874;-113;10:54:50.719011
1760;1875;-115;10:54:50.719011
1763;1873;-110;10:54:50.719011
1763;1872;-109;10:54:50.719011
1761;1871;-110;10:54:50.719011
1761;1873;-112;10:54:50.719011
1759;1872;-113;10:54:50.719011
1761;1872;-111;10:54:50.719011
1758;1872;-114;10:54:50.719011
1758;1872;-114;10:54:50.719011
1756;1873;-117;10:54:50.719011
1759;1873;-114;10:54:50.719011
1761;1874;-113;10:54:50.719011
1759;1871;-112;10:54:50.719011
1758;1873;-115;10:54:50.719011
1758;1875;-117;10:54:50.719011
1758;1874;-116;10:54:50.719011
1759;1873;-114;10:54:50.719011
1758;1873;-115;10:54:50.719011
1757;1873;-116;10:54:50.719011
1759;1876;-117;10:54:50.719011
1757;1876;-119;10:54:50.719011
1758;1876;-118;10:54:50.719011
1758;1877;-119;10:54:50.719011
1760;1875;-115;10:54:50.719011
1761;1874;-113;10:54:50.719011
1761;1876;-115;10:54:50.719011
1760;1875;-115;10:54:50.719011
1762;1879;-117;10:54:50.719011
1764;1879;-115;10:54:50.719011
1764;1881;-117;10:54:50.719011
1764;1883;-119;10:54:50.719011
1764;1881;-117;10:54:50.719011
1765;1881;-116;10:54:50.719011
1765;1882;-117;10:54:50.719011
1765;1883;-118;10:54:50.719011
1767;1886;-119;10:54:50.719011
1769;1883;-114;10:54:50.719011
1771;1884;-113;10:54:50.719011
1771;1883;-112;10:54:50.719011
1771;1886;-115;10:54:50.719011
1771;1883;-112;10:54:50.719011
1770;1882;-112;10:54:50.719011
1766;1879;-113;10:54:50.719011
1767;1879;-112;10:54:50.719011
1763;1880;-117;10:54:50.719011
1763;1877;-114;10:54:50.719011
1764;1874;-110;10:54:50.719011
1764;1874;-110;10:54:50.719011
1766;1874;-108;10:54:50.719011
1764;1874;-110;10:54:50.719011
1756;1874;-118;10:54:50.719011
1759;1876;-117;10:54:50.719011
1761;1874;-113;10:54:50.719011
1762;1874;-112;10:54:50.719011
1760;1876;-116;10:54:50.719011
1761;1876;-115;10:54:50.719011
1759;1872;-113;10:54:50.719011
1758;1875;-117;10:54:50.719011
1760;1873;-113;10:54:50.719011
1761;1875;-114;10:54:50.719011
1760;1876;-116;10:54:50.719011
1758;1874;-116;10:54:50.719011
1755;1875;-120;10:54:50.719011
1758;1877;-119;10:54:50.719011
1760;1878;-118;10:54:50.719011
1761;1877;-116;10:54:50.719011
1760;1880;-120;10:54:50.719011
1763;1880;-117;10:54:50.719011
1761;1878;-117;10:54:50.719011
1759;1880;-121;10:54:50.719011
1760;1879;-119;10:54:50.719011
1763;1877;-114;10:54:50.719011
1761;1878;-117;10:54:50.719011
1762;1879;-117;10:54:50.719011
1760;1878;-118;10:54:50.719011
1759;1876;-117;10:54:50.719011
1759;1876;-117;10:54:50.719011
1759;1876;-117;10:54:50.719011
1754;1873;-119;10:54:50.719011
1754;1872;-118;10:54:50.719011
1754;1874;-120;10:54:50.719011
1755;1872;-117;10:54:50.719011
1753;1870;-117;10:54:50.719011
1751;1870;-119;10:54:50.719011
1751;1867;-116;10:54:50.719011
1751;1866;-115;10:54:50.719011
1747;1866;-119;10:54:50.719011
1746;1865;-119;10:54:50.719011
1746;1867;-121;10:54:50.719011
1749;1864;-115;10:54:50.719011
1747;1863;-116;10:54:50.719011
1745;1863;-118;10:54:50.719011
1745;1865;-120;10:54:50.719011
1746;1864;-118;10:54:50.719011
1745;1863;-118;10:54:50.719011
1745;1864;-119;10:54:50.719011
1749;1863;-114;10:54:50.719011
1749;1863;-114;10:54:50.719011
1746;1865;-119;10:54:50.719011
1750;1864;-114;10:54:50.719011
1750;1868;-118;10:54:50.719011
1747;1867;-120;10:54:50.719011
1750;1866;-116;10:54:50.719011
1753;1867;-114;10:54:50.719011
1755;1866;-111;10:54:50.719011
1752;1867;-115;10:54:50.719011
1751;1867;-116;10:54:50.719011
1752;1865;-113;10:54:50.719011
1754;1867;-113;10:54:50.719011
1757;1866;-109;10:54:50.719011
1757;1867;-110;10:54:50.719011
1756;1867;-111;10:54:50.719011
1756;1866;-110;10:54:50.719011
1754;1868;-114;10:54:50.719011
1751;1870;-119;10:54:50.719011
1753;1866;-113;10:54:50.719011
1751;1865;-114;10:54:50.719011
1748;1865;-117;10:54:50.719011
1744;1862;-118;10:54:50.719011
1746;1859;-113;10:54:50.719011
1746;1858;-112;10:54:50.719011
1744;1858;-114;10:54:50.719011
1747;1858;-111;10:54:50.719011
1747;1859;-112;10:54:50.719011
1745;1857;-112;10:54:50.719011
1743;1859;-116;10:54:50.719011
1743;1860;-117;10:54:50.719011
1745;1860;-115;10:54:50.719011
1743;1859;-116;10:54:50.719011
1744;1858;-114;10:54:50.719011
1742;1862;-120;10:54:50.720048
1747;1863;-116;10:54:50.720048
1749;1865;-116;10:54:50.720048
1749;1864;-115;10:54:50.720048
1750;1863;-113;10:54:50.720048
1747;1860;-113;10:54:50.720048
1747;1862;-115;10:54:50.720048
1747;1863;-116;10:54:50.720048
1746;1862;-116;10:54:50.720048
1746;1862;-116;10:54:50.720048
1746;1864;-118;10:54:50.720048
1749;1861;-112;10:54:50.720048
1750;1863;-113;10:54:50.720048
1749;1862;-113;10:54:50.720048
1751;1865;-114;10:54:50.720048
1749;1866;-117;10:54:50.720048
1753;1864;-111;10:54:50.720048
1753;1863;-110;10:54:50.720048
1752;1865;-113;10:54:50.720048
1751;1865;-114;10:54:50.720048
1749;1863;-114;10:54:50.720048
1748;1862;-114;10:54:50.720048
1749;1859;-110;10:54:50.720048
1750;1862;-112;10:54:50.720048
1750;1862;-112;10:54:50.720048
1753;1863;-110;10:54:50.720048
1750;1861;-111;10:54:50.720048
1749;1866;-117;10:54:50.720048
1752;1868;-116;10:54:50.720048
1755;1865;-110;10:54:50.720048
1755;1867;-112;10:54:50.720048
1756;1866;-110;10:54:50.720048
1754;1869;-115;10:54:50.720048
1752;1869;-117;10:54:50.720048
1754;1866;-112;10:54:50.720048
1755;1868;-113;10:54:50.720048
1755;1866;-111;10:54:50.720048
1755;1866;-111;10:54:50.720048
1755;1869;-114;10:54:50.720048
1758;1869;-111;10:54:50.720048
1756;1871;-115;10:54:50.720048
1756;1871;-115;10:54:50.720048
1757;1873;-116;10:54:50.720048
1759;1871;-112;10:54:50.720048
1759;1872;-113;10:54:50.720048
1758;1871;-113;10:54:50.720048
1761;1876;-115;10:54:50.720048
1763;1876;-113;10:54:50.720048
1763;1877;-114;10:54:50.720048
1763;1876;-113;10:54:50.720048
1764;1874;-110;10:54:50.720048
1762;1877;-115;10:54:50.720048
1762;1877;-115;10:54:50.720048
1765;1879;-114;10:54:50.720048
1766;1878;-112;10:54:50.720048
1767;1877;-110;10:54:50.720048
1766;1877;-111;10:54:50.720048
1767;1878;-111;10:54:50.720048
1767;1879;-112;10:54:50.720048
1764;1878;-114;10:54:50.720048
1764;1878;-114;10:54:50.720048
1763;1876;-113;10:54:50.720048
1763;1876;-113;10:54:50.720048
1761;1871;-110;10:54:50.720048
1761;1869;-108;10:54:50.720048
1756;1870;-114;10:54:50.720048
1758;1871;-113;10:54:50.720048
1758;1869;-111;10:54:50.720048
1756;1869;-113;10:54:50.720048
1756;1869;-113;10:54:50.720048
1756;1870;-114;10:54:50.720048
1758;1873;-115;10:54:50.720048
1757;1873;-116;10:54:50.720048
1756;1874;-118;10:54:50.720048
1758;1873;-115;10:54:50.720048
1759;1873;-114;10:54:50.720048
1757;1872;-115;10:54:50.720048
1759;1873;-114;10:54:50.720048
1758;1875;-117;10:54:50.720048
1760;1874;-114;10:54:50.720048
1762;1873;-111;10:54:50.720048
1761;1873;-112;10:54:50.720048
1760;1874;-114;10:54:50.720048
1759;1874;-115;10:54:50.720048
1761;1877;-116;10:54:50.720048
1763;1877;-114;10:54:50.720048
1764;1878;-114;10:54:50.720048
1764;1879;-115;10:54:50.720048
1763;1879;-116;10:54:50.720048
1763;1881;-118;10:54:50.720048
1765;1879;-114;10:54:50.720048
1765;1880;-115;10:54:50.720048
1765;1880;-115;10:54:50.720048
1768;1877;-109;10:54:50.720048
1766;1877;-111;10:54:50.720048
1763;1878;-115;10:54:50.720048
1765;1879;-114;10:54:50.720048
1761;1876;-115;10:54:50.720048
1760;1874;-114;10:54:50.720048
1758;1874;-116;10:54:50.720048
1756;1871;-115;10:54:50.720048
1754;1872;-118;10:54:50.720048
1752;1870;-118;10:54:50.720048
1755;1868;-113;10:54:50.720048
1754;1869;-115;10:54:50.720048
1753;1869;-116;10:54:50.720048
1754;1869;-115;10:54:50.720048
1752;1871;-119;10:54:50.720048
1752;1870;-118;10:54:50.720048
1755;1870;-115;10:54:50.720048
1755;1870;-115;10:54:50.720048
1755;1869;-114;10:54:50.720048
1755;1870;-115;10:54:50.720048
1755;1869;-114;10:54:50.720048
1753;1869;-116;10:54:50.720048
1755;1872;-117;10:54:50.720048
1756;1870;-114;10:54:50.720048
1756;1871;-115;10:54:50.720048
1755;1869;-114;10:54:50.720048
1753;1873;-120;10:54:50.720048
1752;1870;-118;10:54:50.720048
1753;1869;-116;10:54:50.720048
1755;1867;-112;10:54:50.720048
1755;1866;-111;10:54:50.720048
1753;1866;-113;10:54:50.720048
1749;1864;-115;10:54:50.720048
1752;1861;-109;10:54:50.720048
1750;1862;-112;10:54:50.720048
1747;1858;-111;10:54:50.720048
1746;1860;-114;10:54:50.720048
1746;1859;-113;10:54:50.720048
1744;1860;-116;10:54:50.720048
1743;1859;-116;10:54:50.720048
1742;1861;-119;10:54:50.720048
1741;1862;-121;10:54:50.720048
1741;1860;-119;10:54:50.720048
1742;1860;-118;10:54:50.720048
1742;1858;-116;10:54:50.720048
1740;1857;-117;10:54:50.720048
1743;1859;-116;10:54:50.720048
1745;1858;-113;10:54:50.720048
1743;1859;-116;10:54:50.720048
1740;1858;-118;10:54:50.720048
1742;1856;-114;10:54:50.720048
1741;1854;-113;10:54:50.720048
1739;1856;-117;10:54:50.720048
1738;1858;-120;10:54:50.720048
1739;1856;-117;10:54:50.720048
1737;1855;-118;10:54:50.720048
1737;1853;-116;10:54:50.720048
1738;1855;-117;10:54:50.720048
1738;1856;-118;10:54:50.720048
1739;1856;-117;10:54:50.720048
1741;1856;-115;10:54:50.720048
1741;1856;-115;10:54:50.720048
1738;1854;-116;10:54:50.720048
1740;1855;-115;10:54:50.720048
1741;1853;-112;10:54:50.720048
1738;1854;-116;10:54:50.720048
1740;1855;-115;10:54:50.720048
1742;1854;-112;10:54:50.720048
1744;1855;-111;10:54:50.720048
1743;1854;-111;10:54:50.720048
1745;1854;-109;10:54:50.720048
1743;1853;-110;10:54:50.720048
1742;1854;-112;10:54:50.720048
1742;1855;-113;10:54:50.720048
1741;1856;-115;10:54:50.720048
1740;1854;-114;10:54:50.720048
1740;1855;-115;10:54:50.720048
1740;1855;-115;10:54:50.720048
1737;1851;-114;10:54:50.720048
1741;1849;-108;10:54:50.720048
1739;1848;-109;10:54:50.720048
1739;1850;-111;10:54:50.720048
1739;1848;-109;10:54:50.720048
1738;1849;-111;10:54:50.720048
1738;1849;-111;10:54:50.720048
1736;1850;-114;10:54:50.720048
1736;1850;-114;10:54:50.720048
1736;1850;-114;10:54:50.720048
1737;1851;-114;10:54:50.720048
1736;1850;-114;10:54:50.720048
1738;1850;-112;10:54:50.720048
1740;1850;-110;10:54:50.720048
1739;1852;-113;10:54:50.720048
1739;1854;-115;10:54:50.720048
1740;1857;-117;10:54:50.720048
1743;1858;-115;10:54:50.720048
1743;1860;-117;10:54:50.720048
1742;1861;-119;10:54:50.720048
1745;1861;-116;10:54:50.720048
1749;1863;-114;10:54:50.720048
1750;1864;-114;10:54:50.720048
1750;1865;-115;10:54:50.720048
1754;1864;-110;10:54:50.720048
1754;1867;-113;10:54:50.720048
1755;1868;-113;10:54:50.720048
1756;1869;-113;10:54:50.720048
1756;1870;-114;10:54:50.720048
1756;1868;-112;10:54:50.720048
1758;1869;-111;10:54:50.720048
1761;1869;-108;10:54:50.720048
1761;1871;-110;10:54:50.720048
1762;1871;-109;10:54:50.720048
1761;1871;-110;10:54:50.720048
1759;1871;-112;10:54:50.720048
1761;1873;-112;10:54:50.720048
1761;1875;-114;10:54:50.720048
1760;1876;-116;10:54:50.720048
1761;1876;-115;10:54:50.720048
1762;1876;-114;10:54:50.720048
1764;1876;-112;10:54:50.720048
1762;1873;-111;10:54:50.720048
1763;1872;-109;10:54:50.720048
1764;1873;-109;10:54:50.720048
1764;1872;-108;10:54:50.720048
1762;1872;-110;10:54:50.720048
1762;1872;-110;10:54:50.720048
1761;1872;-111;10:54:50.720048
1760;1874;-114;10:54:50.720048
1758;1875;-117;10:54:50.720048
1758;1877;-119;10:54:50.720048
1758;1876;-118;10:54:50.720048
1759;1874;-115;10:54:50.720048
1760;1878;-118;10:54:50.720048
1764;1878;-114;10:54:50.720048
1762;1878;-116;10:54:50.720048
1765;1879;-114;10:54:50.720048
1764;1878;-114;10:54:50.720048
1763;1879;-116;10:54:50.720048
1765;1883;-118;10:54:50.720048
1769;1884;-115;10:54:50.720048
1768;1883;-115;10:54:50.720048
1767;1883;-116;10:54:50.720048
1768;1883;-115;10:54:50.720048
1765;1885;-120;10:54:50.720048
1765;1881;-116;10:54:50.720048
1768;1880;-112;10:54:50.720048
1765;1879;-114;10:54:50.720048
1765;1881;-116;10:54:50.720048
1766;1879;-113;10:54:50.720048
1767;1882;-115;10:54:50.720048
1765;1878;-113;10:54:50.720048
1764;1880;-116;10:54:50.720048
1765;1878;-113;10:54:50.720048
1762;1877;-115;10:54:50.720048
1761;1877;-116;10:54:50.720048
1762;1879;-117;10:54:50.720048
1761;1876;-115;10:54:50.720048
1764;1878;-114;10:54:50.720048
1763;1873;-110;10:54:50.720048
1762;1877;-115;10:54:50.720048
1761;1879;-118;10:54:50.720048
1762;1881;-119;10:54:50.720048
1758;1880;-122;10:54:50.811785
1759;1879;-120;10:54:50.811785
1762;1879;-117;10:54:50.811785
1762;1878;-116;10:54:50.811785
1761;1876;-115;10:54:50.811785
1763;1880;-117;10:54:50.811785
1765;1878;-113;10:54:50.811785
1765;1877;-112;10:54:50.811785
1765;1875;-110;10:54:50.811785
1764;1878;-114;10:54:50.811785
1764;1878;-114;10:54:50.811785
1763;1878;-115;10:54:50.811785
1767;1877;-110;10:54:50.811785
1767;1879;-112;10:54:50.811785
1768;1880;-112;10:54:50.811785
1768;1881;-113;10:54:50.811785
1766;1881;-115;10:54:50.811785
1766;1882;-116;10:54:50.811785
1766;1881;-115;10:54:50.811785
1765;1880;-115;10:54:50.811785
1766;1880;-114;10:54:50.811785
1767;1879;-112;10:54:50.811785
1765;1879;-114;10:54:50.811785
1766;1877;-111;10:54:50.811785
1766;1876;-110;10:54:50.811785
1762;1875;-113;10:54:50.811785
1762;1873;-111;10:54:50.811785
1759;1871;-112;10:54:50.811785
1756;1871;-115;10:54:50.811785
1753;1870;-117;10:54:50.811785
1750;1869;-119;10:54:50.811785
1751;1867;-116;10:54:50.811785
1754;1866;-112;10:54:50.811785
1749;1866;-117;10:54:50.811785
1749;1867;-118;10:54:50.811785
1751;1867;-116;10:54:50.811785
1751;1870;-119;10:54:50.811785
1750;1868;-118;10:54:50.811785
1748;1867;-119;10:54:50.811785
1748;1865;-117;10:54:50.811785
1748;1862;-114;10:54:50.811785
1749;1863;-114;10:54:50.811785
1748;1861;-113;10:54:50.811785
1746;1861;-115;10:54:50.811785
1749;1863;-114;10:54:50.811785
1749;1865;-116;10:54:50.811785
1746;1863;-117;10:54:50.811785
1744;1864;-120;10:54:50.811785
1745;1863;-118;10:54:50.811785
1745;1862;-117;10:54:50.811785
1744;1863;-119;10:54:50.811785
1746;1864;-118;10:54:50.811785
1748;1865;-117;10:54:50.811785
1751;1863;-112;10:54:50.811785
1749;1862;-113;10:54:50.811785
1749;1863;-114;10:54:50.811785
1747;1862;-115;10:54:50.811785
1746;1861;-115;10:54:50.811785
1747;1860;-113;10:54:50.811785
1748;1860;-112;10:54:50.811785
1749;1858;-109;10:54:50.811785
1748;1858;-110;10:54:50.811785
1748;1860;-112;10:54:50.811785
1745;1860;-115;10:54:50.811785
1747;1860;-113;10:54:50.811785
1745;1858;-113;10:54:50.811785
1744;1859;-115;10:54:50.811785
1744;1860;-116;10:54:50.811785
1743;1861;-118;10:54:50.811785
1741;1859;-118;10:54:50.811785
1742;1858;-116;10:54:50.811785
1746;1856;-110;10:54:50.811785
1743;1856;-113;10:54:50.811785
1741;1858;-117;10:54:50.811785
1743;1858;-115;10:54:50.811785
1742;1858;-116;10:54:50.811785
1743;1855;-112;10:54:50.811785
1742;1853;-111;10:54:50.811785
1742;1854;-112;10:54:50.811785
1741;1855;-114;10:54:50.811785
1740;1856;-116;10:54:50.811785
1742;1858;-116;10:54:50.811785
1745;1861;-116;10:54:50.811785
1743;1859;-116;10:54:50.811785
1743;1861;-118;10:54:50.811785
1747;1863;-116;10:54:50.811785
1747;1862;-115;10:54:50.811785
1745;1863;-118;10:54:50.811785
1745;1863;-118;10:54:50.811785
1751;1863;-112;10:54:50.811785
1750;1862;-112;10:54:50.811785
1750;1865;-115;10:54:50.811785
1752;1867;-115;10:54:50.811785
1754;1868;-114;10:54:50.811785
1754;1866;-112;10:54:50.811785
1750;1867;-117;10:54:50.811785
1752;1867;-115;10:54:50.811785
1752;1867;-115;10:54:50.811785
1752;1864;-112;10:54:50.811785
1751;1865;-114;10:54:50.811785
1753;1861;-108;10:54:50.811785
1754;1863;-109;10:54:50.811785
1753;1861;-108;10:54:50.811785
1751;1862;-111;10:54:50.811785
1750;1862;-112;10:54:50.811785
1748;1865;-117;10:54:50.811785
1749;1863;-114;10:54:50.811785
1752;1865;-113;10:54:50.811785
1752;1864;-112;10:54:50.811785
1751;1864;-113;10:54:50.811785
1749;1866;-117;10:54:50.811785
1752;1866;-114;10:54:50.811785
1753;1868;-115;10:54:50.811785
1754;1867;-113;10:54:50.811785
1751;1868;-117;10:54:50.811785
1752;1870;-118;10:54:50.811785
1752;1870;-118;10:54:50.811785
1755;1869;-114;10:54:50.811785
1756;1872;-116;10:54:50.811785
1756;1869;-113;10:54:50.811785
1756;1870;-114;10:54:50.811785
1754;1869;-115;10:54:50.811785
1754;1869;-115;10:54:50.811785
1756;1870;-114;10:54:50.811785
1758;1872;-114;10:54:50.811785
1755;1871;-116;10:54:50.811785
1757;1873;-116;10:54:50.811785
1761;1872;-111;10:54:50.811785
1761;1874;-113;10:54:50.811785
1757;1872;-115;10:54:50.811785
1760;1876;-116;10:54:50.811785
1760;1874;-114;10:54:50.811785
1761;1874;-113;10:54:50.811785
1762;1873;-111;10:54:50.811785
1765;1872;-107;10:54:50.811785
1761;1873;-112;10:54:50.811785
1762;1871;-109;10:54:50.811785
1760;1873;-113;10:54:50.811785
1760;1872;-112;10:54:50.811785
1757;1871;-114;10:54:50.811785
1759;1871;-112;10:54:50.811785
1759;1872;-113;10:54:50.811785
1760;1870;-110;10:54:50.811785
1758;1871;-113;10:54:50.811785
1758;1869;-111;10:54:50.811785
1760;1868;-108;10:54:50.811785
1759;1870;-111;10:54:50.811785
1758;1870;-112;10:54:50.811785
1755;1871;-116;10:54:50.811785
1756;1871;-115;10:54:50.811785
1758;1870;-112;10:54:50.811785
1755;1870;-115;10:54:50.811785
1758;1870;-112;10:54:50.811785
1757;1873;-116;10:54:50.811785
1756;1873;-117;10:54:50.811785
1758;1874;-116;10:54:50.811785
1759;1873;-114;10:54:50.811785
1759;1874;-115;10:54:50.811785
1759;1872;-113;10:54:50.811785
1760;1874;-114;10:54:50.811785
1760;1876;-116;10:54:50.811785
1760;1877;-117;10:54:50.811785
1764;1875;-111;10:54:50.811785
1764;1875;-111;10:54:50.811785
1764;1875;-111;10:54:50.811785
1763;1874;-111;10:54:50.811785
1763;1871;-108;10:54:50.811785
1762;1876;-114;10:54:50.811785
1761;1875;-114;10:54:50.811785
1760;1874;-114;10:54:50.811785
1762;1877;-115;10:54:50.811785
1761;1875;-114;10:54:50.811785
1764;1877;-113;10:54:50.811785
1761;1877;-116;10:54:50.811785
1765;1878;-113;10:54:50.811785
1764;1876;-112;10:54:50.811785
1764;1876;-112;10:54:50.811785
1764;1875;-111;10:54:50.811785
1760;1874;-114;10:54:50.811785
1760;1872;-112;10:54:50.811785
1758;1872;-114;10:54:50.811785
1759;1872;-113;10:54:50.811785
1756;1874;-118;10:54:50.811785
1755;1873;-118;10:54:50.811785
1756;1873;-117;10:54:50.811785
1757;1874;-117;10:54:50.811785
1761;1874;-113;10:54:50.811785
1759;1872;-113;10:54:50.811785
1757;1874;-117;10:54:50.811785
1757;1874;-117;10:54:50.811785
1758;1874;-116;10:54:50.811785
1757;1873;-116;10:54:50.811785
1757;1876;-119;10:54:50.811785
1758;1876;-118;10:54:50.811785
1759;1876;-117;10:54:50.811785
1759;1873;-114;10:54:50.811785
1759;1874;-115;10:54:50.811785
1761;1873;-112;10:54:50.811785
1761;1872;-111;10:54:50.811785
1759;1874;-115;10:54:50.811785
1763;1876;-113;10:54:50.811785
1759;1876;-117;10:54:50.811785
1755;1876;-121;10:54:50.811785
1757;1876;-119;10:54:50.811785
1760;1875;-115;10:54:50.811785
1757;1877;-120;10:54:50.811785
1758;1874;-116;10:54:50.811785
1758;1874;-116;10:54:50.811785
1760;1872;-112;10:54:50.811785
1759;1873;-114;10:54:50.811785
1758;1871;-113;10:54:50.811785
1759;1870;-111;10:54:50.811785
1757;1870;-113;10:54:50.811785
1755;1868;-113;10:54:50.811785
1752;1865;-113;10:54:50.811785
1751;1863;-112;10:54:50.811785
1750;1863;-113;10:54:50.811785
1748;1861;-113;10:54:50.811785
1745;1860;-115;10:54:50.811785
1745;1860;-115;10:54:50.811785
1744;1860;-116;10:54:50.811785
1743;1860;-117;10:54:50.811785
1743;1860;-117;10:54:50.811785
1745;1861;-116;10:54:50.811785
1744;1860;-116;10:54:50.811785
1743;1857;-114;10:54:50.811785
1742;1859;-117;10:54:50.811785
1744;1859;-115;10:54:50.811785
1744;1858;-114;10:54:50.811785
1742;1858;-116;10:54:50.811785
1741;1860;-119;10:54:50.811785
1744;1862;-118;10:54:50.811785
1743;1863;-120;10:54:50.811785
1743;1864;-121;10:54:50.811785
1742;1863;-121;10:54:50.811785
1743;1864;-121;10:54:50.811785
1746;1864;-118;10:54:50.811785
1747;1864;-117;10:54:50.811785
1750;1861;-111;10:54:50.811785
1749;1862;-113;10:54:50.811785
1749;1862;-113;10:54:50.811785
1750;1861;-111;10:54:50.811785
1750;1859;-109;10:54:50.811785
1749;1860;-111;10:54:50.811785
1748;1863;-115;10:54:50.811785
1748;1861;-113;10:54:50.811785
1750;1861;-111;10:54:50.811785
1749;1861;-112;10:54:50.811785
1748;1862;-114;10:54:50.811785
1748;1860;-112;10:54:50.811785
1750;1861;-111;10:54:50.811785
1745;1859;-114;10:54:50.811785
1743;1860;-117;10:54:50.811785
1741;1856;-115;10:54:50.811785
1742;1854;-112;10:54:50.811785
1742;1854;-112;10:54:50.828741
1740;1852;-112;10:54:50.828741
1740;1849;-109;10:54:50.828741
1737;1848;-111;10:54:50.828741
1737;1847;-110;10:54:50.828741
1735;1849;-114;10:54:50.828741
1736;1851;-115;10:54:50.828741
1736;1848;-112;10:54:50.828741
1734;1850;-116;10:54:50.828741
1736;1854;-118;10:54:50.828741
1738;1853;-115;10:54:50.828741
1737;1855;-118;10:54:50.828741
1741;1859;-118;10:54:50.828741
1742;1857;-115;10:54:50.828741
1743;1859;-116;10:54:50.828741
1743;1856;-113;10:54:50.828741
1749;1857;-108;10:54:50.828741
1746;1856;-110;10:54:50.828741
1747;1856;-109;10:54:50.828741
1749;1860;-111;10:54:50.828741
1749;1862;-113;10:54:50.828741
1751;1860;-109;10:54:50.828741
1755;1864;-109;10:54:50.828741
1753;1863;-110;10:54:50.828741
1751;1865;-114;10:54:50.828741
1752;1865;-113;10:54:50.828741
1754;1863;-109;10:54:50.828741
1751;1862;-111;10:54:50.828741
1751;1865;-114;10:54:50.828741
1753;1865;-112;10:54:50.828741
1755;1864;-109;10:54:50.828741
1755;1863;-108;10:54:50.828741
1755;1863;-108;10:54:50.828741
1754;1863;-109;10:54:50.828741
1754;1863;-109;10:54:50.828741
1754;1863;-109;10:54:50.828741
1755;1865;-110;10:54:50.828741
1756;1864;-108;10:54:50.828741
1758;1868;-110;10:54:50.828741
1756;1867;-111;10:54:50.828741
1755;1867;-112;10:54:50.828741
1755;1866;-111;10:54:50.828741
1759;1867;-108;10:54:50.828741
1757;1869;-112;10:54:50.828741
1756;1868;-112;10:54:50.828741
1759;1869;-110;10:54:50.828741
1757;1871;-114;10:54:50.828741
1758;1868;-110;10:54:50.828741
1762;1869;-107;10:54:50.828741
1763;1870;-107;10:54:50.828741
1761;1871;-110;10:54:50.828741
1760;1871;-111;10:54:50.828741
1761;1874;-113;10:54:50.828741
1764;1872;-108;10:54:50.828741
1768;1873;-105;10:54:50.828741
1768;1875;-107;10:54:50.828741
1766;1877;-111;10:54:50.828741
1766;1877;-111;10:54:50.828741
1766;1877;-111;10:54:50.828741
1766;1880;-114;10:54:50.828741
1769;1878;-109;10:54:50.828741
1769;1877;-108;10:54:50.828741
1768;1878;-110;10:54:50.828741
1767;1877;-110;10:54:50.828741
1767;1879;-112;10:54:50.828741
1769;1875;-106;10:54:50.828741
1767;1877;-110;10:54:50.828741
1765;1876;-111;10:54:50.828741
1766;1877;-111;10:54:50.828741
1770;1878;-108;10:54:50.828741
1765;1879;-114;10:54:50.828741
1766;1877;-111;10:54:50.828741
1767;1876;-109;10:54:50.828741
1767;1876;-109;10:54:50.828741
1765;1877;-112;10:54:50.828741
1767;1878;-111;10:54:50.828741
1765;1877;-112;10:54:50.828741
1763;1880;-117;10:54:50.828741
1766;1877;-111;10:54:50.828741
1764;1877;-113;10:54:50.828741
1764;1878;-114;10:54:50.828741
1767;1879;-112;10:54:50.828741
1765;1879;-114;10:54:50.828741
1765;1881;-116;10:54:50.828741
1768;1882;-114;10:54:50.828741
1770;1883;-113;10:54:50.828741
1772;1882;-110;10:54:50.828741
1771;1883;-112;10:54:50.828741
1772;1884;-112;10:54:50.828741
1774;1885;-111;10:54:50.828741
1771;1886;-115;10:54:50.828741
1777;1886;-109;10:54:50.828741
1777;1888;-111;10:54:50.828741
1776;1889;-113;10:54:50.828741
1775;1889;-114;10:54:50.828741
1775;1889;-114;10:54:50.828741
1777;1888;-111;10:54:50.828741
1776;1886;-110;10:54:50.828741
1775;1884;-109;10:54:50.828741
1773;1884;-111;10:54:50.828741
1770;1879;-109;10:54:50.828741
1769;1879;-110;10:54:50.828741
1768;1879;-111;10:54:50.828741
1770;1876;-106;10:54:50.828741
1768;1876;-108;10:54:50.828741
1768;1875;-107;10:54:50.828741
1766;1875;-109;10:54:50.828741
1763;1874;-111;10:54:50.828741
1761;1874;-113;10:54:50.828741
1762;1872;-110;10:54:50.828741
1761;1872;-111;10:54:50.828741
1762;1872;-110;10:54:50.828741
1760;1872;-112;10:54:50.828741
1759;1875;-116;10:54:50.828741
1760;1873;-113;10:54:50.828741
1759;1873;-114;10:54:50.828741
1757;1872;-115;10:54:50.828741
1761;1872;-111;10:54:50.828741
1757;1871;-114;10:54:50.828741
1757;1872;-115;10:54:50.828741
1755;1870;-115;10:54:50.828741
1755;1870;-115;10:54:50.828741
1754;1869;-115;10:54:50.828741
1755;1868;-113;10:54:50.828741
1754;1870;-116;10:54:50.828741
1758;1869;-111;10:54:50.828741
1755;1868;-113;10:54:50.828741
1757;1872;-115;10:54:50.828741
1759;1873;-114;10:54:50.828741
1760;1872;-112;10:54:50.828741
1758;1872;-114;10:54:50.828741
1757;1871;-114;10:54:50.828741
1755;1870;-115;10:54:50.828741
1757;1871;-114;10:54:50.828741
1755;1869;-114;10:54:50.828741
1758;1871;-113;10:54:50.828741
1759;1869;-110;10:54:50.828741
1754;1867;-113;10:54:50.828741
1755;1868;-113;10:54:50.828741
1753;1867;-114;10:54:50.828741
1753;1866;-113;10:54:50.828741
1752;1863;-111;10:54:50.828741
1752;1860;-108;10:54:50.828741
1749;1863;-114;10:54:50.828741
1747;1862;-115;10:54:50.828741
1745;1860;-115;10:54:50.828741
1745;1859;-114;10:54:50.828741
1746;1856;-110;10:54:50.828741
1745;1858;-113;10:54:50.828741
1742;1856;-114;10:54:50.828741
1742;1854;-112;10:54:50.828741
1741;1857;-116;10:54:50.828741
1743;1857;-114;10:54:50.828741
1744;1854;-110;10:54:50.828741
1745;1855;-110;10:54:50.828741
1743;1854;-111;10:54:50.828741
1739;1853;-114;10:54:50.828741
1741;1854;-113;10:54:50.828741
1741;1856;-115;10:54:50.828741
1742;1853;-111;10:54:50.828741
1744;1855;-111;10:54:50.828741
1741;1859;-118;10:54:50.828741
1740;1858;-118;10:54:50.828741
1741;1857;-116;10:54:50.828741
1740;1858;-118;10:54:50.828741
1743;1857;-114;10:54:50.828741
1742;1856;-114;10:54:50.828741
1742;1859;-117;10:54:50.828741
1743;1856;-113;10:54:50.828741
1745;1857;-112;10:54:50.828741
1747;1857;-110;10:54:50.828741
1745;1858;-113;10:54:50.828741
1743;1855;-112;10:54:50.828741
1744;1856;-112;10:54:50.828741
1742;1855;-113;10:54:50.828741
1743;1852;-109;10:54:50.828741
1742;1854;-112;10:54:50.828741
1743;1855;-112;10:54:50.828741
1741;1858;-117;10:54:50.828741
1739;1854;-115;10:54:50.828741
1739;1854;-115;10:54:50.828741
1737;1855;-118;10:54:50.828741
1734;1854;-120;10:54:50.828741
1735;1853;-118;10:54:50.828741
1735;1852;-117;10:54:50.828741
1735;1851;-116;10:54:50.828741
1733;1849;-116;10:54:50.828741
1732;1848;-116;10:54:50.828741
1731;1848;-117;10:54:50.828741
1730;1848;-118;10:54:50.828741
1733;1849;-116;10:54:50.828741
1730;1847;-117;10:54:50.828741
1733;1846;-113;10:54:50.828741
1736;1848;-112;10:54:50.828741
1735;1850;-115;10:54:50.828741
1744;1855;-111;10:54:50.828741
1735;1852;-117;10:54:50.828741
1754;1867;-113;10:54:50.828741
1734;1861;-127;10:54:50.828741
1755;1863;-108;10:54:50.828741
1649;1870;-221;10:54:50.828741
2067;1951;116;10:54:50.828741
2062;2046;16;10:54:50.828741
2179;2512;-333;10:54:50.828741
1405;1865;-460;10:54:50.828741
292;1294;-1002;10:54:50.828741
-60;-116;56;10:54:50.828741
437;-162;599;10:54:50.828741
177;-119;296;10:54:50.828741
1062;228;834;10:54:50.828741
1111;1441;-330;10:54:50.828741
1003;1451;-448;10:54:50.828741
1090;2245;-1155;10:54:50.828741
958;1893;-935;10:54:50.828741
2260;2536;-276;10:54:50.828741
3506;3179;327;10:54:50.828741
4026;3405;621;10:54:50.828741
4083;4623;-540;10:54:50.828741
4179;4695;-516;10:54:50.828741
4419;5052;-633;10:54:50.828741
4253;4666;-413;10:54:50.828741
3287;3823;-536;10:54:50.828741
3477;3554;-77;10:54:50.828741
3841;2103;1738;10:54:50.828741
3428;1864;1564;10:54:50.828741
3117;1810;1307;10:54:50.828741
2697;2302;395;10:54:50.828741
1625;1683;-58;10:54:50.828741
1627;483;1144;10:54:50.828741
-53;-444;391;10:54:50.828741
-988;-866;-122;10:54:50.828741
-1401;-740;-661;10:54:50.828741
-1528;-1233;-295;10:54:50.828741
-937;-963;26;10:54:50.828741
305;-45;350;10:54:50.828741
762;432;330;10:54:50.828741
344;1214;-870;10:54:50.828741
-914;715;-1629;10:54:50.828741
-1365;1059;-2424;10:54:50.828741
-789;932;-1721;10:54:50.828741
-949;397;-1346;10:54:50.828741
-554;709;-1263;10:54:50.828741
510;1030;-520;10:54:50.828741
1761;1527;234;10:54:50.828741
1916;2140;-224;10:54:50.828741
2782;2382;400;10:54:50.828741
3095;4672;-1577;10:54:50.828741
4729;4793;-64;10:54:50.828741
4904;5452;-548;10:54:50.828741
5815;5659;156;10:54:50.828741
5996;5426;570;10:54:50.828741
6802;5859;943;10:54:50.828741
7216;5253;1963;10:54:50.828741
7004;4154;2850;10:54:50.828741
6039;4351;1688;10:54:50.828741
4264;4918;-654;10:54:50.829738
3982;3607;375;10:54:50.829738
2448;1171;1277;10:54:50.829738
935;-965;1900;10:54:50.829738
-467;-1925;1458;10:54:50.829738
-1140;-2644;1504;10:54:50.829738
-2754;-2507;-247;10:54:50.829738
-3462;-2305;-1157;10:54:50.829738
-2639;-1238;-1401;10:54:50.829738
-1854;-1498;-356;10:54:50.829738
-1826;-1571;-255;10:54:50.829738
-1784;-1427;-357;10:54:50.829738
-538;260;-798;10:54:50.829738
-2594;-14;-2580;10:54:50.829738
-2958;165;-3123;10:54:50.829738
-897;956;-1853;10:54:50.829738
-231;2349;-2580;10:54:50.829738
1670;3673;-2003;10:54:50.829738
2982;3565;-583;10:54:50.829738
1185;2343;-1158;10:54:50.829738
-1215;-1305;90;10:54:50.829738
-217;824;-1041;10:54:50.829738
1776;2673;-897;10:54:50.829738
5266;4434;832;10:54:50.829738
7901;6247;1654;10:54:50.829738
8191;6633;1558;10:54:50.829738
12421;5883;6538;10:54:50.829738
11298;4941;6357;10:54:50.829738
8039;7851;188;10:54:50.829738
7771;9944;-2173;10:54:50.829738
10656;8810;1846;10:54:50.829738
8601;4220;4381;10:54:50.829738
5617;3239;2378;10:54:50.829738
2044;4854;-2810;10:54:50.829738
-992;1407;-2399;10:54:50.829738
-2424;-4461;2037;10:54:50.829738
-2658;-6380;3722;10:54:50.829738
-3534;-5051;1517;10:54:50.829738
-6836;-173;-6663;10:54:50.829738
-7102;-671;-6431;10:54:50.829738
-6134;-2011;-4123;10:54:50.829738
-2916;-4618;1702;10:54:50.829738
-6631;-488;-6143;10:54:50.829738
-6223;-438;-5785;10:54:50.829738
-3384;1198;-4582;10:54:50.829738
730;-615;1345;10:54:50.829738
3621;1586;2035;10:54:50.829738
4488;1663;2825;10:54:50.829738
5538;4225;1313;10:54:50.829738
8082;6092;1990;10:54:50.829738
8028;7260;768;10:54:50.829738
6969;8815;-1846;10:54:50.829738
8278;4021;4257;10:54:50.829738
10913;3871;7042;10:54:50.829738
10288;2884;7404;10:54:50.829738
5736;2020;3716;10:54:50.829738
555;-497;1052;10:54:50.829738
-1431;-236;-1195;10:54:50.829738
-1453;-823;-630;10:54:50.829738
398;-280;678;10:54:50.829738
428;3713;-3285;10:54:50.829738
752;2324;-1572;10:54:50.829738
634;2764;-2130;10:54:50.829738
-352;4441;-4793;10:54:50.829738
-1141;3181;-4322;10:54:50.829738
-2868;2967;-5835;10:54:50.829738
-1095;2121;-3216;10:54:50.829738
395;3458;-3063;10:54:50.829738
243;847;-604;10:54:50.829738
-2374;-3348;974;10:54:50.829738
-2661;-1792;-869;10:54:50.829738
-3853;-2797;-1056;10:54:50.829738
-2795;-5964;3169;10:54:50.829738
-6;-5730;5724;10:54:50.829738
225;-4756;4981;10:54:50.829738
1493;-2876;4369;10:54:50.829738
3813;2346;1467;10:54:50.829738
2990;7319;-4329;10:54:50.829738
2937;6454;-3517;10:54:50.829738
4503;7445;-2942;10:54:50.829738
10977;6746;4231;10:54:50.829738
15450;7372;8078;10:54:50.829738
16631;10698;5933;10:54:50.829738
12996;12432;564;10:54:50.829738
6902;6579;323;10:54:50.829738
4998;4673;325;10:54:50.829738
5241;8506;-3265;10:54:50.829738
2049;2818;-769;10:54:50.829738
1769;3905;-2136;10:54:50.829738
-1017;-2717;1700;10:54:50.829738
1489;1571;-82;10:54:50.829738
-4982;-1663;-3319;10:54:50.829738
-8643;-4672;-3971;10:54:50.829738
-5663;-1625;-4038;10:54:50.829738
-7933;-12396;4463;10:54:50.829738
-13863;-2369;-11494;10:54:50.829738
-6269;1767;-8036;10:54:50.829738
5647;-6253;11900;10:54:50.829738
-2881;-8874;5993;10:54:50.829738
-4468;-1544;-2924;10:54:50.829738
-3805;-2086;-1719;10:54:50.829738
-5708;-910;-4798;10:54:50.829738
3455;178;3277;10:54:50.829738
-5124;3082;-8206;10:54:50.829738
-2101;3355;-5456;10:54:50.829738
2350;-3497;5847;10:54:50.829738
12420;-921;13341;10:54:50.829738
12263;6606;5657;10:54:50.829738
15648;11048;4600;10:54:50.829738
19725;12607;7118;10:54:50.829738
18825;22812;-3987;10:54:50.829738
16323;22406;-6083;10:54:50.829738
16871;20625;-3754;10:54:50.829738
14611;14869;-258;10:54:50.829738
10491;14785;-4294;10:54:50.829738
3590;1497;2093;10:54:50.829738
-894;-3043;2149;10:54:50.829738
-3368;-6319;2951;10:54:50.829738
-11260;-9130;-2130;10:54:50.829738
-14391;-11459;-2932;10:54:50.829738
-10468;-11884;1416;10:54:50.829738
-15871;-16110;239;10:54:50.829738
-16609;-16969;360;10:54:50.829738
-16376;-16864;488;10:54:50.829738
-15227;-16719;1492;10:54:50.829738
-11267;-8344;-2923;10:54:50.829738
-5333;-6529;1196;10:54:50.829738
-7641;-4362;-3279;10:54:50.829738
-2415;3399;-5814;10:54:50.829738
-245;10209;-10454;10:54:50.829738
4663;7971;-3308;10:54:50.829738
21759;8962;12797;10:54:50.829738
19618;21945;-2327;10:54:50.829738
20986;20781;205;10:54:50.829738
17281;21194;-3913;10:54:50.829738
24168;18977;5191;10:54:50.829738
28654;20172;8482;10:54:50.829738
18311;26311;-8000;10:54:50.829738
17712;22158;-4446;10:54:50.829738
16959;24050;-7091;10:54:50.829738
19899;12142;7757;10:54:50.829738
18332;7985;10347;10:54:50.829738
3803;1491;2312;10:54:50.829738
4627;-4552;9179;10:54:50.829738
-890;-3437;2547;10:54:50.829738
-5034;-11571;6537;10:54:50.829738
-10150;-14979;4829;10:54:50.829738
-14570;-12983;-1587;10:54:50.829738
-18448;-17501;-947;10:54:50.829738
-24453;-18332;-6121;10:54:50.829738
-26030;-20564;-5466;10:54:50.829738
-19134;-19936;802;10:54:50.829738
-17782;-22734;4952;10:54:50.829738
-17408;-10311;-7097;10:54:50.829738
-12621;-4548;-8073;10:54:50.829738
-7592;-5784;-1808;10:54:50.829738
-4840;2658;-7498;10:54:50.829738
1198;3965;-2767;10:54:50.829738
7243;2934;4309;10:54:50.829738
10401;12972;-2571;10:54:50.829738
8967;12514;-3547;10:54:50.829738
13281;21052;-7771;10:54:50.829738
20636;17251;3385;10:54:50.829738
21900;13922;7978;10:54:50.829738
21543;16249;5294;10:54:50.829738
18146;17011;1135;10:54:50.829738
12044;11522;522;10:54:50.829738
12204;12080;124;10:54:50.829738
16823;7894;8929;10:54:50.829738
13699;1780;11919;10:54:50.829738
8855;-90;8945;10:54:50.829738
7114;4649;2465;10:54:50.829738
507;4970;-4463;10:54:50.829738
-3065;995;-4060;10:54:50.829738
-6334;-2357;-3977;10:54:50.829738
-9540;-4661;-4879;10:54:50.829738
-11113;-11879;766;10:54:50.829738
-13136;-15850;2714;10:54:50.829738
-13767;-15187;1420;10:54:50.829738
-16333;-13558;-2775;10:54:50.829738
-17557;-18191;634;10:54:50.829738
-20158;-11099;-9059;10:54:50.829738
-15103;-10657;-4446;10:54:50.829738
-7899;-6935;-964;10:54:50.829738
-3283;-240;-3043;10:54:50.829738
-2521;5879;-8400;10:54:50.829738
5480;10378;-4898;10:54:50.829738
14419;13894;525;10:54:50.829738
20033;19696;337;10:54:50.829738
23112;20028;3084;10:54:50.829738
27015;24715;2300;10:54:50.829738
25722;26888;-1166;10:54:50.829738
27461;26397;1064;10:54:50.829738
29754;17767;11987;10:54:50.829738
22491;16568;5923;10:54:50.829738
21209;12866;8343;10:54:50.829738
17700;8833;8867;10:54:50.829738
8204;3927;4277;10:54:50.829738
10642;1832;8810;10:54:50.829738
2773;1771;1002;10:54:50.829738
-4760;-3410;-1350;10:54:50.829738
-10050;-9374;-676;10:54:50.829738
-18610;-14162;-4448;10:54:50.829738
-21208;-16725;-4483;10:54:50.829738
-23956;-23848;-108;10:54:50.829738
-26900;-22683;-4217;10:54:50.829738
-25936;-25254;-682;10:54:50.829738
-26500;-22943;-3557;10:54:50.829738
-26254;-18909;-7345;10:54:50.829738
-27404;-19166;-8238;10:54:50.829738
-15504;-13353;-2151;10:54:50.829738
-4939;-6275;1336;10:54:50.829738
-468;306;-774;10:54:50.829738
-209;2899;-3108;10:54:50.829738
2116;13275;-11159;10:54:50.829738
10540;14740;-4200;10:54:50.829738
11882;15463;-3581;10:54:50.829738
19469;24030;-4561;10:54:50.829738
25938;27680;-1742;10:54:50.829738
28044;18674;9370;10:54:50.829738
31864;19985;11879;10:54:50.829738
28617;16845;11772;10:54:50.829738
23257;15958;7299;10:54:50.829738
17981;16066;1915;10:54:50.829738
15341;8582;6759;10:54:50.829738
9915;6726;3189;10:54:50.829738
3117;3398;-281;10:54:50.829738
-2514;-130;-2384;10:54:50.829738
-5459;-2271;-3188;10:54:50.829738
-10339;-8595;-1744;10:54:50.829738
-14839;-11400;-3439;10:54:50.829738
-19208;-12868;-6340;10:54:50.829738
-20635;-17088;-3547;10:54:50.829738
-19647;-16842;-2805;10:54:50.829738
-21450;-15965;-5485;10:54:50.829738
-23191;-14047;-9144;10:54:50.829738
-18442;-12874;-5568;10:54:50.829738
-14492;-6937;-7555;10:54:50.829738
-12964;-1025;-11939;10:54:50.829738
-7748;537;-8285;10:54:50.829738
-502;2838;-3340;10:54:50.829738
3764;2055;1709;10:54:50.829738
4276;3892;384;10:54:50.829738
3433;6776;-3343;10:54:50.829738
8123;10920;-2797;10:54:50.829738
11883;13081;-1198;10:54:50.829738
15616;11188;4428;10:54:50.829738
17545;10792;6753;10:54:50.829738
17011;12465;4546;10:54:50.829738
14760;10700;4060;10:54:50.829738
12589;12019;570;10:54:50.829738
11674;7135;4539;10:54:50.829738
7740;3889;3851;10:54:50.829738
3060;7310;-4250;10:54:50.829738
-322;2699;-3021;10:54:50.829738
-9509;-6123;-3386;10:54:50.911515
-13978;-6864;-7114;10:54:50.911515
-14100;-7935;-6165;10:54:50.911515
-14082;-12375;-1707;10:54:50.911515
-16405;-13140;-3265;10:54:50.911515
-13505;-9135;-4370;10:54:50.911515
-14262;-5354;-8908;10:54:50.911515
-13732;-9504;-4228;10:54:50.911515
-14033;-8266;-5767;10:54:50.911515
-12597;-5851;-6746;10:54:50.911515
-8148;-565;-7583;10:54:50.911515
-9299;-289;-9010;10:54:50.911515
-4067;-1133;-2934;10:54:50.911515
5269;3089;2180;10:54:50.911515
11882;5583;6299;10:54:50.911515
18775;9380;9395;10:54:50.911515
17969;11192;6777;10:54:50.911515
15091;13076;2015;10:54:50.911515
13266;8694;4572;10:54:50.911515
13404;9236;4168;10:54:50.911515
10186;14111;-3925;10:54:50.911515
10288;13475;-3187;10:54:50.911515
4867;11019;-6152;10:54:50.911515
1290;7797;-6507;10:54:50.911515
-1898;3411;-5309;10:54:50.911515
-6027;-196;-5831;10:54:50.911515
-9159;-2615;-6544;10:54:50.911515
-8895;-9018;123;10:54:50.911515
-10952;-12609;1657;10:54:50.911515
-11997;-11559;-438;10:54:50.911515
-8057;-12259;4202;10:54:50.911515
-9912;-13670;3758;10:54:50.911515
-11387;-10634;-753;10:54:50.911515
-11122;-4532;-6590;10:54:50.911515
-8397;-2773;-5624;10:54:50.911515
-5276;-1435;-3841;10:54:50.911515
-4602;-679;-3923;10:54:50.911515
-4325;3230;-7555;10:54:50.911515
-6310;1849;-8159;10:54:50.911515
-3164;1397;-4561;10:54:50.911515
-924;773;-1697;10:54:50.911515
-230;-222;-8;10:54:50.911515
2836;848;1988;10:54:50.911515
5075;5077;-2;10:54:50.911515
1941;8064;-6123;10:54:50.911515
1877;4940;-3063;10:54:50.911515
-1097;1869;-2966;10:54:50.911515
1046;8439;-7393;10:54:50.911515
5185;7492;-2307;10:54:50.911515
9321;6404;2917;10:54:50.911515
9282;2894;6388;10:54:50.911515
5988;4388;1600;10:54:50.911515
4973;6657;-1684;10:54:50.911515
3370;7887;-4517;10:54:50.911515
5824;5879;-55;10:54:50.911515
5466;955;4511;10:54:50.911515
1395;-2222;3617;10:54:50.911515
-2819;-2099;-720;10:54:50.911515
-5148;-7163;2015;10:54:50.911515
-8719;-6331;-2388;10:54:50.911515
-10134;-7706;-2428;10:54:50.911515
-9490;-7823;-1667;10:54:50.911515
-9969;-6334;-3635;10:54:50.911515
-8313;-2650;-5663;10:54:50.911515
-7928;46;-7974;10:54:50.911515
-6579;-2532;-4047;10:54:50.911515
-6089;-46;-6043;10:54:50.911515
-4902;1295;-6197;10:54:50.911515
-3181;351;-3532;10:54:50.911515
-3970;-1486;-2484;10:54:50.911515
-2847;3335;-6182;10:54:50.911515
-1017;2687;-3704;10:54:50.911515
-2269;-405;-1864;10:54:50.911515
-888;-2028;1140;10:54:50.911515
-1415;-2517;1102;10:54:50.911515
3406;1486;1920;10:54:50.911515
6538;5383;1155;10:54:50.911515
6189;4071;2118;10:54:50.911515
3653;5046;-1393;10:54:50.911515
3647;5045;-1398;10:54:50.911515
3718;4354;-636;10:54:50.911515
4295;5261;-966;10:54:50.911515
3524;5565;-2041;10:54:50.911515
1340;3794;-2454;10:54:50.911515
-1404;719;-2123;10:54:50.911515
-2029;454;-2483;10:54:50.911515
35;-3136;3171;10:54:50.911515
3901;71;3830;10:54:50.911515
-101;300;-401;10:54:50.911515
-4431;-2073;-2358;10:54:50.911515
-7908;-88;-7820;10:54:50.911515
-5730;-141;-5589;10:54:50.911515
-5341;-1563;-3778;10:54:50.911515
-2503;-2108;-395;10:54:50.911515
-2033;2762;-4795;10:54:50.911515
-3253;-1641;-1612;10:54:50.911515
94;-1683;1777;10:54:50.911515
356;-2459;2815;10:54:50.911515
-568;751;-1319;10:54:50.911515
-2434;123;-2557;10:54:50.911515
57;6160;-6103;10:54:50.911515
4615;9545;-4930;10:54:50.911515
4545;6644;-2099;10:54:50.911515
3883;7132;-3249;10:54:50.911515
4891;7079;-2188;10:54:50.911515
5531;6250;-719;10:54:50.911515
-664;2745;-3409;10:54:50.911515
-1133;-115;-1018;10:54:50.911515
-739;-3301;2562;10:54:50.911515
-5278;-4372;-906;10:54:50.911515
-7951;-7615;-336;10:54:50.911515
-9596;-6185;-3411;10:54:50.911515
-9727;-9722;-5;10:54:50.911515
-9081;-7582;-1499;10:54:50.911515
-4675;-4097;-578;10:54:50.911515
-1587;-761;-826;10:54:50.911515
-3643;-828;-2815;10:54:50.911515
-2926;298;-3224;10:54:50.911515
-1838;899;-2737;10:54:50.911515
-1118;126;-1244;10:54:50.911515
-3867;-933;-2934;10:54:50.911515
-6361;-1583;-4778;10:54:50.911515
-3739;2836;-6575;10:54:50.911515
-4305;-662;-3643;10:54:50.911515
-5027;272;-5299;10:54:50.911515
-3635;885;-4520;10:54:50.911515
-3137;-1712;-1425;10:54:50.911515
-1212;-2382;1170;10:54:50.911515
2296;426;1870;10:54:50.911515
1383;1398;-15;10:54:50.911515
1126;-505;1631;10:54:50.911515
3372;4279;-907;10:54:50.911515
7045;5157;1888;10:54:50.911515
8255;6577;1678;10:54:50.911515
8662;7983;679;10:54:50.911515
3703;7991;-4288;10:54:50.911515
2106;4101;-1995;10:54:50.911515
3868;4993;-1125;10:54:50.911515
2333;4132;-1799;10:54:50.911515
2061;700;1361;10:54:50.911515
-804;-362;-442;10:54:50.911515
-650;282;-932;10:54:50.911515
-3116;911;-4027;10:54:50.911515
-7337;1712;-9049;10:54:50.911515
-6042;1581;-7623;10:54:50.911515
-3467;132;-3599;10:54:50.911515
807;-2593;3400;10:54:50.911515
-1963;1191;-3154;10:54:50.911515
-4906;4958;-9864;10:54:50.911515
-1634;1686;-3320;10:54:50.911515
418;521;-103;10:54:50.911515
-1066;-1108;42;10:54:50.911515
35;-590;625;10:54:50.911515
-1528;-1121;-407;10:54:50.911515
-3596;-3592;-4;10:54:50.911515
-1201;-4643;3442;10:54:50.911515
-1026;-8679;7653;10:54:50.911515
-574;-6565;5991;10:54:50.911515
-2623;-2935;312;10:54:50.911515
-4411;1492;-5903;10:54:50.911515
-3976;147;-4123;10:54:50.911515
-2303;2037;-4340;10:54:50.911515
-3667;4009;-7676;10:54:50.911515
-120;4557;-4677;10:54:50.911515
1660;4399;-2739;10:54:50.911515
3453;4714;-1261;10:54:50.911515
4569;952;3617;10:54:50.911515
1663;1259;404;10:54:50.911515
-4050;975;-5025;10:54:50.911515
-4759;3486;-8245;10:54:50.911515
-5503;3459;-8962;10:54:50.911515
-6830;1152;-7982;10:54:50.911515
-8134;-2915;-5219;10:54:50.911515
-8095;-4407;-3688;10:54:50.911515
-8466;-8068;-398;10:54:50.911515
-7830;-8154;324;10:54:50.911515
-6826;-6376;-450;10:54:50.911515
-5755;-6180;425;10:54:50.911515
-6060;-4923;-1137;10:54:50.911515
-4822;-6774;1952;10:54:50.911515
537;-3935;4472;10:54:50.911515
-194;-1085;891;10:54:50.911515
3622;2212;1410;10:54:50.911515
8842;7096;1746;10:54:50.911515
7376;9747;-2371;10:54:50.911515
10324;10227;97;10:54:50.911515
9416;11180;-1764;10:54:50.911515
10145;11485;-1340;10:54:50.911515
9953;10560;-607;10:54:50.911515
7106;10233;-3127;10:54:50.911515
8039;7606;433;10:54:50.911515
4509;5607;-1098;10:54:50.911515
1759;4769;-3010;10:54:50.911515
-1354;1264;-2618;10:54:50.911515
-3115;-6276;3161;10:54:50.911515
-4810;-5018;208;10:54:50.911515
-9263;-5696;-3567;10:54:50.911515
-12737;-4931;-7806;10:54:50.911515
-12319;-5727;-6592;10:54:50.911515
-12457;-6326;-6131;10:54:50.911515
-12431;-3326;-9105;10:54:50.911515
-9659;-4838;-4821;10:54:50.911515
-7561;-5715;-1846;10:54:50.911515
-5193;-5326;133;10:54:50.911515
-3810;-4918;1108;10:54:50.911515
-5547;-1676;-3871;10:54:50.911515
-1691;906;-2597;10:54:50.911515
373;182;191;10:54:50.911515
933;3128;-2195;10:54:50.911515
5827;6282;-455;10:54:50.911515
10989;7290;3699;10:54:50.911515
11257;8631;2626;10:54:50.911515
10334;10193;141;10:54:50.911515
12981;8876;4105;10:54:50.911515
11339;6763;4576;10:54:50.911515
10109;7599;2510;10:54:50.911515
7484;6258;1226;10:54:50.911515
4576;2570;2006;10:54:50.911515
1638;-31;1669;10:54:50.911515
245;-718;963;10:54:50.911515
-6286;-420;-5866;10:54:50.911515
-9262;-2421;-6841;10:54:50.911515
-9916;-3370;-6546;10:54:50.911515
-12592;-755;-11837;10:54:50.911515
-13810;-671;-13139;10:54:50.911515
-10255;-4211;-6044;10:54:50.911515
-8205;-3155;-5050;10:54:50.911515
-5796;-4810;-986;10:54:50.911515
-2438;-7130;4692;10:54:50.911515
-2984;-2121;-863;10:54:50.911515
-3292;-426;-2866;10:54:50.911515
-3971;2393;-6364;10:54:50.911515
-3026;1203;-4229;10:54:50.911515
-774;2373;-3147;10:54:50.911515
2719;2519;200;10:54:50.911515
2607;47;2560;10:54:50.911515
3442;-3714;7156;10:54:50.911515
3100;-3052;6152;10:54:50.911515
3261;-4083;7344;10:54:50.911515
2244;-3219;5463;10:54:50.911515
-244;974;-1218;10:54:50.911515
1190;4300;-3110;10:54:50.911515
797;7683;-6886;10:54:50.911515
3444;7331;-3887;10:54:50.911515
5822;6869;-1047;10:54:50.911515
5265;7538;-2273;10:54:50.911515
2812;5945;-3133;10:54:50.911515
2423;8014;-5591;10:54:50.911515
1780;5095;-3315;10:54:50.911515
3577;6485;-2908;10:54:50.911515
384;7134;-6750;10:54:50.911515
-4061;4655;-8716;10:54:50.911515
-1616;2489;-4105;10:54:50.911515
-617;188;-805;10:54:50.911515
666;-2972;3638;10:54:50.911515
-2433;-5506;3073;10:54:50.930464
-3221;-5202;1981;10:54:50.930464
-4560;-2771;-1789;10:54:50.930464
-5457;-1660;-3797;10:54:50.930464
-7806;-1003;-6803;10:54:50.930464
-9147;-3128;-6019;10:54:50.930464
-3504;-3300;-204;10:54:50.930464
-2708;-4768;2060;10:54:50.930464
-3927;-3644;-283;10:54:50.930464
-3040;-2665;-375;10:54:50.930464
1069;1053;16;10:54:50.930464
1333;3001;-1668;10:54:50.930464
1393;3470;-2077;10:54:50.930464
742;5573;-4831;10:54:50.930464
2855;4904;-2049;10:54:50.930464
3599;3944;-345;10:54:50.930464
1851;4829;-2978;10:54:50.930464
14;5032;-5018;10:54:50.930464
175;3809;-3634;10:54:50.930464
2667;1836;831;10:54:50.930464
2369;5;2364;10:54:50.930464
-173;-2221;2048;10:54:50.930464
434;-1553;1987;10:54:50.930464
578;1644;-1066;10:54:50.930464
-3300;2814;-6114;10:54:50.930464
-1611;1103;-2714;10:54:50.930464
-197;2487;-2684;10:54:50.930464
-1838;668;-2506;10:54:50.930464
-4472;-1875;-2597;10:54:50.930464
-5824;-2486;-3338;10:54:50.930464
-5003;-2472;-2531;10:54:50.930464
-5964;-4626;-1338;10:54:50.930464
-7018;-2838;-4180;10:54:50.930464
-3583;-3226;-357;10:54:50.930464
-5846;-3298;-2548;10:54:50.930464
-5245;-3828;-1417;10:54:50.930464
-801;-5016;4215;10:54:50.930464
-572;-1692;1120;10:54:50.930464
423;613;-190;10:54:50.930464
-75;4539;-4614;10:54:50.930464
1844;5244;-3400;10:54:50.930464
3408;4819;-1411;10:54:50.930464
2636;6295;-3659;10:54:50.930464
3717;5595;-1878;10:54:50.930464
4112;2934;1178;10:54:50.930464
4956;4993;-37;10:54:50.930464
5048;5612;-564;10:54:50.930464
6165;6623;-458;10:54:50.930464
5660;3132;2528;10:54:50.930464
4541;2647;1894;10:54:50.930464
1675;1258;417;10:54:50.930464
-932;2044;-2976;10:54:50.930464
-3883;1418;-5301;10:54:50.930464
-2081;1001;-3082;10:54:50.930464
-2422;683;-3105;10:54:50.930464
-256;-570;314;10:54:50.930464
-1690;1802;-3492;10:54:50.930464
-3111;1485;-4596;10:54:50.930464
-4864;1694;-6558;10:54:50.930464
-5434;-1254;-4180;10:54:50.930464
-5200;-2351;-2849;10:54:50.930464
-3093;-2519;-574;10:54:50.930464
-2107;-1646;-461;10:54:50.930464
-2699;-4219;1520;10:54:50.930464
-1992;-2164;172;10:54:50.930464
-479;-1147;668;10:54:50.930464
17;-821;838;10:54:50.930464
-3505;-566;-2939;10:54:50.930464
-3723;-1616;-2107;10:54:50.930464
1939;227;1712;10:54:50.930464
4396;922;3474;10:54:50.930464
5605;2994;2611;10:54:50.930464
5528;4808;720;10:54:50.930464
4161;7221;-3060;10:54:50.930464
2822;7917;-5095;10:54:50.930464
1244;5483;-4239;10:54:50.930464
-718;3838;-4556;10:54:50.930464
-924;2145;-3069;10:54:50.930464
-1788;-654;-1134;10:54:50.930464
28;-1053;1081;10:54:50.930464
-2083;-2331;248;10:54:50.930464
-6930;-3477;-3453;10:54:50.930464
-7099;-3653;-3446;10:54:50.930464
-8407;-5768;-2639;10:54:50.930464
-9078;-3631;-5447;10:54:50.930464
-6076;-1047;-5029;10:54:50.930464
-4849;-1355;-3494;10:54:50.930464
-492;-360;-132;10:54:50.930464
3428;954;2474;10:54:50.930464
3553;592;2961;10:54:50.930464
688;3665;-2977;10:54:50.930464
-112;2819;-2931;10:54:50.930464
134;3316;-3182;10:54:50.930464
924;4290;-3366;10:54:50.930464
1669;3522;-1853;10:54:50.930464
852;3073;-2221;10:54:50.930464
2011;2607;-596;10:54:50.930464
358;1525;-1167;10:54:50.930464
296;-1481;1777;10:54:50.930464
149;-2707;2856;10:54:50.930464
-2049;-559;-1490;10:54:50.930464
-1041;-251;-790;10:54:50.930464
-567;-1304;737;10:54:50.930464
-1304;-1544;240;10:54:50.930464
-1132;921;-2053;10:54:50.930464
729;1727;-998;10:54:50.930464
1181;2611;-1430;10:54:50.930464
1749;3165;-1416;10:54:50.930464
3221;6438;-3217;10:54:50.930464
3627;5776;-2149;10:54:50.930464
3558;6045;-2487;10:54:50.930464
2023;5181;-3158;10:54:50.930464
-756;4769;-5525;10:54:50.930464
-192;1777;-1969;10:54:50.930464
649;2673;-2024;10:54:50.930464
-1247;-1745;498;10:54:50.930464
-2329;158;-2487;10:54:50.930464
-500;-1371;871;10:54:50.930464
128;-3981;4109;10:54:50.930464
-1537;-1120;-417;10:54:50.930464
-4836;-343;-4493;10:54:50.930464
-5570;-3228;-2342;10:54:50.930464
-5483;-4534;-949;10:54:50.930464
-5130;-2270;-2860;10:54:50.930464
-4675;-2438;-2237;10:54:50.930464
-4399;-2109;-2290;10:54:50.930464
-2901;-2719;-182;10:54:50.930464
-3464;-2051;-1413;10:54:50.930464
-1098;-206;-892;10:54:50.930464
-371;-25;-346;10:54:50.930464
-838;-360;-478;10:54:50.930464
1059;1690;-631;10:54:50.930464
1481;2268;-787;10:54:50.930464
2082;2926;-844;10:54:50.930464
4403;4098;305;10:54:50.930464
5625;4289;1336;10:54:50.930464
4756;6052;-1296;10:54:50.930464
4682;6458;-1776;10:54:50.930464
4322;6759;-2437;10:54:50.930464
185;6445;-6260;10:54:50.930464
-69;3931;-4000;10:54:50.930464
-839;2872;-3711;10:54:50.930464
-2917;2661;-5578;10:54:50.930464
-4197;433;-4630;10:54:50.930464
-4561;-2671;-1890;10:54:50.930464
-3752;-4046;294;10:54:50.930464
-3580;-6902;3322;10:54:50.930464
-5359;-6492;1133;10:54:50.930464
-6506;-6071;-435;10:54:50.930464
-4987;-3605;-1382;10:54:50.930464
-2861;-1154;-1707;10:54:50.930464
561;692;-131;10:54:50.930464
3528;2256;1272;10:54:50.930464
3826;5359;-1533;10:54:50.930464
6168;6372;-204;10:54:50.930464
6751;9093;-2342;10:54:50.930464
8981;7986;995;10:54:50.930464
10778;7777;3001;10:54:50.930464
9146;7788;1358;10:54:50.930464
7722;6754;968;10:54:50.930464
6267;7110;-843;10:54:50.930464
2399;6099;-3700;10:54:50.930464
-476;2425;-2901;10:54:50.930464
-2402;-979;-1423;10:54:50.930464
-2515;-3002;487;10:54:50.930464
-4455;-3028;-1427;10:54:50.930464
-7932;-3855;-4077;10:54:50.930464
-10128;-7405;-2723;10:54:50.930464
-8313;-7507;-806;10:54:50.930464
-8322;-4879;-3443;10:54:50.930464
-9809;-3381;-6428;10:54:50.930464
-6721;-5126;-1595;10:54:50.930464
-4618;-2446;-2172;10:54:50.930464
-2622;1128;-3750;10:54:50.930464
1011;1090;-79;10:54:50.930464
2960;3431;-471;10:54:50.930464
4587;6553;-1966;10:54:50.930464
6213;8275;-2062;10:54:50.930464
6437;9354;-2917;10:54:50.930464
7505;7382;123;10:54:50.930464
8584;8741;-157;10:54:50.930464
7987;7182;805;10:54:50.930464
5757;5946;-189;10:54:50.930464
4080;4984;-904;10:54:50.930464
5238;809;4429;10:54:50.930464
3984;-301;4285;10:54:50.930464
605;-2365;2970;10:54:50.930464
-3552;-3332;-220;10:54:50.930464
-4363;-2929;-1434;10:54:50.930464
-6687;-2743;-3944;10:54:50.930464
-9616;-4842;-4774;10:54:50.930464
-7334;-4692;-2642;10:54:50.930464
-6332;-3577;-2755;10:54:50.930464
-5962;-3395;-2567;10:54:50.930464
-7448;-1192;-6256;10:54:50.930464
-6403;-1358;-5045;10:54:50.930464
-2756;-293;-2463;10:54:50.930464
-3271;-148;-3123;10:54:50.930464
-670;2122;-2792;10:54:50.930464
-214;3871;-4085;10:54:50.930464
493;3151;-2658;10:54:50.930464
3071;3909;-838;10:54:50.930464
3063;4045;-982;10:54:50.930464
3559;2656;903;10:54:50.930464
4969;633;4336;10:54:50.930464
4472;1915;2557;10:54:50.930464
2764;2692;72;10:54:50.930464
1622;1085;537;10:54:50.930464
1748;876;872;10:54:50.930464
1890;2241;-351;10:54:50.930464
1660;333;1327;10:54:50.930464
550;1337;-787;10:54:50.930464
-2399;-240;-2159;10:54:50.930464
-2103;-2032;-71;10:54:50.930464
-2025;-546;-1479;10:54:50.930464
-3374;-209;-3165;10:54:50.930464
-3044;535;-3579;10:54:50.930464
-3883;522;-4405;10:54:50.930464
-1881;-229;-1652;10:54:50.930464
-967;-845;-122;10:54:50.930464
-1848;818;-2666;10:54:50.930464
-1627;1715;-3342;10:54:50.930464
-1196;1868;-3064;10:54:50.930464
-374;1585;-1959;10:54:50.930464
-637;1138;-1775;10:54:50.930464
-23;2380;-2403;10:54:50.930464
1556;1632;-76;10:54:50.930464
638;3389;-2751;10:54:50.930464
1420;4968;-3548;10:54:50.930464
911;3001;-2090;10:54:50.930464
1095;3121;-2026;10:54:50.930464
3305;3329;-24;10:54:50.930464
3701;973;2728;10:54:50.930464
4652;792;3860;10:54:50.930464
3566;312;3254;10:54:50.930464
3451;2066;1385;10:54:50.930464
3248;1998;1250;10:54:50.930464
1123;3434;-2311;10:54:50.930464
2027;2111;-84;10:54:50.930464
1277;2703;-1426;10:54:50.930464
-578;1971;-2549;10:54:50.930464
-2426;533;-2959;10:54:50.930464
-4064;-817;-3247;10:54:50.930464
-3456;-1593;-1863;10:54:50.930464
-3485;-1536;-1949;10:54:50.930464
-4930;-4364;-566;10:54:50.930464
-6178;-5345;-833;10:54:50.930464
-6381;-5400;-981;10:54:50.930464
-8161;-5020;-3141;10:54:50.930464
-8182;-4584;-3598;10:54:50.930464
-6363;-3183;-3180;10:54:50.930464
-6774;-2779;-3995;10:54:50.930464
-6891;-1596;-5295;10:54:50.930464
-4044;241;-4285;10:54:50.930464
-1411;1122;-2533;10:54:50.930464
3361;4143;-782;10:54:50.930464
7089;5771;1318;10:54:50.930464
8590;5913;2677;10:54:50.930464
8722;7378;1344;10:54:50.930464
9431;8897;534;10:54:50.930464
7911;8775;-864;10:54:50.930464
7852;6935;917;10:54:50.930464
5982;7292;-1310;10:54:50.930464
3948;6020;-2072;10:54:50.930464
4667;5605;-938;10:54:50.930464
4622;3436;1186;10:54:50.930464
2776;1209;1567;10:54:50.930464
-132;-498;366;10:54:50.930464
-1963;-1322;-641;10:54:50.930464
-3457;-2510;-947;10:54:50.930464
-5375;-3735;-1640;10:54:50.930464
-6202;-4832;-1370;10:54:50.930464
-6567;-4609;-1958;10:54:50.930464
-5786;-4852;-934;10:54:50.930464
-4956;-3411;-1545;10:54:50.930464
-4528;-715;-3813;10:54:50.930464
-2627;-98;-2529;10:54:50.930464
-2047;-283;-1764;10:54:50.930464
-1813;2830;-4643;10:54:50.930464
316;3442;-3126;10:54:50.930464
542;3823;-3281;10:54:50.930464
3012;3392;-380;10:54:50.930464
5925;4591;1334;10:54:50.930464
6979;4773;2206;10:54:50.930464
7100;6385;715;10:54:50.930464
6890;7866;-976;10:54:50.930464
6615;7635;-1020;10:54:50.930464
6180;7211;-1031;10:54:50.930464
4104;5733;-1629;10:54:50.930464
1899;4378;-2479;10:54:50.930464
295;1437;-1142;10:54:50.930464
-114;-925;811;10:54:50.930464
-741;-1714;973;10:54:50.930464
-2477;-3727;1250;10:54:50.930464
-2928;-4329;1401;10:54:50.930464
-5582;-5601;19;10:54:50.930464
-7644;-6981;-663;10:54:50.930464
-8546;-5282;-3264;10:54:50.930464
-8375;-6353;-2022;10:54:50.930464
-8470;-5156;-3314;10:54:50.930464
-8702;-4648;-4054;10:54:50.930464
-7041;-3281;-3760;10:54:50.930464
-5555;-1772;-3783;10:54:50.930464
-2901;-338;-2563;10:54:50.930464
-318;1142;-1460;10:54:50.930464
2529;3629;-1100;10:54:50.930464
4184;7215;-3031;10:54:50.930464
4104;6963;-2859;10:54:50.930464
5637;8413;-2776;10:54:50.930464
5861;8907;-3046;10:54:50.930464
6672;7345;-673;10:54:50.930464
7053;6677;376;10:54:50.930464
6645;6064;581;10:54:50.930464
6409;4956;1453;10:54:50.930464
6246;3152;3094;10:54:50.930464
4793;2147;2646;10:54:50.930464
2827;821;2006;10:54:50.930464
2455;552;1903;10:54:50.930464
876;-402;1278;10:54:50.930464
636;-358;994;10:54:50.930464
202;-660;862;10:54:50.930464
-343;213;-556;10:54:50.930464
-3803;154;-3957;10:54:50.930464
-5119;1117;-6236;10:54:50.930464
-5107;1192;-6299;10:54:50.930464
-5539;319;-5858;10:54:50.930464
-4719;-2236;-2483;10:54:50.930464
-3121;-1642;-1479;10:54:50.930464
-2723;-2447;-276;10:54:50.930464
-1656;-1950;294;10:54:50.930464
-2241;-638;-1603;10:54:50.930464
-2354;-695;-1659;10:54:50.930464
-1152;1215;-2367;10:54:50.930464
-369;2090;-2459;10:54:50.930464
2437;2579;-142;10:54:50.930464
2602;3597;-995;10:54:50.930464
2864;3642;-778;10:54:50.930464
4142;2829;1313;10:54:50.930464
4092;1277;2815;10:54:50.930464
4359;1766;2593;10:54:50.930464
3099;2591;508;10:54:50.930464
1974;1263;711;10:54:50.930464
1194;1265;-71;10:54:50.930464
1246;739;507;10:54:50.930464
-473;1165;-1638;10:54:50.930464
-1730;1944;-3674;10:54:50.930464
-2320;2104;-4424;10:54:50.930464
-2895;588;-3483;10:54:50.930464
-2828;31;-2859;10:54:50.930464
-3830;-402;-3428;10:54:50.930464
-4027;-527;-3500;10:54:50.930464
-2794;-854;-1940;10:54:50.930464
-2777;-738;-2039;10:54:50.930464
-2996;-762;-2234;10:54:50.930464
-1957;-1698;-259;10:54:50.930464
-1851;-1349;-502;10:54:50.930464
-1272;-1068;-204;10:54:50.930464
634;307;327;10:54:50.930464
1787;1586;201;10:54:50.930464
2955;2447;508;10:54:50.930464
4611;4575;36;10:54:50.930464
6035;4814;1221;10:54:50.930464
5753;5249;504;10:54:50.930464
5206;5338;-132;10:54:50.930464
3662;5522;-1860;10:54:50.930464
3303;4983;-1680;10:54:50.930464
1558;5115;-3557;10:54:50.930464
1825;3163;-1338;10:54:50.930464
1508;2191;-683;10:54:50.930464
1174;1112;62;10:54:50.930464
-811;-86;-725;10:54:50.930464
-1714;-15;-1699;10:54:50.930464
-2585;-1577;-1008;10:54:50.930464
-2131;-1102;-1029;10:54:50.930464
-2594;-1540;-1054;10:54:50.930464
-2361;-1045;-1316;10:54:50.930464
-2103;574;-2677;10:54:50.930464
-1246;2078;-3324;10:54:50.930464
-1004;1564;-2568;10:54:50.930464
374;900;-526;10:54:50.930464
243;-168;411;10:54:50.930464
516;-766;1282;10:54:50.930464
-804;-682;-122;10:54:50.930464
-1201;-278;-923;10:54:50.930464
-404;-582;178;10:54:50.930464
32;50;-18;10:54:50.930464
40;1534;-1494;10:54:50.930464
458;366;92;10:54:50.930464
1594;2531;-937;10:54:50.930464
-92;3231;-3323;10:54:50.930464
-101;3620;-3721;10:54:50.930464
581;4029;-3448;10:54:50.930464
1341;4112;-2771;10:54:50.930464
1799;4190;-2391;10:54:50.930464
3491;4182;-691;10:54:50.930464
2906;3927;-1021;10:54:50.930464
2898;1629;1269;10:54:50.930464
2677;2521;156;10:54:50.930464
2253;856;1397;10:54:50.930464
2516;1852;664;10:54:50.930464
2474;1931;543;10:54:50.930464
2069;1780;289;10:54:50.930464
714;428;286;10:54:50.930464
-41;1442;-1483;10:54:50.930464
-1187;401;-1588;10:54:50.930464
-2415;-343;-2072;10:54:50.930464
-4220;-1732;-2488;10:54:50.930464
-4821;-2329;-2492;10:54:50.930464
-4566;-3417;-1149;10:54:50.930464
-2892;-4223;1331;10:54:50.930464
-5116;-1951;-3165;10:54:50.930464
-4992;-1072;-3920;10:54:50.930464
-2915;15;-2930;10:54:50.930464
-2030;428;-2458;10:54:50.930464
-1136;254;-1390;10:54:50.930464
-815;593;-1408;10:54:50.930464
292;174;118;10:54:50.930464
872;163;709;10:54:50.930464
1666;557;1109;10:54:50.930464
2458;1751;707;10:54:50.930464
2784;3736;-952;10:54:50.930464
3092;4557;-1465;10:54:50.930464
3635;4878;-1243;10:54:50.930464
2344;4741;-2397;10:54:50.930464
392;3690;-3298;10:54:50.930464
262;3006;-2744;10:54:50.930464
122;1033;-911;10:54:50.930464
-291;714;-1005;10:54:50.930464
-499;-342;-157;10:54:50.930464
-1279;-737;-542;10:54:50.930464
-1930;-392;-1538;10:54:50.930464
-1851;-1460;-391;10:54:50.930464
-2013;-1452;-561;10:54:50.930464
-2701;-1785;-916;10:54:50.930464
-2051;-1327;-724;10:54:50.930464
-191;-487;296;10:54:50.930464
1015;806;209;10:54:50.930464
2206;2167;39;10:54:50.930464
3328;3488;-160;10:54:50.930464
3614;4672;-1058;10:54:50.930464
4815;5113;-298;10:54:50.930464
4911;5744;-833;10:54:50.930464
4429;6728;-2299;10:54:50.930464
4389;4911;-522;10:54:50.930464
3306;5060;-1754;10:54:50.930464
3184;4397;-1213;10:54:50.930464
2653;3649;-996;10:54:50.930464
1568;3396;-1828;10:54:50.930464
2000;3235;-1235;10:54:50.930464
1881;2335;-454;10:54:50.930464
770;1819;-1049;10:54:50.930464
-412;937;-1349;10:54:50.930464
-1753;-525;-1228;10:54:50.930464
-1654;-2742;1088;10:54:50.930464
-2792;-2262;-530;10:54:50.930464
-4196;-3480;-716;10:54:50.930464
-4036;-3458;-578;10:54:50.930464
-4623;-2844;-1779;10:54:50.930464
-3753;-2409;-1344;10:54:50.930464
-3453;-2167;-1286;10:54:50.930464
-3411;-1305;-2106;10:54:50.930464
-1236;-1333;97;10:54:50.930464
-467;84;-551;10:54:50.930464
162;760;-598;10:54:50.930464
755;1917;-1162;10:54:50.930464
1867;3457;-1590;10:54:50.930464
4053;4546;-493;10:54:50.930464
3951;5785;-1834;10:54:50.930464
3107;6796;-3689;10:54:50.930464
3420;6710;-3290;10:54:50.930464
3882;4458;-576;10:54:50.930464
3477;2497;980;10:54:50.930464
2449;2934;-485;10:54:50.930464
1009;1910;-901;10:54:50.930464
-268;638;-906;10:54:50.930464
-701;254;-955;10:54:50.930464
-780;240;-1020;10:54:50.930464
-707;-67;-640;10:54:50.930464
94;-914;1008;10:54:50.930464
-124;-582;458;10:54:50.930464
-1644;-100;-1544;10:54:50.930464
-1566;-68;-1498;10:54:50.930464
-1607;810;-2417;10:54:50.930464
-2126;-129;-1997;10:54:50.930464
-2384;280;-2664;10:54:50.930464
-1288;906;-2194;10:54:50.930464
286;216;70;10:54:50.930464
1485;330;1155;10:54:50.930464
2888;831;2057;10:54:50.930464
2735;2128;607;10:54:50.930464
3155;2946;209;10:54:50.930464
3939;3254;685;10:54:50.930464
3071;4307;-1236;10:54:50.930464
3524;4556;-1032;10:54:50.930464
3911;4080;-169;10:54:50.930464
3943;5245;-1302;10:54:50.930464
4878;5153;-275;10:54:50.930464
4629;4740;-111;10:54:50.930464
3661;4568;-907;10:54:50.930464
3094;3717;-623;10:54:50.930464
1566;4198;-2632;10:54:50.930464
329;3606;-3277;10:54:50.930464
-27;2359;-2386;10:54:50.930464
-1059;477;-1536;10:54:50.930464
-1820;-37;-1783;10:54:50.930464
-3064;-1411;-1653;10:54:50.930464
-3265;-1560;-1705;10:54:50.930464
-2675;-2329;-346;10:54:50.930464
-2452;-3071;619;10:54:50.930464
-2505;-1758;-747;10:54:50.930464
-2262;-1931;-331;10:54:50.930464
-2226;-519;-1707;10:54:50.930464
-1636;-1059;-577;10:54:50.930464
-1723;-119;-1604;10:54:50.930464
-132;-292;160;10:54:50.930464
754;-805;1559;10:54:50.930464
-243;-12;-231;10:54:50.930464
261;77;184;10:54:50.930464
1055;219;836;10:54:50.930464
280;1144;-864;10:54:50.930464
-51;374;-425;10:54:50.930464
375;1269;-894;10:54:50.930464
178;2281;-2103;10:54:50.930464
390;2676;-2286;10:54:50.930464
981;4245;-3264;10:54:50.930464
1567;5122;-3555;10:54:50.930464
1988;5263;-3275;10:54:50.930464
3061;5195;-2134;10:54:50.930464
2932;5805;-2873;10:54:50.930464
3318;5198;-1880;10:54:50.930464
2538;4299;-1761;10:54:50.930464
1740;3001;-1261;10:54:50.930464
431;2467;-2036;10:54:50.930464
612;1165;-553;10:54:50.930464
40;-851;891;10:54:50.930464
-1259;-2437;1178;10:54:50.930464
-1202;-3242;2040;10:54:50.930464
-2224;-4494;2270;10:54:50.930464
-2487;-4553;2066;10:54:50.930464
-2061;-4732;2671;10:54:50.930464
-2142;-4023;1881;10:54:50.930464
-1660;-1554;-106;10:54:50.930464
-1597;816;-2413;10:54:50.930464
-931;2128;-3059;10:54:50.930464
374;2865;-2491;10:54:50.930464
2106;4266;-2160;10:54:50.930464
2611;4643;-2032;10:54:50.930464
1839;5166;-3327;10:54:50.930464
1975;4573;-2598;10:54:50.930464
2621;4419;-1798;10:54:50.930464
1384;4180;-2796;10:54:50.930464
1118;3530;-2412;10:54:50.930464
1720;2960;-1240;10:54:50.930464
2391;2815;-424;10:54:50.930464
1608;2384;-776;10:54:50.930464
1801;2564;-763;10:54:50.930464
1857;1354;503;10:54:50.930464
1010;881;129;10:54:50.930464
586;452;134;10:54:50.930464
578;531;47;10:54:50.930464
350;95;255;10:54:50.930464
-662;-552;-110;10:54:50.930464
-852;-1339;487;10:54:50.930464
-1078;-2131;1053;10:54:50.930464
-1754;-1980;226;10:54:50.930464
-1523;-1502;-21;10:54:50.930464
-1035;-725;-310;10:54:50.930464
-957;-934;-23;10:54:50.930464
-356;-142;-214;10:54:50.930464
-584;573;-1157;10:54:50.930464
-539;2214;-2753;10:54:50.930464
-367;2403;-2770;10:54:50.930464
628;3316;-2688;10:54:50.930464
741;3125;-2384;10:54:50.930464
-163;3496;-3659;10:54:50.930464
503;3545;-3042;10:54:50.930464
737;3439;-2702;10:54:50.930464
871;2406;-1535;10:54:50.930464
1806;1690;116;10:54:50.930464
1641;1838;-197;10:54:50.930464
2163;2119;44;10:54:50.930464
2116;1754;362;10:54:50.930464
1937;2036;-99;10:54:50.930464
2230;1567;663;10:54:50.930464
2548;1681;867;10:54:50.930464
1803;1970;-167;10:54:50.930464
472;1995;-1523;10:54:50.930464
-226;1617;-1843;10:54:50.930464
-350;1156;-1506;10:54:50.930464
46;-197;243;10:54:50.930464
-288;185;-473;10:54:50.930464
-1135;-451;-684;10:54:50.930464
-1134;-901;-233;10:54:50.930464
-1795;-634;-1161;10:54:50.930464
-2096;308;-2404;10:54:50.930464
-1841;101;-1942;10:54:50.930464
-1462;807;-2269;10:54:50.930464
-390;1659;-2049;10:54:50.930464
895;2542;-1647;10:54:50.930464
1987;3028;-1041;10:54:50.930464
2906;3372;-466;10:54:50.930464
3147;4032;-885;10:54:50.930464
2897;3962;-1065;10:54:50.930464
3293;3736;-443;10:54:50.930464
3104;2572;532;10:54:50.930464
2532;1927;605;10:54:50.930464
2068;654;1414;10:54:50.930464
2440;459;1981;10:54:50.930464
1614;479;1135;10:54:50.930464
1508;1308;200;10:54:50.930464
1454;1534;-80;10:54:50.930464
1330;2940;-1610;10:54:50.930464
1591;3608;-2017;10:54:50.930464
2194;3608;-1414;10:54:50.930464
1667;3961;-2294;10:54:50.930464
1794;3671;-1877;10:54:50.930464
1637;3495;-1858;10:54:50.930464
1289;3551;-2262;10:54:50.930464
1182;2023;-841;10:54:50.930464
1571;2476;-905;10:54:50.930464
1595;1978;-383;10:54:50.930464
2094;1306;788;10:54:50.930464
1401;823;578;10:54:50.930464
1339;1126;213;10:54:50.930464
1118;1206;-88;10:54:50.930464
-190;662;-852;10:54:50.930464
61;74;-13;10:54:50.930464
-713;614;-1327;10:54:50.930464
-811;709;-1520;10:54:50.930464
-768;422;-1190;10:54:50.930464
-1143;549;-1692;10:54:50.930464
-1567;437;-2004;10:54:50.930464
-1426;46;-1472;10:54:50.930464
-2185;-648;-1537;10:54:50.930464
-2787;-710;-2077;10:54:50.930464
-2430;-883;-1547;10:54:50.930464
-1876;-1760;-116;10:54:50.930464
-1624;-2414;790;10:54:50.930464
-1410;-1531;121;10:54:50.930464
-1123;-1023;-100;10:54:50.930464
-807;-522;-285;10:54:50.930464
427;38;389;10:54:50.930464
1205;573;632;10:54:50.930464
750;1980;-1230;10:54:50.930464
1132;2363;-1231;10:54:50.930464
2786;3227;-441;10:54:50.930464
2565;4592;-2027;10:54:50.930464
2692;4940;-2248;10:54:50.930464
3466;5187;-1721;10:54:50.930464
3059;5736;-2677;10:54:50.930464
3877;5621;-1744;10:54:50.930464
3014;5148;-2134;10:54:50.930464
2914;4065;-1151;10:54:50.930464
3120;3396;-276;10:54:50.930464
2239;2311;-72;10:54:50.930464
1143;1672;-529;10:54:50.930464
694;580;114;10:54:50.930464
303;-491;794;10:54:50.930464
-658;-718;60;10:54:50.930464
-904;-595;-309;10:54:50.930464
-299;-829;530;10:54:50.930464
-285;98;-383;10:54:50.930464
-287;551;-838;10:54:50.930464
527;1094;-567;10:54:50.930464
770;810;-40;10:54:50.930464
743;1238;-495;10:54:50.930464
1105;1053;52;10:54:50.930464
1133;1518;-385;10:54:50.930464
2040;1557;483;10:54:50.930464
2305;1891;414;10:54:50.930464
2105;1921;184;10:54:50.930464
1037;2260;-1223;10:54:50.930464
760;2237;-1477;10:54:50.930464
1202;2679;-1477;10:54:50.930464
1434;3209;-1775;10:54:50.930464
1089;3467;-2378;10:54:50.930464
832;2788;-1956;10:54:50.930464
1272;3035;-1763;10:54:50.930464
430;2018;-1588;10:54:50.930464
-604;864;-1468;10:54:50.930464
-999;279;-1278;10:54:50.930464
-1269;-750;-519;10:54:50.930464
-1795;-1827;32;10:54:50.930464
-2487;-2157;-330;10:54:50.930464
-2790;-1981;-809;10:54:50.930464
-2578;-1844;-734;10:54:50.930464
-1617;-1466;-151;10:54:50.930464
-1019;-993;-26;10:54:50.930464
-124;295;-419;10:54:50.930464
850;928;-78;10:54:50.930464
960;1616;-656;10:54:50.930464
1662;2719;-1057;10:54:50.930464
2395;3280;-885;10:54:50.930464
2438;4001;-1563;10:54:50.930464
2953;3661;-708;10:54:50.930464
2951;3645;-694;10:54:50.930464
2813;3415;-602;10:54:50.930464
2169;3415;-1246;10:54:50.930464
2034;2844;-810;10:54:50.930464
2035;2932;-897;10:54:50.930464
2203;3034;-831;10:54:50.930464
1748;2443;-695;10:54:50.930464
1370;1242;128;10:54:50.930464
1886;1135;751;10:54:50.930464
1376;886;490;10:54:50.930464
633;1091;-458;10:54:50.930464
567;948;-381;10:54:50.930464
663;1608;-945;10:54:50.930464
610;2356;-1746;10:54:50.930464
609;2380;-1771;10:54:50.930464
312;2209;-1897;10:54:50.930464
224;2267;-2043;10:54:50.930464
951;2274;-1323;10:54:50.930464
1204;1803;-599;10:54:50.930464
874;1665;-791;10:54:50.930464
987;1032;-45;10:54:50.930464
985;1380;-395;10:54:50.930464
823;696;127;10:54:50.930464
679;321;358;10:54:50.930464
-634;-35;-599;10:54:50.930464
-646;-393;-253;10:54:50.930464
-1462;-449;-1013;10:54:50.930464
-1534;-859;-675;10:54:50.930464
-1128;-495;-633;10:54:50.930464
-817;399;-1216;10:54:50.930464
-146;839;-985;10:54:50.930464
873;1226;-353;10:54:50.930464
1450;1165;285;10:54:50.930464
1653;1587;66;10:54:50.930464
1152;2203;-1051;10:54:50.930464
1563;3129;-1566;10:54:50.930464
1779;2684;-905;10:54:50.930464
1725;3676;-1951;10:54:50.930464
1448;2713;-1265;10:54:50.930464
754;2454;-1700;10:54:50.930464
1103;1401;-298;10:54:50.930464
993;816;177;10:54:50.930464
185;853;-668;10:54:50.930464
49;669;-620;10:54:50.930464
-459;660;-1119;10:54:50.930464
-242;532;-774;10:54:50.930464
164;225;-61;10:54:50.930464
-101;661;-762;10:54:50.930464
35;964;-929;10:54:50.930464
482;1148;-666;10:54:50.930464
673;1569;-896;10:54:50.930464
377;2023;-1646;10:54:50.930464
1104;2422;-1318;10:54:50.930464
1152;2211;-1059;10:54:50.930464
1068;2150;-1082;10:54:50.930464
1060;1986;-926;10:54:50.930464
1335;2426;-1091;10:54:50.930464
1473;2258;-785;10:54:50.930464
1125;1949;-824;10:54:50.930464
1124;1644;-520;10:54:50.930464
707;1277;-570;10:54:50.930464
768;234;534;10:54:50.930464
368;198;170;10:54:50.930464
269;-8;277;10:54:50.930464
56;706;-650;10:54:50.930464
-133;222;-355;10:54:50.930464
94;679;-585;10:54:50.930464
153;1030;-877;10:54:50.930464
481;715;-234;10:54:50.930464
300;1102;-802;10:54:50.930464
337;1176;-839;10:54:51.024603
404;1733;-1329;10:54:51.024603
868;1699;-831;10:54:51.024603
1038;1572;-534;10:54:51.024603
1071;1459;-388;10:54:51.024603
1420;2094;-674;10:54:51.024603
1188;1477;-289;10:54:51.024603
1567;2299;-732;10:54:51.024603
1795;2560;-765;10:54:51.024603
2033;2618;-585;10:54:51.024603
2690;3468;-778;10:54:51.024603
2090;3654;-1564;10:54:51.024603
2169;3288;-1119;10:54:51.024603
2493;3311;-818;10:54:51.024603
2598;2800;-202;10:54:51.024603
2560;2454;106;10:54:51.024603
1917;2487;-570;10:54:51.024603
1888;1729;159;10:54:51.024603
2026;1651;375;10:54:51.024603
1269;1013;256;10:54:51.024603
763;883;-120;10:54:51.024603
400;1289;-889;10:54:51.024603
195;879;-684;10:54:51.024603
285;1023;-738;10:54:51.024603
84;912;-828;10:54:51.024603
695;1021;-326;10:54:51.024603
1583;1588;-5;10:54:51.024603
1656;1801;-145;10:54:51.024603
1742;2325;-583;10:54:51.024603
2030;3278;-1248;10:54:51.024603
1997;3895;-1898;10:54:51.024603
2659;3656;-997;10:54:51.024603
2591;3772;-1181;10:54:51.024603
2082;3132;-1050;10:54:51.024603
1884;3174;-1290;10:54:51.024603
1641;2745;-1104;10:54:51.024603
1526;1867;-341;10:54:51.024603
1012;1576;-564;10:54:51.024603
585;393;192;10:54:51.024603
490;-67;557;10:54:51.024603
136;-91;227;10:54:51.024603
-603;-257;-346;10:54:51.024603
-1063;-472;-591;10:54:51.024603
-1125;-460;-665;10:54:51.024603
-1236;-418;-818;10:54:51.024603
-1073;-912;-161;10:54:51.024603
-1007;-1013;6;10:54:51.024603
-1343;-642;-701;10:54:51.024603
-1270;-298;-972;10:54:51.024603
-856;465;-1321;10:54:51.024603
-745;1097;-1842;10:54:51.024603
-360;1606;-1966;10:54:51.024603
206;2149;-1943;10:54:51.024603
917;3038;-2121;10:54:51.024603
1565;2643;-1078;10:54:51.024603
1671;2911;-1240;10:54:51.024603
2349;2794;-445;10:54:51.024603
2968;2220;748;10:54:51.024603
3611;2379;1232;10:54:51.024603
3395;2292;1103;10:54:51.024603
3155;2760;395;10:54:51.024603
3325;3186;139;10:54:51.024603
3409;4129;-720;10:54:51.024603
2906;4031;-1125;10:54:51.024603
2693;3902;-1209;10:54:51.024603
2572;3636;-1064;10:54:51.024603
2627;3568;-941;10:54:51.024603
2118;2591;-473;10:54:51.024603
1308;2241;-933;10:54:51.024603
1035;1765;-730;10:54:51.024603
837;1542;-705;10:54:51.024603
855;1305;-450;10:54:51.024603
677;1084;-407;10:54:51.024603
511;597;-86;10:54:51.024603
661;623;38;10:54:51.024603
250;363;-113;10:54:51.024603
-783;-41;-742;10:54:51.024603
-594;-549;-45;10:54:51.024603
-994;-329;-665;10:54:51.024603
-1702;-496;-1206;10:54:51.024603
-1338;-519;-819;10:54:51.024603
-1466;63;-1529;10:54:51.024603
-1328;-455;-873;10:54:51.024603
-693;-54;-639;10:54:51.024603
-650;94;-744;10:54:51.024603
88;523;-435;10:54:51.024603
999;982;17;10:54:51.024603
1745;1964;-219;10:54:51.024603
2287;1772;515;10:54:51.024603
2615;2405;210;10:54:51.024603
2742;3077;-335;10:54:51.024603
2792;3204;-412;10:54:51.024603
2239;3360;-1121;10:54:51.024603
2442;3777;-1335;10:54:51.024603
2448;3008;-560;10:54:51.024603
2226;2869;-643;10:54:51.024603
1546;2600;-1054;10:54:51.024603
829;2423;-1594;10:54:51.024603
-140;1627;-1767;10:54:51.024603
-572;981;-1553;10:54:51.024603
-1025;393;-1418;10:54:51.024603
-1472;-675;-797;10:54:51.024603
-1449;-1097;-352;10:54:51.024603
-1323;-1159;-164;10:54:51.024603
-1137;-1216;79;10:54:51.024603
-941;-1090;149;10:54:51.024603
-360;4;-364;10:54:51.024603
-181;762;-943;10:54:51.024603
53;1005;-952;10:54:51.024603
506;1906;-1400;10:54:51.024603
1536;1913;-377;10:54:51.024603
2139;2286;-147;10:54:51.024603
2399;2978;-579;10:54:51.024603
2416;2807;-391;10:54:51.024603
2973;2892;81;10:54:51.024603
3169;3036;133;10:54:51.024603
3121;2999;122;10:54:51.024603
2924;3203;-279;10:54:51.024603
2682;3712;-1030;10:54:51.024603
2317;3182;-865;10:54:51.024603
2074;2960;-886;10:54:51.024603
1976;2856;-880;10:54:51.024603
1982;2917;-935;10:54:51.024603
1878;2312;-434;10:54:51.024603
1326;2481;-1155;10:54:51.024603
1218;1555;-337;10:54:51.024603
803;1189;-386;10:54:51.024603
247;566;-319;10:54:51.024603
-481;-123;-358;10:54:51.024603
-759;-710;-49;10:54:51.024603
-1281;-982;-299;10:54:51.024603
-1855;-1743;-112;10:54:51.024603
-2259;-2262;3;10:54:51.024603
-2753;-2277;-476;10:54:51.024603
-2917;-1745;-1172;10:54:51.024603
-2369;-1487;-882;10:54:51.024603
-1795;-694;-1101;10:54:51.024603
-933;287;-1220;10:54:51.024603
181;1331;-1150;10:54:51.024603
722;2423;-1701;10:54:51.024603
1559;2755;-1196;10:54:51.024603
2427;3801;-1374;10:54:51.024603
3464;4067;-603;10:54:51.024603
3993;4599;-606;10:54:51.024603
4074;4758;-684;10:54:51.024603
4769;4679;90;10:54:51.024603
5324;4141;1183;10:54:51.024603
4956;3946;1010;10:54:51.024603
4706;3915;791;10:54:51.024603
4558;3578;980;10:54:51.024603
4069;3622;447;10:54:51.024603
3508;3621;-113;10:54:51.024603
2458;3024;-566;10:54:51.024603
1661;2495;-834;10:54:51.024603
685;2007;-1322;10:54:51.024603
-378;1413;-1791;10:54:51.024603
-1406;872;-2278;10:54:51.024603
-2049;103;-2152;10:54:51.024603
-1949;-706;-1243;10:54:51.024603
-2175;-1381;-794;10:54:51.024603
-2373;-1139;-1234;10:54:51.024603
-2116;-1271;-845;10:54:51.024603
-1857;-1242;-615;10:54:51.024603
-1719;-961;-758;10:54:51.024603
-1024;-658;-366;10:54:51.024603
-451;54;-505;10:54:51.024603
493;195;298;10:54:51.024603
674;813;-139;10:54:51.024603
1321;1765;-444;10:54:51.024603
2085;2568;-483;10:54:51.024603
2475;3082;-607;10:54:51.024603
3240;3572;-332;10:54:51.024603
3881;4144;-263;10:54:51.024603
4267;4423;-156;10:54:51.024603
4643;4228;415;10:54:51.024603
4401;4273;128;10:54:51.024603
4262;4111;151;10:54:51.024603
4223;4015;208;10:54:51.024603
3650;3841;-191;10:54:51.024603
2485;3100;-615;10:54:51.024603
2043;2186;-143;10:54:51.024603
1494;1711;-217;10:54:51.024603
626;1596;-970;10:54:51.024603
-21;1044;-1065;10:54:51.024603
-589;817;-1406;10:54:51.024603
-442;492;-934;10:54:51.024603
-150;258;-408;10:54:51.024603
-81;504;-585;10:54:51.024603
-196;661;-857;10:54:51.024603
-172;889;-1061;10:54:51.024603
-11;1149;-1160;10:54:51.024603
289;1292;-1003;10:54:51.024603
885;1263;-378;10:54:51.024603
1464;1392;72;10:54:51.024603
1981;1510;471;10:54:51.024603
2141;1712;429;10:54:51.024603
1680;1869;-189;10:54:51.024603
1809;2407;-598;10:54:51.024603
2162;2384;-222;10:54:51.024603
2139;2461;-322;10:54:51.024603
1939;2537;-598;10:54:51.024603
1951;2191;-240;10:54:51.024603
2340;1907;433;10:54:51.024603
2320;1759;561;10:54:51.024603
1894;2136;-242;10:54:51.024603
1803;1930;-127;10:54:51.024603
1522;2098;-576;10:54:51.024603
1259;1638;-379;10:54:51.024603
912;1539;-627;10:54:51.024603
639;1336;-697;10:54:51.024603
804;948;-144;10:54:51.024603
474;838;-364;10:54:51.024603
-226;936;-1162;10:54:51.024603
-706;1022;-1728;10:54:51.024603
-1435;599;-2034;10:54:51.024603
-1986;657;-2643;10:54:51.024603
-2134;291;-2425;10:54:51.024603
-1818;-159;-1659;10:54:51.024603
-1198;-173;-1025;10:54:51.024603
-728;-348;-380;10:54:51.024603
-581;-300;-281;10:54:51.024603
-246;44;-290;10:54:51.024603
307;118;189;10:54:51.024603
622;86;536;10:54:51.024603
1320;699;621;10:54:51.024603
2135;1529;606;10:54:51.024603
2750;1836;914;10:54:51.024603
3054;3150;-96;10:54:51.024603
3549;3662;-113;10:54:51.024603
4197;4074;123;10:54:51.024603
4148;4187;-39;10:54:51.024603
3729;4638;-909;10:54:51.024603
3382;4565;-1183;10:54:51.024603
3143;4080;-937;10:54:51.024603
3152;3500;-348;10:54:51.024603
3204;3475;-271;10:54:51.024603
2883;2909;-26;10:54:51.024603
2806;2389;417;10:54:51.024603
2159;1829;330;10:54:51.024603
1494;1851;-357;10:54:51.024603
1130;1725;-595;10:54:51.024603
721;1504;-783;10:54:51.024603
233;1709;-1476;10:54:51.024603
317;1277;-960;10:54:51.024603
556;1612;-1056;10:54:51.024603
876;1686;-810;10:54:51.024603
1025;1476;-451;10:54:51.024603
818;1696;-878;10:54:51.024603
953;1580;-627;10:54:51.024603
611;1195;-584;10:54:51.024603
489;1234;-745;10:54:51.024603
765;1008;-243;10:54:51.024603
952;1290;-338;10:54:51.024603
1046;1322;-276;10:54:51.024603
862;938;-76;10:54:51.024603
989;184;805;10:54:51.042552
916;552;364;10:54:51.042552
593;449;144;10:54:51.042552
109;811;-702;10:54:51.042552
-8;778;-786;10:54:51.042552
196;1024;-828;10:54:51.042552
187;1060;-873;10:54:51.042552
544;1719;-1175;10:54:51.042552
694;1410;-716;10:54:51.042552
598;1250;-652;10:54:51.042552
137;1177;-1040;10:54:51.042552
280;1059;-779;10:54:51.042552
577;1131;-554;10:54:51.042552
402;1127;-725;10:54:51.042552
219;1216;-997;10:54:51.042552
602;1590;-988;10:54:51.042552
1245;1794;-549;10:54:51.042552
1710;2174;-464;10:54:51.042552
2035;2498;-463;10:54:51.042552
2536;2920;-384;10:54:51.042552
2394;3188;-794;10:54:51.042552
2704;2872;-168;10:54:51.042552
2326;2809;-483;10:54:51.042552
1500;2539;-1039;10:54:51.042552
1697;2293;-596;10:54:51.042552
1456;2143;-687;10:54:51.042552
1624;1785;-161;10:54:51.042552
1568;1629;-61;10:54:51.042552
1499;1678;-179;10:54:51.042552
1525;1340;185;10:54:51.042552
1381;923;458;10:54:51.042552
1043;765;278;10:54:51.042552
510;725;-215;10:54:51.042552
351;478;-127;10:54:51.042552
438;692;-254;10:54:51.042552
249;1072;-823;10:54:51.042552
32;1036;-1004;10:54:51.042552
307;1044;-737;10:54:51.042552
209;975;-766;10:54:51.042552
218;755;-537;10:54:51.042552
102;838;-736;10:54:51.042552
57;789;-732;10:54:51.042552
165;453;-288;10:54:51.042552
26;833;-807;10:54:51.042552
146;1198;-1052;10:54:51.042552
398;1244;-846;10:54:51.042552
454;1634;-1180;10:54:51.042552
625;1844;-1219;10:54:51.042552
931;2039;-1108;10:54:51.042552
1331;1960;-629;10:54:51.042552
1508;1849;-341;10:54:51.042552
1693;1790;-97;10:54:51.042552
2043;1979;64;10:54:51.042552
2063;1784;279;10:54:51.042552
1972;2121;-149;10:54:51.042552
2076;1437;639;10:54:51.042552
2123;1690;433;10:54:51.042552
1669;1555;114;10:54:51.042552
1421;1663;-242;10:54:51.042552
1250;1461;-211;10:54:51.042552
1214;1526;-312;10:54:51.042552
835;1667;-832;10:54:51.042552
503;1624;-1121;10:54:51.042552
190;1559;-1369;10:54:51.042552
-9;2017;-2026;10:54:51.042552
193;1757;-1564;10:54:51.042552
494;1644;-1150;10:54:51.042552
570;1599;-1029;10:54:51.042552
902;1225;-323;10:54:51.042552
1076;1182;-106;10:54:51.042552
1216;1342;-126;10:54:51.042552
1776;1359;417;10:54:51.042552
1962;1789;173;10:54:51.042552
2273;2199;74;10:54:51.042552
2570;2662;-92;10:54:51.042552
2445;3160;-715;10:54:51.042552
2705;3467;-762;10:54:51.042552
2594;3313;-719;10:54:51.042552
2667;2996;-329;10:54:51.042552
2329;2680;-351;10:54:51.042552
1800;2418;-618;10:54:51.042552
1701;1639;62;10:54:51.042552
1034;1503;-469;10:54:51.042552
964;1222;-258;10:54:51.042552
683;851;-168;10:54:51.042552
198;687;-489;10:54:51.042552
30;606;-576;10:54:51.042552
-294;588;-882;10:54:51.042552
-251;788;-1039;10:54:51.042552
118;631;-513;10:54:51.042552
538;941;-403;10:54:51.042552
574;923;-349;10:54:51.042552
632;1078;-446;10:54:51.042552
883;1327;-444;10:54:51.042552
1304;1506;-202;10:54:51.042552
2080;1686;394;10:54:51.042552
2417;2142;275;10:54:51.042552
2636;2394;242;10:54:51.042552
3261;2964;297;10:54:51.042552
3378;3344;34;10:54:51.042552
3417;3565;-148;10:54:51.042552
3304;3829;-525;10:54:51.042552
2859;3991;-1132;10:54:51.042552
2788;3671;-883;10:54:51.042552
2754;3640;-886;10:54:51.042552
2638;3266;-628;10:54:51.042552
2477;2690;-213;10:54:51.042552
2078;2176;-98;10:54:51.042552
1781;1699;82;10:54:51.042552
1477;1581;-104;10:54:51.042552
1345;1471;-126;10:54:51.042552
944;1456;-512;10:54:51.042552
946;1366;-420;10:54:51.042552
721;1418;-697;10:54:51.042552
285;1057;-772;10:54:51.042552
108;1176;-1068;10:54:51.042552
-127;799;-926;10:54:51.042552
71;285;-214;10:54:51.042552
-79;100;-179;10:54:51.042552
-586;112;-698;10:54:51.042552
-441;72;-513;10:54:51.042552
-88;-31;-57;10:54:51.042552
106;417;-311;10:54:51.042552
259;446;-187;10:54:51.042552
733;854;-121;10:54:51.042552
1018;1179;-161;10:54:51.042552
1141;1702;-561;10:54:51.042552
1188;2275;-1087;10:54:51.042552
1597;2217;-620;10:54:51.042552
1784;2594;-810;10:54:51.042552
1833;2768;-935;10:54:51.042552
1763;2738;-975;10:54:51.042552
1955;2790;-835;10:54:51.042552
2258;2698;-440;10:54:51.042552
2302;2554;-252;10:54:51.042552
1985;2292;-307;10:54:51.042552
2054;2256;-202;10:54:51.042552
2078;2146;-68;10:54:51.042552
1849;1950;-101;10:54:51.042552
1856;2115;-259;10:54:51.042552
1683;1660;23;10:54:51.042552
1092;1382;-290;10:54:51.042552
1028;1249;-221;10:54:51.042552
1332;1039;293;10:54:51.042552
1148;1018;130;10:54:51.042552
1061;1040;21;10:54:51.042552
912;959;-47;10:54:51.042552
711;1206;-495;10:54:51.042552
888;1557;-669;10:54:51.042552
1031;1636;-605;10:54:51.042552
1080;1675;-595;10:54:51.042552
1202;2040;-838;10:54:51.042552
1178;2147;-969;10:54:51.042552
1373;2063;-690;10:54:51.042552
1870;2034;-164;10:54:51.042552
2150;2291;-141;10:54:51.042552
2457;2412;45;10:54:51.042552
2313;2668;-355;10:54:51.042552
2352;2742;-390;10:54:51.042552
2529;2694;-165;10:54:51.042552
2323;2954;-631;10:54:51.042552
2267;3123;-856;10:54:51.042552
2209;2883;-674;10:54:51.042552
1915;2972;-1057;10:54:51.042552
1761;2630;-869;10:54:51.042552
1696;1827;-131;10:54:51.042552
1516;1581;-65;10:54:51.042552
1259;1128;131;10:54:51.042552
639;458;181;10:54:51.042552
207;308;-101;10:54:51.042552
-116;212;-328;10:54:51.042552
-441;-133;-308;10:54:51.042552
-702;-302;-400;10:54:51.042552
-958;-308;-650;10:54:51.042552
-1049;-336;-713;10:54:51.042552
-1018;-379;-639;10:54:51.042552
-691;51;-742;10:54:51.042552
-121;10;-131;10:54:51.042552
234;438;-204;10:54:51.042552
419;793;-374;10:54:51.042552
850;1407;-557;10:54:51.042552
1170;1605;-435;10:54:51.042552
1365;2192;-827;10:54:51.042552
1831;2275;-444;10:54:51.042552
2145;2765;-620;10:54:51.042552
2652;3249;-597;10:54:51.042552
2947;3322;-375;10:54:51.042552
2862;3446;-584;10:54:51.042552
3028;3492;-464;10:54:51.042552
2852;3038;-186;10:54:51.042552
2443;2809;-366;10:54:51.042552
1965;2444;-479;10:54:51.042552
1794;2114;-320;10:54:51.042552
1699;1692;7;10:54:51.042552
1213;1372;-159;10:54:51.042552
1049;854;195;10:54:51.042552
612;906;-294;10:54:51.042552
447;882;-435;10:54:51.042552
218;754;-536;10:54:51.042552
-97;695;-792;10:54:51.042552
8;698;-690;10:54:51.042552
208;884;-676;10:54:51.042552
317;1122;-805;10:54:51.042552
557;1211;-654;10:54:51.042552
954;1248;-294;10:54:51.042552
916;1182;-266;10:54:51.042552
1112;1482;-370;10:54:51.042552
1418;1677;-259;10:54:51.042552
1262;1947;-685;10:54:51.042552
1371;2148;-777;10:54:51.042552
1562;2354;-792;10:54:51.042552
1997;2596;-599;10:54:51.042552
1964;2624;-660;10:54:51.042552
2098;2203;-105;10:54:51.042552
2175;2078;97;10:54:51.042552
2482;1825;657;10:54:51.042552
2409;1921;488;10:54:51.042552
2102;2027;75;10:54:51.042552
1576;1912;-336;10:54:51.042552
1521;2136;-615;10:54:51.042552
1389;1877;-488;10:54:51.042552
1092;1735;-643;10:54:51.042552
1138;1654;-516;10:54:51.042552
1026;1626;-600;10:54:51.042552
1152;1595;-443;10:54:51.042552
1263;1325;-62;10:54:51.042552
1315;947;368;10:54:51.042552
1126;951;175;10:54:51.042552
778;823;-45;10:54:51.042552
496;964;-468;10:54:51.042552
265;957;-692;10:54:51.042552
128;991;-863;10:54:51.042552
82;1307;-1225;10:54:51.042552
242;1354;-1112;10:54:51.042552
414;1503;-1089;10:54:51.042552
671;1766;-1095;10:54:51.042552
1195;2166;-971;10:54:51.042552
1574;2042;-468;10:54:51.042552
1865;2264;-399;10:54:51.042552
2334;2454;-120;10:54:51.042552
2292;2579;-287;10:54:51.042552
2497;2623;-126;10:54:51.042552
2660;2849;-189;10:54:51.042552
2484;2830;-346;10:54:51.042552
2599;2890;-291;10:54:51.042552
2552;2405;147;10:54:51.042552
2355;2359;-4;10:54:51.042552
2073;2212;-139;10:54:51.042552
1864;1935;-71;10:54:51.042552
1461;1639;-178;10:54:51.042552
1095;1697;-602;10:54:51.042552
955;1297;-342;10:54:51.042552
806;1257;-451;10:54:51.042552
577;837;-260;10:54:51.042552
422;707;-285;10:54:51.042552
544;420;124;10:54:51.042552
467;646;-179;10:54:51.042552
384;857;-473;10:54:51.042552
336;1074;-738;10:54:51.042552
499;1206;-707;10:54:51.042552
841;1293;-452;10:54:51.042552
993;1687;-694;10:54:51.042552
1108;1737;-629;10:54:51.042552
1233;2095;-862;10:54:51.042552
1396;2289;-893;10:54:51.042552
1384;2398;-1014;10:54:51.042552
1929;2396;-467;10:54:51.042552
2136;2572;-436;10:54:51.042552
2469;2612;-143;10:54:51.042552
2484;2539;-55;10:54:51.042552
2440;2445;-5;10:54:51.042552
2472;2674;-202;10:54:51.042552
2511;2498;13;10:54:51.042552
2260;2221;39;10:54:51.042552
2183;2219;-36;10:54:51.042552
2348;2201;147;10:54:51.042552
2294;2152;142;10:54:51.042552
1933;1869;64;10:54:51.042552
1598;1984;-386;10:54:51.042552
1644;1687;-43;10:54:51.042552
1578;1325;253;10:54:51.042552
1051;1306;-255;10:54:51.042552
882;1074;-192;10:54:51.042552
956;1157;-201;10:54:51.042552
936;1084;-148;10:54:51.042552
872;1183;-311;10:54:51.042552
845;1369;-524;10:54:51.042552
670;1441;-771;10:54:51.042552
711;1555;-844;10:54:51.042552
867;1597;-730;10:54:51.042552
1206;1820;-614;10:54:51.042552
1286;1950;-664;10:54:51.042552
1377;2206;-829;10:54:51.042552
1655;2474;-819;10:54:51.042552
1821;2613;-792;10:54:51.042552
1985;2585;-600;10:54:51.042552
1996;2802;-806;10:54:51.042552
1835;2342;-507;10:54:51.042552
1616;1852;-236;10:54:51.042552
1276;1388;-112;10:54:51.042552
943;1211;-268;10:54:51.042552
797;888;-91;10:54:51.042552
668;530;138;10:54:51.042552
514;577;-63;10:54:51.042552
687;607;80;10:54:51.042552
770;764;6;10:54:51.042552
844;733;111;10:54:51.042552
1101;963;138;10:54:51.042552
1329;1205;124;10:54:51.042552
1617;1616;1;10:54:51.042552
1698;1983;-285;10:54:51.042552
1943;2387;-444;10:54:51.042552
2314;2762;-448;10:54:51.042552
2585;2946;-361;10:54:51.042552
2554;3229;-675;10:54:51.042552
2579;3142;-563;10:54:51.042552
2561;3218;-657;10:54:51.042552
2501;3090;-589;10:54:51.042552
2582;2892;-310;10:54:51.042552
2291;2459;-168;10:54:51.042552
2014;2276;-262;10:54:51.042552
1818;2107;-289;10:54:51.042552
1794;2008;-214;10:54:51.042552
1622;1958;-336;10:54:51.042552
1437;1874;-437;10:54:51.042552
1506;1776;-270;10:54:51.042552
1302;1883;-581;10:54:51.042552
1194;1904;-710;10:54:51.042552
1112;1685;-573;10:54:51.042552
894;1466;-572;10:54:51.042552
954;1305;-351;10:54:51.042552
1126;1210;-84;10:54:51.042552
846;1072;-226;10:54:51.042552
958;1035;-77;10:54:51.042552
1078;987;91;10:54:51.042552
1329;793;536;10:54:51.042552
1407;1092;315;10:54:51.042552
1243;1482;-239;10:54:51.042552
1335;1519;-184;10:54:51.042552
1475;1958;-483;10:54:51.042552
1569;1923;-354;10:54:51.042552
1512;1926;-414;10:54:51.042552
1400;1948;-548;10:54:51.042552
1428;1737;-309;10:54:51.042552
1173;1592;-419;10:54:51.042552
681;1467;-786;10:54:51.042552
428;1058;-630;10:54:51.042552
250;986;-736;10:54:51.042552
194;947;-753;10:54:51.042552
-91;839;-930;10:54:51.042552
-36;779;-815;10:54:51.042552
170;922;-752;10:54:51.042552
322;836;-514;10:54:51.042552
241;918;-677;10:54:51.042552
518;984;-466;10:54:51.042552
701;1062;-361;10:54:51.042552
878;971;-93;10:54:51.042552
1046;1161;-115;10:54:51.042552
1339;1404;-65;10:54:51.042552
1559;1725;-166;10:54:51.042552
1686;1988;-302;10:54:51.042552
1985;2313;-328;10:54:51.042552
2570;2750;-180;10:54:51.042552
2845;2818;27;10:54:51.042552
2807;3083;-276;10:54:51.042552
2954;3195;-241;10:54:51.042552
3200;3208;-8;10:54:51.042552
3143;3314;-171;10:54:51.042552
2872;3307;-435;10:54:51.042552
2967;3034;-67;10:54:51.042552
2917;2803;114;10:54:51.042552
2549;2428;121;10:54:51.042552
2066;2213;-147;10:54:51.042552
1634;1904;-270;10:54:51.042552
1094;1889;-795;10:54:51.042552
708;1555;-847;10:54:51.042552
420;1261;-841;10:54:51.042552
232;954;-722;10:54:51.042552
-10;721;-731;10:54:51.042552
-227;440;-667;10:54:51.042552
-202;35;-237;10:54:51.042552
-346;-39;-307;10:54:51.042552
-467;-95;-372;10:54:51.042552
-308;-23;-285;10:54:51.042552
-60;197;-257;10:54:51.042552
433;406;27;10:54:51.042552
835;774;61;10:54:51.042552
1164;1174;-10;10:54:51.042552
1530;1482;48;10:54:51.042552
1752;2029;-277;10:54:51.042552
1915;2125;-210;10:54:51.042552
2267;2134;133;10:54:51.042552
2268;2250;18;10:54:51.042552
2179;2233;-54;10:54:51.042552
2121;2316;-195;10:54:51.042552
2007;2233;-226;10:54:51.042552
1723;2099;-376;10:54:51.042552
1600;2153;-553;10:54:51.042552
1379;1939;-560;10:54:51.042552
1206;1879;-673;10:54:51.042552
1065;1876;-811;10:54:51.042552
981;1750;-769;10:54:51.042552
1036;1719;-683;10:54:51.042552
1056;1666;-610;10:54:51.042552
933;1569;-636;10:54:51.042552
1143;1503;-360;10:54:51.042552
1222;1379;-157;10:54:51.042552
1356;1473;-117;10:54:51.042552
1450;1437;13;10:54:51.042552
1466;1671;-205;10:54:51.042552
1384;1845;-461;10:54:51.042552
1522;2149;-627;10:54:51.042552
1669;2085;-416;10:54:51.042552
1804;2160;-356;10:54:51.042552
2001;2373;-372;10:54:51.042552
2060;2444;-384;10:54:51.042552
1951;2485;-534;10:54:51.042552
2039;2319;-280;10:54:51.042552
2064;2118;-54;10:54:51.042552
1869;1924;-55;10:54:51.042552
1713;1817;-104;10:54:51.042552
1550;1583;-33;10:54:51.042552
1300;1485;-185;10:54:51.042552
1108;1597;-489;10:54:51.042552
1030;1556;-526;10:54:51.042552
969;1336;-367;10:54:51.042552
948;1406;-458;10:54:51.042552
1184;1589;-405;10:54:51.042552
1363;1712;-349;10:54:51.042552
1622;1844;-222;10:54:51.042552
1993;1984;9;10:54:51.042552
2237;1984;253;10:54:51.042552
2251;2092;159;10:54:51.042552
1945;2204;-259;10:54:51.042552
1824;2122;-298;10:54:51.042552
1939;1993;-54;10:54:51.042552
1632;2029;-397;10:54:51.042552
1478;1921;-443;10:54:51.042552
1275;1823;-548;10:54:51.042552
1171;1657;-486;10:54:51.042552
1474;1603;-129;10:54:51.042552
1459;1633;-174;10:54:51.042552
1678;1721;-43;10:54:51.042552
1722;1821;-99;10:54:51.042552
1858;2042;-184;10:54:51.042552
1843;2313;-470;10:54:51.042552
1831;2578;-747;10:54:51.042552
1945;2611;-666;10:54:51.042552
2009;2567;-558;10:54:51.042552
2165;2575;-410;10:54:51.042552
2223;2391;-168;10:54:51.042552
2127;2102;25;10:54:51.042552
1956;1851;105;10:54:51.042552
1861;1725;136;10:54:51.042552
1850;1776;74;10:54:51.042552
1733;1734;-1;10:54:51.042552
1827;1760;67;10:54:51.042552
1857;1746;111;10:54:51.042552
1788;1753;35;10:54:51.042552
1636;1808;-172;10:54:51.042552
1460;1866;-406;10:54:51.042552
1294;1828;-534;10:54:51.042552
1162;1837;-675;10:54:51.042552
935;1755;-820;10:54:51.042552
867;1741;-874;10:54:51.042552
917;1543;-626;10:54:51.042552
985;1394;-409;10:54:51.042552
890;1448;-558;10:54:51.042552
828;1391;-563;10:54:51.042552
760;1248;-488;10:54:51.042552
800;1157;-357;10:54:51.042552
903;1096;-193;10:54:51.042552
941;1125;-184;10:54:51.042552
939;872;67;10:54:51.042552
789;1031;-242;10:54:51.042552
717;1106;-389;10:54:51.042552
672;1049;-377;10:54:51.042552
601;902;-301;10:54:51.042552
789;927;-138;10:54:51.042552
916;965;-49;10:54:51.042552
955;1134;-179;10:54:51.042552
1179;1269;-90;10:54:51.042552
1223;1405;-182;10:54:51.042552
1449;1595;-146;10:54:51.042552
1616;1948;-332;10:54:51.042552
1906;2172;-266;10:54:51.042552
2213;2498;-285;10:54:51.042552
2597;2756;-159;10:54:51.042552
2788;3151;-363;10:54:51.042552
2873;3458;-585;10:54:51.042552
3134;3575;-441;10:54:51.042552
3078;3554;-476;10:54:51.042552
3178;3413;-235;10:54:51.042552
3089;3234;-145;10:54:51.042552
2896;3081;-185;10:54:51.042552
2776;2799;-23;10:54:51.042552
2571;2482;89;10:54:51.042552
2319;2278;41;10:54:51.042552
2007;2146;-139;10:54:51.042552
1439;1782;-343;10:54:51.042552
1195;1499;-304;10:54:51.042552
849;1225;-376;10:54:51.042552
604;1032;-428;10:54:51.042552
371;883;-512;10:54:51.042552
241;726;-485;10:54:51.042552
93;553;-460;10:54:51.042552
250;554;-304;10:54:51.042552
511;669;-158;10:54:51.042552
655;851;-196;10:54:51.042552
779;973;-194;10:54:51.042552
930;1332;-402;10:54:51.043550
1081;1451;-370;10:54:51.043550
1208;1394;-186;10:54:51.043550
1333;1301;32;10:54:51.043550
1366;1512;-146;10:54:51.043550
1533;1528;5;10:54:51.043550
1490;1721;-231;10:54:51.043550
1587;1824;-237;10:54:51.043550
1653;1802;-149;10:54:51.043550
1695;1731;-36;10:54:51.043550
1755;1896;-141;10:54:51.043550
1756;2056;-300;10:54:51.043550
1656;2331;-675;10:54:51.043550
1498;2342;-844;10:54:51.043550
1596;2419;-823;10:54:51.043550
1630;2183;-553;10:54:51.043550
1511;2130;-619;10:54:51.043550
1318;1815;-497;10:54:51.043550
1349;1719;-370;10:54:51.043550
1331;1682;-351;10:54:51.043550
1309;1350;-41;10:54:51.043550
1242;1324;-82;10:54:51.043550
1293;1288;5;10:54:51.043550
1314;1391;-77;10:54:51.043550
1434;1448;-14;10:54:51.043550
1445;1517;-72;10:54:51.043550
1412;1633;-221;10:54:51.043550
1329;1708;-379;10:54:51.043550
1291;1927;-636;10:54:51.043550
1321;2044;-723;10:54:51.043550
1522;2090;-568;10:54:51.043550
1560;2103;-543;10:54:51.043550
1727;2319;-592;10:54:51.043550
1985;2351;-366;10:54:51.043550
2083;2433;-350;10:54:51.043550
2237;2343;-106;10:54:51.043550
2342;2259;83;10:54:51.043550
2310;2181;129;10:54:51.043550
2362;2059;303;10:54:51.043550
2258;2188;70;10:54:51.043550
2216;2199;17;10:54:51.043550
2159;2142;17;10:54:51.043550
2061;2165;-104;10:54:51.043550
1763;2020;-257;10:54:51.043550
1467;1831;-364;10:54:51.043550
1204;1435;-231;10:54:51.043550
802;1170;-368;10:54:51.043550
386;882;-496;10:54:51.043550
274;534;-260;10:54:51.043550
37;348;-311;10:54:51.043550
-99;112;-211;10:54:51.043550
-143;20;-163;10:54:51.043550
-225;11;-236;10:54:51.043550
-60;108;-168;10:54:51.043550
-79;381;-460;10:54:51.043550
125;624;-499;10:54:51.043550
496;975;-479;10:54:51.043550
667;1306;-639;10:54:51.043550
1103;1418;-315;10:54:51.043550
1451;1797;-346;10:54:51.043550
1687;2164;-477;10:54:51.043550
2010;2365;-355;10:54:51.043550
2292;2661;-369;10:54:51.043550
2510;2974;-464;10:54:51.043550
2740;3028;-288;10:54:51.043550
2723;3117;-394;10:54:51.043550
2725;3028;-303;10:54:51.043550
2732;3028;-296;10:54:51.043550
2659;2930;-271;10:54:51.043550
2653;2920;-267;10:54:51.043550
2475;2721;-246;10:54:51.043550
2257;2531;-274;10:54:51.043550
1986;2406;-420;10:54:51.043550
1822;2045;-223;10:54:51.043550
1675;1762;-87;10:54:51.043550
1348;1436;-88;10:54:51.043550
967;1290;-323;10:54:51.043550
768;1088;-320;10:54:51.043550
640;937;-297;10:54:51.043550
511;856;-345;10:54:51.043550
423;840;-417;10:54:51.043550
424;844;-420;10:54:51.043550
389;772;-383;10:54:51.043550
463;681;-218;10:54:51.043550
574;793;-219;10:54:51.043550
721;801;-80;10:54:51.043550
1085;1016;69;10:54:51.043550
1255;1265;-10;10:54:51.043550
1453;1591;-138;10:54:51.043550
1622;2019;-397;10:54:51.043550
1835;2371;-536;10:54:51.043550
1956;2514;-558;10:54:51.043550
2106;2790;-684;10:54:51.043550
2427;2957;-530;10:54:51.043550
2859;3015;-156;10:54:51.043550
2986;3105;-119;10:54:51.043550
3102;3091;11;10:54:51.043550
3270;3032;238;10:54:51.043550
3133;2911;222;10:54:51.043550
2995;2725;270;10:54:51.043550
2778;2552;226;10:54:51.043550
2467;2347;120;10:54:51.043550
2095;2102;-7;10:54:51.043550
1735;1790;-55;10:54:51.043550
1381;1630;-249;10:54:51.043550
1122;1320;-198;10:54:51.043550
937;1260;-323;10:54:51.043550
718;1154;-436;10:54:51.043550
616;1087;-471;10:54:51.043550
556;949;-393;10:54:51.043550
594;1007;-413;10:54:51.043550
697;1149;-452;10:54:51.043550
800;1302;-502;10:54:51.043550
1039;1498;-459;10:54:51.043550
1334;1773;-439;10:54:51.043550
1588;2077;-489;10:54:51.043550
1941;2443;-502;10:54:51.043550
2243;2635;-392;10:54:51.043550
2588;2907;-319;10:54:51.043550
2861;3031;-170;10:54:51.043550
2910;3024;-114;10:54:51.043550
2906;2975;-69;10:54:51.043550
2869;2724;145;10:54:51.043550
2770;2448;322;10:54:51.043550
2508;2278;230;10:54:51.043550
2145;2091;54;10:54:51.043550
1870;1781;89;10:54:51.043550
1586;1690;-104;10:54:51.043550
1182;1587;-405;10:54:51.043550
917;1334;-417;10:54:51.043550
855;1219;-364;10:54:51.043550
680;1093;-413;10:54:51.043550
511;875;-364;10:54:51.043550
284;729;-445;10:54:51.043550
170;621;-451;10:54:51.043550
158;642;-484;10:54:51.043550
349;738;-389;10:54:51.043550
458;868;-410;10:54:51.043550
671;1020;-349;10:54:51.043550
862;1275;-413;10:54:51.043550
1182;1450;-268;10:54:51.043550
1390;1692;-302;10:54:51.043550
1669;1801;-132;10:54:51.043550
2028;2140;-112;10:54:51.043550
2301;2400;-99;10:54:51.043550
2538;2454;84;10:54:51.043550
2580;2482;98;10:54:51.043550
2558;2740;-182;10:54:51.043550
2551;2682;-131;10:54:51.043550
2394;2743;-349;10:54:51.043550
2292;2674;-382;10:54:51.043550
2214;2616;-402;10:54:51.043550
2139;2570;-431;10:54:51.043550
2039;2452;-413;10:54:51.043550
2046;2300;-254;10:54:51.043550
2079;2280;-201;10:54:51.043550
1986;2174;-188;10:54:51.043550
2031;2145;-114;10:54:51.043550
1959;2103;-144;10:54:51.043550
2005;2014;-9;10:54:51.043550
1903;1928;-25;10:54:51.043550
1772;1746;26;10:54:51.043550
1550;1642;-92;10:54:51.043550
1383;1559;-176;10:54:51.043550
1222;1459;-237;10:54:51.043550
999;1294;-295;10:54:51.043550
961;1155;-194;10:54:51.043550
904;1126;-222;10:54:51.043550
876;1024;-148;10:54:51.043550
933;1071;-138;10:54:51.043550
929;1117;-188;10:54:51.043550
988;1167;-179;10:54:51.043550
1038;1234;-196;10:54:51.043550
952;1387;-435;10:54:51.043550
1057;1427;-370;10:54:51.043550
993;1595;-602;10:54:51.043550
969;1624;-655;10:54:51.043550
1054;1632;-578;10:54:51.043550
1145;1764;-619;10:54:51.043550
1270;1724;-454;10:54:51.043550
1301;1737;-436;10:54:51.043550
1459;1606;-147;10:54:51.043550
1580;1626;-46;10:54:51.043550
1646;1613;33;10:54:51.043550
1696;1703;-7;10:54:51.043550
1703;1787;-84;10:54:51.043550
1706;1711;-5;10:54:51.043550
1748;1624;124;10:54:51.043550
1709;1720;-11;10:54:51.043550
1633;1672;-39;10:54:51.043550
1486;1702;-216;10:54:51.043550
1448;1736;-288;10:54:51.043550
1421;1853;-432;10:54:51.043550
1483;1854;-371;10:54:51.043550
1474;1947;-473;10:54:51.043550
1527;2018;-491;10:54:51.043550
1708;2227;-519;10:54:51.043550
1791;2274;-483;10:54:51.043550
1861;2263;-402;10:54:51.043550
1858;2409;-551;10:54:51.043550
1905;2379;-474;10:54:51.043550
1986;2350;-364;10:54:51.043550
1965;2176;-211;10:54:51.043550
1931;2145;-214;10:54:51.043550
1872;1953;-81;10:54:51.043550
1838;1864;-26;10:54:51.043550
1690;1792;-102;10:54:51.043550
1609;1564;45;10:54:51.043550
1553;1410;143;10:54:51.043550
1330;1313;17;10:54:51.043550
1180;1276;-96;10:54:51.043550
1133;1169;-36;10:54:51.043550
1087;1157;-70;10:54:51.043550
983;1159;-176;10:54:51.043550
929;1110;-181;10:54:51.043550
943;1145;-202;10:54:51.043550
978;1124;-146;10:54:51.043550
1028;1153;-125;10:54:51.043550
1080;1272;-192;10:54:51.043550
1090;1330;-240;10:54:51.043550
1156;1393;-237;10:54:51.043550
1193;1523;-330;10:54:51.043550
1360;1665;-305;10:54:51.043550
1390;1825;-435;10:54:51.043550
1419;1807;-388;10:54:51.043550
1465;1869;-404;10:54:51.043550
1390;1868;-478;10:54:51.043550
1333;1933;-600;10:54:51.043550
1356;1754;-398;10:54:51.043550
1287;1763;-476;10:54:51.043550
1174;1640;-466;10:54:51.043550
1133;1655;-522;10:54:51.043550
1152;1471;-319;10:54:51.043550
1226;1448;-222;10:54:51.043550
1379;1474;-95;10:54:51.043550
1426;1558;-132;10:54:51.043550
1573;1636;-63;10:54:51.043550
1752;1861;-109;10:54:51.043550
1858;2073;-215;10:54:51.043550
2014;2236;-222;10:54:51.043550
2019;2389;-370;10:54:51.043550
2211;2454;-243;10:54:51.043550
2266;2599;-333;10:54:51.043550
2295;2658;-363;10:54:51.043550
2377;2636;-259;10:54:51.043550
2392;2582;-190;10:54:51.043550
2386;2557;-171;10:54:51.043550
2360;2439;-79;10:54:51.043550
2306;2265;41;10:54:51.043550
2188;2145;43;10:54:51.043550
1993;1973;20;10:54:51.043550
1791;1823;-32;10:54:51.043550
1545;1622;-77;10:54:51.043550
1411;1566;-155;10:54:51.043550
1181;1495;-314;10:54:51.043550
864;1409;-545;10:54:51.146241
868;1355;-487;10:54:51.146241
881;1452;-571;10:54:51.146241
923;1484;-561;10:54:51.146241
1095;1402;-307;10:54:51.146241
1248;1535;-287;10:54:51.146241
1358;1509;-151;10:54:51.146241
1410;1538;-128;10:54:51.146241
1418;1594;-176;10:54:51.146241
1513;1639;-126;10:54:51.146241
1570;1693;-123;10:54:51.146241
1645;1697;-52;10:54:51.146241
1785;1738;47;10:54:51.146241
1955;1852;103;10:54:51.146241
2045;1887;158;10:54:51.146241
2133;2006;127;10:54:51.146241
2149;2161;-12;10:54:51.146241
2234;2270;-36;10:54:51.146241
2379;2528;-149;10:54:51.146241
2514;2694;-180;10:54:51.146241
2546;2828;-282;10:54:51.146241
2571;2879;-308;10:54:51.146241
2603;2940;-337;10:54:51.146241
2549;2898;-349;10:54:51.146241
2402;2838;-436;10:54:51.146241
2330;2716;-386;10:54:51.146241
2314;2578;-264;10:54:51.146241
2379;2406;-27;10:54:51.146241
2143;2244;-101;10:54:51.146241
1988;2050;-62;10:54:51.146241
1723;1874;-151;10:54:51.146241
1544;1717;-173;10:54:51.146241
1312;1640;-328;10:54:51.146241
1028;1451;-423;10:54:51.146241
848;1261;-413;10:54:51.146241
720;1160;-440;10:54:51.146241
651;998;-347;10:54:51.146241
606;1016;-410;10:54:51.146241
713;928;-215;10:54:51.146241
782;887;-105;10:54:51.146241
931;944;-13;10:54:51.146241
1003;957;46;10:54:51.146241
1153;1119;34;10:54:51.146241
1241;1248;-7;10:54:51.146241
1290;1381;-91;10:54:51.146241
1450;1555;-105;10:54:51.146241
1445;1793;-348;10:54:51.146241
1455;1890;-435;10:54:51.146241
1528;2042;-514;10:54:51.146241
1656;2089;-433;10:54:51.146241
1842;2057;-215;10:54:51.146241
1892;2090;-198;10:54:51.146241
1914;2013;-99;10:54:51.146241
1905;1985;-80;10:54:51.146241
1995;1958;37;10:54:51.146241
1961;1947;14;10:54:51.146241
1833;1999;-166;10:54:51.146241
1800;1897;-97;10:54:51.146241
1707;1932;-225;10:54:51.146241
1607;1914;-307;10:54:51.146241
1508;1925;-417;10:54:51.146241
1344;1884;-540;10:54:51.146241
1480;1853;-373;10:54:51.146241
1527;1893;-366;10:54:51.146241
1595;1937;-342;10:54:51.146241
1779;1917;-138;10:54:51.146241
1825;2034;-209;10:54:51.146241
1969;2087;-118;10:54:51.146241
2073;2187;-114;10:54:51.146241
2133;2239;-106;10:54:51.146241
2384;2351;33;10:54:51.146241
2432;2416;16;10:54:51.146241
2396;2422;-26;10:54:51.146241
2392;2499;-107;10:54:51.146241
2324;2435;-111;10:54:51.146241
2310;2419;-109;10:54:51.146241
2214;2280;-66;10:54:51.146241
2115;2240;-125;10:54:51.146241
2072;2202;-130;10:54:51.146241
2082;2170;-88;10:54:51.146241
1940;2041;-101;10:54:51.146241
1817;1971;-154;10:54:51.146241
1720;1809;-89;10:54:51.146241
1536;1658;-122;10:54:51.146241
1387;1509;-122;10:54:51.146241
1227;1462;-235;10:54:51.146241
1102;1387;-285;10:54:51.146241
931;1268;-337;10:54:51.146241
809;1221;-412;10:54:51.146241
858;1130;-272;10:54:51.146241
846;1144;-298;10:54:51.146241
819;1162;-343;10:54:51.146241
828;1178;-350;10:54:51.146241
856;1152;-296;10:54:51.146241
909;1175;-266;10:54:51.146241
858;1172;-314;10:54:51.146241
890;1218;-328;10:54:51.146241
971;1273;-302;10:54:51.146241
1049;1234;-185;10:54:51.146241
1153;1391;-238;10:54:51.146241
1289;1417;-128;10:54:51.146241
1316;1486;-170;10:54:51.146241
1439;1622;-183;10:54:51.146241
1577;1725;-148;10:54:51.146241
1687;1893;-206;10:54:51.146241
1785;2124;-339;10:54:51.146241
1929;2289;-360;10:54:51.146241
2071;2407;-336;10:54:51.146241
2125;2438;-313;10:54:51.146241
2203;2480;-277;10:54:51.146241
2177;2410;-233;10:54:51.146241
2143;2224;-81;10:54:51.146241
2096;2143;-47;10:54:51.146241
1955;1969;-14;10:54:51.146241
1893;1874;19;10:54:51.146241
1787;1797;-10;10:54:51.146241
1623;1734;-111;10:54:51.146241
1467;1715;-248;10:54:51.146241
1278;1689;-411;10:54:51.146241
1228;1635;-407;10:54:51.146241
1135;1629;-494;10:54:51.146241
1043;1523;-480;10:54:51.146241
982;1487;-505;10:54:51.146241
939;1392;-453;10:54:51.146241
908;1405;-497;10:54:51.146241
1057;1398;-341;10:54:51.146241
1101;1322;-221;10:54:51.146241
1168;1265;-97;10:54:51.146241
1201;1308;-107;10:54:51.146241
1261;1281;-20;10:54:51.146241
1322;1239;83;10:54:51.146241
1360;1276;84;10:54:51.146241
1359;1361;-2;10:54:51.146241
1396;1419;-23;10:54:51.146241
1454;1472;-18;10:54:51.146241
1434;1566;-132;10:54:51.146241
1467;1685;-218;10:54:51.146241
1489;1777;-288;10:54:51.146241
1492;1846;-354;10:54:51.146241
1519;1822;-303;10:54:51.146241
1502;1893;-391;10:54:51.146241
1522;1863;-341;10:54:51.146241
1524;1839;-315;10:54:51.146241
1607;1872;-265;10:54:51.146241
1630;1848;-218;10:54:51.146241
1619;1906;-287;10:54:51.146241
1709;2036;-327;10:54:51.146241
1749;2084;-335;10:54:51.146241
1792;2124;-332;10:54:51.146241
1813;2192;-379;10:54:51.146241
1811;2174;-363;10:54:51.146241
1816;2123;-307;10:54:51.146241
1770;2036;-266;10:54:51.146241
1843;1994;-151;10:54:51.146241
1763;1969;-206;10:54:51.146241
1717;1918;-201;10:54:51.146241
1695;1913;-218;10:54:51.146241
1653;1811;-158;10:54:51.146241
1689;1781;-92;10:54:51.146241
1675;1797;-122;10:54:51.146241
1732;1782;-50;10:54:51.146241
1793;1857;-64;10:54:51.146241
1825;1847;-22;10:54:51.146241
1823;1905;-82;10:54:51.146241
1753;1866;-113;10:54:51.146241
1718;2015;-297;10:54:51.146241
1698;1984;-286;10:54:51.146241
1691;1988;-297;10:54:51.146241
1707;2006;-299;10:54:51.146241
1749;2113;-364;10:54:51.146241
1751;2094;-343;10:54:51.146241
1814;1997;-183;10:54:51.146241
1812;1984;-172;10:54:51.146241
1844;1905;-61;10:54:51.146241
1826;1804;22;10:54:51.146241
1700;1738;-38;10:54:51.146241
1676;1756;-80;10:54:51.146241
1608;1682;-74;10:54:51.146241
1628;1722;-94;10:54:51.146241
1617;1722;-105;10:54:51.146241
1606;1764;-158;10:54:51.146241
1584;1815;-231;10:54:51.146241
1578;1852;-274;10:54:51.146241
1569;1892;-323;10:54:51.146241
1555;1877;-322;10:54:51.146241
1641;1843;-202;10:54:51.146241
1627;1883;-256;10:54:51.146241
1717;1868;-151;10:54:51.146241
1774;1835;-61;10:54:51.146241
1805;1889;-84;10:54:51.146241
1915;1918;-3;10:54:51.146241
1986;2029;-43;10:54:51.146241
1935;2065;-130;10:54:51.146241
1999;2127;-128;10:54:51.146241
2075;2167;-92;10:54:51.146241
2144;2313;-169;10:54:51.146241
2203;2399;-196;10:54:51.146241
2130;2450;-320;10:54:51.146241
2138;2483;-345;10:54:51.146241
2209;2465;-256;10:54:51.146241
2160;2375;-215;10:54:51.146241
2125;2292;-167;10:54:51.146241
2066;2197;-131;10:54:51.146241
1897;2045;-148;10:54:51.146241
1849;1939;-90;10:54:51.146241
1733;1851;-118;10:54:51.146241
1615;1739;-124;10:54:51.146241
1532;1636;-104;10:54:51.146241
1367;1539;-172;10:54:51.146241
1281;1503;-222;10:54:51.146241
1131;1381;-250;10:54:51.146241
1082;1324;-242;10:54:51.146241
1025;1251;-226;10:54:51.146241
986;1252;-266;10:54:51.146241
995;1271;-276;10:54:51.146241
970;1250;-280;10:54:51.146241
984;1235;-251;10:54:51.146241
1013;1250;-237;10:54:51.146241
1102;1308;-206;10:54:51.146241
1154;1326;-172;10:54:51.146241
1210;1430;-220;10:54:51.146241
1312;1509;-197;10:54:51.146241
1371;1645;-274;10:54:51.146241
1532;1741;-209;10:54:51.146241
1683;1875;-192;10:54:51.146241
1810;2007;-197;10:54:51.146241
2059;2121;-62;10:54:51.146241
2215;2306;-91;10:54:51.146241
2343;2386;-43;10:54:51.146241
2509;2565;-56;10:54:51.146241
2618;2672;-54;10:54:51.146241
2647;2822;-175;10:54:51.146241
2720;2830;-110;10:54:51.146241
2732;2871;-139;10:54:51.146241
2653;2811;-158;10:54:51.146241
2504;2706;-202;10:54:51.146241
2450;2567;-117;10:54:51.146241
2293;2428;-135;10:54:51.146241
2153;2191;-38;10:54:51.146241
1929;2076;-147;10:54:51.146241
1726;1913;-187;10:54:51.146241
1621;1770;-149;10:54:51.146241
1494;1697;-203;10:54:51.146241
1384;1572;-188;10:54:51.146241
1308;1553;-245;10:54:51.146241
1312;1463;-151;10:54:51.146241
1288;1443;-155;10:54:51.146241
1220;1382;-162;10:54:51.146241
1170;1347;-177;10:54:51.146241
1174;1349;-175;10:54:51.146241
1200;1335;-135;10:54:51.146241
1178;1323;-145;10:54:51.146241
1252;1419;-167;10:54:51.146241
1347;1479;-132;10:54:51.146241
1412;1539;-127;10:54:51.146241
1561;1735;-174;10:54:51.164140
1678;1939;-261;10:54:51.164140
1781;1989;-208;10:54:51.164140
1801;2030;-229;10:54:51.164140
1860;2111;-251;10:54:51.164140
1860;2055;-195;10:54:51.164140
1785;2026;-241;10:54:51.164140
1685;1895;-210;10:54:51.164140
1541;1796;-255;10:54:51.164140
1397;1643;-246;10:54:51.164140
1247;1483;-236;10:54:51.164140
1144;1339;-195;10:54:51.164140
1064;1226;-162;10:54:51.164140
1072;1173;-101;10:54:51.164140
1018;1171;-153;10:54:51.164140
989;1179;-190;10:54:51.164140
947;1245;-298;10:54:51.164140
976;1352;-376;10:54:51.164140
993;1407;-414;10:54:51.164140
1049;1443;-394;10:54:51.164140
1204;1539;-335;10:54:51.164140
1363;1632;-269;10:54:51.164140
1490;1710;-220;10:54:51.164140
1600;1845;-245;10:54:51.164140
1778;1948;-170;10:54:51.164140
1850;2054;-204;10:54:51.164140
1969;2120;-151;10:54:51.164140
2060;2224;-164;10:54:51.164140
2124;2294;-170;10:54:51.164140
2227;2337;-110;10:54:51.164140
2194;2363;-169;10:54:51.164140
2099;2363;-264;10:54:51.164140
2098;2322;-224;10:54:51.164140
2050;2231;-181;10:54:51.164140
1955;2171;-216;10:54:51.164140
1914;2091;-177;10:54:51.164140
1886;1993;-107;10:54:51.164140
1938;1929;9;10:54:51.164140
1809;1863;-54;10:54:51.164140
1736;1788;-52;10:54:51.164140
1644;1685;-41;10:54:51.164140
1533;1610;-77;10:54:51.164140
1434;1511;-77;10:54:51.164140
1288;1459;-171;10:54:51.164140
1185;1325;-140;10:54:51.164140
1080;1289;-209;10:54:51.164140
1026;1147;-121;10:54:51.164140
1017;1201;-184;10:54:51.164140
953;1139;-186;10:54:51.164140
963;1164;-201;10:54:51.164140
1009;1196;-187;10:54:51.164140
1042;1286;-244;10:54:51.164140
1089;1354;-265;10:54:51.164140
1195;1459;-264;10:54:51.164140
1369;1574;-205;10:54:51.164140
1488;1697;-209;10:54:51.164140
1579;1883;-304;10:54:51.164140
1701;1972;-271;10:54:51.164140
1738;2025;-287;10:54:51.164140
1843;2099;-256;10:54:51.164140
1872;2181;-309;10:54:51.164140
1919;2241;-322;10:54:51.164140
2023;2271;-248;10:54:51.164140
2042;2306;-264;10:54:51.164140
2107;2305;-198;10:54:51.164140
2067;2335;-268;10:54:51.164140
2060;2273;-213;10:54:51.164140
2034;2186;-152;10:54:51.164140
2015;2086;-71;10:54:51.164140
1919;1999;-80;10:54:51.164140
1798;1925;-127;10:54:51.164140
1707;1830;-123;10:54:51.164140
1581;1751;-170;10:54:51.164140
1498;1616;-118;10:54:51.164140
1415;1642;-227;10:54:51.164140
1366;1556;-190;10:54:51.164140
1309;1543;-234;10:54:51.164140
1268;1594;-326;10:54:51.164140
1305;1634;-329;10:54:51.164140
1296;1726;-430;10:54:51.164140
1351;1811;-460;10:54:51.164140
1413;1840;-427;10:54:51.164140
1463;1868;-405;10:54:51.164140
1588;1863;-275;10:54:51.164140
1638;1860;-222;10:54:51.164140
1717;1866;-149;10:54:51.164140
1736;1812;-76;10:54:51.164140
1784;1820;-36;10:54:51.164140
1804;1774;30;10:54:51.164140
1758;1729;29;10:54:51.164140
1781;1754;27;10:54:51.164140
1796;1748;48;10:54:51.164140
1768;1759;9;10:54:51.164140
1777;1846;-69;10:54:51.164140
1808;1839;-31;10:54:51.164140
1826;1867;-41;10:54:51.164140
1878;1869;9;10:54:51.164140
1875;1913;-38;10:54:51.164140
1837;1908;-71;10:54:51.164140
1830;1932;-102;10:54:51.164140
1826;1947;-121;10:54:51.164140
1823;1966;-143;10:54:51.164140
1774;1983;-209;10:54:51.164140
1780;2085;-305;10:54:51.164140
1805;2108;-303;10:54:51.164140
1848;2183;-335;10:54:51.164140
1895;2239;-344;10:54:51.164140
1893;2227;-334;10:54:51.164140
1840;2184;-344;10:54:51.164140
1834;2112;-278;10:54:51.164140
1831;2101;-270;10:54:51.164140
1824;2008;-184;10:54:51.164140
1784;1968;-184;10:54:51.164140
1769;1956;-187;10:54:51.164140
1794;1914;-120;10:54:51.164140
1790;1905;-115;10:54:51.164140
1827;1898;-71;10:54:51.164140
1867;1929;-62;10:54:51.164140
1915;2024;-109;10:54:51.164140
1973;2065;-92;10:54:51.164140
1969;2098;-129;10:54:51.164140
2041;2126;-85;10:54:51.164140
2033;2074;-41;10:54:51.164140
2006;2069;-63;10:54:51.164140
1948;2046;-98;10:54:51.164140
1904;1963;-59;10:54:51.164140
1830;1928;-98;10:54:51.164140
1750;1838;-88;10:54:51.164140
1627;1743;-116;10:54:51.164140
1522;1665;-143;10:54:51.164140
1423;1556;-133;10:54:51.164140
1334;1525;-191;10:54:51.164140
1259;1411;-152;10:54:51.164140
1183;1393;-210;10:54:51.164140
1158;1375;-217;10:54:51.164140
1128;1304;-176;10:54:51.164140
1163;1387;-224;10:54:51.164140
1168;1459;-291;10:54:51.164140
1220;1530;-310;10:54:51.164140
1354;1676;-322;10:54:51.164140
1481;1802;-321;10:54:51.164140
1568;1905;-337;10:54:51.164140
1713;2019;-306;10:54:51.164140
1859;2053;-194;10:54:51.164140
1965;2140;-175;10:54:51.164140
2024;2086;-62;10:54:51.164140
2114;2169;-55;10:54:51.164140
2152;2100;52;10:54:51.164140
2207;2135;72;10:54:51.164140
2224;2174;50;10:54:51.164140
2264;2200;64;10:54:51.164140
2307;2284;23;10:54:51.164140
2299;2365;-66;10:54:51.164140
2298;2393;-95;10:54:51.164140
2359;2474;-115;10:54:51.164140
2362;2447;-85;10:54:51.164140
2297;2456;-159;10:54:51.164140
2231;2406;-175;10:54:51.164140
2151;2342;-191;10:54:51.164140
2009;2258;-249;10:54:51.164140
1922;2133;-211;10:54:51.164140
1806;2044;-238;10:54:51.164140
1717;1896;-179;10:54:51.164140
1618;1768;-150;10:54:51.164140
1487;1681;-194;10:54:51.164140
1385;1610;-225;10:54:51.164140
1339;1581;-242;10:54:51.164140
1281;1484;-203;10:54:51.164140
1213;1455;-242;10:54:51.164140
1146;1452;-306;10:54:51.164140
1130;1382;-252;10:54:51.164140
1133;1297;-164;10:54:51.164140
1118;1237;-119;10:54:51.164140
1123;1187;-64;10:54:51.164140
1132;1173;-41;10:54:51.164140
1106;1132;-26;10:54:51.164140
1130;1209;-79;10:54:51.164140
1186;1281;-95;10:54:51.164140
1226;1395;-169;10:54:51.164140
1332;1509;-177;10:54:51.164140
1411;1649;-238;10:54:51.164140
1512;1788;-276;10:54:51.164140
1633;1924;-291;10:54:51.164140
1714;1992;-278;10:54:51.164140
1810;2068;-258;10:54:51.164140
1866;2090;-224;10:54:51.164140
1873;2080;-207;10:54:51.164140
1875;2021;-146;10:54:51.164140
1833;2004;-171;10:54:51.164140
1808;1954;-146;10:54:51.164140
1763;1915;-152;10:54:51.164140
1711;1849;-138;10:54:51.164140
1640;1818;-178;10:54:51.164140
1556;1831;-275;10:54:51.164140
1565;1800;-235;10:54:51.164140
1551;1818;-267;10:54:51.164140
1522;1764;-242;10:54:51.164140
1527;1806;-279;10:54:51.164140
1534;1792;-258;10:54:51.164140
1542;1735;-193;10:54:51.164140
1527;1707;-180;10:54:51.164140
1509;1740;-231;10:54:51.164140
1510;1724;-214;10:54:51.164140
1562;1724;-162;10:54:51.164140
1574;1728;-154;10:54:51.164140
1605;1768;-163;10:54:51.164140
1704;1803;-99;10:54:51.164140
1754;1835;-81;10:54:51.164140
1806;1868;-62;10:54:51.164140
1849;1869;-20;10:54:51.164140
1928;1919;9;10:54:51.164140
1937;1912;25;10:54:51.164140
1913;1935;-22;10:54:51.164140
1864;1941;-77;10:54:51.164140
1818;1953;-135;10:54:51.164140
1772;1913;-141;10:54:51.164140
1699;1913;-214;10:54:51.164140
1647;1889;-242;10:54:51.164140
1602;1847;-245;10:54:51.164140
1543;1751;-208;10:54:51.164140
1479;1716;-237;10:54:51.164140
1419;1657;-238;10:54:51.164140
1318;1548;-230;10:54:51.164140
1232;1473;-241;10:54:51.164140
1147;1387;-240;10:54:51.164140
1101;1352;-251;10:54:51.164140
1059;1334;-275;10:54:51.164140
1046;1321;-275;10:54:51.164140
1061;1315;-254;10:54:51.164140
1099;1347;-248;10:54:51.164140
1173;1395;-222;10:54:51.164140
1236;1411;-175;10:54:51.164140
1309;1450;-141;10:54:51.164140
1407;1524;-117;10:54:51.164140
1525;1604;-79;10:54:51.164140
1628;1754;-126;10:54:51.164140
1749;1831;-82;10:54:51.164140
1884;1978;-94;10:54:51.164140
1965;2103;-138;10:54:51.164140
2042;2184;-142;10:54:51.164140
2105;2292;-187;10:54:51.164140
2155;2387;-232;10:54:51.164140
2206;2490;-284;10:54:51.164140
2234;2488;-254;10:54:51.164140
2229;2500;-271;10:54:51.164140
2201;2490;-289;10:54:51.164140
2162;2384;-222;10:54:51.164140
2073;2333;-260;10:54:51.164140
1975;2204;-229;10:54:51.164140
1878;2076;-198;10:54:51.164140
1750;1917;-167;10:54:51.164140
1599;1798;-199;10:54:51.164140
1452;1718;-266;10:54:51.164140
1391;1562;-171;10:54:51.164140
1308;1473;-165;10:54:51.164140
1223;1359;-136;10:54:51.164140
1214;1362;-148;10:54:51.164140
1218;1351;-133;10:54:51.164140
1244;1413;-169;10:54:51.164140
1287;1451;-164;10:54:51.164140
1420;1501;-81;10:54:51.164140
1536;1580;-44;10:54:51.164140
1665;1701;-36;10:54:51.164140
1788;1834;-46;10:54:51.164140
1899;1966;-67;10:54:51.164140
2008;2080;-72;10:54:51.164140
2109;2163;-54;10:54:51.164140
2188;2263;-75;10:54:51.164140
2247;2347;-100;10:54:51.164140
2305;2373;-68;10:54:51.164140
2284;2390;-106;10:54:51.164140
2286;2375;-89;10:54:51.164140
2253;2333;-80;10:54:51.164140
2183;2273;-90;10:54:51.164140
2119;2233;-114;10:54:51.164140
2026;2203;-177;10:54:51.164140
1962;2165;-203;10:54:51.164140
1920;2126;-206;10:54:51.164140
1840;2071;-231;10:54:51.164140
1793;2036;-243;10:54:51.164140
1787;1966;-179;10:54:51.164140
1754;1956;-202;10:54:51.164140
1727;1922;-195;10:54:51.164140
1712;1927;-215;10:54:51.164140
1700;1945;-245;10:54:51.164140
1706;1936;-230;10:54:51.164140
1715;1928;-213;10:54:51.164140
1742;1938;-196;10:54:51.164140
1762;1928;-166;10:54:51.164140
1774;1912;-138;10:54:51.164140
1795;1894;-99;10:54:51.164140
1796;1898;-102;10:54:51.164140
1786;1892;-106;10:54:51.164140
1794;1847;-53;10:54:51.164140
1779;1825;-46;10:54:51.164140
1772;1784;-12;10:54:51.164140
1734;1774;-40;10:54:51.164140
1683;1769;-86;10:54:51.164140
1644;1744;-100;10:54:51.164140
1579;1725;-146;10:54:51.164140
1573;1709;-136;10:54:51.164140
1556;1744;-188;10:54:51.164140
1590;1738;-148;10:54:51.164140
1616;1792;-176;10:54:51.164140
1618;1844;-226;10:54:51.164140
1655;1856;-201;10:54:51.164140
1620;1886;-266;10:54:51.164140
1607;1855;-248;10:54:51.164140
1628;1833;-205;10:54:51.164140
1575;1803;-228;10:54:51.164140
1548;1740;-192;10:54:51.164140
1564;1650;-86;10:54:51.164140
1529;1592;-63;10:54:51.164140
1544;1545;-1;10:54:51.164140
1535;1555;-20;10:54:51.164140
1575;1641;-66;10:54:51.164140
1643;1704;-61;10:54:51.164140
1677;1829;-152;10:54:51.164140
1760;1927;-167;10:54:51.164140
1821;2033;-212;10:54:51.164140
1874;2120;-246;10:54:51.164140
1950;2199;-249;10:54:51.164140
2043;2249;-206;10:54:51.164140
2099;2314;-215;10:54:51.164140
2128;2341;-213;10:54:51.164140
2192;2372;-180;10:54:51.164140
2216;2366;-150;10:54:51.164140
2245;2332;-87;10:54:51.164140
2249;2314;-65;10:54:51.164140
2235;2276;-41;10:54:51.164140
2176;2254;-78;10:54:51.164140
2169;2253;-84;10:54:51.164140
2141;2238;-97;10:54:51.164140
2084;2164;-80;10:54:51.164140
1979;2116;-137;10:54:51.164140
1895;2002;-107;10:54:51.164140
1806;1876;-70;10:54:51.164140
1677;1745;-68;10:54:51.164140
1548;1596;-48;10:54:51.164140
1460;1521;-61;10:54:51.164140
1376;1459;-83;10:54:51.164140
1281;1423;-142;10:54:51.164140
1229;1394;-165;10:54:51.164140
1221;1418;-197;10:54:51.164140
1218;1441;-223;10:54:51.164140
1243;1452;-209;10:54:51.164140
1269;1476;-207;10:54:51.164140
1274;1497;-223;10:54:51.164140
1293;1503;-210;10:54:51.164140
1305;1508;-203;10:54:51.164140
1286;1487;-201;10:54:51.164140
1299;1499;-200;10:54:51.164140
1336;1511;-175;10:54:51.164140
1380;1525;-145;10:54:51.164140
1386;1563;-177;10:54:51.164140
1392;1591;-199;10:54:51.164140
1425;1639;-214;10:54:51.164140
1492;1682;-190;10:54:51.164140
1561;1734;-173;10:54:51.164140
1623;1812;-189;10:54:51.164140
1706;1894;-188;10:54:51.164140
1770;1986;-216;10:54:51.164140
1830;2046;-216;10:54:51.164140
1905;2121;-216;10:54:51.164140
1951;2177;-226;10:54:51.164140
1970;2196;-226;10:54:51.164140
1980;2205;-225;10:54:51.164140
1968;2177;-209;10:54:51.164140
1978;2169;-191;10:54:51.164140
1967;2104;-137;10:54:51.164140
1948;2064;-116;10:54:51.164140
1902;1992;-90;10:54:51.164140
1835;1916;-81;10:54:51.164140
1790;1863;-73;10:54:51.164140
1706;1799;-93;10:54:51.164140
1652;1699;-47;10:54:51.164140
1593;1655;-62;10:54:51.164140
1544;1603;-59;10:54:51.164140
1491;1594;-103;10:54:51.164140
1473;1587;-114;10:54:51.164140
1447;1580;-133;10:54:51.164140
1435;1596;-161;10:54:51.164140
1419;1598;-179;10:54:51.164140
1410;1614;-204;10:54:51.164140
1437;1660;-223;10:54:51.164140
1478;1671;-193;10:54:51.164140
1502;1703;-201;10:54:51.164140
1534;1687;-153;10:54:51.164140
1559;1711;-152;10:54:51.164140
1581;1733;-152;10:54:51.164140
1612;1742;-130;10:54:51.164140
1618;1783;-165;10:54:51.164140
1647;1780;-133;10:54:51.164140
1632;1802;-170;10:54:51.164140
1636;1771;-135;10:54:51.164140
1619;1752;-133;10:54:51.164140
1563;1722;-159;10:54:51.164140
1525;1677;-152;10:54:51.164140
1477;1623;-146;10:54:51.164140
1388;1572;-184;10:54:51.164140
1368;1527;-159;10:54:51.164140
1317;1500;-183;10:54:51.164140
1309;1502;-193;10:54:51.164140
1300;1543;-243;10:54:51.164140
1292;1573;-281;10:54:51.164140
1316;1636;-320;10:54:51.164140
1390;1699;-309;10:54:51.164140
1465;1776;-311;10:54:51.164140
1505;1801;-296;10:54:51.164140
1586;1849;-263;10:54:51.164140
1648;1903;-255;10:54:51.164140
1694;1944;-250;10:54:51.164140
1751;2001;-250;10:54:51.164140
1809;2023;-214;10:54:51.164140
1838;2049;-211;10:54:51.164140
1907;2037;-130;10:54:51.164140
1938;2043;-105;10:54:51.164140
1976;2050;-74;10:54:51.164140
1959;2071;-112;10:54:51.164140
1946;2074;-128;10:54:51.164140
1938;2069;-131;10:54:51.164140
1896;2066;-170;10:54:51.164140
1871;2062;-191;10:54:51.164140
1832;2033;-201;10:54:51.164140
1811;1963;-152;10:54:51.164140
1792;1923;-131;10:54:51.164140
1778;1886;-108;10:54:51.164140
1729;1839;-110;10:54:51.164140
1710;1812;-102;10:54:51.164140
1751;1788;-37;10:54:51.164140
1755;1769;-14;10:54:51.164140
1718;1761;-43;10:54:51.164140
1714;1768;-54;10:54:51.164140
1710;1791;-81;10:54:51.164140
1720;1820;-100;10:54:51.164140
1731;1848;-117;10:54:51.164140
1741;1852;-111;10:54:51.164140
1747;1848;-101;10:54:51.164140
1766;1862;-96;10:54:51.164140
1793;1882;-89;10:54:51.164140
1806;1915;-109;10:54:51.164140
1825;1982;-157;10:54:51.164140
1874;2025;-151;10:54:51.164140
1900;2096;-196;10:54:51.164140
1960;2133;-173;10:54:51.164140
2010;2172;-162;10:54:51.164140
2089;2183;-94;10:54:51.164140
2115;2190;-75;10:54:51.164140
2101;2204;-103;10:54:51.164140
2111;2195;-84;10:54:51.164140
2125;2194;-69;10:54:51.164140
2099;2197;-98;10:54:51.164140
2068;2173;-105;10:54:51.164140
2069;2137;-68;10:54:51.164140
2022;2110;-88;10:54:51.164140
1993;2113;-120;10:54:51.164140
2007;2068;-61;10:54:51.164140
1969;2024;-55;10:54:51.164140
1937;1981;-44;10:54:51.164140
1876;1933;-57;10:54:51.164140
1778;1906;-128;10:54:51.164140
1696;1828;-132;10:54:51.164140
1635;1771;-136;10:54:51.164140
1543;1733;-190;10:54:51.164140
1468;1656;-188;10:54:51.164140
1427;1660;-233;10:54:51.164140
1394;1615;-221;10:54:51.164140
1368;1617;-249;10:54:51.164140
1380;1626;-246;10:54:51.164140
1384;1643;-259;10:54:51.164140
1391;1643;-252;10:54:51.164140
1432;1660;-228;10:54:51.164140
1480;1696;-216;10:54:51.164140
1512;1700;-188;10:54:51.164140
1574;1712;-138;10:54:51.164140
1623;1711;-88;10:54:51.164140
1656;1729;-73;10:54:51.164140
1710;1728;-18;10:54:51.164140
1754;1756;-2;10:54:51.164140
1788;1763;25;10:54:51.164140
1789;1824;-35;10:54:51.164140
1827;1887;-60;10:54:51.164140
1871;1951;-80;10:54:51.164140
1920;1968;-48;10:54:51.164140
1947;2004;-57;10:54:51.164140
1927;2041;-114;10:54:51.164140
1928;2030;-102;10:54:51.164140
1934;2051;-117;10:54:51.164140
1911;2057;-146;10:54:51.164140
1907;2042;-135;10:54:51.164140
1868;2053;-185;10:54:51.164140
1872;2070;-198;10:54:51.164140
1860;2028;-168;10:54:51.164140
1867;2037;-170;10:54:51.164140
1903;2031;-128;10:54:51.164140
1914;2023;-109;10:54:51.164140
1898;2040;-142;10:54:51.164140
1910;2019;-109;10:54:51.164140
1909;2048;-139;10:54:51.164140
1900;2065;-165;10:54:51.164140
1888;2055;-167;10:54:51.164140
1875;2089;-214;10:54:51.164140
1917;2063;-146;10:54:51.164140
1921;2066;-145;10:54:51.164140
1909;2052;-143;10:54:51.164140
1895;2018;-123;10:54:51.164140
1880;2012;-132;10:54:51.164140
1883;1968;-85;10:54:51.164140
1884;1921;-37;10:54:51.164140
1877;1876;1;10:54:51.164140
1813;1779;34;10:54:51.262470
1759;1721;38;10:54:51.262470
1673;1714;-41;10:54:51.262470
1612;1653;-41;10:54:51.262470
1558;1646;-88;10:54:51.262470
1471;1604;-133;10:54:51.262470
1401;1572;-171;10:54:51.262470
1329;1523;-194;10:54:51.262470
1284;1487;-203;10:54:51.262470
1279;1472;-193;10:54:51.262470
1253;1460;-207;10:54:51.262470
1226;1448;-222;10:54:51.262470
1228;1468;-240;10:54:51.262470
1240;1477;-237;10:54:51.262470
1260;1529;-269;10:54:51.262470
1283;1548;-265;10:54:51.262470
1359;1600;-241;10:54:51.262470
1409;1651;-242;10:54:51.262470
1472;1672;-200;10:54:51.262470
1521;1724;-203;10:54:51.262470
1562;1759;-197;10:54:51.262470
1604;1802;-198;10:54:51.262470
1637;1826;-189;10:54:51.262470
1674;1837;-163;10:54:51.262470
1722;1874;-152;10:54:51.262470
1758;1899;-141;10:54:51.262470
1773;1909;-136;10:54:51.262470
1808;1904;-96;10:54:51.262470
1856;1922;-66;10:54:51.262470
1867;1939;-72;10:54:51.262470
1887;1967;-80;10:54:51.262470
1913;2005;-92;10:54:51.262470
1940;2025;-85;10:54:51.262470
1965;2039;-74;10:54:51.262470
1959;2057;-98;10:54:51.262470
1932;2061;-129;10:54:51.262470
1891;2031;-140;10:54:51.262470
1834;2012;-178;10:54:51.262470
1780;1966;-186;10:54:51.262470
1704;1890;-186;10:54:51.262470
1629;1825;-196;10:54:51.262470
1580;1746;-166;10:54:51.262470
1525;1651;-126;10:54:51.262470
1468;1575;-107;10:54:51.262470
1417;1525;-108;10:54:51.262470
1371;1494;-123;10:54:51.262470
1334;1467;-133;10:54:51.262470
1313;1474;-161;10:54:51.262470
1299;1464;-165;10:54:51.262470
1294;1463;-169;10:54:51.262470
1289;1464;-175;10:54:51.262470
1301;1447;-146;10:54:51.262470
1298;1468;-170;10:54:51.262470
1300;1482;-182;10:54:51.262470
1325;1484;-159;10:54:51.262470
1342;1504;-162;10:54:51.262470
1382;1544;-162;10:54:51.262470
1462;1595;-133;10:54:51.262470
1511;1695;-184;10:54:51.262470
1609;1760;-151;10:54:51.262470
1686;1836;-150;10:54:51.262470
1761;1891;-130;10:54:51.262470
1812;1944;-132;10:54:51.262470
1838;1996;-158;10:54:51.262470
1879;2041;-162;10:54:51.262470
1891;2064;-173;10:54:51.262470
1875;2086;-211;10:54:51.262470
1864;2076;-212;10:54:51.262470
1840;2085;-245;10:54:51.262470
1823;2067;-244;10:54:51.262470
1793;2036;-243;10:54:51.262470
1768;2001;-233;10:54:51.262470
1727;1950;-223;10:54:51.262470
1708;1898;-190;10:54:51.262470
1676;1848;-172;10:54:51.262470
1626;1814;-188;10:54:51.262470
1601;1778;-177;10:54:51.262470
1570;1739;-169;10:54:51.262470
1548;1758;-210;10:54:51.262470
1578;1771;-193;10:54:51.262470
1608;1778;-170;10:54:51.262470
1660;1817;-157;10:54:51.262470
1722;1857;-135;10:54:51.262470
1792;1909;-117;10:54:51.262470
1846;1949;-103;10:54:51.262470
1892;1993;-101;10:54:51.262470
1934;2053;-119;10:54:51.262470
1992;2061;-69;10:54:51.262470
2018;2055;-37;10:54:51.262470
2038;2063;-25;10:54:51.262470
2031;2069;-38;10:54:51.262470
2036;2048;-12;10:54:51.262470
2020;2031;-11;10:54:51.262470
2000;2001;-1;10:54:51.262470
1949;1990;-41;10:54:51.262470
1901;1979;-78;10:54:51.262470
1857;1978;-121;10:54:51.262470
1815;1968;-153;10:54:51.262470
1791;1956;-165;10:54:51.262470
1754;1942;-188;10:54:51.262470
1727;1911;-184;10:54:51.262470
1705;1900;-195;10:54:51.262470
1672;1844;-172;10:54:51.262470
1639;1811;-172;10:54:51.262470
1623;1777;-154;10:54:51.262470
1608;1756;-148;10:54:51.262470
1601;1764;-163;10:54:51.262470
1635;1773;-138;10:54:51.262470
1658;1793;-135;10:54:51.262470
1683;1837;-154;10:54:51.262470
1749;1886;-137;10:54:51.262470
1793;1950;-157;10:54:51.262470
1853;2005;-152;10:54:51.262470
1922;2024;-102;10:54:51.262470
1970;2045;-75;10:54:51.262470
2014;2061;-47;10:54:51.262470
2024;2083;-59;10:54:51.262470
2038;2089;-51;10:54:51.262470
2064;2107;-43;10:54:51.262470
2056;2136;-80;10:54:51.262470
2046;2148;-102;10:54:51.262470
2045;2163;-118;10:54:51.262470
2040;2171;-131;10:54:51.262470
2028;2160;-132;10:54:51.262470
2009;2136;-127;10:54:51.262470
1969;2117;-148;10:54:51.262470
1894;2034;-140;10:54:51.262470
1833;1984;-151;10:54:51.262470
1750;1936;-186;10:54:51.262470
1668;1844;-176;10:54:51.262470
1565;1748;-183;10:54:51.262470
1480;1646;-166;10:54:51.262470
1399;1553;-154;10:54:51.262470
1335;1480;-145;10:54:51.262470
1301;1408;-107;10:54:51.262470
1276;1370;-94;10:54:51.262470
1263;1364;-101;10:54:51.262470
1279;1380;-101;10:54:51.262470
1308;1412;-104;10:54:51.262470
1373;1472;-99;10:54:51.262470
1439;1560;-121;10:54:51.262470
1533;1642;-109;10:54:51.262470
1633;1764;-131;10:54:51.262470
1738;1879;-141;10:54:51.262470
1872;1997;-125;10:54:51.262470
1986;2113;-127;10:54:51.262470
2079;2213;-134;10:54:51.262470
2173;2284;-111;10:54:51.262470
2257;2349;-92;10:54:51.262470
2314;2405;-91;10:54:51.262470
2348;2443;-95;10:54:51.262470
2365;2440;-75;10:54:51.262470
2343;2429;-86;10:54:51.262470
2298;2397;-99;10:54:51.262470
2248;2332;-84;10:54:51.262470
2169;2255;-86;10:54:51.262470
2093;2189;-96;10:54:51.262470
2012;2099;-87;10:54:51.262470
1917;2022;-105;10:54:51.262470
1836;1947;-111;10:54:51.262470
1766;1891;-125;10:54:51.262470
1697;1850;-153;10:54:51.262470
1647;1808;-161;10:54:51.262470
1601;1766;-165;10:54:51.262470
1575;1754;-179;10:54:51.262470
1555;1717;-162;10:54:51.262470
1568;1700;-132;10:54:51.262470
1570;1706;-136;10:54:51.262470
1598;1712;-114;10:54:51.262470
1606;1719;-113;10:54:51.262470
1617;1734;-117;10:54:51.262470
1644;1735;-91;10:54:51.262470
1638;1742;-104;10:54:51.262470
1634;1741;-107;10:54:51.262470
1659;1757;-98;10:54:51.262470
1639;1748;-109;10:54:51.262470
1646;1762;-116;10:54:51.262470
1625;1744;-119;10:54:51.262470
1589;1734;-145;10:54:51.262470
1577;1713;-136;10:54:51.262470
1561;1710;-149;10:54:51.262470
1545;1695;-150;10:54:51.262470
1546;1675;-129;10:54:51.262470
1530;1686;-156;10:54:51.262470
1507;1666;-159;10:54:51.262470
1489;1661;-172;10:54:51.262470
1453;1638;-185;10:54:51.262470
1445;1639;-194;10:54:51.262470
1426;1653;-227;10:54:51.262470
1420;1646;-226;10:54:51.262470
1434;1662;-228;10:54:51.262470
1437;1651;-214;10:54:51.262470
1472;1669;-197;10:54:51.262470
1493;1683;-190;10:54:51.262470
1511;1716;-205;10:54:51.262470
1558;1729;-171;10:54:51.262470
1601;1764;-163;10:54:51.262470
1649;1807;-158;10:54:51.262470
1696;1849;-153;10:54:51.262470
1743;1904;-161;10:54:51.262470
1802;1951;-149;10:54:51.262470
1842;1993;-151;10:54:51.262470
1865;2022;-157;10:54:51.262470
1884;2033;-149;10:54:51.262470
1898;2053;-155;10:54:51.262470
1926;2044;-118;10:54:51.262470
1935;2038;-103;10:54:51.262470
1933;2031;-98;10:54:51.262470
1930;2013;-83;10:54:51.262470
1919;2002;-83;10:54:51.262470
1883;1972;-89;10:54:51.262470
1829;1936;-107;10:54:51.262470
1772;1884;-112;10:54:51.262470
1726;1814;-88;10:54:51.262470
1653;1750;-97;10:54:51.262470
1586;1689;-103;10:54:51.262470
1538;1614;-76;10:54:51.262470
1474;1558;-84;10:54:51.262470
1415;1499;-84;10:54:51.262470
1355;1467;-112;10:54:51.262470
1293;1424;-131;10:54:51.262470
1256;1411;-155;10:54:51.262470
1240;1417;-177;10:54:51.262470
1209;1418;-209;10:54:51.262470
1208;1433;-225;10:54:51.262470
1235;1477;-242;10:54:51.262470
1280;1515;-235;10:54:51.262470
1326;1554;-228;10:54:51.262470
1375;1592;-217;10:54:51.262470
1441;1645;-204;10:54:51.262470
1497;1698;-201;10:54:51.262470
1569;1759;-190;10:54:51.262470
1634;1822;-188;10:54:51.262470
1704;1881;-177;10:54:51.262470
1765;1934;-169;10:54:51.262470
1818;1975;-157;10:54:51.262470
1860;2006;-146;10:54:51.262470
1871;2030;-159;10:54:51.262470
1889;2032;-143;10:54:51.262470
1872;2030;-158;10:54:51.262470
1850;2017;-167;10:54:51.262470
1850;2002;-152;10:54:51.262470
1849;1995;-146;10:54:51.262470
1826;1979;-153;10:54:51.262470
1817;1962;-145;10:54:51.262470
1803;1960;-157;10:54:51.262470
1793;1964;-171;10:54:51.262470
1785;1961;-176;10:54:51.262470
1798;1960;-162;10:54:51.262470
1798;1964;-166;10:54:51.262470
1797;1953;-156;10:54:51.262470
1791;1947;-156;10:54:51.262470
1759;1934;-175;10:54:51.262470
1743;1911;-168;10:54:51.262470
1721;1879;-158;10:54:51.262470
1689;1833;-144;10:54:51.287565
1705;1819;-114;10:54:51.287565
1711;1808;-97;10:54:51.287565
1727;1807;-80;10:54:51.287565
1716;1801;-85;10:54:51.287565
1737;1805;-68;10:54:51.287565
1771;1836;-65;10:54:51.287565
1801;1877;-76;10:54:51.287565
1834;1906;-72;10:54:51.287565
1864;1944;-80;10:54:51.287565
1878;1976;-98;10:54:51.287565
1886;1990;-104;10:54:51.287565
1891;1995;-104;10:54:51.287565
1886;1990;-104;10:54:51.287565
1882;1984;-102;10:54:51.287565
1875;1974;-99;10:54:51.287565
1879;1963;-84;10:54:51.287565
1872;1959;-87;10:54:51.287565
1873;1960;-87;10:54:51.287565
1883;1952;-69;10:54:51.287565
1864;1967;-103;10:54:51.287565
1860;1958;-98;10:54:51.287565
1840;1973;-133;10:54:51.287565
1824;1970;-146;10:54:51.287565
1827;1982;-155;10:54:51.287565
1813;1974;-161;10:54:51.287565
1810;1962;-152;10:54:51.287565
1806;1965;-159;10:54:51.287565
1827;1979;-152;10:54:51.287565
1821;1970;-149;10:54:51.287565
1816;1989;-173;10:54:51.287565
1840;1992;-152;10:54:51.287565
1845;2027;-182;10:54:51.287565
1863;2022;-159;10:54:51.287565
1894;2055;-161;10:54:51.287565
1906;2048;-142;10:54:51.287565
1921;2032;-111;10:54:51.287565
1909;2034;-125;10:54:51.287565
1889;2002;-113;10:54:51.287565
1858;1978;-120;10:54:51.287565
1838;1946;-108;10:54:51.287565
1799;1895;-96;10:54:51.287565
1766;1864;-98;10:54:51.287565
1741;1815;-74;10:54:51.287565
1723;1778;-55;10:54:51.287565
1693;1747;-54;10:54:51.287565
1677;1728;-51;10:54:51.287565
1661;1723;-62;10:54:51.287565
1660;1724;-64;10:54:51.287565
1653;1742;-89;10:54:51.287565
1650;1775;-125;10:54:51.287565
1680;1799;-119;10:54:51.287565
1701;1808;-107;10:54:51.287565
1708;1823;-115;10:54:51.287565
1713;1864;-151;10:54:51.287565
1714;1869;-155;10:54:51.287565
1725;1896;-171;10:54:51.287565
1747;1892;-145;10:54:51.287565
1759;1907;-148;10:54:51.287565
1761;1917;-156;10:54:51.287565
1785;1931;-146;10:54:51.287565
1799;1939;-140;10:54:51.287565
1803;1945;-142;10:54:51.287565
1815;1939;-124;10:54:51.287565
1846;1969;-123;10:54:51.287565
1868;1981;-113;10:54:51.287565
1910;2006;-96;10:54:51.287565
1945;2042;-97;10:54:51.287565
1985;2075;-90;10:54:51.287565
2014;2104;-90;10:54:51.287565
2024;2133;-109;10:54:51.287565
2040;2154;-114;10:54:51.287565
2064;2160;-96;10:54:51.287565
2082;2177;-95;10:54:51.287565
2093;2159;-66;10:54:51.287565
2105;2132;-27;10:54:51.287565
2113;2123;-10;10:54:51.287565
2106;2099;7;10:54:51.287565
2056;2083;-27;10:54:51.287565
2005;2057;-52;10:54:51.287565
1959;2027;-68;10:54:51.287565
1903;2005;-102;10:54:51.287565
1828;1959;-131;10:54:51.287565
1761;1916;-155;10:54:51.287565
1701;1855;-154;10:54:51.287565
1630;1793;-163;10:54:51.287565
1552;1732;-180;10:54:51.287565
1487;1662;-175;10:54:51.287565
1427;1609;-182;10:54:51.287565
1378;1548;-170;10:54:51.287565
1344;1518;-174;10:54:51.287565
1320;1494;-174;10:54:51.287565
1316;1482;-166;10:54:51.287565
1312;1489;-177;10:54:51.287565
1334;1491;-157;10:54:51.287565
1352;1518;-166;10:54:51.287565
1371;1530;-159;10:54:51.287565
1403;1561;-158;10:54:51.287565
1429;1584;-155;10:54:51.287565
1470;1611;-141;10:54:51.287565
1505;1643;-138;10:54:51.287565
1557;1670;-113;10:54:51.287565
1594;1702;-108;10:54:51.287565
1640;1743;-103;10:54:51.287565
1671;1791;-120;10:54:51.287565
1719;1834;-115;10:54:51.287565
1752;1877;-125;10:54:51.287565
1787;1915;-128;10:54:51.287565
1814;1951;-137;10:54:51.287565
1826;1974;-148;10:54:51.287565
1841;2012;-171;10:54:51.287565
1867;2022;-155;10:54:51.287565
1861;2035;-174;10:54:51.287565
1846;2029;-183;10:54:51.287565
1827;2022;-195;10:54:51.287565
1801;1991;-190;10:54:51.287565
1776;1972;-196;10:54:51.287565
1764;1940;-176;10:54:51.287565
1745;1898;-153;10:54:51.287565
1710;1866;-156;10:54:51.287565
1686;1827;-141;10:54:51.287565
1664;1803;-139;10:54:51.287565
1646;1760;-114;10:54:51.287565
1611;1732;-121;10:54:51.287565
1607;1713;-106;10:54:51.287565
1593;1697;-104;10:54:51.287565
1594;1696;-102;10:54:51.287565
1608;1701;-93;10:54:51.287565
1614;1689;-75;10:54:51.287565
1613;1705;-92;10:54:51.287565
1626;1707;-81;10:54:51.287565
1631;1716;-85;10:54:51.287565
1641;1729;-88;10:54:51.287565
1654;1740;-86;10:54:51.287565
1648;1773;-125;10:54:51.287565
1644;1779;-135;10:54:51.287565
1633;1775;-142;10:54:51.287565
1627;1772;-145;10:54:51.287565
1630;1764;-134;10:54:51.287565
1596;1739;-143;10:54:51.287565
1561;1711;-150;10:54:51.287565
1532;1686;-154;10:54:51.287565
1509;1658;-149;10:54:51.287565
1479;1639;-160;10:54:51.287565
1446;1624;-178;10:54:51.287565
1420;1603;-183;10:54:51.287565
1415;1618;-203;10:54:51.287565
1409;1625;-216;10:54:51.287565
1422;1657;-235;10:54:51.287565
1438;1677;-239;10:54:51.287565
1477;1707;-230;10:54:51.287565
1516;1741;-225;10:54:51.287565
1554;1770;-216;10:54:51.287565
1592;1811;-219;10:54:51.287565
1653;1828;-175;10:54:51.287565
1700;1874;-174;10:54:51.287565
1743;1899;-156;10:54:51.287565
1791;1948;-157;10:54:51.287565
1830;1986;-156;10:54:51.287565
1884;2029;-145;10:54:51.287565
1923;2066;-143;10:54:51.287565
1949;2077;-128;10:54:51.287565
1976;2081;-105;10:54:51.287565
1978;2089;-111;10:54:51.287565
1979;2064;-85;10:54:51.287565
1973;2054;-81;10:54:51.287565
1954;2024;-70;10:54:51.287565
1934;2015;-81;10:54:51.287565
1907;2002;-95;10:54:51.287565
1863;1981;-118;10:54:51.287565
1843;1964;-121;10:54:51.287565
1816;1943;-127;10:54:51.287565
1797;1921;-124;10:54:51.287565
1779;1899;-120;10:54:51.287565
1756;1885;-129;10:54:51.287565
1752;1886;-134;10:54:51.287565
1730;1871;-141;10:54:51.287565
1719;1866;-147;10:54:51.287565
1702;1844;-142;10:54:51.287565
1685;1837;-152;10:54:51.287565
1679;1830;-151;10:54:51.287565
1682;1817;-135;10:54:51.287565
1676;1812;-136;10:54:51.287565
1696;1803;-107;10:54:51.287565
1715;1797;-82;10:54:51.287565
1728;1814;-86;10:54:51.287565
1744;1818;-74;10:54:51.287565
1784;1849;-65;10:54:51.287565
1802;1867;-65;10:54:51.287565
1822;1889;-67;10:54:51.287565
1846;1923;-77;10:54:51.287565
1885;1955;-70;10:54:51.287565
1903;1974;-71;10:54:51.287565
1923;2005;-82;10:54:51.287565
1933;2023;-90;10:54:51.287565
1927;2045;-118;10:54:51.287565
1951;2077;-126;10:54:51.287565
1957;2092;-135;10:54:51.287565
1981;2105;-124;10:54:51.287565
1982;2111;-129;10:54:51.287565
1976;2123;-147;10:54:51.287565
1971;2113;-142;10:54:51.287565
1944;2091;-147;10:54:51.287565
1935;2054;-119;10:54:51.287565
1907;2030;-123;10:54:51.287565
1868;1987;-119;10:54:51.287565
1810;1959;-149;10:54:51.287565
1768;1909;-141;10:54:51.287565
1727;1867;-140;10:54:51.287565
1692;1836;-144;10:54:51.287565
1663;1798;-135;10:54:51.287565
1644;1779;-135;10:54:51.287565
1635;1765;-130;10:54:51.287565
1637;1760;-123;10:54:51.287565
1648;1758;-110;10:54:51.287565
1669;1767;-98;10:54:51.287565
1683;1791;-108;10:54:51.287565
1712;1824;-112;10:54:51.287565
1747;1851;-104;10:54:51.287565
1789;1881;-92;10:54:51.287565
1822;1905;-83;10:54:51.287565
1850;1914;-64;10:54:51.287565
1877;1942;-65;10:54:51.287565
1901;1964;-63;10:54:51.287565
1925;1985;-60;10:54:51.287565
1952;2007;-55;10:54:51.287565
1955;2021;-66;10:54:51.287565
1948;2031;-83;10:54:51.287565
1946;2033;-87;10:54:51.287565
1918;2021;-103;10:54:51.287565
1910;2002;-92;10:54:51.287565
1902;1993;-91;10:54:51.287565
1878;1987;-109;10:54:51.287565
1868;1971;-103;10:54:51.287565
1838;1960;-122;10:54:51.287565
1826;1955;-129;10:54:51.287565
1813;1948;-135;10:54:51.287565
1796;1933;-137;10:54:51.287565
1767;1922;-155;10:54:51.287565
1761;1919;-158;10:54:51.287565
1767;1911;-144;10:54:51.287565
1758;1911;-153;10:54:51.287565
1790;1898;-108;10:54:51.287565
1796;1912;-116;10:54:51.287565
1826;1915;-89;10:54:51.287565
1854;1931;-77;10:54:51.287565
1880;1948;-68;10:54:51.287565
1908;1977;-69;10:54:51.287565
1938;1998;-60;10:54:51.287565
1959;2029;-70;10:54:51.287565
1977;2051;-74;10:54:51.287565
1990;2066;-76;10:54:51.287565
2010;2070;-60;10:54:51.287565
1996;2076;-80;10:54:51.287565
1977;2064;-87;10:54:51.287565
1829;1929;-100;10:54:51.288561
1793;1903;-110;10:54:51.288561
1753;1874;-121;10:54:51.288561
1715;1848;-133;10:54:51.288561
1677;1805;-128;10:54:51.288561
1646;1773;-127;10:54:51.288561
1617;1746;-129;10:54:51.288561
1592;1723;-131;10:54:51.288561
1581;1711;-130;10:54:51.288561
1565;1697;-132;10:54:51.288561
1555;1693;-138;10:54:51.288561
1554;1688;-134;10:54:51.288561
1557;1686;-129;10:54:51.288561
1561;1687;-126;10:54:51.288561
1572;1695;-123;10:54:51.288561
1573;1699;-126;10:54:51.288561
1578;1708;-130;10:54:51.288561
1591;1720;-129;10:54:51.288561
1606;1731;-125;10:54:51.288561
1625;1745;-120;10:54:51.288561
1641;1757;-116;10:54:51.288561
1661;1773;-112;10:54:51.288561
1676;1788;-112;10:54:51.288561
1707;1805;-98;10:54:51.288561
1724;1832;-108;10:54:51.288561
1738;1853;-115;10:54:51.288561
1751;1863;-112;10:54:51.288561
1761;1881;-120;10:54:51.288561
1765;1888;-123;10:54:51.288561
1766;1894;-128;10:54:51.288561
1764;1899;-135;10:54:51.288561
1762;1896;-134;10:54:51.288561
1761;1892;-131;10:54:51.288561
1755;1886;-131;10:54:51.288561
1744;1876;-132;10:54:51.288561
1740;1864;-124;10:54:51.288561
1729;1858;-129;10:54:51.288561
1715;1844;-129;10:54:51.288561
1706;1832;-126;10:54:51.288561
1703;1826;-123;10:54:51.288561
1697;1827;-130;10:54:51.288561
1690;1822;-132;10:54:51.288561
1681;1813;-132;10:54:51.288561
1676;1811;-135;10:54:51.288561
1676;1805;-129;10:54:51.288561
1677;1792;-115;10:54:51.288561
1670;1788;-118;10:54:51.288561
1665;1775;-110;10:54:51.288561
1653;1767;-114;10:54:51.288561
1646;1758;-112;10:54:51.288561
1634;1751;-117;10:54:51.288561
1621;1744;-123;10:54:51.288561
1613;1731;-118;10:54:51.288561
1608;1721;-113;10:54:51.288561
1599;1710;-111;10:54:51.288561
1596;1703;-107;10:54:51.288561
1592;1704;-112;10:54:51.288561
1580;1705;-125;10:54:51.288561
1571;1699;-128;10:54:51.288561
1562;1697;-135;10:54:51.288561
1552;1698;-146;10:54:51.288561
1546;1696;-150;10:54:51.288561
1544;1703;-159;10:54:51.288561
1542;1703;-161;10:54:51.288561
1546;1711;-165;10:54:51.288561
1558;1716;-158;10:54:51.288561
1566;1726;-160;10:54:51.288561
1578;1737;-159;10:54:51.288561
1591;1753;-162;10:54:51.288561
1605;1764;-159;10:54:51.288561
1624;1786;-162;10:54:51.288561
1640;1814;-174;10:54:51.288561
1666;1837;-171;10:54:51.288561
1692;1868;-176;10:54:51.288561
1713;1894;-181;10:54:51.288561
1735;1912;-177;10:54:51.288561
1763;1932;-169;10:54:51.288561
1786;1950;-164;10:54:51.288561
1813;1961;-148;10:54:51.288561
1837;1968;-131;10:54:51.288561
1855;1978;-123;10:54:51.288561
1871;1986;-115;10:54:51.288561
1886;1994;-108;10:54:51.288561
1901;2005;-104;10:54:51.288561
1910;2008;-98;10:54:51.288561
1918;2011;-93;10:54:51.288561
1924;2011;-87;10:54:51.288561
1927;2013;-86;10:54:51.288561
1923;2006;-83;10:54:51.288561
1914;1996;-82;10:54:51.288561
1901;1986;-85;10:54:51.288561
1882;1968;-86;10:54:51.288561
1856;1953;-97;10:54:51.288561
1839;1935;-96;10:54:51.288561
1823;1924;-101;10:54:51.288561
1803;1904;-101;10:54:51.288561
1789;1885;-96;10:54:51.288561
1768;1865;-97;10:54:51.288561
1751;1850;-99;10:54:51.288561
1742;1836;-94;10:54:51.288561
1734;1826;-92;10:54:51.288561
1718;1819;-101;10:54:51.288561
1707;1818;-111;10:54:51.288561
1701;1816;-115;10:54:51.288561
1704;1825;-121;10:54:51.288561
1711;1836;-125;10:54:51.288561
1725;1841;-116;10:54:51.288561
1736;1860;-124;10:54:51.288561
1750;1874;-124;10:54:51.288561
1771;1891;-120;10:54:51.288561
1798;1909;-111;10:54:51.288561
1822;1927;-105;10:54:51.288561
1839;1945;-106;10:54:51.288561
1863;1960;-97;10:54:51.288561
1880;1976;-96;10:54:51.288561
1889;1993;-104;10:54:51.288561
1894;2003;-109;10:54:51.288561
1905;2010;-105;10:54:51.288561
1906;2015;-109;10:54:51.288561
1905;2014;-109;10:54:51.288561
1904;2016;-112;10:54:51.288561
1903;2014;-111;10:54:51.288561
1896;2005;-109;10:54:51.288561
1883;1996;-113;10:54:51.288561
1863;1986;-123;10:54:51.288561
1847;1976;-129;10:54:51.288561
1836;1967;-131;10:54:51.288561
1821;1954;-133;10:54:51.288561
1808;1943;-135;10:54:51.288561
1800;1927;-127;10:54:51.288561
1794;1915;-121;10:54:51.288561
1788;1906;-118;10:54:51.288561
1779;1894;-115;10:54:51.288561
1769;1882;-113;10:54:51.288561
1762;1872;-110;10:54:51.288561
1762;1867;-105;10:54:51.288561
1765;1856;-91;10:54:51.288561
1768;1856;-88;10:54:51.288561
1777;1859;-82;10:54:51.288561
1787;1868;-81;10:54:51.288561
1801;1876;-75;10:54:51.288561
1812;1889;-77;10:54:51.288561
1823;1905;-82;10:54:51.288561
1836;1922;-86;10:54:51.288561
1847;1933;-86;10:54:51.288561
1856;1950;-94;10:54:51.288561
1873;1956;-83;10:54:51.288561
1884;1968;-84;10:54:51.288561
1894;1983;-89;10:54:51.288561
1900;1991;-91;10:54:51.288561
1902;1996;-94;10:54:51.288561
1905;2006;-101;10:54:51.288561
1905;2009;-104;10:54:51.288561
1899;2007;-108;10:54:51.288561
1897;2003;-106;10:54:51.288561
1891;1998;-107;10:54:51.288561
1881;1989;-108;10:54:51.288561
1876;1982;-106;10:54:51.288561
1868;1975;-107;10:54:51.288561
1859;1966;-107;10:54:51.288561
1848;1959;-111;10:54:51.288561
1842;1950;-108;10:54:51.288561
1837;1946;-109;10:54:51.288561
1829;1937;-108;10:54:51.288561
1828;1932;-104;10:54:51.288561
1828;1935;-107;10:54:51.288561
1827;1932;-105;10:54:51.288561
1828;1938;-110;10:54:51.288561
1830;1937;-107;10:54:51.288561
1829;1939;-110;10:54:51.288561
1831;1938;-107;10:54:51.288561
1827;1935;-108;10:54:51.288561
1822;1926;-104;10:54:51.288561
1813;1917;-104;10:54:51.288561
1801;1904;-103;10:54:51.288561
1790;1892;-102;10:54:51.288561
1772;1878;-106;10:54:51.288561
1757;1856;-99;10:54:51.288561
1741;1834;-93;10:54:51.288561
1722;1819;-97;10:54:51.288561
1700;1800;-100;10:54:51.288561
1675;1784;-109;10:54:51.288561
1649;1770;-121;10:54:51.288561
1625;1750;-125;10:54:51.288561
1607;1735;-128;10:54:51.288561
1591;1728;-137;10:54:51.288561
1571;1716;-145;10:54:51.288561
1562;1703;-141;10:54:51.288561
1555;1697;-142;10:54:51.288561
1542;1690;-148;10:54:51.288561
1538;1679;-141;10:54:51.288561
1540;1682;-142;10:54:51.288561
1541;1686;-145;10:54:51.288561
1552;1692;-140;10:54:51.288561
1570;1711;-141;10:54:51.288561
1592;1723;-131;10:54:51.288561
1615;1746;-131;10:54:51.288561
1639;1770;-131;10:54:51.288561
1666;1793;-127;10:54:51.288561
1686;1813;-127;10:54:51.288561
1709;1837;-128;10:54:51.288561
1737;1857;-120;10:54:51.288561
1764;1879;-115;10:54:51.288561
1793;1898;-105;10:54:51.288561
1816;1916;-100;10:54:51.288561
1834;1935;-101;10:54:51.288561
1846;1950;-104;10:54:51.288561
1854;1954;-100;10:54:51.288561
1857;1956;-99;10:54:51.288561
1850;1954;-104;10:54:51.288561
1835;1943;-108;10:54:51.288561
1816;1929;-113;10:54:51.288561
1797;1915;-118;10:54:51.288561
1772;1895;-123;10:54:51.288561
1747;1873;-126;10:54:51.288561
1715;1845;-130;10:54:51.288561
1680;1819;-139;10:54:51.288561
1647;1787;-140;10:54:51.288561
1613;1757;-144;10:54:51.288561
1586;1728;-142;10:54:51.288561
1559;1697;-138;10:54:51.288561
1539;1665;-126;10:54:51.288561
1522;1650;-128;10:54:51.288561
1509;1635;-126;10:54:51.288561
1501;1627;-126;10:54:51.288561
1495;1629;-134;10:54:51.288561
1493;1634;-141;10:54:51.288561
1501;1639;-138;10:54:51.288561
1514;1655;-141;10:54:51.288561
1529;1673;-144;10:54:51.288561
1549;1688;-139;10:54:51.288561
1571;1708;-137;10:54:51.288561
1592;1728;-136;10:54:51.288561
1611;1750;-139;10:54:51.288561
1634;1769;-135;10:54:51.288561
1654;1792;-138;10:54:51.288561
1670;1807;-137;10:54:51.288561
1686;1825;-139;10:54:51.288561
1702;1842;-140;10:54:51.288561
1711;1853;-142;10:54:51.288561
1719;1866;-147;10:54:51.288561
1727;1872;-145;10:54:51.288561
1727;1880;-153;10:54:51.288561
1727;1883;-156;10:54:51.288561
1725;1883;-158;10:54:51.288561
1724;1888;-164;10:54:51.288561
1725;1888;-163;10:54:51.288561
1727;1886;-159;10:54:51.288561
1731;1882;-151;10:54:51.288561
1733;1884;-151;10:54:51.288561
1738;1884;-146;10:54:51.288561
1748;1884;-136;10:54:51.288561
1753;1887;-134;10:54:51.288561
1762;1891;-129;10:54:51.288561
1775;1896;-121;10:54:51.288561
1797;1920;-123;10:54:51.288561
1812;1926;-114;10:54:51.288561
1828;1941;-113;10:54:51.288561
1840;1950;-110;10:54:51.288561
1861;1960;-99;10:54:51.288561
1874;1965;-91;10:54:51.288561
1884;1974;-90;10:54:51.288561
1890;1976;-86;10:54:51.288561
1890;1971;-81;10:54:51.288561
1886;1964;-78;10:54:51.288561
1882;1959;-77;10:54:51.288561
1869;1949;-80;10:54:51.288561
1855;1943;-88;10:54:51.288561
1837;1933;-96;10:54:51.288561
1826;1924;-98;10:54:51.288561
1813;1914;-101;10:54:51.288561
1801;1896;-95;10:54:51.288561
1779;1887;-108;10:54:51.288561
1759;1870;-111;10:54:51.288561
1743;1857;-114;10:54:51.288561
1730;1845;-115;10:54:51.288561
1725;1838;-113;10:54:51.288561
1717;1830;-113;10:54:51.288561
1712;1828;-116;10:54:51.288561
1716;1830;-114;10:54:51.288561
1715;1839;-124;10:54:51.288561
1720;1844;-124;10:54:51.288561
1733;1858;-125;10:54:51.288561
1748;1873;-125;10:54:51.288561
1768;1890;-122;10:54:51.288561
1792;1902;-110;10:54:51.288561
1815;1930;-115;10:54:51.288561
1841;1951;-110;10:54:51.288561
1866;1976;-110;10:54:51.288561
1883;1997;-114;10:54:51.288561
1899;2010;-111;10:54:51.288561
1912;2019;-107;10:54:51.288561
1921;2030;-109;10:54:51.288561
1930;2030;-100;10:54:51.288561
1931;2028;-97;10:54:51.288561
1936;2022;-86;10:54:51.288561
1930;2012;-82;10:54:51.288561
1918;2004;-86;10:54:51.288561
1897;1994;-97;10:54:51.288561
1879;1983;-104;10:54:51.288561
1858;1967;-109;10:54:51.288561
1838;1954;-116;10:54:51.288561
1822;1937;-115;10:54:51.288561
1810;1922;-112;10:54:51.288561
1802;1904;-102;10:54:51.288561
1791;1889;-98;10:54:51.288561
1774;1875;-101;10:54:51.288561
1762;1866;-104;10:54:51.288561
1757;1857;-100;10:54:51.288561
1751;1850;-99;10:54:51.288561
1752;1849;-97;10:54:51.288561
1755;1849;-94;10:54:51.288561
1765;1854;-89;10:54:51.288561
1773;1863;-90;10:54:51.288561
1783;1875;-92;10:54:51.288561
1798;1887;-89;10:54:51.288561
1814;1901;-87;10:54:51.288561
1831;1912;-81;10:54:51.288561
1849;1931;-82;10:54:51.288561
1862;1944;-82;10:54:51.288561
1882;1962;-80;10:54:51.288561
1896;1974;-78;10:54:51.288561
1912;1986;-74;10:54:51.288561
1920;1995;-75;10:54:51.288561
1922;2004;-82;10:54:51.288561
1928;2011;-83;10:54:51.288561
1927;2019;-92;10:54:51.288561
1926;2017;-91;10:54:51.288561
1922;2016;-94;10:54:51.288561
1913;2017;-104;10:54:51.288561
1903;2008;-105;10:54:51.288561
1890;1999;-109;10:54:51.288561
1878;1984;-106;10:54:51.288561
1864;1969;-105;10:54:51.288561
1850;1951;-101;10:54:51.288561
1834;1937;-103;10:54:51.288561
1812;1923;-111;10:54:51.288561
1792;1903;-111;10:54:51.288561
1774;1887;-113;10:54:51.288561
1757;1870;-113;10:54:51.288561
1740;1855;-115;10:54:51.288561
1730;1843;-113;10:54:51.288561
1724;1830;-106;10:54:51.288561
1716;1825;-109;10:54:51.288561
1715;1828;-113;10:54:51.288561
1714;1825;-111;10:54:51.288561
1712;1827;-115;10:54:51.288561
1708;1826;-118;10:54:51.288561
1703;1825;-122;10:54:51.288561
1703;1821;-118;10:54:51.288561
1703;1822;-119;10:54:51.288561
1701;1815;-114;10:54:51.288561
1703;1814;-111;10:54:51.288561
1706;1811;-105;10:54:51.288561
1707;1807;-100;10:54:51.288561
1699;1801;-102;10:54:51.288561
1692;1798;-106;10:54:51.288561
1681;1794;-113;10:54:51.288561
1675;1789;-114;10:54:51.288561
1672;1783;-111;10:54:51.288561
1667;1775;-108;10:54:51.288561
1659;1769;-110;10:54:51.288561
1651;1766;-115;10:54:51.288561
1644;1764;-120;10:54:51.288561
1643;1760;-117;10:54:51.288561
1637;1765;-128;10:54:51.288561
1634;1767;-133;10:54:51.288561
1637;1773;-136;10:54:51.288561
1641;1778;-137;10:54:51.288561
1657;1789;-132;10:54:51.288561
1670;1803;-133;10:54:51.288561
1689;1813;-124;10:54:51.288561
1700;1824;-124;10:54:51.288561
1714;1840;-126;10:54:51.288561
1730;1855;-125;10:54:51.288561
1742;1870;-128;10:54:51.288561
1760;1880;-120;10:54:51.288561
1777;1896;-119;10:54:51.288561
1792;1908;-116;10:54:51.288561
1808;1912;-104;10:54:51.288561
1816;1921;-105;10:54:51.288561
1822;1924;-102;10:54:51.288561
1822;1928;-106;10:54:51.288561
1820;1926;-106;10:54:51.288561
1812;1916;-104;10:54:51.288561
1805;1903;-98;10:54:51.288561
1792;1885;-93;10:54:51.288561
1770;1864;-94;10:54:51.288561
1747;1842;-95;10:54:51.288561
1715;1819;-104;10:54:51.288561
1686;1797;-111;10:54:51.288561
1657;1772;-115;10:54:51.288561
1630;1748;-118;10:54:51.288561
1606;1728;-122;10:54:51.288561
1583;1715;-132;10:54:51.288561
1568;1698;-130;10:54:51.288561
1556;1682;-126;10:54:51.288561
1544;1673;-129;10:54:51.288561
1535;1666;-131;10:54:51.288561
1528;1666;-138;10:54:51.288561
1523;1668;-145;10:54:51.288561
1528;1671;-143;10:54:51.288561
1533;1677;-144;10:54:51.288561
1541;1686;-145;10:54:51.288561
1552;1699;-147;10:54:51.288561
1566;1716;-150;10:54:51.288561
1583;1732;-149;10:54:51.288561
1604;1750;-146;10:54:51.288561
1624;1772;-148;10:54:51.288561
1650;1791;-141;10:54:51.288561
1673;1818;-145;10:54:51.288561
1700;1842;-142;10:54:51.288561
1723;1864;-141;10:54:51.288561
1741;1882;-141;10:54:51.288561
1760;1901;-141;10:54:51.288561
1775;1914;-139;10:54:51.288561
1788;1924;-136;10:54:51.288561
1796;1933;-137;10:54:51.288561
1808;1939;-131;10:54:51.288561
1819;1943;-124;10:54:51.288561
1825;1950;-125;10:54:51.288561
1829;1953;-124;10:54:51.288561
1829;1956;-127;10:54:51.288561
1832;1955;-123;10:54:51.288561
1833;1956;-123;10:54:51.288561
1832;1954;-122;10:54:51.288561
1837;1954;-117;10:54:51.288561
1840;1952;-112;10:54:51.288561
1842;1951;-109;10:54:51.288561
1840;1949;-109;10:54:51.288561
1835;1941;-106;10:54:51.288561
1831;1934;-103;10:54:51.288561
1826;1931;-105;10:54:51.288561
1822;1924;-102;10:54:51.288561
1819;1914;-95;10:54:51.288561
1819;1909;-90;10:54:51.288561
1816;1906;-90;10:54:51.288561
1815;1901;-86;10:54:51.288561
1812;1898;-86;10:54:51.288561
1808;1898;-90;10:54:51.288561
1809;1896;-87;10:54:51.288561
1808;1895;-87;10:54:51.288561
1809;1897;-88;10:54:51.288561
1810;1899;-89;10:54:51.288561
1811;1900;-89;10:54:51.288561
1811;1901;-90;10:54:51.288561
1808;1899;-91;10:54:51.288561
1800;1897;-97;10:54:51.288561
1795;1896;-101;10:54:51.288561
1790;1895;-105;10:54:51.288561
1786;1892;-106;10:54:51.288561
1782;1892;-110;10:54:51.288561
1784;1891;-107;10:54:51.288561
1783;1895;-112;10:54:51.288561
1780;1897;-117;10:54:51.288561
1779;1904;-125;10:54:51.288561
1778;1908;-130;10:54:51.288561
1782;1911;-129;10:54:51.288561
1781;1913;-132;10:54:51.288561
1787;1917;-130;10:54:51.288561
1797;1921;-124;10:54:51.288561
1802;1925;-123;10:54:51.288561
1807;1925;-118;10:54:51.288561
1808;1931;-123;10:54:51.288561
1810;1931;-121;10:54:51.288561
1820;1936;-116;10:54:51.288561
1824;1944;-120;10:54:51.288561
1833;1949;-116;10:54:51.288561
1842;1953;-111;10:54:51.288561
1850;1957;-107;10:54:51.288561
1857;1957;-100;10:54:51.288561
1860;1958;-98;10:54:51.288561
1861;1956;-95;10:54:51.288561
1860;1955;-95;10:54:51.288561
1859;1950;-91;10:54:51.288561
1856;1944;-88;10:54:51.288561
1851;1939;-88;10:54:51.288561
1846;1931;-85;10:54:51.288561
1841;1927;-86;10:54:51.288561
1836;1921;-85;10:54:51.288561
1828;1914;-86;10:54:51.288561
1818;1911;-93;10:54:51.288561
1815;1907;-92;10:54:51.288561
1813;1906;-93;10:54:51.288561
1808;1905;-97;10:54:51.288561
1805;1906;-101;10:54:51.288561
1805;1904;-99;10:54:51.288561
1802;1905;-103;10:54:51.288561
1799;1898;-99;10:54:51.288561
1794;1894;-100;10:54:51.288561
1793;1893;-100;10:54:51.288561
1795;1894;-99;10:54:51.288561
1798;1892;-94;10:54:51.288561
1804;1901;-97;10:54:51.288561
1813;1907;-94;10:54:51.288561
1824;1918;-94;10:54:51.288561
1836;1932;-96;10:54:51.288561
1848;1946;-98;10:54:51.288561
1862;1956;-94;10:54:51.288561
1874;1968;-94;10:54:51.288561
1879;1977;-98;10:54:51.288561
1890;1986;-96;10:54:51.288561
1901;1993;-92;10:54:51.288561
1902;1999;-97;10:54:51.288561
1902;1997;-95;10:54:51.288561
1904;1990;-86;10:54:51.288561
1902;1987;-85;10:54:51.288561
1893;1976;-83;10:54:51.288561
1883;1966;-83;10:54:51.288561
1873;1960;-87;10:54:51.288561
1839;1931;-92;10:54:51.288561
1822;1917;-95;10:54:51.288561
1803;1906;-103;10:54:51.288561
1779;1888;-109;10:54:51.288561
1755;1873;-118;10:54:51.288561
1738;1859;-121;10:54:51.288561
1717;1843;-126;10:54:51.288561
1699;1832;-133;10:54:51.288561
1688;1815;-127;10:54:51.288561
1677;1803;-126;10:54:51.288561
1663;1785;-122;10:54:51.288561
1654;1777;-123;10:54:51.288561
1648;1767;-119;10:54:51.288561
1638;1758;-120;10:54:51.288561
1637;1752;-115;10:54:51.288561
1639;1751;-112;10:54:51.288561
1643;1751;-108;10:54:51.288561
1641;1753;-112;10:54:51.288561
1650;1757;-107;10:54:51.288561
1656;1763;-107;10:54:51.288561
1662;1770;-108;10:54:51.288561
1676;1779;-103;10:54:51.288561
1692;1790;-98;10:54:51.288561
1706;1807;-101;10:54:51.288561
1717;1817;-100;10:54:51.288561
1730;1830;-100;10:54:51.288561
1738;1839;-101;10:54:51.288561
1744;1848;-104;10:54:51.288561
1748;1856;-108;10:54:51.288561
1748;1866;-118;10:54:51.288561
1750;1868;-118;10:54:51.288561
1750;1869;-119;10:54:51.288561
1747;1870;-123;10:54:51.288561
1743;1865;-122;10:54:51.288561
1734;1860;-126;10:54:51.288561
1730;1853;-123;10:54:51.288561
1723;1844;-121;10:54:51.288561
1713;1837;-124;10:54:51.288561
1711;1829;-118;10:54:51.288561
1706;1824;-118;10:54:51.288561
1700;1818;-118;10:54:51.288561
1702;1810;-108;10:54:51.288561
1700;1808;-108;10:54:51.288561
1696;1802;-106;10:54:51.288561
1690;1801;-111;10:54:51.288561
1688;1801;-113;10:54:51.288561
1686;1805;-119;10:54:51.288561
1692;1809;-117;10:54:51.288561
1701;1812;-111;10:54:51.288561
1702;1817;-115;10:54:51.288561
1703;1817;-114;10:54:51.288561
1707;1816;-109;10:54:51.288561
1701;1809;-108;10:54:51.288561
1692;1804;-112;10:54:51.288561
1685;1795;-110;10:54:51.288561
1677;1787;-110;10:54:51.288561
1664;1777;-113;10:54:51.288561
1651;1767;-116;10:54:51.288561
1639;1757;-118;10:54:51.288561
1626;1748;-122;10:54:51.288561
1613;1736;-123;10:54:51.288561
1596;1729;-133;10:54:51.288561
1588;1720;-132;10:54:51.288561
1575;1714;-139;10:54:51.288561
1569;1709;-140;10:54:51.288561
1563;1703;-140;10:54:51.288561
1561;1706;-145;10:54:51.288561
1561;1707;-146;10:54:51.288561
1565;1713;-148;10:54:51.288561
1574;1722;-148;10:54:51.288561
1581;1736;-155;10:54:51.288561
1591;1748;-157;10:54:51.288561
1610;1765;-155;10:54:51.288561
1632;1784;-152;10:54:51.288561
1656;1804;-148;10:54:51.288561
1683;1827;-144;10:54:51.288561
1705;1851;-146;10:54:51.288561
1729;1873;-144;10:54:51.288561
1754;1894;-140;10:54:51.288561
1778;1914;-136;10:54:51.288561
1803;1933;-130;10:54:51.288561
1826;1951;-125;10:54:51.288561
1848;1964;-116;10:54:51.288561
1867;1978;-111;10:54:51.288561
1881;1987;-106;10:54:51.288561
1894;1996;-102;10:54:51.288561
1902;1994;-92;10:54:51.288561
1903;1997;-94;10:54:51.288561
1899;1991;-92;10:54:51.288561
1892;1982;-90;10:54:51.288561
1881;1973;-92;10:54:51.288561
1865;1964;-99;10:54:51.288561
1848;1951;-103;10:54:51.288561
1835;1937;-102;10:54:51.288561
1818;1922;-104;10:54:51.288561
1803;1906;-103;10:54:51.288561
1791;1890;-99;10:54:51.288561
1777;1881;-104;10:54:51.288561
1761;1867;-106;10:54:51.288561
1750;1854;-104;10:54:51.288561
1739;1846;-107;10:54:51.288561
1731;1838;-107;10:54:51.288561
1727;1832;-105;10:54:51.288561
1723;1830;-107;10:54:51.288561
1722;1830;-108;10:54:51.288561
1726;1830;-104;10:54:51.288561
1740;1835;-95;10:54:51.288561
1748;1842;-94;10:54:51.288561
1760;1853;-93;10:54:51.288561
1772;1865;-93;10:54:51.288561
1786;1881;-95;10:54:51.288561
1798;1896;-98;10:54:51.288561
1814;1910;-96;10:54:51.288561
1831;1927;-96;10:54:51.288561
1842;1941;-99;10:54:51.288561
1851;1951;-100;10:54:51.288561
1859;1958;-99;10:54:51.288561
1863;1964;-101;10:54:51.288561
1860;1962;-102;10:54:51.288561
1854;1956;-102;10:54:51.288561
1844;1956;-112;10:54:51.288561
1835;1952;-117;10:54:51.288561
1827;1948;-121;10:54:51.288561
1823;1943;-120;10:54:51.288561
1819;1939;-120;10:54:51.288561
1814;1934;-120;10:54:51.288561
1810;1930;-120;10:54:51.288561
1801;1922;-121;10:54:51.288561
1796;1916;-120;10:54:51.288561
1793;1910;-117;10:54:51.288561
1790;1909;-119;10:54:51.288561
1789;1907;-118;10:54:51.288561
1793;1909;-116;10:54:51.288561
1803;1914;-111;10:54:51.288561
1812;1916;-104;10:54:51.288561
1821;1920;-99;10:54:51.288561
1831;1925;-94;10:54:51.288561
1843;1931;-88;10:54:51.288561
1854;1935;-81;10:54:51.288561
1865;1943;-78;10:54:51.288561
1874;1947;-73;10:54:51.288561
1880;1953;-73;10:54:51.288561
1883;1956;-73;10:54:51.288561
1885;1955;-70;10:54:51.288561
1879;1955;-76;10:54:51.288561
1876;1956;-80;10:54:51.288561
1872;1953;-81;10:54:51.288561
1859;1947;-88;10:54:51.288561
1855;1945;-90;10:54:51.288561
1853;1942;-89;10:54:51.288561
1854;1939;-85;10:54:51.288561
1846;1935;-89;10:54:51.288561
1836;1927;-91;10:54:51.288561
1830;1925;-95;10:54:51.288561
1822;1920;-98;10:54:51.288561
1816;1916;-100;10:54:51.288561
1806;1913;-107;10:54:51.288561
1805;1913;-108;10:54:51.288561
1808;1915;-107;10:54:51.288561
1813;1918;-105;10:54:51.288561
1814;1918;-104;10:54:51.288561
1819;1923;-104;10:54:51.288561
1833;1932;-99;10:54:51.288561
1844;1937;-93;10:54:51.288561
1848;1939;-91;10:54:51.288561
1856;1947;-91;10:54:51.288561
1864;1956;-92;10:54:51.288561
1872;1966;-94;10:54:51.288561
1878;1972;-94;10:54:51.288561
1885;1977;-92;10:54:51.288561
1887;1981;-94;10:54:51.288561
1885;1981;-96;10:54:51.288561
1885;1980;-95;10:54:51.288561
1881;1973;-92;10:54:51.288561
1875;1964;-89;10:54:51.288561
1857;1951;-94;10:54:51.288561
1841;1935;-94;10:54:51.288561
1822;1916;-94;10:54:51.288561
1798;1898;-100;10:54:51.288561
1774;1873;-99;10:54:51.288561
1749;1850;-101;10:54:51.288561
1725;1826;-101;10:54:51.288561
1704;1802;-98;10:54:51.288561
1679;1781;-102;10:54:51.288561
1655;1763;-108;10:54:51.288561
1634;1750;-116;10:54:51.288561
1618;1739;-121;10:54:51.288561
1609;1732;-123;10:54:51.288561
1603;1729;-126;10:54:51.288561
1602;1731;-129;10:54:51.288561
1604;1733;-129;10:54:51.288561
1610;1737;-127;10:54:51.288561
1619;1743;-124;10:54:51.288561
1628;1748;-120;10:54:51.288561
1638;1759;-121;10:54:51.288561
1653;1773;-120;10:54:51.288561
1667;1786;-119;10:54:51.288561
1681;1798;-117;10:54:51.288561
1702;1812;-110;10:54:51.288561
1721;1830;-109;10:54:51.288561
1739;1847;-108;10:54:51.288561
1752;1858;-106;10:54:51.288561
1759;1872;-113;10:54:51.288561
1770;1881;-111;10:54:51.288561
1776;1887;-111;10:54:51.288561
1779;1889;-110;10:54:51.288561
1780;1889;-109;10:54:51.288561
1777;1887;-110;10:54:51.288561
1774;1881;-107;10:54:51.288561
1767;1875;-108;10:54:51.288561
1757;1867;-110;10:54:51.288561
1745;1859;-114;10:54:51.288561
1729;1847;-118;10:54:51.288561
1715;1835;-120;10:54:51.288561
1704;1819;-115;10:54:51.288561
1693;1812;-119;10:54:51.288561
1675;1800;-125;10:54:51.288561
1663;1784;-121;10:54:51.288561
1650;1776;-126;10:54:51.288561
1632;1765;-133;10:54:51.288561
1622;1756;-134;10:54:51.288561
1618;1749;-131;10:54:51.288561
1612;1744;-132;10:54:51.288561
1610;1735;-125;10:54:51.288561
1612;1733;-121;10:54:51.288561
1615;1733;-118;10:54:51.288561
1616;1734;-118;10:54:51.288561
1618;1734;-116;10:54:51.288561
1615;1737;-122;10:54:51.288561
1615;1739;-124;10:54:51.288561
1615;1738;-123;10:54:51.288561
1615;1742;-127;10:54:51.288561
1618;1748;-130;10:54:51.288561
1620;1754;-134;10:54:51.288561
1625;1756;-131;10:54:51.288561
1629;1760;-131;10:54:51.288561
1630;1765;-135;10:54:51.288561
1631;1767;-136;10:54:51.288561
1631;1771;-140;10:54:51.288561
1633;1774;-141;10:54:51.288561
1634;1777;-143;10:54:51.288561
1636;1780;-144;10:54:51.288561
1642;1782;-140;10:54:51.288561
1645;1790;-145;10:54:51.288561
1650;1797;-147;10:54:51.288561
1661;1805;-144;10:54:51.288561
1672;1814;-142;10:54:51.288561
1682;1822;-140;10:54:51.288561
1696;1835;-139;10:54:51.288561
1708;1848;-140;10:54:51.288561
1722;1858;-136;10:54:51.288561
1740;1869;-129;10:54:51.288561
1756;1882;-126;10:54:51.288561
1774;1898;-124;10:54:51.288561
1789;1909;-120;10:54:51.288561
1820;1939;-119;10:54:51.386492
1837;1947;-110;10:54:51.386492
1852;1959;-107;10:54:51.386492
1863;1967;-104;10:54:51.386492
1872;1974;-102;10:54:51.386492
1881;1979;-98;10:54:51.386492
1888;1982;-94;10:54:51.386492
1889;1983;-94;10:54:51.386492
1890;1982;-92;10:54:51.386492
1881;1976;-95;10:54:51.386492
1873;1968;-95;10:54:51.386492
1864;1955;-91;10:54:51.386492
1847;1942;-95;10:54:51.386492
1829;1929;-100;10:54:51.386492
1818;1909;-91;10:54:51.386492
1804;1897;-93;10:54:51.386492
1791;1884;-93;10:54:51.386492
1779;1872;-93;10:54:51.386492
1770;1865;-95;10:54:51.386492
1756;1859;-103;10:54:51.386492
1743;1849;-106;10:54:51.386492
1736;1845;-109;10:54:51.386492
1729;1842;-113;10:54:51.386492
1725;1839;-114;10:54:51.386492
1725;1835;-110;10:54:51.386492
1727;1837;-110;10:54:51.386492
1733;1840;-107;10:54:51.386492
1739;1847;-108;10:54:51.386492
1746;1856;-110;10:54:51.386492
1755;1868;-113;10:54:51.386492
1766;1879;-113;10:54:51.386492
1779;1892;-113;10:54:51.386492
1796;1906;-110;10:54:51.386492
1813;1920;-107;10:54:51.386492
1828;1932;-104;10:54:51.386492
1844;1941;-97;10:54:51.386492
1855;1955;-100;10:54:51.386492
1858;1962;-104;10:54:51.386492
1866;1965;-99;10:54:51.386492
1868;1971;-103;10:54:51.386492
1865;1974;-109;10:54:51.386492
1866;1973;-107;10:54:51.386492
1868;1970;-102;10:54:51.386492
1866;1967;-101;10:54:51.386492
1865;1964;-99;10:54:51.386492
1862;1960;-98;10:54:51.386492
1851;1952;-101;10:54:51.386492
1843;1947;-104;10:54:51.386492
1836;1938;-102;10:54:51.386492
1828;1930;-102;10:54:51.386492
1821;1923;-102;10:54:51.386492
1817;1917;-100;10:54:51.386492
1814;1914;-100;10:54:51.386492
1811;1913;-102;10:54:51.386492
1810;1913;-103;10:54:51.386492
1810;1915;-105;10:54:51.386492
1814;1913;-99;10:54:51.386492
1821;1918;-97;10:54:51.386492
1831;1922;-91;10:54:51.386492
1842;1926;-84;10:54:51.386492
1848;1926;-78;10:54:51.386492
1856;1934;-78;10:54:51.386492
1863;1936;-73;10:54:51.386492
1868;1940;-72;10:54:51.386492
1870;1947;-77;10:54:51.386492
1873;1948;-75;10:54:51.386492
1876;1951;-75;10:54:51.386492
1877;1954;-77;10:54:51.386492
1879;1957;-78;10:54:51.386492
1881;1957;-76;10:54:51.386492
1881;1958;-77;10:54:51.386492
1881;1957;-76;10:54:51.386492
1878;1954;-76;10:54:51.386492
1874;1954;-80;10:54:51.386492
1868;1958;-90;10:54:51.386492
1862;1956;-94;10:54:51.386492
1854;1951;-97;10:54:51.386492
1848;1949;-101;10:54:51.386492
1841;1945;-104;10:54:51.386492
1839;1938;-99;10:54:51.386492
1833;1934;-101;10:54:51.386492
1828;1929;-101;10:54:51.386492
1822;1923;-101;10:54:51.386492
1815;1919;-104;10:54:51.386492
1810;1914;-104;10:54:51.386492
1801;1909;-108;10:54:51.386492
1797;1901;-104;10:54:51.386492
1792;1898;-106;10:54:51.386492
1789;1894;-105;10:54:51.386492
1787;1886;-99;10:54:51.386492
1787;1883;-96;10:54:51.386492
1785;1881;-96;10:54:51.386492
1780;1879;-99;10:54:51.386492
1781;1872;-91;10:54:51.386492
1777;1872;-95;10:54:51.386492
1772;1867;-95;10:54:51.386492
1764;1864;-100;10:54:51.386492
1761;1859;-98;10:54:51.386492
1753;1856;-103;10:54:51.386492
1747;1847;-100;10:54:51.386492
1744;1843;-99;10:54:51.386492
1736;1836;-100;10:54:51.386492
1727;1827;-100;10:54:51.386492
1717;1818;-101;10:54:51.386492
1706;1814;-108;10:54:51.386492
1695;1807;-112;10:54:51.386492
1686;1799;-113;10:54:51.386492
1679;1791;-112;10:54:51.386492
1672;1784;-112;10:54:51.386492
1666;1778;-112;10:54:51.386492
1661;1774;-113;10:54:51.386492
1657;1776;-119;10:54:51.386492
1655;1772;-117;10:54:51.386492
1652;1771;-119;10:54:51.386492
1658;1772;-114;10:54:51.386492
1661;1777;-116;10:54:51.386492
1667;1784;-117;10:54:51.386492
1677;1789;-112;10:54:51.386492
1686;1800;-114;10:54:51.386492
1697;1813;-116;10:54:51.386492
1709;1825;-116;10:54:51.386492
1719;1834;-115;10:54:51.386492
1726;1846;-120;10:54:51.386492
1734;1854;-120;10:54:51.386492
1747;1863;-116;10:54:51.386492
1756;1866;-110;10:54:51.386492
1763;1872;-109;10:54:51.386492
1767;1876;-109;10:54:51.386492
1772;1877;-105;10:54:51.386492
1769;1875;-106;10:54:51.386492
1762;1869;-107;10:54:51.386492
1756;1865;-109;10:54:51.386492
1745;1856;-111;10:54:51.386492
1732;1843;-111;10:54:51.386492
1719;1829;-110;10:54:51.386492
1701;1814;-113;10:54:51.386492
1687;1801;-114;10:54:51.386492
1672;1782;-110;10:54:51.386492
1651;1767;-116;10:54:51.386492
1631;1756;-125;10:54:51.386492
1615;1742;-127;10:54:51.386492
1604;1732;-128;10:54:51.386492
1593;1724;-131;10:54:51.386492
1582;1715;-133;10:54:51.386492
1574;1712;-138;10:54:51.386492
1569;1708;-139;10:54:51.386492
1566;1706;-140;10:54:51.386492
1566;1709;-143;10:54:51.386492
1568;1713;-145;10:54:51.386492
1573;1716;-143;10:54:51.386492
1584;1723;-139;10:54:51.386492
1591;1731;-140;10:54:51.386492
1599;1740;-141;10:54:51.386492
1616;1750;-134;10:54:51.386492
1628;1760;-132;10:54:51.386492
1642;1774;-132;10:54:51.386492
1656;1787;-131;10:54:51.386492
1667;1800;-133;10:54:51.386492
1683;1816;-133;10:54:51.386492
1698;1829;-131;10:54:51.386492
1711;1846;-135;10:54:51.386492
1722;1856;-134;10:54:51.386492
1729;1865;-136;10:54:51.386492
1739;1872;-133;10:54:51.386492
1748;1881;-133;10:54:51.386492
1755;1891;-136;10:54:51.386492
1765;1900;-135;10:54:51.386492
1769;1904;-135;10:54:51.386492
1772;1908;-136;10:54:51.386492
1777;1913;-136;10:54:51.386492
1781;1913;-132;10:54:51.386492
1783;1914;-131;10:54:51.386492
1786;1913;-127;10:54:51.386492
1791;1910;-119;10:54:51.386492
1792;1912;-120;10:54:51.386492
1793;1911;-118;10:54:51.386492
1792;1914;-122;10:54:51.386492
1791;1915;-124;10:54:51.386492
1789;1914;-125;10:54:51.386492
1792;1911;-119;10:54:51.386492
1798;1911;-113;10:54:51.386492
1803;1908;-105;10:54:51.386492
1809;1908;-99;10:54:51.386492
1815;1906;-91;10:54:51.386492
1818;1907;-89;10:54:51.386492
1821;1909;-88;10:54:51.386492
1825;1912;-87;10:54:51.386492
1824;1914;-90;10:54:51.386492
1820;1913;-93;10:54:51.386492
1819;1910;-91;10:54:51.386492
1813;1905;-92;10:54:51.386492
1807;1895;-88;10:54:51.386492
1797;1894;-97;10:54:51.386492
1787;1889;-102;10:54:51.386492
1777;1883;-106;10:54:51.386492
1767;1876;-109;10:54:51.386492
1758;1871;-113;10:54:51.386492
1747;1862;-115;10:54:51.386492
1738;1857;-119;10:54:51.386492
1735;1853;-118;10:54:51.386492
1728;1849;-121;10:54:51.386492
1725;1847;-122;10:54:51.386492
1726;1849;-123;10:54:51.386492
1731;1850;-119;10:54:51.386492
1732;1856;-124;10:54:51.386492
1738;1866;-128;10:54:51.386492
1750;1874;-124;10:54:51.386492
1760;1886;-126;10:54:51.386492
1773;1898;-125;10:54:51.386492
1790;1912;-122;10:54:51.386492
1807;1924;-117;10:54:51.386492
1825;1941;-116;10:54:51.386492
1842;1955;-113;10:54:51.386492
1857;1968;-111;10:54:51.386492
1873;1979;-106;10:54:51.386492
1889;1989;-100;10:54:51.386492
1904;1999;-95;10:54:51.386492
1912;2006;-94;10:54:51.386492
1918;2011;-93;10:54:51.386492
1923;2013;-90;10:54:51.386492
1922;2011;-89;10:54:51.386492
1916;2003;-87;10:54:51.386492
1908;1995;-87;10:54:51.386492
1897;1989;-92;10:54:51.386492
1884;1978;-94;10:54:51.386492
1870;1961;-91;10:54:51.386492
1855;1947;-92;10:54:51.386492
1842;1935;-93;10:54:51.386492
1828;1922;-94;10:54:51.386492
1818;1909;-91;10:54:51.386492
1805;1902;-97;10:54:51.386492
1796;1896;-100;10:54:51.386492
1793;1891;-98;10:54:51.386492
1791;1889;-98;10:54:51.386492
1789;1887;-98;10:54:51.386492
1793;1888;-95;10:54:51.386492
1797;1891;-94;10:54:51.386492
1801;1894;-93;10:54:51.386492
1808;1899;-91;10:54:51.386492
1818;1913;-95;10:54:51.386492
1827;1925;-98;10:54:51.386492
1841;1934;-93;10:54:51.386492
1856;1949;-93;10:54:51.386492
1868;1959;-91;10:54:51.386492
1879;1968;-89;10:54:51.386492
1892;1977;-85;10:54:51.386492
1898;1984;-86;10:54:51.386492
1905;1988;-83;10:54:51.386492
1909;1991;-82;10:54:51.386492
1907;1990;-83;10:54:51.386492
1903;1988;-85;10:54:51.386492
1902;1988;-86;10:54:51.386492
1891;1981;-90;10:54:51.386492
1880;1973;-93;10:54:51.386492
1867;1962;-95;10:54:51.386492
1836;1934;-98;10:54:51.405146
1821;1922;-101;10:54:51.405146
1806;1909;-103;10:54:51.405146
1788;1896;-108;10:54:51.405146
1778;1888;-110;10:54:51.405146
1765;1876;-111;10:54:51.405146
1751;1865;-114;10:54:51.405146
1740;1855;-115;10:54:51.405146
1732;1844;-112;10:54:51.405146
1724;1836;-112;10:54:51.405146
1719;1828;-109;10:54:51.405146
1717;1823;-106;10:54:51.405146
1713;1820;-107;10:54:51.405146
1711;1820;-109;10:54:51.405146
1711;1820;-109;10:54:51.405146
1714;1821;-107;10:54:51.405146
1716;1820;-104;10:54:51.405146
1720;1819;-99;10:54:51.405146
1722;1819;-97;10:54:51.405146
1725;1822;-97;10:54:51.405146
1724;1824;-100;10:54:51.405146
1727;1825;-98;10:54:51.405146
1728;1828;-100;10:54:51.405146
1726;1831;-105;10:54:51.405146
1724;1828;-104;10:54:51.405146
1722;1827;-105;10:54:51.405146
1720;1823;-103;10:54:51.405146
1716;1820;-104;10:54:51.405146
1710;1818;-108;10:54:51.405146
1706;1818;-112;10:54:51.405146
1700;1815;-115;10:54:51.405146
1695;1815;-120;10:54:51.405146
1691;1815;-124;10:54:51.405146
1685;1813;-128;10:54:51.405146
1686;1812;-126;10:54:51.405146
1689;1806;-117;10:54:51.405146
1689;1800;-111;10:54:51.405146
1690;1798;-108;10:54:51.405146
1693;1800;-107;10:54:51.405146
1698;1803;-105;10:54:51.405146
1697;1806;-109;10:54:51.405146
1701;1807;-106;10:54:51.405146
1708;1812;-104;10:54:51.405146
1711;1817;-106;10:54:51.405146
1715;1819;-104;10:54:51.405146
1722;1822;-100;10:54:51.405146
1727;1827;-100;10:54:51.405146
1733;1831;-98;10:54:51.405146
1735;1837;-102;10:54:51.405146
1737;1841;-104;10:54:51.405146
1735;1842;-107;10:54:51.405146
1730;1842;-112;10:54:51.405146
1728;1836;-108;10:54:51.405146
1723;1830;-107;10:54:51.405146
1712;1822;-110;10:54:51.405146
1694;1808;-114;10:54:51.405146
1681;1796;-115;10:54:51.405146
1666;1780;-114;10:54:51.405146
1648;1765;-117;10:54:51.405146
1632;1751;-119;10:54:51.405146
1618;1741;-123;10:54:51.405146
1603;1728;-125;10:54:51.405146
1594;1719;-125;10:54:51.405146
1585;1711;-126;10:54:51.405146
1574;1708;-134;10:54:51.405146
1568;1700;-132;10:54:51.405146
1569;1702;-133;10:54:51.405146
1570;1705;-135;10:54:51.405146
1577;1709;-132;10:54:51.405146
1584;1722;-138;10:54:51.405146
1600;1732;-132;10:54:51.405146
1613;1749;-136;10:54:51.405146
1629;1763;-134;10:54:51.405146
1648;1777;-129;10:54:51.405146
1665;1798;-133;10:54:51.405146
1688;1817;-129;10:54:51.405146
1708;1834;-126;10:54:51.405146
1726;1854;-128;10:54:51.405146
1746;1873;-127;10:54:51.405146
1769;1892;-123;10:54:51.405146
1789;1907;-118;10:54:51.405146
1801;1919;-118;10:54:51.405146
1812;1927;-115;10:54:51.405146
1820;1933;-113;10:54:51.405146
1828;1935;-107;10:54:51.405146
1830;1938;-108;10:54:51.405146
1832;1941;-109;10:54:51.405146
1835;1943;-108;10:54:51.405146
1833;1939;-106;10:54:51.405146
1827;1935;-108;10:54:51.405146
1823;1930;-107;10:54:51.405146
1815;1923;-108;10:54:51.405146
1806;1918;-112;10:54:51.405146
1802;1910;-108;10:54:51.405146
1796;1905;-109;10:54:51.405146
1792;1900;-108;10:54:51.405146
1787;1896;-109;10:54:51.405146
1785;1893;-108;10:54:51.405146
1779;1888;-109;10:54:51.405146
1774;1881;-107;10:54:51.405146
1773;1877;-104;10:54:51.405146
1774;1875;-101;10:54:51.405146
1774;1871;-97;10:54:51.405146
1775;1873;-98;10:54:51.405146
1779;1873;-94;10:54:51.405146
1781;1875;-94;10:54:51.405146
1786;1880;-94;10:54:51.405146
1788;1884;-96;10:54:51.405146
1792;1887;-95;10:54:51.405146
1792;1887;-95;10:54:51.405146
1798;1887;-89;10:54:51.405146
1801;1888;-87;10:54:51.405146
1798;1888;-90;10:54:51.405146
1796;1891;-95;10:54:51.405146
1796;1894;-98;10:54:51.405146
1795;1897;-102;10:54:51.405146
1791;1897;-106;10:54:51.405146
1788;1899;-111;10:54:51.405146
1788;1900;-112;10:54:51.405146
1786;1900;-114;10:54:51.405146
1785;1900;-115;10:54:51.405146
1783;1901;-118;10:54:51.405146
1783;1900;-117;10:54:51.405146
1784;1904;-120;10:54:51.405146
1786;1905;-119;10:54:51.405146
1788;1906;-118;10:54:51.405146
1793;1908;-115;10:54:51.405146
1799;1911;-112;10:54:51.405146
1803;1913;-110;10:54:51.405146
1809;1916;-107;10:54:51.405146
1816;1923;-107;10:54:51.405146
1824;1930;-106;10:54:51.405146
1831;1935;-104;10:54:51.405146
1843;1942;-99;10:54:51.405146
1856;1952;-96;10:54:51.405146
1869;1960;-91;10:54:51.405146
1880;1969;-89;10:54:51.405146
1892;1974;-82;10:54:51.405146
1897;1977;-80;10:54:51.405146
1900;1978;-78;10:54:51.405146
1901;1982;-81;10:54:51.405146
1896;1981;-85;10:54:51.405146
1890;1975;-85;10:54:51.405146
1888;1969;-81;10:54:51.405146
1881;1963;-82;10:54:51.405146
1873;1957;-84;10:54:51.405146
1868;1947;-79;10:54:51.405146
1857;1938;-81;10:54:51.405146
1847;1929;-82;10:54:51.405146
1838;1920;-82;10:54:51.405146
1829;1911;-82;10:54:51.405146
1816;1904;-88;10:54:51.405146
1807;1895;-88;10:54:51.405146
1802;1892;-90;10:54:51.405146
1795;1891;-96;10:54:51.405146
1795;1887;-92;10:54:51.405146
1797;1890;-93;10:54:51.405146
1797;1890;-93;10:54:51.405146
1801;1893;-92;10:54:51.405146
1806;1900;-94;10:54:51.405146
1814;1911;-97;10:54:51.405146
1824;1919;-95;10:54:51.405146
1832;1925;-93;10:54:51.405146
1837;1931;-94;10:54:51.405146
1843;1939;-96;10:54:51.405146
1847;1948;-101;10:54:51.405146
1852;1953;-101;10:54:51.405146
1858;1952;-94;10:54:51.405146
1863;1952;-89;10:54:51.405146
1865;1955;-90;10:54:51.405146
1867;1955;-88;10:54:51.405146
1866;1955;-89;10:54:51.405146
1860;1954;-94;10:54:51.405146
1854;1949;-95;10:54:51.405146
1846;1942;-96;10:54:51.405146
1835;1931;-96;10:54:51.405146
1823;1920;-97;10:54:51.405146
1813;1910;-97;10:54:51.405146
1800;1895;-95;10:54:51.405146
1787;1879;-92;10:54:51.405146
1771;1865;-94;10:54:51.405146
1748;1853;-105;10:54:51.405146
1732;1838;-106;10:54:51.405146
1720;1825;-105;10:54:51.405146
1706;1815;-109;10:54:51.405146
1693;1802;-109;10:54:51.405146
1686;1793;-107;10:54:51.405146
1680;1789;-109;10:54:51.405146
1672;1787;-115;10:54:51.405146
1669;1786;-117;10:54:51.405146
1674;1787;-113;10:54:51.405146
1677;1789;-112;10:54:51.405146
1679;1793;-114;10:54:51.405146
1687;1797;-110;10:54:51.405146
1696;1805;-109;10:54:51.405146
1700;1808;-108;10:54:51.405146
1710;1814;-104;10:54:51.405146
1714;1820;-106;10:54:51.405146
1719;1825;-106;10:54:51.405146
1724;1832;-108;10:54:51.405146
1729;1837;-108;10:54:51.405146
1735;1840;-105;10:54:51.405146
1738;1841;-103;10:54:51.405146
1743;1843;-100;10:54:51.405146
1741;1843;-102;10:54:51.405146
1738;1845;-107;10:54:51.405146
1735;1845;-110;10:54:51.405146
1734;1847;-113;10:54:51.405146
1732;1846;-114;10:54:51.405146
1729;1843;-114;10:54:51.405146
1725;1838;-113;10:54:51.405146
1718;1835;-117;10:54:51.405146
1711;1828;-117;10:54:51.405146
1706;1820;-114;10:54:51.405146
1698;1816;-118;10:54:51.405146
1690;1810;-120;10:54:51.405146
1684;1802;-118;10:54:51.405146
1680;1799;-119;10:54:51.405146
1676;1797;-121;10:54:51.405146
1672;1794;-122;10:54:51.405146
1671;1792;-121;10:54:51.405146
1669;1790;-121;10:54:51.405146
1664;1788;-124;10:54:51.405146
1664;1786;-122;10:54:51.405146
1664;1782;-118;10:54:51.405146
1661;1780;-119;10:54:51.405146
1664;1778;-114;10:54:51.405146
1664;1779;-115;10:54:51.405146
1659;1779;-120;10:54:51.405146
1659;1777;-118;10:54:51.405146
1654;1781;-127;10:54:51.405146
1649;1779;-130;10:54:51.405146
1646;1777;-131;10:54:51.405146
1643;1772;-129;10:54:51.405146
1635;1768;-133;10:54:51.405146
1634;1765;-131;10:54:51.405146
1631;1765;-134;10:54:51.405146
1629;1760;-131;10:54:51.405146
1625;1754;-129;10:54:51.405146
1619;1752;-133;10:54:51.405146
1615;1750;-135;10:54:51.405146
1614;1748;-134;10:54:51.405146
1614;1749;-135;10:54:51.405146
1617;1752;-135;10:54:51.405146
1625;1759;-134;10:54:51.405146
1631;1771;-140;10:54:51.405146
1642;1783;-141;10:54:51.405146
1653;1795;-142;10:54:51.405146
1667;1809;-142;10:54:51.405146
1682;1821;-139;10:54:51.405146
1698;1834;-136;10:54:51.405146
1712;1849;-137;10:54:51.405146
1728;1862;-134;10:54:51.405146
1747;1876;-129;10:54:51.405146
1762;1887;-125;10:54:51.405146
1788;1908;-120;10:54:51.405887
1804;1917;-113;10:54:51.405887
1819;1931;-112;10:54:51.405887
1826;1937;-111;10:54:51.405887
1837;1945;-108;10:54:51.405887
1845;1953;-108;10:54:51.405887
1851;1957;-106;10:54:51.405887
1853;1960;-107;10:54:51.405887
1852;1959;-107;10:54:51.405887
1851;1959;-108;10:54:51.405887
1845;1950;-105;10:54:51.405887
1840;1940;-100;10:54:51.405887
1835;1931;-96;10:54:51.405887
1826;1918;-92;10:54:51.405887
1811;1908;-97;10:54:51.405887
1798;1896;-98;10:54:51.405887
1785;1886;-101;10:54:51.405887
1774;1878;-104;10:54:51.405887
1767;1867;-100;10:54:51.405887
1754;1861;-107;10:54:51.405887
1745;1855;-110;10:54:51.405887
1739;1848;-109;10:54:51.405887
1732;1846;-114;10:54:51.405887
1731;1842;-111;10:54:51.405887
1729;1841;-112;10:54:51.405887
1729;1841;-112;10:54:51.405887
1734;1843;-109;10:54:51.405887
1735;1845;-110;10:54:51.405887
1742;1848;-106;10:54:51.405887
1752;1855;-103;10:54:51.405887
1761;1865;-104;10:54:51.405887
1765;1872;-107;10:54:51.405887
1774;1880;-106;10:54:51.405887
1786;1892;-106;10:54:51.405887
1795;1901;-106;10:54:51.405887
1807;1912;-105;10:54:51.405887
1818;1920;-102;10:54:51.405887
1820;1928;-108;10:54:51.405887
1825;1932;-107;10:54:51.405887
1830;1938;-108;10:54:51.405887
1831;1940;-109;10:54:51.405887
1831;1943;-112;10:54:51.405887
1831;1943;-112;10:54:51.405887
1834;1944;-110;10:54:51.405887
1835;1938;-103;10:54:51.405887
1836;1939;-103;10:54:51.405887
1834;1938;-104;10:54:51.405887
1830;1937;-107;10:54:51.405887
1828;1935;-107;10:54:51.405887
1824;1930;-106;10:54:51.405887
1822;1929;-107;10:54:51.405887
1820;1928;-108;10:54:51.405887
1820;1925;-105;10:54:51.405887
1821;1926;-105;10:54:51.405887
1824;1926;-102;10:54:51.405887
1830;1926;-96;10:54:51.405887
1836;1929;-93;10:54:51.405887
1841;1930;-89;10:54:51.405887
1845;1931;-86;10:54:51.405887
1846;1932;-86;10:54:51.405887
1849;1934;-85;10:54:51.405887
1853;1936;-83;10:54:51.405887
1857;1937;-80;10:54:51.405887
1858;1938;-80;10:54:51.405887
1861;1939;-78;10:54:51.405887
1859;1940;-81;10:54:51.405887
1857;1940;-83;10:54:51.405887
1857;1941;-84;10:54:51.405887
1849;1935;-86;10:54:51.405887
1850;1931;-81;10:54:51.405887
1845;1929;-84;10:54:51.405887
1840;1926;-86;10:54:51.405887
1836;1926;-90;10:54:51.405887
1833;1924;-91;10:54:51.405887
1829;1921;-92;10:54:51.405887
1824;1920;-96;10:54:51.405887
1822;1917;-95;10:54:51.405887
1814;1917;-103;10:54:51.405887
1811;1916;-105;10:54:51.405887
1808;1914;-106;10:54:51.405887
1807;1909;-102;10:54:51.405887
1806;1909;-103;10:54:51.405887
1803;1909;-106;10:54:51.405887
1800;1910;-110;10:54:51.405887
1801;1908;-107;10:54:51.405887
1801;1906;-105;10:54:51.405887
1801;1904;-103;10:54:51.405887
1800;1904;-104;10:54:51.405887
1800;1904;-104;10:54:51.405887
1800;1898;-98;10:54:51.405887
1800;1900;-100;10:54:51.405887
1799;1901;-102;10:54:51.405887
1802;1901;-99;10:54:51.405887
1800;1900;-100;10:54:51.405887
1801;1898;-97;10:54:51.405887
1799;1897;-98;10:54:51.405887
1791;1892;-101;10:54:51.405887
1786;1888;-102;10:54:51.405887
1779;1885;-106;10:54:51.405887
1770;1877;-107;10:54:51.405887
1764;1870;-106;10:54:51.405887
1754;1865;-111;10:54:51.405887
1743;1853;-110;10:54:51.405887
1735;1843;-108;10:54:51.405887
1723;1834;-111;10:54:51.405887
1713;1826;-113;10:54:51.405887
1702;1815;-113;10:54:51.405887
1693;1806;-113;10:54:51.405887
1684;1797;-113;10:54:51.405887
1675;1792;-117;10:54:51.405887
1673;1788;-115;10:54:51.405887
1671;1783;-112;10:54:51.405887
1672;1782;-110;10:54:51.405887
1675;1786;-111;10:54:51.405887
1681;1790;-109;10:54:51.405887
1688;1796;-108;10:54:51.405887
1694;1804;-110;10:54:51.405887
1700;1810;-110;10:54:51.405887
1711;1820;-109;10:54:51.405887
1719;1826;-107;10:54:51.405887
1727;1834;-107;10:54:51.405887
1736;1842;-106;10:54:51.405887
1740;1848;-108;10:54:51.405887
1744;1852;-108;10:54:51.405887
1748;1858;-110;10:54:51.405887
1749;1859;-110;10:54:51.405887
1751;1859;-108;10:54:51.405887
1752;1856;-104;10:54:51.405887
1749;1855;-106;10:54:51.405887
1745;1851;-106;10:54:51.405887
1740;1846;-106;10:54:51.405887
1736;1845;-109;10:54:51.405887
1727;1838;-111;10:54:51.405887
1717;1832;-115;10:54:51.405887
1707;1824;-117;10:54:51.405887
1697;1818;-121;10:54:51.405887
1686;1805;-119;10:54:51.405887
1676;1797;-121;10:54:51.405887
1670;1787;-117;10:54:51.405887
1657;1776;-119;10:54:51.405887
1648;1770;-122;10:54:51.405887
1641;1765;-124;10:54:51.405887
1635;1761;-126;10:54:51.405887
1635;1757;-122;10:54:51.405887
1636;1758;-122;10:54:51.405887
1632;1757;-125;10:54:51.405887
1633;1755;-122;10:54:51.405887
1639;1763;-124;10:54:51.405887
1645;1770;-125;10:54:51.405887
1647;1773;-126;10:54:51.405887
1650;1777;-127;10:54:51.405887
1654;1783;-129;10:54:51.405887
1661;1788;-127;10:54:51.405887
1670;1792;-122;10:54:51.405887
1675;1798;-123;10:54:51.405887
1678;1799;-121;10:54:51.405887
1684;1802;-118;10:54:51.405887
1689;1810;-121;10:54:51.405887
1688;1811;-123;10:54:51.405887
1692;1813;-121;10:54:51.405887
1695;1815;-120;10:54:51.405887
1697;1818;-121;10:54:51.405887
1700;1818;-118;10:54:51.405887
1700;1822;-122;10:54:51.405887
1705;1827;-122;10:54:51.405887
1711;1836;-125;10:54:51.405887
1715;1842;-127;10:54:51.405887
1722;1847;-125;10:54:51.405887
1729;1857;-128;10:54:51.405887
1737;1866;-129;10:54:51.405887
1746;1871;-125;10:54:51.405887
1752;1876;-124;10:54:51.405887
1759;1883;-124;10:54:51.405887
1770;1889;-119;10:54:51.405887
1778;1895;-117;10:54:51.405887
1787;1900;-113;10:54:51.405887
1797;1906;-109;10:54:51.405887
1809;1912;-103;10:54:51.405887
1813;1920;-107;10:54:51.405887
1821;1924;-103;10:54:51.405887
1827;1926;-99;10:54:51.405887
1832;1931;-99;10:54:51.405887
1832;1931;-99;10:54:51.405887
1834;1933;-99;10:54:51.405887
1833;1933;-100;10:54:51.405887
1832;1929;-97;10:54:51.405887
1830;1923;-93;10:54:51.405887
1828;1918;-90;10:54:51.405887
1818;1913;-95;10:54:51.405887
1808;1903;-95;10:54:51.405887
1800;1895;-95;10:54:51.405887
1791;1885;-94;10:54:51.405887
1777;1877;-100;10:54:51.405887
1768;1869;-101;10:54:51.405887
1758;1860;-102;10:54:51.405887
1750;1852;-102;10:54:51.405887
1743;1848;-105;10:54:51.405887
1735;1842;-107;10:54:51.405887
1731;1837;-106;10:54:51.405887
1726;1837;-111;10:54:51.405887
1726;1836;-110;10:54:51.405887
1726;1837;-111;10:54:51.405887
1727;1840;-113;10:54:51.405887
1730;1844;-114;10:54:51.405887
1736;1845;-109;10:54:51.405887
1741;1853;-112;10:54:51.405887
1749;1864;-115;10:54:51.405887
1761;1877;-116;10:54:51.405887
1772;1888;-116;10:54:51.405887
1786;1900;-114;10:54:51.405887
1798;1909;-111;10:54:51.405887
1812;1919;-107;10:54:51.405887
1827;1931;-104;10:54:51.405887
1834;1942;-108;10:54:51.405887
1842;1950;-108;10:54:51.405887
1853;1957;-104;10:54:51.405887
1860;1963;-103;10:54:51.405887
1864;1967;-103;10:54:51.405887
1867;1970;-103;10:54:51.405887
1870;1972;-102;10:54:51.405887
1871;1969;-98;10:54:51.405887
1868;1965;-97;10:54:51.405887
1865;1959;-94;10:54:51.405887
1859;1956;-97;10:54:51.405887
1854;1950;-96;10:54:51.405887
1846;1942;-96;10:54:51.405887
1839;1935;-96;10:54:51.405887
1835;1930;-95;10:54:51.405887
1830;1926;-96;10:54:51.405887
1828;1918;-90;10:54:51.405887
1823;1915;-92;10:54:51.405887
1820;1909;-89;10:54:51.405887
1818;1908;-90;10:54:51.405887
1819;1905;-86;10:54:51.405887
1821;1908;-87;10:54:51.405887
1822;1911;-89;10:54:51.405887
1825;1914;-89;10:54:51.405887
1830;1918;-88;10:54:51.405887
1833;1923;-90;10:54:51.405887
1836;1928;-92;10:54:51.405887
1841;1931;-90;10:54:51.405887
1844;1935;-91;10:54:51.405887
1847;1937;-90;10:54:51.405887
1850;1937;-87;10:54:51.405887
1851;1942;-91;10:54:51.405887
1849;1942;-93;10:54:51.405887
1850;1941;-91;10:54:51.405887
1850;1938;-88;10:54:51.405887
1845;1933;-88;10:54:51.405887
1839;1930;-91;10:54:51.405887
1839;1929;-90;10:54:51.405887
1831;1928;-97;10:54:51.405887
1825;1925;-100;10:54:51.405887
1825;1920;-95;10:54:51.405887
1819;1921;-102;10:54:51.405887
1808;1913;-105;10:54:51.405887
1803;1909;-106;10:54:51.405887
1798;1903;-105;10:54:51.405887
1792;1899;-107;10:54:51.405887
1789;1896;-107;10:54:51.405887
1785;1893;-108;10:54:51.405887
1783;1889;-106;10:54:51.405887
1782;1885;-103;10:54:51.405887
1777;1881;-104;10:54:51.405887
1770;1879;-109;10:54:51.405887
1769;1875;-106;10:54:51.405887
1765;1871;-106;10:54:51.405887
1765;1866;-101;10:54:51.405887
1765;1865;-100;10:54:51.405887
1765;1864;-99;10:54:51.405887
1761;1861;-100;10:54:51.405887
1758;1860;-102;10:54:51.405887
1754;1859;-105;10:54:51.405887
1752;1853;-101;10:54:51.405887
1749;1849;-100;10:54:51.405887
1744;1845;-101;10:54:51.405887
1739;1841;-102;10:54:51.405887
1736;1837;-101;10:54:51.405887
1733;1833;-100;10:54:51.405887
1727;1826;-99;10:54:51.405887
1720;1825;-105;10:54:51.405887
1715;1822;-107;10:54:51.405887
1708;1821;-113;10:54:51.405887
1703;1815;-112;10:54:51.405887
1699;1814;-115;10:54:51.405887
1692;1809;-117;10:54:51.405887
1689;1806;-117;10:54:51.405887
1690;1807;-117;10:54:51.405887
1689;1803;-114;10:54:51.405887
1691;1802;-111;10:54:51.405887
1694;1805;-111;10:54:51.405887
1697;1810;-113;10:54:51.405887
1701;1812;-111;10:54:51.405887
1707;1816;-109;10:54:51.405887
1713;1821;-108;10:54:51.405887
1717;1828;-111;10:54:51.405887
1724;1834;-110;10:54:51.405887
1731;1841;-110;10:54:51.405887
1737;1844;-107;10:54:51.405887
1739;1848;-109;10:54:51.405887
1739;1848;-109;10:54:51.405887
1741;1848;-107;10:54:51.405887
1741;1849;-108;10:54:51.405887
1737;1848;-111;10:54:51.405887
1731;1842;-111;10:54:51.405887
1725;1841;-116;10:54:51.405887
1718;1837;-119;10:54:51.405887
1716;1832;-116;10:54:51.405887
1710;1827;-117;10:54:51.405887
1702;1820;-118;10:54:51.405887
1693;1812;-119;10:54:51.405887
1683;1802;-119;10:54:51.405887
1671;1791;-120;10:54:51.405887
1660;1782;-122;10:54:51.405887
1652;1771;-119;10:54:51.405887
1639;1767;-128;10:54:51.405887
1632;1757;-125;10:54:51.405887
1633;1754;-121;10:54:51.405887
1628;1749;-121;10:54:51.405887
1625;1747;-122;10:54:51.405887
1626;1750;-124;10:54:51.405887
1626;1750;-124;10:54:51.405887
1626;1752;-126;10:54:51.405887
1632;1758;-126;10:54:51.405887
1638;1765;-127;10:54:51.405887
1646;1773;-127;10:54:51.405887
1652;1782;-130;10:54:51.405887
1660;1791;-131;10:54:51.405887
1673;1804;-131;10:54:51.405887
1683;1816;-133;10:54:51.405887
1694;1826;-132;10:54:51.405887
1707;1834;-127;10:54:51.405887
1719;1846;-127;10:54:51.405887
1727;1852;-125;10:54:51.405887
1737;1861;-124;10:54:51.405887
1744;1866;-122;10:54:51.405887
1754;1873;-119;10:54:51.405887
1762;1877;-115;10:54:51.405887
1764;1878;-114;10:54:51.405887
1769;1882;-113;10:54:51.405887
1770;1885;-115;10:54:51.405887
1774;1885;-111;10:54:51.405887
1775;1888;-113;10:54:51.405887
1777;1889;-112;10:54:51.405887
1778;1892;-114;10:54:51.405887
1779;1894;-115;10:54:51.405887
1784;1897;-113;10:54:51.405887
1785;1901;-116;10:54:51.405887
1782;1902;-120;10:54:51.405887
1781;1901;-120;10:54:51.405887
1784;1901;-117;10:54:51.405887
1786;1903;-117;10:54:51.405887
1788;1900;-112;10:54:51.405887
1788;1901;-113;10:54:51.405887
1791;1900;-109;10:54:51.405887
1793;1896;-103;10:54:51.405887
1793;1895;-102;10:54:51.405887
1796;1895;-99;10:54:51.405887
1795;1897;-102;10:54:51.405887
1796;1893;-97;10:54:51.405887
1794;1891;-97;10:54:51.405887
1793;1890;-97;10:54:51.405887
1792;1890;-98;10:54:51.405887
1791;1890;-99;10:54:51.405887
1786;1889;-103;10:54:51.405887
1780;1886;-106;10:54:51.405887
1778;1883;-105;10:54:51.405887
1775;1882;-107;10:54:51.405887
1768;1876;-108;10:54:51.405887
1762;1872;-110;10:54:51.405887
1758;1867;-109;10:54:51.405887
1754;1863;-109;10:54:51.405887
1749;1861;-112;10:54:51.405887
1748;1859;-111;10:54:51.405887
1746;1859;-113;10:54:51.405887
1747;1863;-116;10:54:51.405887
1751;1865;-114;10:54:51.405887
1755;1869;-114;10:54:51.405887
1757;1876;-119;10:54:51.405887
1760;1879;-119;10:54:51.405887
1766;1884;-118;10:54:51.405887
1769;1889;-120;10:54:51.405887
1773;1894;-121;10:54:51.405887
1783;1897;-114;10:54:51.405887
1790;1903;-113;10:54:51.405887
1800;1910;-110;10:54:51.405887
1809;1917;-108;10:54:51.405887
1818;1924;-106;10:54:51.405887
1826;1932;-106;10:54:51.405887
1837;1940;-103;10:54:51.405887
1847;1944;-97;10:54:51.405887
1855;1955;-100;10:54:51.405887
1861;1964;-103;10:54:51.405887
1869;1970;-101;10:54:51.405887
1876;1974;-98;10:54:51.405887
1880;1977;-97;10:54:51.405887
1880;1977;-97;10:54:51.405887
1882;1975;-93;10:54:51.405887
1878;1973;-95;10:54:51.405887
1874;1968;-94;10:54:51.405887
1877;1964;-87;10:54:51.405887
1872;1956;-84;10:54:51.405887
1866;1949;-83;10:54:51.405887
1860;1945;-85;10:54:51.405887
1850;1936;-86;10:54:51.405887
1840;1929;-89;10:54:51.405887
1831;1924;-93;10:54:51.405887
1826;1919;-93;10:54:51.405887
1822;1913;-91;10:54:51.405887
1822;1910;-88;10:54:51.405887
1818;1908;-90;10:54:51.405887
1816;1909;-93;10:54:51.405887
1817;1908;-91;10:54:51.405887
1819;1908;-89;10:54:51.405887
1819;1904;-85;10:54:51.405887
1817;1908;-91;10:54:51.405887
1818;1914;-96;10:54:51.405887
1823;1917;-94;10:54:51.405887
1827;1921;-94;10:54:51.405887
1830;1927;-97;10:54:51.405887
1831;1931;-100;10:54:51.405887
1837;1935;-98;10:54:51.405887
1838;1937;-99;10:54:51.405887
1839;1936;-97;10:54:51.405887
1839;1936;-97;10:54:51.405887
1836;1936;-100;10:54:51.405887
1832;1932;-100;10:54:51.405887
1832;1928;-96;10:54:51.405887
1828;1931;-103;10:54:51.405887
1826;1927;-101;10:54:51.405887
1822;1925;-103;10:54:51.405887
1819;1923;-104;10:54:51.405887
1816;1923;-107;10:54:51.405887
1816;1922;-106;10:54:51.405887
1809;1915;-106;10:54:51.405887
1802;1909;-107;10:54:51.405887
1796;1901;-105;10:54:51.405887
1789;1894;-105;10:54:51.405887
1780;1887;-107;10:54:51.405887
1772;1878;-106;10:54:51.405887
1764;1872;-108;10:54:51.405887
1756;1866;-110;10:54:51.405887
1748;1858;-110;10:54:51.405887
1745;1852;-107;10:54:51.405887
1743;1847;-104;10:54:51.405887
1741;1843;-102;10:54:51.405887
1740;1842;-102;10:54:51.405887
1741;1841;-100;10:54:51.405887
1741;1843;-102;10:54:51.405887
1743;1846;-103;10:54:51.405887
1741;1843;-102;10:54:51.405887
1741;1843;-102;10:54:51.405887
1743;1845;-102;10:54:51.405887
1744;1845;-101;10:54:51.405887
1743;1844;-101;10:54:51.405887
1743;1843;-100;10:54:51.405887
1746;1843;-97;10:54:51.405887
1745;1842;-97;10:54:51.405887
1744;1842;-98;10:54:51.405887
1739;1841;-102;10:54:51.405887
1734;1837;-103;10:54:51.405887
1728;1833;-105;10:54:51.405887
1728;1832;-104;10:54:51.405887
1722;1830;-108;10:54:51.405887
1713;1827;-114;10:54:51.405887
1711;1825;-114;10:54:51.405887
1707;1825;-118;10:54:51.405887
1705;1827;-122;10:54:51.405887
1704;1827;-123;10:54:51.405887
1702;1825;-123;10:54:51.405887
1699;1825;-126;10:54:51.405887
1700;1822;-122;10:54:51.405887
1702;1824;-122;10:54:51.405887
1703;1824;-121;10:54:51.405887
1707;1821;-114;10:54:51.405887
1709;1825;-116;10:54:51.405887
1711;1824;-113;10:54:51.405887
1712;1820;-108;10:54:51.405887
1713;1820;-107;10:54:51.405887
1708;1822;-114;10:54:51.405887
1703;1819;-116;10:54:51.405887
1701;1814;-113;10:54:51.405887
1699;1815;-116;10:54:51.405887
1694;1812;-118;10:54:51.405887
1689;1808;-119;10:54:51.405887
1686;1806;-120;10:54:51.405887
1682;1802;-120;10:54:51.405887
1676;1797;-121;10:54:51.405887
1671;1792;-121;10:54:51.405887
1666;1789;-123;10:54:51.405887
1658;1784;-126;10:54:51.405887
1652;1780;-128;10:54:51.405887
1648;1777;-129;10:54:51.405887
1641;1771;-130;10:54:51.405887
1638;1766;-128;10:54:51.405887
1636;1761;-125;10:54:51.405887
1628;1758;-130;10:54:51.405887
1624;1757;-133;10:54:51.405887
1622;1760;-138;10:54:51.405887
1623;1759;-136;10:54:51.405887
1625;1762;-137;10:54:51.405887
1631;1765;-134;10:54:51.405887
1641;1775;-134;10:54:51.405887
1651;1783;-132;10:54:51.405887
1664;1794;-130;10:54:51.405887
1678;1808;-130;10:54:51.405887
1691;1823;-132;10:54:51.405887
1706;1839;-133;10:54:51.405887
1721;1852;-131;10:54:51.405887
1737;1864;-127;10:54:51.405887
1763;1887;-124;10:54:51.457748
1776;1895;-119;10:54:51.457748
1784;1902;-118;10:54:51.457748
1790;1905;-115;10:54:51.457748
1799;1908;-109;10:54:51.457748
1802;1914;-112;10:54:51.457748
1802;1912;-110;10:54:51.457748
1800;1913;-113;10:54:51.457748
1799;1909;-110;10:54:51.457748
1798;1908;-110;10:54:51.457748
1795;1903;-108;10:54:51.457748
1792;1898;-106;10:54:51.457748
1787;1897;-110;10:54:51.457748
1781;1893;-112;10:54:51.457748
1776;1888;-112;10:54:51.457748
1772;1882;-110;10:54:51.457748
1767;1880;-113;10:54:51.457748
1763;1871;-108;10:54:51.457748
1760;1864;-104;10:54:51.457748
1755;1861;-106;10:54:51.457748
1754;1862;-108;10:54:51.457748
1755;1862;-107;10:54:51.457748
1753;1862;-109;10:54:51.457748
1750;1863;-113;10:54:51.457748
1749;1864;-115;10:54:51.457748
1750;1863;-113;10:54:51.457748
1750;1862;-112;10:54:51.457748
1754;1864;-110;10:54:51.457748
1757;1864;-107;10:54:51.457748
1760;1870;-110;10:54:51.457748
1766;1873;-107;10:54:51.457748
1771;1875;-104;10:54:51.457748
1773;1878;-105;10:54:51.457748
1774;1882;-108;10:54:51.457748
1776;1888;-112;10:54:51.457748
1779;1891;-112;10:54:51.457748
1780;1896;-116;10:54:51.457748
1786;1897;-111;10:54:51.457748
1791;1900;-109;10:54:51.457748
1797;1903;-106;10:54:51.457748
1800;1909;-109;10:54:51.457748
1802;1912;-110;10:54:51.457748
1804;1915;-111;10:54:51.457748
1805;1917;-112;10:54:51.457748
1806;1920;-114;10:54:51.457748
1809;1920;-111;10:54:51.457748
1815;1921;-106;10:54:51.457748
1816;1923;-107;10:54:51.457748
1818;1924;-106;10:54:51.457748
1824;1927;-103;10:54:51.457748
1829;1931;-102;10:54:51.457748
1832;1931;-99;10:54:51.457748
1833;1936;-103;10:54:51.457748
1839;1941;-102;10:54:51.457748
1846;1943;-97;10:54:51.457748
1850;1945;-95;10:54:51.457748
1855;1946;-91;10:54:51.457748
1859;1952;-93;10:54:51.457748
1861;1954;-93;10:54:51.457748
1863;1956;-93;10:54:51.457748
1866;1959;-93;10:54:51.457748
1864;1958;-94;10:54:51.457748
1865;1954;-89;10:54:51.457748
1863;1954;-91;10:54:51.457748
1863;1950;-87;10:54:51.457748
1862;1946;-84;10:54:51.457748
1857;1941;-84;10:54:51.457748
1855;1937;-82;10:54:51.457748
1852;1935;-83;10:54:51.457748
1845;1929;-84;10:54:51.457748
1836;1925;-89;10:54:51.457748
1829;1921;-92;10:54:51.457748
1825;1919;-94;10:54:51.457748
1820;1917;-97;10:54:51.457748
1819;1911;-92;10:54:51.457748
1817;1905;-88;10:54:51.457748
1813;1903;-90;10:54:51.457748
1810;1904;-94;10:54:51.457748
1808;1902;-94;10:54:51.457748
1807;1904;-97;10:54:51.457748
1806;1905;-99;10:54:51.457748
1805;1906;-101;10:54:51.457748
1807;1907;-100;10:54:51.457748
1809;1907;-98;10:54:51.457748
1813;1910;-97;10:54:51.457748
1815;1914;-99;10:54:51.457748
1820;1914;-94;10:54:51.457748
1817;1914;-97;10:54:51.457748
1815;1919;-104;10:54:51.457748
1813;1916;-103;10:54:51.457748
1814;1917;-103;10:54:51.457748
1813;1916;-103;10:54:51.457748
1816;1913;-97;10:54:51.457748
1812;1913;-101;10:54:51.457748
1809;1912;-103;10:54:51.457748
1807;1911;-104;10:54:51.457748
1803;1909;-106;10:54:51.457748
1800;1906;-106;10:54:51.457748
1797;1901;-104;10:54:51.457748
1791;1891;-100;10:54:51.457748
1781;1885;-104;10:54:51.457748
1772;1876;-104;10:54:51.457748
1763;1868;-105;10:54:51.457748
1755;1857;-102;10:54:51.457748
1743;1849;-106;10:54:51.457748
1737;1839;-102;10:54:51.457748
1729;1831;-102;10:54:51.457748
1720;1825;-105;10:54:51.457748
1714;1818;-104;10:54:51.457748
1707;1813;-106;10:54:51.457748
1701;1807;-106;10:54:51.457748
1699;1805;-106;10:54:51.457748
1697;1803;-106;10:54:51.457748
1696;1799;-103;10:54:51.457748
1699;1801;-102;10:54:51.457748
1699;1806;-107;10:54:51.457748
1700;1810;-110;10:54:51.457748
1701;1812;-111;10:54:51.457748
1705;1817;-112;10:54:51.457748
1712;1824;-112;10:54:51.457748
1719;1828;-109;10:54:51.457748
1725;1834;-109;10:54:51.457748
1732;1837;-105;10:54:51.457748
1736;1840;-104;10:54:51.457748
1738;1840;-102;10:54:51.457748
1737;1840;-103;10:54:51.457748
1730;1837;-107;10:54:51.457748
1727;1833;-106;10:54:51.457748
1724;1832;-108;10:54:51.457748
1720;1829;-109;10:54:51.457748
1717;1821;-104;10:54:51.457748
1711;1817;-106;10:54:51.457748
1706;1814;-108;10:54:51.457748
1698;1809;-111;10:54:51.457748
1689;1807;-118;10:54:51.457748
1685;1803;-118;10:54:51.457748
1682;1799;-117;10:54:51.457748
1680;1798;-118;10:54:51.457748
1677;1796;-119;10:54:51.457748
1677;1794;-117;10:54:51.457748
1677;1792;-115;10:54:51.457748
1676;1790;-114;10:54:51.457748
1672;1791;-119;10:54:51.457748
1669;1792;-123;10:54:51.457748
1668;1794;-126;10:54:51.457748
1668;1793;-125;10:54:51.457748
1664;1790;-126;10:54:51.457748
1662;1790;-128;10:54:51.457748
1665;1790;-125;10:54:51.457748
1670;1788;-118;10:54:51.457748
1672;1787;-115;10:54:51.457748
1673;1787;-114;10:54:51.457748
1674;1790;-116;10:54:51.457748
1676;1791;-115;10:54:51.457748
1675;1792;-117;10:54:51.457748
1676;1795;-119;10:54:51.457748
1678;1795;-117;10:54:51.457748
1678;1794;-116;10:54:51.457748
1676;1795;-119;10:54:51.457748
1674;1799;-125;10:54:51.457748
1677;1803;-126;10:54:51.457748
1680;1808;-128;10:54:51.457748
1682;1809;-127;10:54:51.457748
1686;1813;-127;10:54:51.457748
1691;1819;-128;10:54:51.457748
1699;1817;-118;10:54:51.457748
1703;1821;-118;10:54:51.457748
1710;1826;-116;10:54:51.457748
1718;1833;-115;10:54:51.457748
1723;1840;-117;10:54:51.457748
1728;1847;-119;10:54:51.457748
1735;1857;-122;10:54:51.457748
1744;1864;-120;10:54:51.457748
1753;1870;-117;10:54:51.457748
1764;1877;-113;10:54:51.457748
1771;1883;-112;10:54:51.457748
1778;1889;-111;10:54:51.457748
1784;1894;-110;10:54:51.457748
1791;1898;-107;10:54:51.457748
1795;1905;-110;10:54:51.457748
1800;1909;-109;10:54:51.457748
1805;1912;-107;10:54:51.457748
1804;1910;-106;10:54:51.457748
1806;1911;-105;10:54:51.457748
1809;1913;-104;10:54:51.457748
1812;1908;-96;10:54:51.457748
1807;1904;-97;10:54:51.457748
1804;1900;-96;10:54:51.457748
1800;1901;-101;10:54:51.457748
1795;1896;-101;10:54:51.457748
1788;1892;-104;10:54:51.457748
1780;1890;-110;10:54:51.457748
1775;1887;-112;10:54:51.457748
1772;1881;-109;10:54:51.457748
1770;1875;-105;10:54:51.457748
1764;1869;-105;10:54:51.457748
1756;1863;-107;10:54:51.457748
1753;1860;-107;10:54:51.457748
1748;1857;-109;10:54:51.457748
1744;1854;-110;10:54:51.457748
1744;1852;-108;10:54:51.457748
1745;1850;-105;10:54:51.457748
1742;1850;-108;10:54:51.457748
1743;1851;-108;10:54:51.457748
1746;1852;-106;10:54:51.457748
1748;1856;-108;10:54:51.457748
1753;1861;-108;10:54:51.457748
1761;1869;-108;10:54:51.457748
1765;1878;-113;10:54:51.457748
1772;1888;-116;10:54:51.457748
1781;1892;-111;10:54:51.457748
1791;1902;-111;10:54:51.457748
1799;1904;-105;10:54:51.457748
1808;1907;-99;10:54:51.457748
1814;1916;-102;10:54:51.457748
1817;1924;-107;10:54:51.457748
1822;1929;-107;10:54:51.457748
1826;1935;-109;10:54:51.457748
1829;1939;-110;10:54:51.457748
1833;1940;-107;10:54:51.457748
1836;1941;-105;10:54:51.457748
1836;1942;-106;10:54:51.457748
1839;1943;-104;10:54:51.457748
1843;1941;-98;10:54:51.457748
1845;1942;-97;10:54:51.457748
1846;1943;-97;10:54:51.457748
1846;1944;-98;10:54:51.457748
1847;1941;-94;10:54:51.457748
1845;1940;-95;10:54:51.457748
1846;1938;-92;10:54:51.457748
1849;1936;-87;10:54:51.457748
1851;1935;-84;10:54:51.457748
1850;1934;-84;10:54:51.457748
1850;1935;-85;10:54:51.457748
1849;1939;-90;10:54:51.457748
1846;1938;-92;10:54:51.457748
1843;1936;-93;10:54:51.457748
1844;1940;-96;10:54:51.457748
1842;1939;-97;10:54:51.457748
1842;1938;-96;10:54:51.457748
1844;1935;-91;10:54:51.457748
1846;1933;-87;10:54:51.457748
1845;1932;-87;10:54:51.457748
1841;1929;-88;10:54:51.457748
1837;1926;-89;10:54:51.457748
1832;1922;-90;10:54:51.457748
1829;1920;-91;10:54:51.457748
1826;1915;-89;10:54:51.457748
1824;1909;-85;10:54:51.457748
1817;1906;-89;10:54:51.457748
1813;1902;-89;10:54:51.457748
1811;1897;-86;10:54:51.457748
1805;1896;-91;10:54:51.457748
1801;1898;-97;10:54:51.457748
1794;1898;-104;10:54:51.457748
1793;1901;-108;10:54:51.475074
1794;1899;-105;10:54:51.475074
1793;1902;-109;10:54:51.475074
1796;1899;-103;10:54:51.475074
1793;1900;-107;10:54:51.475074
1792;1901;-109;10:54:51.475074
1791;1902;-111;10:54:51.475074
1794;1904;-110;10:54:51.475074
1791;1904;-113;10:54:51.475074
1791;1902;-111;10:54:51.475074
1792;1899;-107;10:54:51.475074
1793;1896;-103;10:54:51.475074
1789;1890;-101;10:54:51.475074
1785;1888;-103;10:54:51.475074
1781;1884;-103;10:54:51.475074
1774;1880;-106;10:54:51.475074
1769;1876;-107;10:54:51.475074
1767;1875;-108;10:54:51.475074
1764;1871;-107;10:54:51.475074
1764;1870;-106;10:54:51.475074
1759;1867;-108;10:54:51.475074
1753;1864;-111;10:54:51.475074
1750;1859;-109;10:54:51.475074
1749;1855;-106;10:54:51.475074
1744;1849;-105;10:54:51.475074
1739;1846;-107;10:54:51.475074
1734;1849;-115;10:54:51.475074
1730;1847;-117;10:54:51.475074
1728;1840;-112;10:54:51.475074
1725;1838;-113;10:54:51.475074
1721;1834;-113;10:54:51.475074
1719;1827;-108;10:54:51.475074
1715;1822;-107;10:54:51.475074
1710;1817;-107;10:54:51.475074
1707;1812;-105;10:54:51.475074
1703;1813;-110;10:54:51.475074
1700;1811;-111;10:54:51.475074
1697;1815;-118;10:54:51.475074
1699;1818;-119;10:54:51.475074
1707;1820;-113;10:54:51.475074
1715;1822;-107;10:54:51.475074
1717;1825;-108;10:54:51.475074
1717;1830;-113;10:54:51.475074
1724;1838;-114;10:54:51.475074
1729;1842;-113;10:54:51.475074
1735;1845;-110;10:54:51.475074
1743;1852;-109;10:54:51.475074
1743;1853;-110;10:54:51.475074
1746;1853;-107;10:54:51.475074
1744;1854;-110;10:54:51.475074
1742;1852;-110;10:54:51.475074
1739;1849;-110;10:54:51.475074
1732;1845;-113;10:54:51.475074
1721;1843;-122;10:54:51.475074
1715;1836;-121;10:54:51.475074
1708;1827;-119;10:54:51.475074
1700;1818;-118;10:54:51.475074
1688;1811;-123;10:54:51.475074
1681;1801;-120;10:54:51.475074
1675;1795;-120;10:54:51.475074
1668;1786;-118;10:54:51.475074
1658;1780;-122;10:54:51.475074
1652;1777;-125;10:54:51.475074
1652;1777;-125;10:54:51.475074
1651;1776;-125;10:54:51.475074
1647;1774;-127;10:54:51.475074
1649;1776;-127;10:54:51.475074
1653;1778;-125;10:54:51.475074
1655;1781;-126;10:54:51.475074
1661;1784;-123;10:54:51.475074
1666;1790;-124;10:54:51.475074
1669;1795;-126;10:54:51.475074
1676;1807;-131;10:54:51.475074
1680;1815;-135;10:54:51.475074
1684;1816;-132;10:54:51.475074
1691;1819;-128;10:54:51.475074
1699;1822;-123;10:54:51.475074
1705;1829;-124;10:54:51.475074
1713;1832;-119;10:54:51.475074
1720;1839;-119;10:54:51.475074
1726;1843;-117;10:54:51.475074
1736;1850;-114;10:54:51.475074
1740;1853;-113;10:54:51.475074
1743;1861;-118;10:54:51.475074
1747;1865;-118;10:54:51.475074
1753;1866;-113;10:54:51.475074
1755;1867;-112;10:54:51.475074
1757;1871;-114;10:54:51.475074
1760;1871;-111;10:54:51.475074
1761;1873;-112;10:54:51.475074
1761;1878;-117;10:54:51.475074
1759;1873;-114;10:54:51.475074
1761;1875;-114;10:54:51.475074
1762;1880;-118;10:54:51.475074
1762;1878;-116;10:54:51.475074
1764;1879;-115;10:54:51.475074
1766;1883;-117;10:54:51.475074
1767;1879;-112;10:54:51.475074
1766;1876;-110;10:54:51.475074
1768;1879;-111;10:54:51.475074
1769;1883;-114;10:54:51.475074
1771;1886;-115;10:54:51.475074
1774;1886;-112;10:54:51.475074
1771;1886;-115;10:54:51.475074
1771;1884;-113;10:54:51.475074
1770;1880;-110;10:54:51.475074
1771;1877;-106;10:54:51.475074
1769;1876;-107;10:54:51.475074
1772;1874;-102;10:54:51.475074
1774;1872;-98;10:54:51.475074
1774;1873;-99;10:54:51.475074
1767;1868;-101;10:54:51.475074
1760;1867;-107;10:54:51.475074
1758;1868;-110;10:54:51.475074
1759;1862;-103;10:54:51.475074
1759;1862;-103;10:54:51.475074
1755;1860;-105;10:54:51.475074
1752;1863;-111;10:54:51.475074
1748;1857;-109;10:54:51.475074
1747;1860;-113;10:54:51.475074
1746;1858;-112;10:54:51.475074
1745;1855;-110;10:54:51.475074
1747;1859;-112;10:54:51.475074
1744;1862;-118;10:54:51.475074
1747;1868;-121;10:54:51.475074
1759;1873;-114;10:54:51.475074
1764;1877;-113;10:54:51.475074
1767;1880;-113;10:54:51.475074
1774;1886;-112;10:54:51.475074
1781;1892;-111;10:54:51.475074
1789;1897;-108;10:54:51.475074
1798;1902;-104;10:54:51.475074
1806;1909;-103;10:54:51.475074
1815;1913;-98;10:54:51.475074
1821;1918;-97;10:54:51.475074
1824;1923;-99;10:54:51.475074
1829;1930;-101;10:54:51.475074
1834;1935;-101;10:54:51.475074
1842;1944;-102;10:54:51.475074
1849;1951;-102;10:54:51.475074
1848;1954;-106;10:54:51.475074
1853;1956;-103;10:54:51.475074
1856;1960;-104;10:54:51.475074
1856;1957;-101;10:54:51.475074
1855;1954;-99;10:54:51.475074
1855;1954;-99;10:54:51.475074
1852;1951;-99;10:54:51.475074
1846;1945;-99;10:54:51.475074
1842;1940;-98;10:54:51.475074
1839;1935;-96;10:54:51.475074
1833;1926;-93;10:54:51.475074
1831;1921;-90;10:54:51.475074
1827;1914;-87;10:54:51.475074
1824;1909;-85;10:54:51.475074
1820;1907;-87;10:54:51.475074
1815;1904;-89;10:54:51.475074
1812;1903;-91;10:54:51.475074
1810;1904;-94;10:54:51.475074
1812;1902;-90;10:54:51.475074
1813;1907;-94;10:54:51.475074
1814;1908;-94;10:54:51.475074
1818;1910;-92;10:54:51.475074
1820;1914;-94;10:54:51.475074
1821;1915;-94;10:54:51.475074
1822;1917;-95;10:54:51.475074
1824;1921;-97;10:54:51.475074
1825;1923;-98;10:54:51.475074
1823;1922;-99;10:54:51.475074
1825;1925;-100;10:54:51.475074
1828;1923;-95;10:54:51.475074
1823;1922;-99;10:54:51.475074
1818;1919;-101;10:54:51.475074
1816;1917;-101;10:54:51.475074
1810;1915;-105;10:54:51.475074
1805;1907;-102;10:54:51.475074
1806;1901;-95;10:54:51.475074
1799;1895;-96;10:54:51.475074
1793;1892;-99;10:54:51.475074
1787;1888;-101;10:54:51.475074
1784;1888;-104;10:54:51.475074
1781;1882;-101;10:54:51.475074
1781;1879;-98;10:54:51.475074
1777;1881;-104;10:54:51.475074
1772;1883;-111;10:54:51.475074
1768;1881;-113;10:54:51.475074
1767;1882;-115;10:54:51.475074
1769;1882;-113;10:54:51.475074
1770;1885;-115;10:54:51.475074
1775;1887;-112;10:54:51.475074
1778;1888;-110;10:54:51.475074
1778;1884;-106;10:54:51.475074
1780;1882;-102;10:54:51.475074
1779;1880;-101;10:54:51.475074
1778;1875;-97;10:54:51.475074
1775;1873;-98;10:54:51.475074
1776;1870;-94;10:54:51.475074
1775;1866;-91;10:54:51.475074
1774;1868;-94;10:54:51.475074
1773;1866;-93;10:54:51.475074
1767;1863;-96;10:54:51.475074
1763;1859;-96;10:54:51.475074
1758;1858;-100;10:54:51.475074
1752;1853;-101;10:54:51.475074
1745;1851;-106;10:54:51.475074
1740;1847;-107;10:54:51.475074
1731;1842;-111;10:54:51.475074
1729;1838;-109;10:54:51.475074
1726;1833;-107;10:54:51.475074
1725;1831;-106;10:54:51.475074
1716;1826;-110;10:54:51.475074
1713;1822;-109;10:54:51.475074
1710;1822;-112;10:54:51.475074
1706;1823;-117;10:54:51.475074
1709;1824;-115;10:54:51.475074
1712;1826;-114;10:54:51.475074
1710;1825;-115;10:54:51.475074
1713;1825;-112;10:54:51.475074
1715;1827;-112;10:54:51.475074
1714;1827;-113;10:54:51.475074
1714;1830;-116;10:54:51.475074
1718;1835;-117;10:54:51.475074
1721;1839;-118;10:54:51.475074
1723;1839;-116;10:54:51.475074
1730;1841;-111;10:54:51.475074
1733;1846;-113;10:54:51.475074
1733;1848;-115;10:54:51.475074
1732;1851;-119;10:54:51.475074
1732;1850;-118;10:54:51.475074
1733;1850;-117;10:54:51.475074
1730;1848;-118;10:54:51.475074
1728;1847;-119;10:54:51.475074
1726;1843;-117;10:54:51.475074
1721;1837;-116;10:54:51.475074
1713;1831;-118;10:54:51.475074
1707;1823;-116;10:54:51.475074
1697;1817;-120;10:54:51.475074
1690;1812;-122;10:54:51.475074
1687;1804;-117;10:54:51.475074
1679;1799;-120;10:54:51.475074
1673;1796;-123;10:54:51.475074
1674;1791;-117;10:54:51.475074
1671;1789;-118;10:54:51.475074
1668;1788;-120;10:54:51.475074
1667;1786;-119;10:54:51.475074
1669;1789;-120;10:54:51.475074
1668;1789;-121;10:54:51.475074
1671;1792;-121;10:54:51.475074
1673;1796;-123;10:54:51.475074
1676;1801;-125;10:54:51.475074
1680;1807;-127;10:54:51.475074
1690;1811;-121;10:54:51.475074
1698;1820;-122;10:54:51.475074
1707;1826;-119;10:54:51.475074
1716;1834;-118;10:54:51.475074
1725;1843;-118;10:54:51.475074
1735;1859;-124;10:54:51.475074
1741;1863;-122;10:54:51.475074
1746;1869;-123;10:54:51.475074
1752;1871;-119;10:54:51.475074
1758;1877;-119;10:54:51.475074
1765;1885;-120;10:54:51.475074
1769;1889;-120;10:54:51.475074
1776;1890;-114;10:54:51.475074
1777;1891;-114;10:54:51.475074
1776;1890;-114;10:54:51.475074
1778;1889;-111;10:54:51.475074
1777;1886;-109;10:54:51.475074
1775;1884;-109;10:54:51.475074
1771;1884;-113;10:54:51.475074
1772;1881;-109;10:54:51.475074
1771;1878;-107;10:54:51.475074
1770;1874;-104;10:54:51.475074
1764;1870;-106;10:54:51.475074
1759;1868;-109;10:54:51.475074
1754;1864;-110;10:54:51.475074
1749;1861;-112;10:54:51.475074
1749;1859;-110;10:54:51.475074
1751;1859;-108;10:54:51.475074
1748;1857;-109;10:54:51.475074
1746;1858;-112;10:54:51.475074
1746;1858;-112;10:54:51.475074
1748;1859;-111;10:54:51.475074
1751;1862;-111;10:54:51.475074
1753;1863;-110;10:54:51.475074
1755;1863;-108;10:54:51.475074
1755;1865;-110;10:54:51.475074
1757;1868;-111;10:54:51.475074
1757;1870;-113;10:54:51.475074
1757;1871;-114;10:54:51.475074
1759;1870;-111;10:54:51.475074
1757;1870;-113;10:54:51.475074
1757;1869;-112;10:54:51.475074
1760;1869;-109;10:54:51.475074
1760;1866;-106;10:54:51.475074
1757;1866;-109;10:54:51.475074
1759;1868;-109;10:54:51.475074
1761;1867;-106;10:54:51.475074
1763;1869;-106;10:54:51.475074
1765;1873;-108;10:54:51.475074
1768;1877;-109;10:54:51.475074
1767;1881;-114;10:54:51.475074
1773;1883;-110;10:54:51.475074
1776;1888;-112;10:54:51.475074
1780;1895;-115;10:54:51.475074
1789;1901;-112;10:54:51.475074
1794;1909;-115;10:54:51.475074
1803;1915;-112;10:54:51.475074
1813;1921;-108;10:54:51.475074
1819;1923;-104;10:54:51.475074
1821;1927;-106;10:54:51.475074
1824;1933;-109;10:54:51.475074
1830;1937;-107;10:54:51.475074
1833;1938;-105;10:54:51.475074
1839;1941;-102;10:54:51.475074
1843;1940;-97;10:54:51.475074
1846;1941;-95;10:54:51.475074
1846;1938;-92;10:54:51.475074
1847;1935;-88;10:54:51.475074
1844;1931;-87;10:54:51.475074
1841;1929;-88;10:54:51.475074
1838;1928;-90;10:54:51.475074
1833;1930;-97;10:54:51.475074
1828;1929;-101;10:54:51.475074
1828;1928;-100;10:54:51.475074
1828;1928;-100;10:54:51.475074
1828;1926;-98;10:54:51.475074
1825;1923;-98;10:54:51.475074
1821;1921;-100;10:54:51.475074
1819;1919;-100;10:54:51.475074
1816;1918;-102;10:54:51.475074
1818;1914;-96;10:54:51.475074
1817;1907;-90;10:54:51.475074
1812;1904;-92;10:54:51.475074
1807;1900;-93;10:54:51.475074
1805;1899;-94;10:54:51.475074
1802;1898;-96;10:54:51.475074
1800;1899;-99;10:54:51.475074
1799;1902;-103;10:54:51.475074
1801;1902;-101;10:54:51.475074
1801;1903;-102;10:54:51.475074
1805;1904;-99;10:54:51.475074
1811;1910;-99;10:54:51.475074
1816;1914;-98;10:54:51.475074
1817;1917;-100;10:54:51.475074
1820;1919;-99;10:54:51.475074
1818;1923;-105;10:54:51.475074
1820;1924;-104;10:54:51.475074
1820;1925;-105;10:54:51.475074
1822;1922;-100;10:54:51.475074
1823;1921;-98;10:54:51.475074
1825;1919;-94;10:54:51.475074
1822;1918;-96;10:54:51.475074
1816;1915;-99;10:54:51.475074
1812;1912;-100;10:54:51.475074
1808;1909;-101;10:54:51.475074
1800;1903;-103;10:54:51.475074
1794;1897;-103;10:54:51.475074
1792;1892;-100;10:54:51.475074
1786;1884;-98;10:54:51.475074
1778;1879;-101;10:54:51.475074
1774;1875;-101;10:54:51.475074
1766;1871;-105;10:54:51.475074
1760;1864;-104;10:54:51.475074
1757;1861;-104;10:54:51.475074
1754;1859;-105;10:54:51.475074
1751;1857;-106;10:54:51.475074
1747;1853;-106;10:54:51.475074
1747;1854;-107;10:54:51.475074
1744;1854;-110;10:54:51.475074
1744;1851;-107;10:54:51.475074
1745;1848;-103;10:54:51.475074
1748;1851;-103;10:54:51.475074
1750;1851;-101;10:54:51.475074
1753;1853;-100;10:54:51.475074
1756;1852;-96;10:54:51.475074
1755;1857;-102;10:54:51.475074
1754;1859;-105;10:54:51.475074
1755;1858;-103;10:54:51.475074
1753;1858;-105;10:54:51.475074
1752;1852;-100;10:54:51.475074
1751;1854;-103;10:54:51.475074
1749;1850;-101;10:54:51.475074
1743;1851;-108;10:54:51.475074
1736;1845;-109;10:54:51.475074
1732;1841;-109;10:54:51.475074
1725;1837;-112;10:54:51.475074
1718;1833;-115;10:54:51.475074
1716;1826;-110;10:54:51.475074
1713;1822;-109;10:54:51.475074
1712;1818;-106;10:54:51.475074
1708;1816;-108;10:54:51.475074
1703;1815;-112;10:54:51.475074
1699;1814;-115;10:54:51.475074
1696;1812;-116;10:54:51.475074
1696;1812;-116;10:54:51.475074
1695;1813;-118;10:54:51.475074
1693;1810;-117;10:54:51.475074
1697;1813;-116;10:54:51.475074
1698;1816;-118;10:54:51.475074
1698;1819;-121;10:54:51.475074
1703;1818;-115;10:54:51.475074
1703;1820;-117;10:54:51.475074
1703;1821;-118;10:54:51.475074
1702;1823;-121;10:54:51.475074
1702;1822;-120;10:54:51.475074
1700;1820;-120;10:54:51.475074
1702;1819;-117;10:54:51.475074
1701;1817;-116;10:54:51.475074
1700;1816;-116;10:54:51.475074
1698;1816;-118;10:54:51.475074
1694;1811;-117;10:54:51.475074
1691;1812;-121;10:54:51.475074
1689;1810;-121;10:54:51.475074
1688;1807;-119;10:54:51.475074
1689;1803;-114;10:54:51.475074
1689;1800;-111;10:54:51.475074
1685;1800;-115;10:54:51.475074
1684;1801;-117;10:54:51.475074
1686;1804;-118;10:54:51.475074
1687;1807;-120;10:54:51.475074
1690;1807;-117;10:54:51.475074
1692;1810;-118;10:54:51.475074
1697;1817;-120;10:54:51.475074
1703;1823;-120;10:54:51.475074
1711;1825;-114;10:54:51.475074
1716;1832;-116;10:54:51.475074
1720;1837;-117;10:54:51.475074
1728;1843;-115;10:54:51.475074
1733;1850;-117;10:54:51.475074
1740;1858;-118;10:54:51.475074
1748;1864;-116;10:54:51.475074
1754;1871;-117;10:54:51.475074
1759;1878;-119;10:54:51.475074
1768;1879;-111;10:54:51.475074
1775;1881;-106;10:54:51.475074
1778;1885;-107;10:54:51.475074
1783;1888;-105;10:54:51.475074
1789;1893;-104;10:54:51.475074
1793;1894;-101;10:54:51.475074
1796;1895;-99;10:54:51.475074
1797;1896;-99;10:54:51.475074
1797;1896;-99;10:54:51.475074
1789;1895;-106;10:54:51.475074
1786;1894;-108;10:54:51.475074
1785;1891;-106;10:54:51.475074
1784;1886;-102;10:54:51.475074
1780;1884;-104;10:54:51.475074
1776;1880;-104;10:54:51.475074
1770;1877;-107;10:54:51.475074
1763;1872;-109;10:54:51.475074
1759;1867;-108;10:54:51.475074
1754;1862;-108;10:54:51.475074
1753;1857;-104;10:54:51.475074
1748;1856;-108;10:54:51.475074
1741;1855;-114;10:54:51.475074
1739;1853;-114;10:54:51.475074
1741;1851;-110;10:54:51.475074
1740;1848;-108;10:54:51.475074
1738;1847;-109;10:54:51.475074
1737;1847;-110;10:54:51.475074
1738;1846;-108;10:54:51.475074
1742;1849;-107;10:54:51.475074
1743;1852;-109;10:54:51.475074
1749;1858;-109;10:54:51.475074
1754;1863;-109;10:54:51.475074
1758;1871;-113;10:54:51.475074
1765;1878;-113;10:54:51.475074
1773;1885;-112;10:54:51.475074
1776;1888;-112;10:54:51.475074
1782;1893;-111;10:54:51.475074
1787;1900;-113;10:54:51.475074
1791;1902;-111;10:54:51.475074
1797;1907;-110;10:54:51.475074
1800;1909;-109;10:54:51.475074
1801;1911;-110;10:54:51.475074
1803;1912;-109;10:54:51.475074
1805;1913;-108;10:54:51.475074
1802;1910;-108;10:54:51.475074
1800;1909;-109;10:54:51.475074
1804;1911;-107;10:54:51.475074
1808;1910;-102;10:54:51.475074
1809;1912;-103;10:54:51.475074
1813;1917;-104;10:54:51.475074
1817;1923;-106;10:54:51.475074
1818;1926;-108;10:54:51.475074
1823;1930;-107;10:54:51.475074
1828;1934;-106;10:54:51.475074
1832;1936;-104;10:54:51.475074
1838;1939;-101;10:54:51.475074
1844;1943;-99;10:54:51.475074
1845;1942;-97;10:54:51.475074
1848;1944;-96;10:54:51.475074
1852;1945;-93;10:54:51.475074
1852;1947;-95;10:54:51.475074
1847;1945;-98;10:54:51.475074
1847;1942;-95;10:54:51.475074
1849;1943;-94;10:54:51.475074
1845;1939;-94;10:54:51.475074
1839;1936;-97;10:54:51.475074
1836;1933;-97;10:54:51.475074
1829;1927;-98;10:54:51.475074
1823;1918;-95;10:54:51.475074
1821;1910;-89;10:54:51.475074
1815;1907;-92;10:54:51.475074
1811;1903;-92;10:54:51.475074
1808;1899;-91;10:54:51.475074
1801;1899;-98;10:54:51.475074
1795;1897;-102;10:54:51.475074
1797;1895;-98;10:54:51.475074
1794;1897;-103;10:54:51.475074
1793;1900;-107;10:54:51.476284
1797;1901;-104;10:54:51.476284
1798;1904;-106;10:54:51.476284
1797;1904;-107;10:54:51.476284
1799;1908;-109;10:54:51.476284
1802;1909;-107;10:54:51.476284
1803;1909;-106;10:54:51.476284
1803;1909;-106;10:54:51.476284
1807;1915;-108;10:54:51.476284
1807;1916;-109;10:54:51.476284
1808;1918;-110;10:54:51.476284
1810;1917;-107;10:54:51.476284
1811;1916;-105;10:54:51.476284
1808;1916;-108;10:54:51.476284
1808;1910;-102;10:54:51.476284
1804;1906;-102;10:54:51.476284
1798;1902;-104;10:54:51.476284
1797;1900;-103;10:54:51.476284
1797;1897;-100;10:54:51.476284
1795;1895;-100;10:54:51.476284
1789;1894;-105;10:54:51.476284
1785;1891;-106;10:54:51.476284
1780;1886;-106;10:54:51.476284
1774;1879;-105;10:54:51.476284
1769;1871;-102;10:54:51.476284
1762;1865;-103;10:54:51.476284
1755;1856;-101;10:54:51.476284
1748;1850;-102;10:54:51.476284
1743;1847;-104;10:54:51.476284
1736;1844;-108;10:54:51.476284
1731;1840;-109;10:54:51.476284
1726;1836;-110;10:54:51.476284
1716;1827;-111;10:54:51.476284
1713;1821;-108;10:54:51.476284
1708;1816;-108;10:54:51.476284
1706;1813;-107;10:54:51.476284
1706;1811;-105;10:54:51.476284
1705;1812;-107;10:54:51.476284
1707;1814;-107;10:54:51.476284
1709;1820;-111;10:54:51.476284
1714;1828;-114;10:54:51.476284
1719;1833;-114;10:54:51.476284
1725;1835;-110;10:54:51.476284
1731;1839;-108;10:54:51.476284
1735;1844;-109;10:54:51.476284
1737;1849;-112;10:54:51.476284
1738;1853;-115;10:54:51.476284
1739;1854;-115;10:54:51.476284
1742;1856;-114;10:54:51.476284
1744;1854;-110;10:54:51.476284
1740;1853;-113;10:54:51.476284
1741;1849;-108;10:54:51.476284
1737;1845;-108;10:54:51.476284
1731;1841;-110;10:54:51.476284
1727;1838;-111;10:54:51.476284
1722;1834;-112;10:54:51.476284
1715;1831;-116;10:54:51.476284
1714;1826;-112;10:54:51.476284
1710;1822;-112;10:54:51.476284
1704;1822;-118;10:54:51.476284
1702;1819;-117;10:54:51.476284
1700;1816;-116;10:54:51.476284
1696;1816;-120;10:54:51.476284
1695;1813;-118;10:54:51.476284
1694;1812;-118;10:54:51.476284
1689;1810;-121;10:54:51.476284
1686;1810;-124;10:54:51.476284
1686;1810;-124;10:54:51.476284
1688;1811;-123;10:54:51.476284
1689;1813;-124;10:54:51.476284
1692;1812;-120;10:54:51.476284
1694;1813;-119;10:54:51.476284
1697;1816;-119;10:54:51.476284
1699;1821;-122;10:54:51.476284
1700;1821;-121;10:54:51.476284
1701;1823;-122;10:54:51.476284
1700;1826;-126;10:54:51.476284
1705;1833;-128;10:54:51.476284
1709;1833;-124;10:54:51.476284
1713;1835;-122;10:54:51.476284
1718;1835;-117;10:54:51.476284
1724;1836;-112;10:54:51.476284
1725;1837;-112;10:54:51.476284
1723;1840;-117;10:54:51.476284
1726;1843;-117;10:54:51.476284
1728;1845;-117;10:54:51.476284
1729;1847;-118;10:54:51.476284
1730;1849;-119;10:54:51.476284
1731;1852;-121;10:54:51.476284
1730;1851;-121;10:54:51.476284
1733;1853;-120;10:54:51.476284
1736;1854;-118;10:54:51.476284
1740;1859;-119;10:54:51.476284
1747;1861;-114;10:54:51.476284
1752;1866;-114;10:54:51.476284
1755;1870;-115;10:54:51.476284
1758;1876;-118;10:54:51.476284
1765;1879;-114;10:54:51.476284
1770;1886;-116;10:54:51.476284
1774;1888;-114;10:54:51.476284
1780;1892;-112;10:54:51.476284
1780;1892;-112;10:54:51.476284
1780;1894;-114;10:54:51.476284
1781;1892;-111;10:54:51.476284
1781;1890;-109;10:54:51.476284
1780;1888;-108;10:54:51.476284
1778;1887;-109;10:54:51.476284
1776;1885;-109;10:54:51.476284
1769;1882;-113;10:54:51.476284
1767;1878;-111;10:54:51.476284
1765;1876;-111;10:54:51.476284
1764;1869;-105;10:54:51.476284
1761;1865;-104;10:54:51.476284
1759;1860;-101;10:54:51.476284
1751;1859;-108;10:54:51.476284
1747;1857;-110;10:54:51.476284
1745;1854;-109;10:54:51.476284
1739;1851;-112;10:54:51.476284
1737;1849;-112;10:54:51.476284
1736;1848;-112;10:54:51.476284
1734;1849;-115;10:54:51.476284
1737;1850;-113;10:54:51.476284
1739;1853;-114;10:54:51.476284
1740;1855;-115;10:54:51.476284
1744;1857;-113;10:54:51.476284
1748;1860;-112;10:54:51.476284
1755;1863;-108;10:54:51.476284
1761;1864;-103;10:54:51.476284
1765;1869;-104;10:54:51.476284
1769;1877;-108;10:54:51.476284
1776;1885;-109;10:54:51.476284
1778;1896;-118;10:54:51.476284
1787;1901;-114;10:54:51.476284
1795;1909;-114;10:54:51.476284
1805;1912;-107;10:54:51.476284
1810;1915;-105;10:54:51.476284
1816;1919;-103;10:54:51.476284
1818;1921;-103;10:54:51.476284
1822;1922;-100;10:54:51.476284
1825;1927;-102;10:54:51.476284
1821;1928;-107;10:54:51.476284
1824;1929;-105;10:54:51.476284
1826;1930;-104;10:54:51.476284
1828;1927;-99;10:54:51.476284
1830;1923;-93;10:54:51.476284
1828;1922;-94;10:54:51.476284
1824;1918;-94;10:54:51.476284
1819;1915;-96;10:54:51.476284
1817;1911;-94;10:54:51.476284
1814;1910;-96;10:54:51.476284
1812;1909;-97;10:54:51.476284
1811;1908;-97;10:54:51.476284
1809;1908;-99;10:54:51.476284
1807;1908;-101;10:54:51.476284
1807;1908;-101;10:54:51.476284
1812;1909;-97;10:54:51.476284
1813;1912;-99;10:54:51.476284
1814;1914;-100;10:54:51.476284
1819;1917;-98;10:54:51.476284
1822;1920;-98;10:54:51.476284
1824;1919;-95;10:54:51.476284
1824;1919;-95;10:54:51.476284
1824;1919;-95;10:54:51.476284
1822;1918;-96;10:54:51.476284
1824;1919;-95;10:54:51.476284
1823;1918;-95;10:54:51.476284
1820;1917;-97;10:54:51.476284
1817;1912;-95;10:54:51.476284
1816;1908;-92;10:54:51.476284
1813;1906;-93;10:54:51.476284
1810;1903;-93;10:54:51.476284
1807;1901;-94;10:54:51.476284
1805;1903;-98;10:54:51.476284
1802;1903;-101;10:54:51.476284
1802;1902;-100;10:54:51.476284
1804;1899;-95;10:54:51.476284
1801;1900;-99;10:54:51.476284
1799;1899;-100;10:54:51.476284
1796;1897;-101;10:54:51.476284
1792;1897;-105;10:54:51.476284
1787;1895;-108;10:54:51.476284
1783;1893;-110;10:54:51.476284
1785;1894;-109;10:54:51.476284
1787;1892;-105;10:54:51.476284
1786;1890;-104;10:54:51.476284
1786;1892;-106;10:54:51.476284
1785;1893;-108;10:54:51.476284
1788;1893;-105;10:54:51.476284
1790;1895;-105;10:54:51.476284
1791;1898;-107;10:54:51.476284
1790;1899;-109;10:54:51.476284
1794;1900;-106;10:54:51.476284
1794;1898;-104;10:54:51.476284
1792;1895;-103;10:54:51.476284
1791;1894;-103;10:54:51.476284
1790;1895;-105;10:54:51.476284
1787;1893;-106;10:54:51.476284
1787;1892;-105;10:54:51.476284
1784;1886;-102;10:54:51.476284
1783;1883;-100;10:54:51.476284
1777;1880;-103;10:54:51.476284
1772;1871;-99;10:54:51.476284
1762;1868;-106;10:54:51.476284
1755;1863;-108;10:54:51.476284
1752;1858;-106;10:54:51.476284
1749;1853;-104;10:54:51.476284
1744;1844;-100;10:54:51.476284
1739;1842;-103;10:54:51.476284
1734;1839;-105;10:54:51.476284
1730;1835;-105;10:54:51.476284
1728;1834;-106;10:54:51.476284
1724;1835;-111;10:54:51.476284
1724;1836;-112;10:54:51.476284
1724;1837;-113;10:54:51.476284
1722;1835;-113;10:54:51.476284
1721;1835;-114;10:54:51.476284
1722;1837;-115;10:54:51.476284
1723;1841;-118;10:54:51.476284
1725;1840;-115;10:54:51.476284
1727;1841;-114;10:54:51.476284
1729;1846;-117;10:54:51.476284
1731;1847;-116;10:54:51.476284
1729;1848;-119;10:54:51.476284
1731;1846;-115;10:54:51.476284
1733;1845;-112;10:54:51.476284
1732;1848;-116;10:54:51.476284
1730;1846;-116;10:54:51.476284
1728;1846;-118;10:54:51.476284
1725;1843;-118;10:54:51.476284
1718;1838;-120;10:54:51.476284
1716;1835;-119;10:54:51.476284
1711;1832;-121;10:54:51.476284
1704;1829;-125;10:54:51.476284
1701;1825;-124;10:54:51.476284
1702;1824;-122;10:54:51.476284
1698;1821;-123;10:54:51.476284
1694;1814;-120;10:54:51.476284
1691;1810;-119;10:54:51.476284
1686;1809;-123;10:54:51.476284
1683;1806;-123;10:54:51.476284
1682;1804;-122;10:54:51.476284
1681;1806;-125;10:54:51.476284
1679;1806;-127;10:54:51.476284
1680;1808;-128;10:54:51.476284
1683;1809;-126;10:54:51.476284
1684;1810;-126;10:54:51.476284
1686;1808;-122;10:54:51.476284
1688;1810;-122;10:54:51.476284
1688;1808;-120;10:54:51.476284
1691;1811;-120;10:54:51.476284
1696;1811;-115;10:54:51.476284
1702;1817;-115;10:54:51.476284
1700;1820;-120;10:54:51.476284
1705;1822;-117;10:54:51.476284
1712;1828;-116;10:54:51.476284
1717;1837;-120;10:54:51.535512
1724;1844;-120;10:54:51.535512
1728;1848;-120;10:54:51.535512
1733;1852;-119;10:54:51.535512
1736;1853;-117;10:54:51.535512
1740;1859;-119;10:54:51.535512
1742;1860;-118;10:54:51.535512
1745;1859;-114;10:54:51.535512
1743;1862;-119;10:54:51.535512
1744;1862;-118;10:54:51.535512
1744;1861;-117;10:54:51.535512
1745;1859;-114;10:54:51.535512
1744;1858;-114;10:54:51.535512
1744;1859;-115;10:54:51.535512
1746;1858;-112;10:54:51.535512
1749;1859;-110;10:54:51.535512
1750;1859;-109;10:54:51.535512
1748;1861;-113;10:54:51.535512
1750;1867;-117;10:54:51.535512
1749;1869;-120;10:54:51.535512
1748;1871;-123;10:54:51.535512
1750;1871;-121;10:54:51.535512
1751;1874;-123;10:54:51.535512
1755;1870;-115;10:54:51.535512
1760;1870;-110;10:54:51.535512
1759;1870;-111;10:54:51.535512
1759;1867;-108;10:54:51.535512
1760;1867;-107;10:54:51.535512
1758;1865;-107;10:54:51.535512
1752;1860;-108;10:54:51.535512
1749;1859;-110;10:54:51.535512
1748;1856;-108;10:54:51.535512
1745;1853;-108;10:54:51.535512
1743;1850;-107;10:54:51.535512
1743;1849;-106;10:54:51.535512
1739;1850;-111;10:54:51.535512
1739;1851;-112;10:54:51.535512
1740;1852;-112;10:54:51.535512
1740;1855;-115;10:54:51.535512
1742;1857;-115;10:54:51.535512
1746;1859;-113;10:54:51.535512
1747;1859;-112;10:54:51.535512
1749;1861;-112;10:54:51.535512
1752;1863;-111;10:54:51.535512
1755;1863;-108;10:54:51.535512
1755;1866;-111;10:54:51.535512
1757;1870;-113;10:54:51.535512
1759;1872;-113;10:54:51.535512
1764;1880;-116;10:54:51.535512
1769;1885;-116;10:54:51.535512
1776;1893;-117;10:54:51.535512
1787;1901;-114;10:54:51.535512
1793;1907;-114;10:54:51.535512
1802;1912;-110;10:54:51.535512
1810;1916;-106;10:54:51.535512
1817;1923;-106;10:54:51.535512
1823;1930;-107;10:54:51.535512
1829;1933;-104;10:54:51.535512
1833;1935;-102;10:54:51.535512
1834;1938;-104;10:54:51.535512
1836;1940;-104;10:54:51.535512
1840;1944;-104;10:54:51.535512
1840;1943;-103;10:54:51.535512
1838;1944;-106;10:54:51.535512
1838;1939;-101;10:54:51.535512
1836;1937;-101;10:54:51.535512
1829;1932;-103;10:54:51.535512
1827;1926;-99;10:54:51.535512
1827;1921;-94;10:54:51.535512
1822;1918;-96;10:54:51.535512
1818;1914;-96;10:54:51.535512
1819;1913;-94;10:54:51.535512
1813;1911;-98;10:54:51.535512
1815;1912;-97;10:54:51.535512
1816;1912;-96;10:54:51.535512
1814;1912;-98;10:54:51.535512
1810;1912;-102;10:54:51.535512
1811;1909;-98;10:54:51.535512
1810;1912;-102;10:54:51.535512
1810;1910;-100;10:54:51.535512
1813;1914;-101;10:54:51.535512
1816;1916;-100;10:54:51.535512
1815;1917;-102;10:54:51.535512
1817;1919;-102;10:54:51.535512
1821;1920;-99;10:54:51.535512
1823;1924;-101;10:54:51.535512
1824;1921;-97;10:54:51.535512
1826;1921;-95;10:54:51.535512
1823;1920;-97;10:54:51.535512
1826;1917;-91;10:54:51.535512
1826;1919;-93;10:54:51.535512
1818;1917;-99;10:54:51.535512
1817;1915;-98;10:54:51.535512
1817;1916;-99;10:54:51.535512
1816;1916;-100;10:54:51.535512
1815;1917;-102;10:54:51.535512
1815;1916;-101;10:54:51.535512
1814;1914;-100;10:54:51.535512
1813;1911;-98;10:54:51.535512
1807;1906;-99;10:54:51.535512
1805;1904;-99;10:54:51.535512
1803;1903;-100;10:54:51.535512
1798;1901;-103;10:54:51.535512
1795;1899;-104;10:54:51.535512
1792;1896;-104;10:54:51.535512
1787;1890;-103;10:54:51.535512
1784;1887;-103;10:54:51.535512
1784;1882;-98;10:54:51.535512
1779;1878;-99;10:54:51.535512
1776;1875;-99;10:54:51.535512
1775;1871;-96;10:54:51.535512
1772;1872;-100;10:54:51.535512
1769;1867;-98;10:54:51.535512
1769;1867;-98;10:54:51.535512
1768;1867;-99;10:54:51.535512
1767;1868;-101;10:54:51.535512
1767;1871;-104;10:54:51.535512
1768;1871;-103;10:54:51.535512
1766;1874;-108;10:54:51.535512
1766;1870;-104;10:54:51.535512
1765;1869;-104;10:54:51.535512
1760;1865;-105;10:54:51.535512
1759;1861;-102;10:54:51.535512
1755;1860;-105;10:54:51.535512
1752;1856;-104;10:54:51.535512
1750;1851;-101;10:54:51.535512
1748;1852;-104;10:54:51.535512
1744;1850;-106;10:54:51.535512
1740;1846;-106;10:54:51.535512
1738;1846;-108;10:54:51.535512
1736;1844;-108;10:54:51.535512
1732;1841;-109;10:54:51.535512
1730;1838;-108;10:54:51.535512
1728;1837;-109;10:54:51.535512
1724;1833;-109;10:54:51.535512
1723;1833;-110;10:54:51.535512
1723;1834;-111;10:54:51.535512
1722;1835;-113;10:54:51.535512
1722;1833;-111;10:54:51.535512
1724;1834;-110;10:54:51.535512
1722;1833;-111;10:54:51.535512
1722;1832;-110;10:54:51.535512
1721;1835;-114;10:54:51.535512
1720;1835;-115;10:54:51.535512
1718;1833;-115;10:54:51.535512
1716;1835;-119;10:54:51.535512
1716;1833;-117;10:54:51.535512
1715;1833;-118;10:54:51.535512
1713;1833;-120;10:54:51.535512
1713;1831;-118;10:54:51.535512
1708;1829;-121;10:54:51.535512
1709;1824;-115;10:54:51.535512
1708;1823;-115;10:54:51.535512
1701;1817;-116;10:54:51.535512
1696;1816;-120;10:54:51.535512
1693;1813;-120;10:54:51.535512
1693;1812;-119;10:54:51.535512
1690;1812;-122;10:54:51.535512
1687;1810;-123;10:54:51.535512
1691;1810;-119;10:54:51.535512
1691;1811;-120;10:54:51.535512
1689;1810;-121;10:54:51.535512
1691;1811;-120;10:54:51.535512
1694;1815;-121;10:54:51.535512
1694;1815;-121;10:54:51.535512
1697;1815;-118;10:54:51.535512
1698;1816;-118;10:54:51.535512
1697;1817;-120;10:54:51.535512
1699;1822;-123;10:54:51.535512
1705;1825;-120;10:54:51.535512
1710;1826;-116;10:54:51.535512
1714;1828;-114;10:54:51.535512
1717;1829;-112;10:54:51.535512
1718;1834;-116;10:54:51.535512
1722;1837;-115;10:54:51.535512
1728;1839;-111;10:54:51.535512
1734;1844;-110;10:54:51.535512
1734;1848;-114;10:54:51.535512
1737;1849;-112;10:54:51.535512
1745;1855;-110;10:54:51.535512
1742;1856;-114;10:54:51.535512
1744;1858;-114;10:54:51.535512
1750;1861;-111;10:54:51.535512
1750;1863;-113;10:54:51.535512
1751;1866;-115;10:54:51.535512
1753;1870;-117;10:54:51.535512
1751;1871;-120;10:54:51.535512
1755;1871;-116;10:54:51.535512
1759;1868;-109;10:54:51.535512
1758;1865;-107;10:54:51.535512
1753;1863;-110;10:54:51.535512
1749;1860;-111;10:54:51.535512
1746;1853;-107;10:54:51.535512
1740;1849;-109;10:54:51.535512
1736;1847;-111;10:54:51.535512
1736;1844;-108;10:54:51.535512
1736;1840;-104;10:54:51.535512
1734;1841;-107;10:54:51.535512
1734;1840;-106;10:54:51.535512
1734;1841;-107;10:54:51.535512
1736;1843;-107;10:54:51.535512
1738;1848;-110;10:54:51.535512
1742;1851;-109;10:54:51.535512
1745;1855;-110;10:54:51.535512
1747;1856;-109;10:54:51.535512
1748;1862;-114;10:54:51.535512
1750;1862;-112;10:54:51.535512
1754;1867;-113;10:54:51.535512
1761;1867;-106;10:54:51.535512
1764;1870;-106;10:54:51.535512
1764;1871;-107;10:54:51.535512
1768;1874;-106;10:54:51.535512
1774;1878;-104;10:54:51.535512
1776;1876;-100;10:54:51.535512
1780;1880;-100;10:54:51.535512
1783;1882;-99;10:54:51.535512
1785;1887;-102;10:54:51.535512
1782;1889;-107;10:54:51.535512
1785;1892;-107;10:54:51.535512
1785;1897;-112;10:54:51.535512
1785;1899;-114;10:54:51.535512
1787;1899;-112;10:54:51.535512
1788;1898;-110;10:54:51.535512
1791;1901;-110;10:54:51.535512
1794;1900;-106;10:54:51.535512
1800;1905;-105;10:54:51.535512
1800;1906;-106;10:54:51.535512
1805;1911;-106;10:54:51.535512
1809;1913;-104;10:54:51.535512
1812;1915;-103;10:54:51.535512
1816;1921;-105;10:54:51.535512
1817;1924;-107;10:54:51.535512
1822;1928;-106;10:54:51.535512
1822;1932;-110;10:54:51.535512
1826;1937;-111;10:54:51.535512
1833;1940;-107;10:54:51.535512
1837;1945;-108;10:54:51.535512
1844;1943;-99;10:54:51.535512
1849;1946;-97;10:54:51.535512
1846;1943;-97;10:54:51.535512
1844;1940;-96;10:54:51.535512
1845;1939;-94;10:54:51.535512
1845;1936;-91;10:54:51.535512
1843;1934;-91;10:54:51.535512
1842;1931;-89;10:54:51.535512
1841;1931;-90;10:54:51.535512
1840;1929;-89;10:54:51.535512
1835;1926;-91;10:54:51.535512
1829;1928;-99;10:54:51.535512
1828;1928;-100;10:54:51.535512
1826;1925;-99;10:54:51.535512
1822;1926;-104;10:54:51.535512
1821;1921;-100;10:54:51.535512
1821;1922;-101;10:54:51.535512
1822;1924;-102;10:54:51.535512
1822;1921;-99;10:54:51.558705
1825;1920;-95;10:54:51.558705
1827;1924;-97;10:54:51.558705
1826;1925;-99;10:54:51.558705
1823;1926;-103;10:54:51.558705
1830;1926;-96;10:54:51.558705
1832;1930;-98;10:54:51.558705
1831;1929;-98;10:54:51.558705
1833;1928;-95;10:54:51.558705
1831;1925;-94;10:54:51.558705
1827;1926;-99;10:54:51.558705
1828;1925;-97;10:54:51.558705
1828;1924;-96;10:54:51.558705
1827;1923;-96;10:54:51.558705
1827;1924;-97;10:54:51.558705
1825;1923;-98;10:54:51.558705
1822;1923;-101;10:54:51.558705
1820;1920;-100;10:54:51.558705
1822;1920;-98;10:54:51.558705
1822;1917;-95;10:54:51.558705
1821;1917;-96;10:54:51.558705
1820;1915;-95;10:54:51.558705
1815;1912;-97;10:54:51.558705
1814;1906;-92;10:54:51.558705
1810;1905;-95;10:54:51.558705
1804;1900;-96;10:54:51.558705
1804;1898;-94;10:54:51.558705
1799;1892;-93;10:54:51.558705
1791;1888;-97;10:54:51.558705
1789;1882;-93;10:54:51.558705
1780;1878;-98;10:54:51.558705
1776;1874;-98;10:54:51.558705
1772;1868;-96;10:54:51.558705
1767;1869;-102;10:54:51.558705
1762;1861;-99;10:54:51.558705
1763;1858;-95;10:54:51.558705
1757;1852;-95;10:54:51.558705
1751;1850;-99;10:54:51.558705
1750;1847;-97;10:54:51.558705
1745;1849;-104;10:54:51.558705
1743;1846;-103;10:54:51.558705
1742;1846;-104;10:54:51.558705
1739;1850;-111;10:54:51.558705
1738;1851;-113;10:54:51.558705
1737;1852;-115;10:54:51.558705
1734;1851;-117;10:54:51.558705
1732;1848;-116;10:54:51.558705
1731;1847;-116;10:54:51.558705
1730;1843;-113;10:54:51.558705
1727;1839;-112;10:54:51.558705
1724;1838;-114;10:54:51.558705
1722;1834;-112;10:54:51.558705
1717;1830;-113;10:54:51.558705
1714;1825;-111;10:54:51.558705
1709;1820;-111;10:54:51.558705
1700;1818;-118;10:54:51.558705
1698;1815;-117;10:54:51.558705
1697;1812;-115;10:54:51.558705
1691;1809;-118;10:54:51.558705
1688;1805;-117;10:54:51.558705
1686;1805;-119;10:54:51.558705
1689;1804;-115;10:54:51.558705
1689;1803;-114;10:54:51.558705
1692;1803;-111;10:54:51.558705
1692;1807;-115;10:54:51.558705
1689;1808;-119;10:54:51.558705
1691;1807;-116;10:54:51.558705
1692;1809;-117;10:54:51.558705
1691;1807;-116;10:54:51.558705
1690;1810;-120;10:54:51.558705
1688;1811;-123;10:54:51.558705
1687;1808;-121;10:54:51.558705
1685;1809;-124;10:54:51.558705
1685;1805;-120;10:54:51.558705
1683;1804;-121;10:54:51.558705
1683;1803;-120;10:54:51.558705
1682;1800;-118;10:54:51.558705
1679;1798;-119;10:54:51.558705
1678;1798;-120;10:54:51.558705
1678;1796;-118;10:54:51.558705
1679;1801;-122;10:54:51.558705
1679;1799;-120;10:54:51.558705
1681;1800;-119;10:54:51.558705
1681;1802;-121;10:54:51.558705
1684;1806;-122;10:54:51.558705
1687;1805;-118;10:54:51.558705
1685;1809;-124;10:54:51.558705
1690;1814;-124;10:54:51.558705
1696;1818;-122;10:54:51.558705
1699;1822;-123;10:54:51.558705
1704;1824;-120;10:54:51.558705
1709;1836;-127;10:54:51.558705
1712;1841;-129;10:54:51.558705
1720;1845;-125;10:54:51.558705
1727;1847;-120;10:54:51.558705
1731;1848;-117;10:54:51.558705
1736;1850;-114;10:54:51.558705
1740;1853;-113;10:54:51.558705
1744;1854;-110;10:54:51.558705
1745;1856;-111;10:54:51.558705
1746;1857;-111;10:54:51.558705
1748;1861;-113;10:54:51.558705
1748;1863;-115;10:54:51.558705
1749;1864;-115;10:54:51.558705
1752;1865;-113;10:54:51.558705
1754;1865;-111;10:54:51.558705
1754;1866;-112;10:54:51.558705
1756;1865;-109;10:54:51.558705
1757;1864;-107;10:54:51.558705
1757;1864;-107;10:54:51.558705
1753;1861;-108;10:54:51.558705
1750;1860;-110;10:54:51.558705
1747;1858;-111;10:54:51.558705
1744;1854;-110;10:54:51.558705
1746;1857;-111;10:54:51.558705
1742;1856;-114;10:54:51.558705
1743;1857;-114;10:54:51.558705
1744;1858;-114;10:54:51.558705
1742;1855;-113;10:54:51.558705
1741;1855;-114;10:54:51.558705
1746;1857;-111;10:54:51.558705
1747;1858;-111;10:54:51.558705
1747;1856;-109;10:54:51.558705
1749;1858;-109;10:54:51.558705
1748;1858;-110;10:54:51.558705
1750;1861;-111;10:54:51.558705
1752;1864;-112;10:54:51.558705
1756;1867;-111;10:54:51.558705
1762;1868;-106;10:54:51.558705
1768;1871;-103;10:54:51.558705
1774;1876;-102;10:54:51.558705
1778;1879;-101;10:54:51.558705
1783;1884;-101;10:54:51.558705
1791;1891;-100;10:54:51.558705
1797;1900;-103;10:54:51.558705
1805;1907;-102;10:54:51.558705
1808;1914;-106;10:54:51.558705
1814;1920;-106;10:54:51.558705
1820;1924;-104;10:54:51.558705
1825;1929;-104;10:54:51.558705
1827;1932;-105;10:54:51.558705
1828;1934;-106;10:54:51.558705
1830;1936;-106;10:54:51.558705
1832;1939;-107;10:54:51.558705
1832;1935;-103;10:54:51.558705
1834;1935;-101;10:54:51.558705
1838;1935;-97;10:54:51.558705
1837;1932;-95;10:54:51.558705
1834;1928;-94;10:54:51.558705
1837;1926;-89;10:54:51.558705
1833;1927;-94;10:54:51.558705
1832;1928;-96;10:54:51.558705
1832;1928;-96;10:54:51.558705
1834;1927;-93;10:54:51.558705
1836;1930;-94;10:54:51.558705
1837;1929;-92;10:54:51.558705
1840;1934;-94;10:54:51.558705
1840;1935;-95;10:54:51.558705
1843;1937;-94;10:54:51.558705
1845;1934;-89;10:54:51.558705
1845;1933;-88;10:54:51.558705
1845;1936;-91;10:54:51.558705
1848;1937;-89;10:54:51.558705
1847;1935;-88;10:54:51.558705
1844;1935;-91;10:54:51.558705
1844;1932;-88;10:54:51.558705
1844;1932;-88;10:54:51.558705
1840;1928;-88;10:54:51.558705
1835;1923;-88;10:54:51.558705
1830;1922;-92;10:54:51.558705
1826;1917;-91;10:54:51.558705
1824;1911;-87;10:54:51.558705
1822;1910;-88;10:54:51.558705
1819;1909;-90;10:54:51.558705
1814;1905;-91;10:54:51.558705
1811;1903;-92;10:54:51.558705
1808;1902;-94;10:54:51.558705
1807;1900;-93;10:54:51.558705
1808;1900;-92;10:54:51.558705
1811;1902;-91;10:54:51.558705
1810;1902;-92;10:54:51.558705
1806;1900;-94;10:54:51.558705
1808;1902;-94;10:54:51.558705
1810;1901;-91;10:54:51.558705
1809;1902;-93;10:54:51.558705
1807;1900;-93;10:54:51.558705
1809;1903;-94;10:54:51.558705
1807;1903;-96;10:54:51.558705
1806;1902;-96;10:54:51.558705
1806;1905;-99;10:54:51.558705
1810;1903;-93;10:54:51.558705
1810;1905;-95;10:54:51.558705
1809;1903;-94;10:54:51.558705
1805;1902;-97;10:54:51.558705
1803;1901;-98;10:54:51.558705
1802;1898;-96;10:54:51.558705
1801;1893;-92;10:54:51.558705
1795;1892;-97;10:54:51.558705
1792;1887;-95;10:54:51.558705
1790;1883;-93;10:54:51.558705
1786;1882;-96;10:54:51.558705
1783;1876;-93;10:54:51.558705
1780;1873;-93;10:54:51.558705
1777;1871;-94;10:54:51.558705
1776;1868;-92;10:54:51.558705
1769;1866;-97;10:54:51.558705
1763;1858;-95;10:54:51.558705
1757;1859;-102;10:54:51.558705
1753;1855;-102;10:54:51.558705
1751;1852;-101;10:54:51.558705
1747;1848;-101;10:54:51.558705
1744;1845;-101;10:54:51.558705
1743;1847;-104;10:54:51.558705
1745;1847;-102;10:54:51.558705
1743;1841;-98;10:54:51.558705
1741;1844;-103;10:54:51.558705
1739;1841;-102;10:54:51.558705
1736;1840;-104;10:54:51.558705
1737;1839;-102;10:54:51.558705
1733;1838;-105;10:54:51.558705
1734;1836;-102;10:54:51.558705
1735;1835;-100;10:54:51.558705
1736;1832;-96;10:54:51.558705
1730;1830;-100;10:54:51.558705
1724;1828;-104;10:54:51.558705
1723;1830;-107;10:54:51.558705
1720;1827;-107;10:54:51.558705
1720;1827;-107;10:54:51.558705
1716;1824;-108;10:54:51.558705
1711;1823;-112;10:54:51.558705
1708;1821;-113;10:54:51.558705
1704;1819;-115;10:54:51.558705
1703;1819;-116;10:54:51.558705
1703;1816;-113;10:54:51.558705
1699;1813;-114;10:54:51.558705
1697;1809;-112;10:54:51.558705
1697;1809;-112;10:54:51.558705
1692;1808;-116;10:54:51.558705
1688;1806;-118;10:54:51.558705
1690;1807;-117;10:54:51.558705
1690;1806;-116;10:54:51.558705
1690;1807;-117;10:54:51.558705
1689;1807;-118;10:54:51.558705
1690;1806;-116;10:54:51.558705
1692;1808;-116;10:54:51.558705
1695;1810;-115;10:54:51.558705
1697;1811;-114;10:54:51.558705
1701;1814;-113;10:54:51.558705
1702;1817;-115;10:54:51.558705
1704;1819;-115;10:54:51.558705
1708;1818;-110;10:54:51.558705
1709;1819;-110;10:54:51.558705
1709;1823;-114;10:54:51.558705
1712;1821;-109;10:54:51.558705
1711;1825;-114;10:54:51.558705
1711;1832;-121;10:54:51.558705
1711;1830;-119;10:54:51.558705
1715;1834;-119;10:54:51.558705
1716;1834;-118;10:54:51.558705
1718;1832;-114;10:54:51.558705
1719;1833;-114;10:54:51.558705
1723;1835;-112;10:54:51.558705
1724;1834;-110;10:54:51.558705
1727;1837;-110;10:54:51.558705
1729;1842;-113;10:54:51.558705
1733;1842;-109;10:54:51.558705
1738;1842;-104;10:54:51.558705
1738;1843;-105;10:54:51.558705
1737;1845;-108;10:54:51.558705
1740;1846;-106;10:54:51.558705
1738;1846;-108;10:54:51.558705
1742;1851;-109;10:54:51.558705
1744;1852;-108;10:54:51.558705
1744;1853;-109;10:54:51.558705
1746;1859;-113;10:54:51.558705
1748;1860;-112;10:54:51.558705
1751;1865;-114;10:54:51.558705
1752;1865;-113;10:54:51.558705
1753;1865;-112;10:54:51.558705
1756;1865;-109;10:54:51.558705
1758;1868;-110;10:54:51.558705
1763;1870;-107;10:54:51.558705
1764;1869;-105;10:54:51.558705
1759;1869;-110;10:54:51.558705
1761;1868;-107;10:54:51.558705
1763;1869;-106;10:54:51.558705
1757;1870;-113;10:54:51.558705
1755;1869;-114;10:54:51.558705
1753;1866;-113;10:54:51.558705
1754;1866;-112;10:54:51.558705
1751;1863;-112;10:54:51.558705
1750;1861;-111;10:54:51.558705
1751;1863;-112;10:54:51.558705
1749;1862;-113;10:54:51.558705
1748;1860;-112;10:54:51.558705
1749;1859;-110;10:54:51.558705
1750;1859;-109;10:54:51.558705
1752;1859;-107;10:54:51.558705
1752;1860;-108;10:54:51.558705
1755;1862;-107;10:54:51.558705
1755;1868;-113;10:54:51.558705
1759;1875;-116;10:54:51.558705
1765;1881;-116;10:54:51.558705
1770;1889;-119;10:54:51.558705
1775;1893;-118;10:54:51.558705
1781;1896;-115;10:54:51.558705
1790;1904;-114;10:54:51.558705
1793;1906;-113;10:54:51.558705
1800;1909;-109;10:54:51.558705
1807;1911;-104;10:54:51.558705
1813;1919;-106;10:54:51.558705
1815;1921;-106;10:54:51.558705
1821;1922;-101;10:54:51.558705
1825;1928;-103;10:54:51.558705
1823;1930;-107;10:54:51.558705
1823;1930;-107;10:54:51.558705
1826;1929;-103;10:54:51.558705
1828;1931;-103;10:54:51.558705
1828;1930;-102;10:54:51.558705
1831;1931;-100;10:54:51.558705
1828;1929;-101;10:54:51.558705
1827;1925;-98;10:54:51.558705
1827;1925;-98;10:54:51.558705
1824;1926;-102;10:54:51.558705
1822;1923;-101;10:54:51.558705
1822;1921;-99;10:54:51.558705
1818;1924;-106;10:54:51.558705
1819;1917;-98;10:54:51.558705
1823;1913;-90;10:54:51.558705
1820;1913;-93;10:54:51.558705
1814;1910;-96;10:54:51.558705
1808;1908;-100;10:54:51.558705
1810;1912;-102;10:54:51.558705
1812;1911;-99;10:54:51.558705
1812;1909;-97;10:54:51.558705
1815;1910;-95;10:54:51.558705
1813;1907;-94;10:54:51.558705
1811;1907;-96;10:54:51.558705
1811;1909;-98;10:54:51.558705
1811;1909;-98;10:54:51.558705
1809;1911;-102;10:54:51.558705
1810;1912;-102;10:54:51.558705
1812;1910;-98;10:54:51.558705
1809;1912;-103;10:54:51.558705
1810;1913;-103;10:54:51.558705
1807;1912;-105;10:54:51.558705
1808;1911;-103;10:54:51.558705
1808;1909;-101;10:54:51.558705
1808;1907;-99;10:54:51.558705
1807;1905;-98;10:54:51.558705
1805;1903;-98;10:54:51.558705
1800;1904;-104;10:54:51.558705
1797;1901;-104;10:54:51.558705
1796;1898;-102;10:54:51.558705
1798;1895;-97;10:54:51.558705
1799;1892;-93;10:54:51.558705
1795;1890;-95;10:54:51.558705
1791;1889;-98;10:54:51.558705
1787;1888;-101;10:54:51.558705
1783;1888;-105;10:54:51.558705
1779;1883;-104;10:54:51.558705
1774;1882;-108;10:54:51.558705
1775;1880;-105;10:54:51.558705
1776;1882;-106;10:54:51.558705
1773;1879;-106;10:54:51.558705
1776;1879;-103;10:54:51.558705
1774;1875;-101;10:54:51.558705
1772;1874;-102;10:54:51.558705
1770;1872;-102;10:54:51.558705
1769;1871;-102;10:54:51.558705
1764;1873;-109;10:54:51.558705
1765;1869;-104;10:54:51.558705
1764;1869;-105;10:54:51.558705
1761;1867;-106;10:54:51.558705
1756;1864;-108;10:54:51.558705
1756;1864;-108;10:54:51.558705
1754;1862;-108;10:54:51.558705
1749;1857;-108;10:54:51.558705
1744;1852;-108;10:54:51.558705
1734;1848;-114;10:54:51.558705
1733;1846;-113;10:54:51.558705
1729;1838;-109;10:54:51.558705
1725;1836;-111;10:54:51.558705
1724;1833;-109;10:54:51.558705
1722;1831;-109;10:54:51.558705
1719;1829;-110;10:54:51.558705
1718;1826;-108;10:54:51.558705
1720;1826;-106;10:54:51.558705
1717;1824;-107;10:54:51.558705
1716;1824;-108;10:54:51.558705
1715;1825;-110;10:54:51.558705
1714;1828;-114;10:54:51.558705
1714;1829;-115;10:54:51.558705
1714;1828;-114;10:54:51.558705
1716;1830;-114;10:54:51.558705
1718;1832;-114;10:54:51.558705
1718;1834;-116;10:54:51.558705
1718;1834;-116;10:54:51.558705
1718;1838;-120;10:54:51.558705
1719;1833;-114;10:54:51.558705
1720;1834;-114;10:54:51.558705
1720;1835;-115;10:54:51.558705
1717;1833;-116;10:54:51.558705
1715;1836;-121;10:54:51.558705
1715;1836;-121;10:54:51.558705
1716;1834;-118;10:54:51.558705
1716;1833;-117;10:54:51.558705
1715;1831;-116;10:54:51.558705
1715;1829;-114;10:54:51.558705
1710;1828;-118;10:54:51.558705
1709;1824;-115;10:54:51.558705
1708;1824;-116;10:54:51.558705
1707;1821;-114;10:54:51.558705
1703;1822;-119;10:54:51.558705
1701;1822;-121;10:54:51.558705
1700;1819;-119;10:54:51.558705
1698;1817;-119;10:54:51.558705
1699;1818;-119;10:54:51.558705
1701;1820;-119;10:54:51.558705
1703;1821;-118;10:54:51.558705
1705;1826;-121;10:54:51.558705
1707;1828;-121;10:54:51.558705
1710;1831;-121;10:54:51.558705
1715;1834;-119;10:54:51.558705
1723;1837;-114;10:54:51.558705
1724;1843;-119;10:54:51.558705
1727;1847;-120;10:54:51.558705
1734;1850;-116;10:54:51.558705
1740;1851;-111;10:54:51.558705
1738;1852;-114;10:54:51.558705
1740;1854;-114;10:54:51.558705
1745;1857;-112;10:54:51.558705
1744;1861;-117;10:54:51.558705
1744;1857;-113;10:54:51.558705
1744;1857;-113;10:54:51.558705
1748;1857;-109;10:54:51.558705
1750;1856;-106;10:54:51.558705
1751;1857;-106;10:54:51.558705
1749;1855;-106;10:54:51.558705
1749;1856;-107;10:54:51.558705
1749;1856;-107;10:54:51.558705
1749;1859;-110;10:54:51.558705
1749;1860;-111;10:54:51.558705
1748;1862;-114;10:54:51.558705
1750;1864;-114;10:54:51.558705
1750;1866;-116;10:54:51.558705
1748;1863;-115;10:54:51.558705
1751;1863;-112;10:54:51.558705
1753;1861;-108;10:54:51.558705
1750;1859;-109;10:54:51.558705
1750;1859;-109;10:54:51.558705
1752;1857;-105;10:54:51.558705
1749;1857;-108;10:54:51.558705
1747;1855;-108;10:54:51.558705
1746;1855;-109;10:54:51.558705
1744;1852;-108;10:54:51.558705
1743;1854;-111;10:54:51.558705
1744;1855;-111;10:54:51.558705
1746;1856;-110;10:54:51.558705
1748;1859;-111;10:54:51.558705
1749;1860;-111;10:54:51.558705
1749;1863;-114;10:54:51.558705
1750;1866;-116;10:54:51.558705
1754;1865;-111;10:54:51.558705
1759;1864;-105;10:54:51.558705
1760;1867;-107;10:54:51.558705
1763;1869;-106;10:54:51.558705
1765;1869;-104;10:54:51.558705
1765;1868;-103;10:54:51.558705
1763;1868;-105;10:54:51.558705
1763;1870;-107;10:54:51.558705
1764;1874;-110;10:54:51.558705
1763;1873;-110;10:54:51.558705
1767;1873;-106;10:54:51.558705
1770;1876;-106;10:54:51.558705
1773;1876;-103;10:54:51.558705
1774;1880;-106;10:54:51.558705
1778;1881;-103;10:54:51.558705
1778;1883;-105;10:54:51.558705
1781;1884;-103;10:54:51.558705
1783;1885;-102;10:54:51.558705
1786;1889;-103;10:54:51.558705
1788;1891;-103;10:54:51.558705
1793;1895;-102;10:54:51.558705
1798;1898;-100;10:54:51.558705
1799;1902;-103;10:54:51.558705
1805;1906;-101;10:54:51.558705
1807;1910;-103;10:54:51.558705
1807;1911;-104;10:54:51.558705
1808;1913;-105;10:54:51.558705
1806;1912;-106;10:54:51.558705
1801;1912;-111;10:54:51.558705
1801;1911;-110;10:54:51.558705
1802;1910;-108;10:54:51.558705
1802;1907;-105;10:54:51.558705
1807;1905;-98;10:54:51.558705
1809;1906;-97;10:54:51.558705
1805;1907;-102;10:54:51.558705
1803;1906;-103;10:54:51.558705
1804;1907;-103;10:54:51.558705
1806;1906;-100;10:54:51.558705
1806;1904;-98;10:54:51.558705
1802;1906;-104;10:54:51.558705
1802;1905;-103;10:54:51.558705
1804;1905;-101;10:54:51.558705
1804;1903;-99;10:54:51.558705
1804;1903;-99;10:54:51.558705
1803;1904;-101;10:54:51.558705
1802;1903;-101;10:54:51.558705
1802;1903;-101;10:54:51.558705
1800;1902;-102;10:54:51.660206
1803;1903;-100;10:54:51.660206
1806;1902;-96;10:54:51.660206
1804;1901;-97;10:54:51.660206
1803;1903;-100;10:54:51.660206
1805;1903;-98;10:54:51.660206
1802;1905;-103;10:54:51.660206
1800;1904;-104;10:54:51.660206
1798;1902;-104;10:54:51.660206
1798;1900;-102;10:54:51.660206
1798;1900;-102;10:54:51.660206
1796;1899;-103;10:54:51.660206
1797;1899;-102;10:54:51.660206
1793;1897;-104;10:54:51.660206
1793;1896;-103;10:54:51.660206
1797;1897;-100;10:54:51.660206
1793;1896;-103;10:54:51.660206
1794;1895;-101;10:54:51.660206
1792;1893;-101;10:54:51.660206
1792;1897;-105;10:54:51.660206
1791;1892;-101;10:54:51.660206
1792;1892;-100;10:54:51.660206
1789;1892;-103;10:54:51.660206
1787;1891;-104;10:54:51.660206
1785;1890;-105;10:54:51.660206
1783;1889;-106;10:54:51.660206
1781;1885;-104;10:54:51.660206
1778;1882;-104;10:54:51.660206
1779;1882;-103;10:54:51.660206
1775;1879;-104;10:54:51.660206
1774;1875;-101;10:54:51.660206
1773;1877;-104;10:54:51.660206
1770;1873;-103;10:54:51.660206
1770;1872;-102;10:54:51.660206
1766;1875;-109;10:54:51.660206
1769;1873;-104;10:54:51.660206
1767;1874;-107;10:54:51.660206
1764;1871;-107;10:54:51.660206
1763;1869;-106;10:54:51.660206
1759;1869;-110;10:54:51.660206
1758;1868;-110;10:54:51.660206
1759;1864;-105;10:54:51.660206
1757;1862;-105;10:54:51.660206
1754;1861;-107;10:54:51.660206
1748;1856;-108;10:54:51.660206
1743;1854;-111;10:54:51.660206
1741;1852;-111;10:54:51.660206
1738;1848;-110;10:54:51.660206
1738;1843;-105;10:54:51.660206
1734;1839;-105;10:54:51.660206
1728;1838;-110;10:54:51.660206
1722;1831;-109;10:54:51.660206
1720;1830;-110;10:54:51.660206
1717;1831;-114;10:54:51.660206
1716;1827;-111;10:54:51.660206
1714;1828;-114;10:54:51.660206
1714;1824;-110;10:54:51.660206
1709;1821;-112;10:54:51.660206
1711;1821;-110;10:54:51.660206
1709;1823;-114;10:54:51.660206
1710;1826;-116;10:54:51.660206
1711;1829;-118;10:54:51.660206
1714;1831;-117;10:54:51.660206
1713;1832;-119;10:54:51.660206
1715;1834;-119;10:54:51.660206
1717;1833;-116;10:54:51.660206
1717;1837;-120;10:54:51.660206
1719;1839;-120;10:54:51.660206
1723;1841;-118;10:54:51.660206
1720;1841;-121;10:54:51.660206
1720;1841;-121;10:54:51.660206
1724;1842;-118;10:54:51.660206
1725;1843;-118;10:54:51.660206
1725;1844;-119;10:54:51.660206
1726;1844;-118;10:54:51.660206
1728;1843;-115;10:54:51.660206
1728;1841;-113;10:54:51.660206
1728;1838;-110;10:54:51.660206
1729;1840;-111;10:54:51.660206
1723;1837;-114;10:54:51.660206
1725;1835;-110;10:54:51.660206
1724;1834;-110;10:54:51.660206
1720;1832;-112;10:54:51.660206
1720;1831;-111;10:54:51.660206
1717;1831;-114;10:54:51.660206
1714;1830;-116;10:54:51.660206
1716;1831;-115;10:54:51.660206
1717;1833;-116;10:54:51.660206
1721;1834;-113;10:54:51.660206
1719;1836;-117;10:54:51.660206
1719;1837;-118;10:54:51.660206
1722;1840;-118;10:54:51.660206
1722;1843;-121;10:54:51.660206
1727;1844;-117;10:54:51.660206
1729;1845;-116;10:54:51.660206
1732;1850;-118;10:54:51.660206
1734;1847;-113;10:54:51.660206
1738;1852;-114;10:54:51.660206
1739;1853;-114;10:54:51.660206
1739;1855;-116;10:54:51.660206
1742;1855;-113;10:54:51.660206
1745;1856;-111;10:54:51.660206
1743;1857;-114;10:54:51.660206
1745;1858;-113;10:54:51.660206
1747;1859;-112;10:54:51.660206
1748;1860;-112;10:54:51.660206
1749;1860;-111;10:54:51.660206
1748;1861;-113;10:54:51.660206
1747;1861;-114;10:54:51.660206
1746;1857;-111;10:54:51.660206
1743;1853;-110;10:54:51.660206
1742;1853;-111;10:54:51.660206
1742;1850;-108;10:54:51.660206
1738;1851;-113;10:54:51.660206
1735;1849;-114;10:54:51.660206
1735;1850;-115;10:54:51.660206
1732;1847;-115;10:54:51.660206
1734;1849;-115;10:54:51.660206
1736;1848;-112;10:54:51.660206
1738;1849;-111;10:54:51.660206
1739;1848;-109;10:54:51.660206
1740;1850;-110;10:54:51.660206
1740;1849;-109;10:54:51.660206
1743;1850;-107;10:54:51.660206
1743;1852;-109;10:54:51.660206
1745;1854;-109;10:54:51.660206
1747;1858;-111;10:54:51.660206
1750;1860;-110;10:54:51.660206
1751;1864;-113;10:54:51.660206
1753;1864;-111;10:54:51.660206
1754;1866;-112;10:54:51.660206
1759;1871;-112;10:54:51.660206
1764;1876;-112;10:54:51.660206
1766;1877;-111;10:54:51.660206
1769;1879;-110;10:54:51.660206
1771;1882;-111;10:54:51.660206
1773;1884;-111;10:54:51.660206
1779;1889;-110;10:54:51.660206
1782;1890;-108;10:54:51.660206
1785;1893;-108;10:54:51.660206
1789;1895;-106;10:54:51.660206
1793;1897;-104;10:54:51.660206
1798;1900;-102;10:54:51.660206
1804;1902;-98;10:54:51.660206
1804;1906;-102;10:54:51.660206
1807;1909;-102;10:54:51.660206
1813;1912;-99;10:54:51.660206
1815;1917;-102;10:54:51.660206
1817;1921;-104;10:54:51.660206
1821;1923;-102;10:54:51.660206
1824;1924;-100;10:54:51.660206
1825;1925;-100;10:54:51.660206
1825;1923;-98;10:54:51.660206
1829;1922;-93;10:54:51.660206
1830;1921;-91;10:54:51.660206
1826;1919;-93;10:54:51.660206
1824;1921;-97;10:54:51.660206
1822;1920;-98;10:54:51.660206
1820;1916;-96;10:54:51.660206
1820;1917;-97;10:54:51.660206
1819;1916;-97;10:54:51.660206
1816;1915;-99;10:54:51.660206
1815;1919;-104;10:54:51.660206
1815;1917;-102;10:54:51.660206
1814;1917;-103;10:54:51.660206
1814;1913;-99;10:54:51.660206
1815;1913;-98;10:54:51.660206
1811;1914;-103;10:54:51.660206
1809;1911;-102;10:54:51.660206
1809;1909;-100;10:54:51.660206
1809;1904;-95;10:54:51.660206
1806;1897;-91;10:54:51.660206
1803;1899;-96;10:54:51.660206
1805;1899;-94;10:54:51.660206
1802;1897;-95;10:54:51.660206
1801;1896;-95;10:54:51.660206
1801;1897;-96;10:54:51.660206
1799;1895;-96;10:54:51.660206
1800;1898;-98;10:54:51.660206
1798;1897;-99;10:54:51.660206
1799;1902;-103;10:54:51.660206
1797;1903;-106;10:54:51.660206
1798;1900;-102;10:54:51.660206
1798;1900;-102;10:54:51.660206
1800;1901;-101;10:54:51.660206
1802;1902;-100;10:54:51.660206
1803;1905;-102;10:54:51.660206
1806;1904;-98;10:54:51.660206
1805;1902;-97;10:54:51.660206
1805;1902;-97;10:54:51.660206
1804;1899;-95;10:54:51.660206
1800;1899;-99;10:54:51.660206
1797;1898;-101;10:54:51.660206
1797;1896;-99;10:54:51.660206
1793;1897;-104;10:54:51.660206
1791;1894;-103;10:54:51.660206
1789;1894;-105;10:54:51.660206
1787;1891;-104;10:54:51.660206
1784;1889;-105;10:54:51.660206
1783;1886;-103;10:54:51.660206
1787;1884;-97;10:54:51.660206
1785;1880;-95;10:54:51.660206
1782;1878;-96;10:54:51.660206
1780;1877;-97;10:54:51.660206
1777;1875;-98;10:54:51.660206
1773;1869;-96;10:54:51.660206
1770;1867;-97;10:54:51.660206
1768;1867;-99;10:54:51.660206
1762;1865;-103;10:54:51.660206
1761;1864;-103;10:54:51.660206
1757;1863;-106;10:54:51.660206
1752;1860;-108;10:54:51.660206
1751;1859;-108;10:54:51.660206
1751;1858;-107;10:54:51.660206
1749;1859;-110;10:54:51.660206
1750;1857;-107;10:54:51.660206
1752;1855;-103;10:54:51.660206
1751;1851;-100;10:54:51.660206
1751;1850;-99;10:54:51.660206
1749;1851;-102;10:54:51.660206
1744;1847;-103;10:54:51.660206
1739;1846;-107;10:54:51.660206
1737;1844;-107;10:54:51.660206
1732;1843;-111;10:54:51.660206
1730;1842;-112;10:54:51.660206
1730;1843;-113;10:54:51.660206
1727;1840;-113;10:54:51.660206
1728;1836;-108;10:54:51.660206
1729;1835;-106;10:54:51.660206
1722;1833;-111;10:54:51.660206
1722;1831;-109;10:54:51.660206
1720;1829;-109;10:54:51.660206
1720;1830;-110;10:54:51.660206
1720;1829;-109;10:54:51.660206
1716;1828;-112;10:54:51.660206
1717;1828;-111;10:54:51.660206
1719;1829;-110;10:54:51.660206
1718;1830;-112;10:54:51.660206
1718;1829;-111;10:54:51.660206
1720;1835;-115;10:54:51.660206
1720;1836;-116;10:54:51.660206
1719;1836;-117;10:54:51.660206
1719;1838;-119;10:54:51.660206
1722;1839;-117;10:54:51.660206
1721;1839;-118;10:54:51.660206
1721;1841;-120;10:54:51.660206
1725;1844;-119;10:54:51.660206
1726;1845;-119;10:54:51.660206
1725;1845;-120;10:54:51.660206
1729;1847;-118;10:54:51.660206
1732;1847;-115;10:54:51.660206
1732;1847;-115;10:54:51.660206
1735;1846;-111;10:54:51.660206
1734;1846;-112;10:54:51.660206
1730;1844;-114;10:54:51.660206
1732;1843;-111;10:54:51.679160
1732;1840;-108;10:54:51.679160
1734;1840;-106;10:54:51.679160
1731;1839;-108;10:54:51.679160
1729;1836;-107;10:54:51.679160
1729;1838;-109;10:54:51.679160
1732;1838;-106;10:54:51.679160
1732;1840;-108;10:54:51.679160
1729;1841;-112;10:54:51.679160
1733;1842;-109;10:54:51.679160
1733;1843;-110;10:54:51.679160
1731;1845;-114;10:54:51.679160
1728;1847;-119;10:54:51.679160
1732;1848;-116;10:54:51.679160
1733;1848;-115;10:54:51.679160
1735;1846;-111;10:54:51.679160
1735;1850;-115;10:54:51.679160
1735;1852;-117;10:54:51.679160
1741;1851;-110;10:54:51.679160
1745;1853;-108;10:54:51.679160
1746;1855;-109;10:54:51.679160
1751;1857;-106;10:54:51.679160
1751;1858;-107;10:54:51.679160
1749;1858;-109;10:54:51.679160
1749;1860;-111;10:54:51.679160
1750;1861;-111;10:54:51.679160
1753;1859;-106;10:54:51.679160
1751;1864;-113;10:54:51.679160
1750;1865;-115;10:54:51.679160
1754;1868;-114;10:54:51.679160
1753;1867;-114;10:54:51.679160
1755;1865;-110;10:54:51.679160
1753;1865;-112;10:54:51.679160
1753;1865;-112;10:54:51.679160
1755;1863;-108;10:54:51.679160
1754;1861;-107;10:54:51.679160
1754;1861;-107;10:54:51.679160
1753;1865;-112;10:54:51.679160
1751;1861;-110;10:54:51.679160
1753;1860;-107;10:54:51.679160
1752;1855;-103;10:54:51.679160
1751;1858;-107;10:54:51.679160
1752;1860;-108;10:54:51.679160
1753;1862;-109;10:54:51.679160
1757;1864;-107;10:54:51.679160
1762;1866;-104;10:54:51.679160
1761;1867;-106;10:54:51.679160
1762;1875;-113;10:54:51.679160
1763;1875;-112;10:54:51.679160
1766;1876;-110;10:54:51.679160
1769;1879;-110;10:54:51.679160
1774;1883;-109;10:54:51.679160
1780;1889;-109;10:54:51.679160
1781;1890;-109;10:54:51.679160
1782;1889;-107;10:54:51.679160
1786;1893;-107;10:54:51.679160
1790;1894;-104;10:54:51.679160
1794;1897;-103;10:54:51.679160
1798;1901;-103;10:54:51.679160
1794;1902;-108;10:54:51.679160
1798;1904;-106;10:54:51.679160
1803;1907;-104;10:54:51.679160
1805;1909;-104;10:54:51.679160
1810;1912;-102;10:54:51.679160
1812;1915;-103;10:54:51.679160
1815;1919;-104;10:54:51.679160
1817;1921;-104;10:54:51.679160
1820;1923;-103;10:54:51.679160
1822;1928;-106;10:54:51.679160
1828;1929;-101;10:54:51.679160
1832;1928;-96;10:54:51.679160
1832;1928;-96;10:54:51.679160
1831;1928;-97;10:54:51.679160
1831;1929;-98;10:54:51.679160
1831;1927;-96;10:54:51.679160
1831;1926;-95;10:54:51.679160
1827;1926;-99;10:54:51.679160
1824;1923;-99;10:54:51.679160
1823;1921;-98;10:54:51.679160
1818;1916;-98;10:54:51.679160
1815;1919;-104;10:54:51.679160
1818;1913;-95;10:54:51.679160
1811;1914;-103;10:54:51.679160
1810;1912;-102;10:54:51.679160
1810;1911;-101;10:54:51.679160
1809;1914;-105;10:54:51.679160
1808;1911;-103;10:54:51.679160
1807;1906;-99;10:54:51.679160
1807;1905;-98;10:54:51.679160
1803;1905;-102;10:54:51.679160
1805;1902;-97;10:54:51.679160
1802;1903;-101;10:54:51.679160
1803;1901;-98;10:54:51.679160
1804;1903;-99;10:54:51.679160
1802;1904;-102;10:54:51.679160
1801;1904;-103;10:54:51.679160
1799;1901;-102;10:54:51.679160
1801;1900;-99;10:54:51.679160
1797;1899;-102;10:54:51.679160
1792;1893;-101;10:54:51.679160
1791;1894;-103;10:54:51.679160
1790;1894;-104;10:54:51.679160
1790;1894;-104;10:54:51.679160
1790;1894;-104;10:54:51.679160
1791;1896;-105;10:54:51.679160
1789;1899;-110;10:54:51.679160
1787;1898;-111;10:54:51.679160
1789;1895;-106;10:54:51.679160
1787;1893;-106;10:54:51.679160
1788;1895;-107;10:54:51.679160
1787;1893;-106;10:54:51.679160
1788;1893;-105;10:54:51.679160
1787;1892;-105;10:54:51.679160
1784;1889;-105;10:54:51.679160
1780;1887;-107;10:54:51.679160
1778;1889;-111;10:54:51.679160
1778;1884;-106;10:54:51.679160
1775;1882;-107;10:54:51.679160
1771;1881;-110;10:54:51.679160
1767;1880;-113;10:54:51.679160
1768;1879;-111;10:54:51.679160
1767;1877;-110;10:54:51.679160
1763;1872;-109;10:54:51.679160
1763;1868;-105;10:54:51.679160
1761;1866;-105;10:54:51.679160
1758;1861;-103;10:54:51.679160
1753;1857;-104;10:54:51.679160
1747;1854;-107;10:54:51.679160
1747;1853;-106;10:54:51.679160
1743;1853;-110;10:54:51.679160
1740;1847;-107;10:54:51.679160
1736;1848;-112;10:54:51.679160
1732;1843;-111;10:54:51.679160
1731;1841;-110;10:54:51.679160
1730;1838;-108;10:54:51.679160
1726;1839;-113;10:54:51.679160
1723;1838;-115;10:54:51.679160
1723;1840;-117;10:54:51.679160
1724;1837;-113;10:54:51.679160
1723;1840;-117;10:54:51.679160
1725;1841;-116;10:54:51.679160
1728;1841;-113;10:54:51.679160
1725;1840;-115;10:54:51.679160
1726;1842;-116;10:54:51.679160
1727;1840;-113;10:54:51.679160
1729;1844;-115;10:54:51.679160
1731;1841;-110;10:54:51.679160
1730;1841;-111;10:54:51.679160
1731;1841;-110;10:54:51.679160
1732;1840;-108;10:54:51.679160
1729;1840;-111;10:54:51.679160
1725;1840;-115;10:54:51.679160
1726;1841;-115;10:54:51.679160
1726;1838;-112;10:54:51.679160
1724;1838;-114;10:54:51.679160
1722;1836;-114;10:54:51.679160
1721;1834;-113;10:54:51.679160
1717;1834;-117;10:54:51.679160
1716;1832;-116;10:54:51.679160
1714;1829;-115;10:54:51.679160
1713;1827;-114;10:54:51.679160
1711;1823;-112;10:54:51.679160
1706;1819;-113;10:54:51.679160
1704;1822;-118;10:54:51.679160
1704;1820;-116;10:54:51.679160
1703;1819;-116;10:54:51.679160
1702;1817;-115;10:54:51.679160
1704;1817;-113;10:54:51.679160
1704;1817;-113;10:54:51.679160
1700;1818;-118;10:54:51.679160
1700;1820;-120;10:54:51.679160
1703;1821;-118;10:54:51.679160
1703;1823;-120;10:54:51.679160
1704;1824;-120;10:54:51.679160
1709;1827;-118;10:54:51.679160
1711;1831;-120;10:54:51.679160
1714;1833;-119;10:54:51.679160
1717;1836;-119;10:54:51.679160
1723;1839;-116;10:54:51.679160
1727;1843;-116;10:54:51.679160
1729;1846;-117;10:54:51.679160
1733;1848;-115;10:54:51.679160
1737;1850;-113;10:54:51.679160
1741;1852;-111;10:54:51.679160
1740;1852;-112;10:54:51.679160
1738;1851;-113;10:54:51.679160
1738;1851;-113;10:54:51.679160
1738;1852;-114;10:54:51.679160
1741;1852;-111;10:54:51.679160
1742;1851;-109;10:54:51.679160
1741;1855;-114;10:54:51.679160
1741;1851;-110;10:54:51.679160
1739;1851;-112;10:54:51.679160
1738;1849;-111;10:54:51.679160
1739;1848;-109;10:54:51.679160
1740;1847;-107;10:54:51.679160
1739;1846;-107;10:54:51.679160
1743;1847;-104;10:54:51.679160
1741;1847;-106;10:54:51.679160
1739;1847;-108;10:54:51.679160
1737;1850;-113;10:54:51.679160
1736;1854;-118;10:54:51.679160
1738;1854;-116;10:54:51.679160
1740;1858;-118;10:54:51.679160
1744;1860;-116;10:54:51.679160
1747;1860;-113;10:54:51.679160
1748;1859;-111;10:54:51.679160
1747;1862;-115;10:54:51.679160
1749;1861;-112;10:54:51.679160
1755;1864;-109;10:54:51.679160
1756;1865;-109;10:54:51.679160
1757;1869;-112;10:54:51.679160
1762;1874;-112;10:54:51.679160
1766;1874;-108;10:54:51.679160
1766;1874;-108;10:54:51.679160
1766;1875;-109;10:54:51.679160
1769;1875;-106;10:54:51.679160
1772;1879;-107;10:54:51.679160
1773;1880;-107;10:54:51.679160
1778;1882;-104;10:54:51.679160
1779;1889;-110;10:54:51.679160
1782;1891;-109;10:54:51.679160
1787;1893;-106;10:54:51.679160
1790;1895;-105;10:54:51.679160
1789;1897;-108;10:54:51.679160
1791;1898;-107;10:54:51.679160
1795;1900;-105;10:54:51.679160
1799;1903;-104;10:54:51.679160
1799;1905;-106;10:54:51.679160
1800;1905;-105;10:54:51.679160
1799;1908;-109;10:54:51.679160
1800;1905;-105;10:54:51.679160
1803;1906;-103;10:54:51.679160
1803;1906;-103;10:54:51.679160
1804;1909;-105;10:54:51.679160
1808;1909;-101;10:54:51.679160
1813;1912;-99;10:54:51.679160
1810;1913;-103;10:54:51.679160
1812;1915;-103;10:54:51.679160
1813;1915;-102;10:54:51.679160
1811;1915;-104;10:54:51.679160
1815;1916;-101;10:54:51.679160
1816;1918;-102;10:54:51.679160
1815;1919;-104;10:54:51.679160
1814;1915;-101;10:54:51.679160
1816;1916;-100;10:54:51.679160
1815;1916;-101;10:54:51.679160
1813;1914;-101;10:54:51.679160
1812;1914;-102;10:54:51.679160
1810;1913;-103;10:54:51.679160
1809;1913;-104;10:54:51.679160
1810;1911;-101;10:54:51.679160
1809;1911;-102;10:54:51.679160
1807;1907;-100;10:54:51.679160
1805;1906;-101;10:54:51.679160
1806;1903;-97;10:54:51.679160
1803;1902;-99;10:54:51.679160
1799;1903;-104;10:54:51.679160
1801;1903;-102;10:54:51.679160
1799;1900;-101;10:54:51.679160
1799;1898;-99;10:54:51.679160
1800;1901;-101;10:54:51.679160
1799;1900;-101;10:54:51.679160
1802;1897;-95;10:54:51.679160
1801;1900;-99;10:54:51.679160
1804;1898;-94;10:54:51.679160
1802;1897;-95;10:54:51.679160
1804;1900;-96;10:54:51.679160
1802;1899;-97;10:54:51.679160
1801;1895;-94;10:54:51.679160
1799;1897;-98;10:54:51.679160
1797;1895;-98;10:54:51.679160
1796;1892;-96;10:54:51.679160
1795;1892;-97;10:54:51.679160
1797;1894;-97;10:54:51.679160
1794;1893;-99;10:54:51.679160
1794;1892;-98;10:54:51.679160
1796;1898;-102;10:54:51.679160
1796;1901;-105;10:54:51.679160
1793;1899;-106;10:54:51.679160
1793;1901;-108;10:54:51.679160
1793;1901;-108;10:54:51.679160
1792;1899;-107;10:54:51.679160
1790;1898;-108;10:54:51.679160
1789;1893;-104;10:54:51.679160
1788;1890;-102;10:54:51.679160
1783;1890;-107;10:54:51.679160
1782;1887;-105;10:54:51.679160
1781;1886;-105;10:54:51.679160
1780;1881;-101;10:54:51.679160
1778;1875;-97;10:54:51.679160
1775;1875;-100;10:54:51.679160
1773;1874;-101;10:54:51.679160
1769;1870;-101;10:54:51.679160
1765;1871;-106;10:54:51.679160
1760;1868;-108;10:54:51.679160
1760;1864;-104;10:54:51.679160
1759;1862;-103;10:54:51.679160
1753;1860;-107;10:54:51.679160
1750;1856;-106;10:54:51.679160
1747;1854;-107;10:54:51.679160
1746;1855;-109;10:54:51.679160
1742;1845;-103;10:54:51.679160
1737;1845;-108;10:54:51.679160
1736;1840;-104;10:54:51.679160
1732;1836;-104;10:54:51.679160
1725;1833;-108;10:54:51.679160
1720;1833;-113;10:54:51.679160
1716;1830;-114;10:54:51.679160
1715;1826;-111;10:54:51.679160
1715;1824;-109;10:54:51.679160
1711;1825;-114;10:54:51.679160
1707;1826;-119;10:54:51.679160
1708;1827;-119;10:54:51.679160
1708;1821;-113;10:54:51.679160
1707;1826;-119;10:54:51.679160
1706;1829;-123;10:54:51.679160
1710;1831;-121;10:54:51.679160
1715;1833;-118;10:54:51.679160
1718;1834;-116;10:54:51.679160
1719;1836;-117;10:54:51.679160
1720;1840;-120;10:54:51.679160
1721;1841;-120;10:54:51.679160
1721;1843;-122;10:54:51.679160
1721;1842;-121;10:54:51.679160
1722;1844;-122;10:54:51.679160
1723;1845;-122;10:54:51.679160
1722;1842;-120;10:54:51.679160
1719;1840;-121;10:54:51.679160
1721;1838;-117;10:54:51.679160
1723;1836;-113;10:54:51.679160
1722;1831;-109;10:54:51.679160
1720;1828;-108;10:54:51.679160
1720;1830;-110;10:54:51.679160
1720;1831;-111;10:54:51.679160
1718;1829;-111;10:54:51.679160
1718;1830;-112;10:54:51.679160
1720;1832;-112;10:54:51.679160
1719;1834;-115;10:54:51.679160
1720;1835;-115;10:54:51.679160
1723;1836;-113;10:54:51.679160
1725;1836;-111;10:54:51.679160
1725;1836;-111;10:54:51.679160
1723;1837;-114;10:54:51.679160
1723;1839;-116;10:54:51.679160
1723;1842;-119;10:54:51.679160
1724;1840;-116;10:54:51.679160
1725;1840;-115;10:54:51.679160
1726;1841;-115;10:54:51.679160
1725;1843;-118;10:54:51.679160
1727;1842;-115;10:54:51.679160
1726;1842;-116;10:54:51.679160
1726;1845;-119;10:54:51.679160
1729;1847;-118;10:54:51.679160
1729;1848;-119;10:54:51.679160
1734;1847;-113;10:54:51.679160
1736;1850;-114;10:54:51.679160
1736;1850;-114;10:54:51.679160
1740;1851;-111;10:54:51.679160
1745;1853;-108;10:54:51.679160
1747;1854;-107;10:54:51.679160
1747;1858;-111;10:54:51.679160
1753;1857;-104;10:54:51.679160
1755;1862;-107;10:54:51.679160
1754;1864;-110;10:54:51.679160
1754;1863;-109;10:54:51.679160
1753;1864;-111;10:54:51.679160
1752;1865;-113;10:54:51.679160
1749;1860;-111;10:54:51.679160
1749;1859;-110;10:54:51.679160
1749;1857;-108;10:54:51.679160
1744;1856;-112;10:54:51.679160
1741;1850;-109;10:54:51.679160
1739;1850;-111;10:54:51.679160
1739;1850;-111;10:54:51.679160
1738;1849;-111;10:54:51.679160
1738;1847;-109;10:54:51.679160
1738;1848;-110;10:54:51.679160
1736;1846;-110;10:54:51.679160
1739;1846;-107;10:54:51.679160
1741;1847;-106;10:54:51.679160
1741;1846;-105;10:54:51.679160
1741;1847;-106;10:54:51.679160
1742;1850;-108;10:54:51.679160
1743;1854;-111;10:54:51.679160
1743;1856;-113;10:54:51.679160
1744;1859;-115;10:54:51.679160
1747;1861;-114;10:54:51.679160
1749;1862;-113;10:54:51.679160
1751;1860;-109;10:54:51.679160
1752;1861;-109;10:54:51.679160
1754;1864;-110;10:54:51.679160
1761;1867;-106;10:54:51.679160
1764;1870;-106;10:54:51.679160
1766;1874;-108;10:54:51.679160
1768;1876;-108;10:54:51.679160
1777;1880;-103;10:54:51.679160
1779;1883;-104;10:54:51.679160
1779;1887;-108;10:54:51.679160
1781;1890;-109;10:54:51.679160
1786;1896;-110;10:54:51.679160
1787;1896;-109;10:54:51.679160
1788;1895;-107;10:54:51.679160
1791;1898;-107;10:54:51.679160
1790;1900;-110;10:54:51.679160
1793;1901;-108;10:54:51.679160
1798;1903;-105;10:54:51.679160
1798;1901;-103;10:54:51.679160
1802;1904;-102;10:54:51.679160
1804;1905;-101;10:54:51.679160
1803;1905;-102;10:54:51.679160
1803;1906;-103;10:54:51.679160
1804;1907;-103;10:54:51.679160
1805;1909;-104;10:54:51.679160
1805;1911;-106;10:54:51.679160
1806;1911;-105;10:54:51.679160
1807;1909;-102;10:54:51.679160
1808;1908;-100;10:54:51.679160
1807;1907;-100;10:54:51.679160
1805;1910;-105;10:54:51.679160
1803;1905;-102;10:54:51.679160
1805;1908;-103;10:54:51.679160
1804;1904;-100;10:54:51.679160
1802;1905;-103;10:54:51.679160
1801;1903;-102;10:54:51.679160
1803;1905;-102;10:54:51.679160
1800;1901;-101;10:54:51.679160
1800;1896;-96;10:54:51.679160
1797;1896;-99;10:54:51.679160
1798;1895;-97;10:54:51.679160
1796;1894;-98;10:54:51.679160
1795;1897;-102;10:54:51.679160
1793;1900;-107;10:54:51.679160
1796;1901;-105;10:54:51.679160
1796;1898;-102;10:54:51.679160
1795;1902;-107;10:54:51.679160
1795;1902;-107;10:54:51.679160
1798;1903;-105;10:54:51.679160
1798;1906;-108;10:54:51.679160
1801;1908;-107;10:54:51.679160
1801;1907;-106;10:54:51.679160
1805;1907;-102;10:54:51.679160
1804;1910;-106;10:54:51.679160
1803;1910;-107;10:54:51.679160
1807;1906;-99;10:54:51.679160
1805;1905;-100;10:54:51.679160
1804;1904;-100;10:54:51.679160
1801;1902;-101;10:54:51.679160
1801;1903;-102;10:54:51.679160
1799;1898;-99;10:54:51.679160
1798;1898;-100;10:54:51.679160
1802;1896;-94;10:54:51.679160
1803;1897;-94;10:54:51.679160
1795;1890;-95;10:54:51.679160
1792;1884;-92;10:54:51.679160
1790;1889;-99;10:54:51.679160
1783;1887;-104;10:54:51.679160
1776;1880;-104;10:54:51.679160
1773;1881;-108;10:54:51.679160
1772;1877;-105;10:54:51.679160
1765;1876;-111;10:54:51.679160
1764;1872;-108;10:54:51.679160
1762;1871;-109;10:54:51.679160
1759;1868;-109;10:54:51.679160
1754;1863;-109;10:54:51.679160
1753;1861;-108;10:54:51.679160
1751;1858;-107;10:54:51.679160
1749;1856;-107;10:54:51.679160
1750;1855;-105;10:54:51.679160
1747;1853;-106;10:54:51.679160
1746;1852;-106;10:54:51.679160
1749;1852;-103;10:54:51.679160
1748;1849;-101;10:54:51.679160
1745;1848;-103;10:54:51.679160
1743;1849;-106;10:54:51.679160
1747;1849;-102;10:54:51.679160
1744;1849;-105;10:54:51.679160
1745;1847;-102;10:54:51.679160
1750;1849;-99;10:54:51.679160
1747;1852;-105;10:54:51.679160
1745;1852;-107;10:54:51.679160
1745;1851;-106;10:54:51.679160
1741;1853;-112;10:54:51.679160
1742;1850;-108;10:54:51.679160
1738;1847;-109;10:54:51.679160
1736;1846;-110;10:54:51.679160
1734;1846;-112;10:54:51.679160
1734;1847;-113;10:54:51.679160
1733;1844;-111;10:54:51.679160
1730;1842;-112;10:54:51.679160
1728;1841;-113;10:54:51.679160
1724;1834;-110;10:54:51.679160
1723;1832;-109;10:54:51.679160
1720;1829;-109;10:54:51.679160
1720;1826;-106;10:54:51.679160
1718;1830;-112;10:54:51.679160
1713;1830;-117;10:54:51.679160
1716;1829;-113;10:54:51.679160
1715;1829;-114;10:54:51.679160
1715;1830;-115;10:54:51.679160
1715;1830;-115;10:54:51.679160
1715;1830;-115;10:54:51.679160
1718;1830;-112;10:54:51.679160
1719;1828;-109;10:54:51.679160
1719;1829;-110;10:54:51.679160
1718;1831;-113;10:54:51.679160
1716;1831;-115;10:54:51.679160
1717;1831;-114;10:54:51.679160
1715;1833;-118;10:54:51.679160
1717;1839;-122;10:54:51.679160
1722;1842;-120;10:54:51.679160
1722;1840;-118;10:54:51.679160
1725;1837;-112;10:54:51.679160
1726;1841;-115;10:54:51.679160
1724;1838;-114;10:54:51.679160
1728;1839;-111;10:54:51.679160
1731;1839;-108;10:54:51.679160
1727;1838;-111;10:54:51.679160
1724;1835;-111;10:54:51.679160
1720;1837;-117;10:54:51.679160
1721;1836;-115;10:54:51.679160
1724;1839;-115;10:54:51.679160
1723;1836;-113;10:54:51.679160
1726;1837;-111;10:54:51.679160
1725;1838;-113;10:54:51.679160
1726;1839;-113;10:54:51.679160
1728;1839;-111;10:54:51.679160
1727;1843;-116;10:54:51.679160
1726;1841;-115;10:54:51.679160
1730;1844;-114;10:54:51.679160
1731;1845;-114;10:54:51.679160
1731;1844;-113;10:54:51.679160
1733;1847;-114;10:54:51.679160
1732;1851;-119;10:54:51.679160
1737;1852;-115;10:54:51.679160
1738;1853;-115;10:54:51.679160
1739;1859;-120;10:54:51.679160
1743;1859;-116;10:54:51.679160
1741;1859;-118;10:54:51.679160
1744;1859;-115;10:54:51.679160
1748;1862;-114;10:54:51.679160
1746;1863;-117;10:54:51.679160
1750;1865;-115;10:54:51.679160
1752;1862;-110;10:54:51.679160
1749;1861;-112;10:54:51.679160
1751;1861;-110;10:54:51.679160
1752;1860;-108;10:54:51.679160
1751;1859;-108;10:54:51.679160
1751;1860;-109;10:54:51.679160
1750;1861;-111;10:54:51.679160
1750;1863;-113;10:54:51.679160
1751;1862;-111;10:54:51.679160
1755;1862;-107;10:54:51.679160
1755;1864;-109;10:54:51.679160
1756;1865;-109;10:54:51.679160
1756;1867;-111;10:54:51.679160
1759;1865;-106;10:54:51.679160
1762;1868;-106;10:54:51.679160
1765;1867;-102;10:54:51.679160
1766;1874;-108;10:54:51.679160
1767;1873;-106;10:54:51.679160
1769;1878;-109;10:54:51.679160
1771;1878;-107;10:54:51.679160
1776;1879;-103;10:54:51.679160
1776;1881;-105;10:54:51.679160
1779;1885;-106;10:54:51.679160
1783;1886;-103;10:54:51.679160
1780;1890;-110;10:54:51.679160
1785;1890;-105;10:54:51.679160
1789;1893;-104;10:54:51.679160
1787;1893;-106;10:54:51.679160
1787;1896;-109;10:54:51.679160
1790;1897;-107;10:54:51.679160
1792;1902;-110;10:54:51.679160
1793;1902;-109;10:54:51.679160
1797;1904;-107;10:54:51.679160
1800;1907;-107;10:54:51.679160
1800;1911;-111;10:54:51.679160
1803;1912;-109;10:54:51.679160
1807;1914;-107;10:54:51.679160
1809;1913;-104;10:54:51.679160
1810;1914;-104;10:54:51.679160
1809;1917;-108;10:54:51.679160
1811;1916;-105;10:54:51.679160
1812;1918;-106;10:54:51.679160
1811;1916;-105;10:54:51.679160
1814;1915;-101;10:54:51.679160
1812;1912;-100;10:54:51.679160
1813;1915;-102;10:54:51.679160
1814;1912;-98;10:54:51.679160
1812;1913;-101;10:54:51.679160
1812;1910;-98;10:54:51.679160
1813;1912;-99;10:54:51.679160
1812;1910;-98;10:54:51.679160
1812;1910;-98;10:54:51.679160
1807;1907;-100;10:54:51.679160
1810;1909;-99;10:54:51.679160
1813;1911;-98;10:54:51.679160
1811;1910;-99;10:54:51.679160
1810;1910;-100;10:54:51.679160
1809;1911;-102;10:54:51.679160
1810;1910;-100;10:54:51.679160
1806;1909;-103;10:54:51.679160
1802;1906;-104;10:54:51.679160
1802;1905;-103;10:54:51.679160
1800;1906;-106;10:54:51.679160
1800;1902;-102;10:54:51.679160
1797;1900;-103;10:54:51.679160
1795;1900;-105;10:54:51.679160
1798;1896;-98;10:54:51.679160
1795;1898;-103;10:54:51.679160
1791;1896;-105;10:54:51.679160
1794;1896;-102;10:54:51.679160
1795;1897;-102;10:54:51.679160
1792;1893;-101;10:54:51.679160
1793;1894;-101;10:54:51.679160
1792;1896;-104;10:54:51.679160
1794;1900;-106;10:54:51.679160
1792;1899;-107;10:54:51.679160
1793;1902;-109;10:54:51.679160
1796;1901;-105;10:54:51.679160
1800;1906;-106;10:54:51.679160
1798;1904;-106;10:54:51.679160
1800;1907;-107;10:54:51.679160
1802;1906;-104;10:54:51.679160
1802;1904;-102;10:54:51.679160
1800;1904;-104;10:54:51.679160
1796;1901;-105;10:54:51.679160
1796;1895;-99;10:54:51.679160
1790;1895;-105;10:54:51.679160
1785;1889;-104;10:54:51.679160
1784;1886;-102;10:54:51.679160
1779;1887;-108;10:54:51.679160
1778;1883;-105;10:54:51.679160
1773;1881;-108;10:54:51.679160
1769;1882;-113;10:54:51.679160
1764;1875;-111;10:54:51.679160
1762;1872;-110;10:54:51.679160
1762;1871;-109;10:54:51.679160
1758;1868;-110;10:54:51.679160
1754;1865;-111;10:54:51.679160
1751;1861;-110;10:54:51.679160
1749;1860;-111;10:54:51.679160
1748;1857;-109;10:54:51.679160
1746;1854;-108;10:54:51.679160
1748;1853;-105;10:54:51.679160
1746;1852;-106;10:54:51.679160
1743;1849;-106;10:54:51.679160
1741;1849;-108;10:54:51.679160
1738;1849;-111;10:54:51.679160
1738;1849;-111;10:54:51.679160
1736;1852;-116;10:54:51.679160
1738;1851;-113;10:54:51.679160
1739;1854;-115;10:54:51.679160
1741;1856;-115;10:54:51.679160
1742;1854;-112;10:54:51.679160
1742;1854;-112;10:54:51.679160
1740;1854;-114;10:54:51.679160
1737;1851;-114;10:54:51.679160
1737;1851;-114;10:54:51.679160
1735;1851;-116;10:54:51.679160
1733;1851;-118;10:54:51.679160
1733;1848;-115;10:54:51.679160
1733;1847;-114;10:54:51.679160
1727;1844;-117;10:54:51.679160
1725;1842;-117;10:54:51.679160
1727;1841;-114;10:54:51.679160
1725;1837;-112;10:54:51.679160
1722;1836;-114;10:54:51.679160
1718;1834;-116;10:54:51.679160
1718;1832;-114;10:54:51.679160
1717;1831;-114;10:54:51.679160
1715;1832;-117;10:54:51.679160
1715;1830;-115;10:54:51.679160
1714;1831;-117;10:54:51.679160
1714;1828;-114;10:54:51.679160
1715;1825;-110;10:54:51.679160
1717;1828;-111;10:54:51.679160
1718;1828;-110;10:54:51.679160
1717;1830;-113;10:54:51.679160
1715;1830;-115;10:54:51.679160
1716;1829;-113;10:54:51.679160
1715;1832;-117;10:54:51.679160
1716;1833;-117;10:54:51.679160
1718;1835;-117;10:54:51.679160
1717;1837;-120;10:54:51.679160
1721;1838;-117;10:54:51.679160
1721;1835;-114;10:54:51.679160
1725;1838;-113;10:54:51.679160
1727;1838;-111;10:54:51.679160
1727;1839;-112;10:54:51.679160
1724;1842;-118;10:54:51.679160
1721;1844;-123;10:54:51.679160
1722;1845;-123;10:54:51.679160
1722;1849;-127;10:54:51.679160
1725;1847;-122;10:54:51.679160
1728;1849;-121;10:54:51.679160
1732;1846;-114;10:54:51.679160
1733;1847;-114;10:54:51.679160
1733;1846;-113;10:54:51.679160
1736;1846;-110;10:54:51.679160
1741;1847;-106;10:54:51.679160
1739;1846;-107;10:54:51.679160
1739;1847;-108;10:54:51.679160
1744;1852;-108;10:54:51.679160
1743;1852;-109;10:54:51.679160
1741;1854;-113;10:54:51.679160
1745;1857;-112;10:54:51.679160
1748;1858;-110;10:54:51.679160
1744;1855;-111;10:54:51.679160
1743;1859;-116;10:54:51.679160
1747;1859;-112;10:54:51.679160
1747;1860;-113;10:54:51.679160
1744;1857;-113;10:54:51.679160
1746;1852;-106;10:54:51.679160
1742;1855;-113;10:54:51.679160
1740;1854;-114;10:54:51.679160
1741;1855;-114;10:54:51.679160
1744;1853;-109;10:54:51.679160
1745;1855;-110;10:54:51.679160
1743;1858;-115;10:54:51.679160
1742;1857;-115;10:54:51.679160
1743;1856;-113;10:54:51.679160
1742;1857;-115;10:54:51.679160
1746;1855;-109;10:54:51.679160
1747;1857;-110;10:54:51.679160
1747;1862;-115;10:54:51.679160
1751;1865;-114;10:54:51.679160
1756;1866;-110;10:54:51.679160
1756;1872;-116;10:54:51.679160
1760;1873;-113;10:54:51.679160
1764;1878;-114;10:54:51.679160
1768;1874;-106;10:54:51.679160
1770;1883;-113;10:54:51.679160
1772;1881;-109;10:54:51.679160
1777;1882;-105;10:54:51.679160
1781;1886;-105;10:54:51.679160
1785;1889;-104;10:54:51.679160
1785;1891;-106;10:54:51.679160
1789;1893;-104;10:54:51.679160
1791;1900;-109;10:54:51.679160
1795;1902;-107;10:54:51.679160
1797;1905;-108;10:54:51.679160
1800;1903;-103;10:54:51.679160
1802;1905;-103;10:54:51.679160
1801;1908;-107;10:54:51.679160
1800;1907;-107;10:54:51.679160
1800;1910;-110;10:54:51.679160
1799;1909;-110;10:54:51.679160
1802;1909;-107;10:54:51.679160
1803;1906;-103;10:54:51.679160
1799;1904;-105;10:54:51.679160
1801;1903;-102;10:54:51.679160
1801;1905;-104;10:54:51.679160
1800;1904;-104;10:54:51.679160
1798;1902;-104;10:54:51.679160
1795;1903;-108;10:54:51.679160
1795;1903;-108;10:54:51.679160
1795;1903;-108;10:54:51.679160
1794;1906;-112;10:54:51.679160
1795;1905;-110;10:54:51.679160
1796;1905;-109;10:54:51.679160
1797;1902;-105;10:54:51.679160
1803;1906;-103;10:54:51.679160
1804;1907;-103;10:54:51.679160
1805;1908;-103;10:54:51.679160
1804;1905;-101;10:54:51.679160
1805;1905;-100;10:54:51.679160
1802;1904;-102;10:54:51.679160
1800;1906;-106;10:54:51.679160
1800;1902;-102;10:54:51.679160
1799;1901;-102;10:54:51.679160
1801;1902;-101;10:54:51.679160
1796;1903;-107;10:54:51.679160
1800;1902;-102;10:54:51.679160
1800;1902;-102;10:54:51.679160
1797;1902;-105;10:54:51.679160
1798;1902;-104;10:54:51.679160
1797;1902;-105;10:54:51.679160
1797;1901;-104;10:54:51.679160
1797;1901;-104;10:54:51.679160
1796;1902;-106;10:54:51.679160
1794;1900;-106;10:54:51.679160
1794;1903;-109;10:54:51.679160
1796;1904;-108;10:54:51.679160
1795;1901;-106;10:54:51.679160
1793;1898;-105;10:54:51.679160
1796;1898;-102;10:54:51.679160
1794;1893;-99;10:54:51.679160
1791;1893;-102;10:54:51.679160
1789;1892;-103;10:54:51.679160
1785;1890;-105;10:54:51.679160
1781;1889;-108;10:54:51.679160
1785;1889;-104;10:54:51.679160
1787;1890;-103;10:54:51.679160
1784;1887;-103;10:54:51.679160
1781;1886;-105;10:54:51.679160
1780;1887;-107;10:54:51.679160
1781;1882;-101;10:54:51.679160
1779;1879;-100;10:54:51.679160
1778;1882;-104;10:54:51.679160
1779;1880;-101;10:54:51.679160
1777;1880;-103;10:54:51.679160
1774;1880;-106;10:54:51.679160
1776;1880;-104;10:54:51.679160
1775;1882;-107;10:54:51.679160
1772;1880;-108;10:54:51.679160
1770;1882;-112;10:54:51.679160
1768;1879;-111;10:54:51.679160
1766;1878;-112;10:54:51.679160
1766;1874;-108;10:54:51.679160
1767;1872;-105;10:54:51.679160
1761;1869;-108;10:54:51.679160
1758;1868;-110;10:54:51.679160
1755;1867;-112;10:54:51.679160
1756;1866;-110;10:54:51.679160
1754;1866;-112;10:54:51.679160
1753;1859;-106;10:54:51.679160
1753;1860;-107;10:54:51.679160
1753;1858;-105;10:54:51.679160
1751;1856;-105;10:54:51.679160
1749;1857;-108;10:54:51.679160
1747;1854;-107;10:54:51.679160
1744;1854;-110;10:54:51.679160
1746;1852;-106;10:54:51.679160
1746;1849;-103;10:54:51.679160
1743;1852;-109;10:54:51.679160
1741;1852;-111;10:54:51.679160
1740;1854;-114;10:54:51.679160
1739;1853;-114;10:54:51.679160
1740;1855;-115;10:54:51.679160
1743;1860;-117;10:54:51.679160
1744;1860;-116;10:54:51.679160
1746;1857;-111;10:54:51.679160
1747;1860;-113;10:54:51.679160
1744;1856;-112;10:54:51.679160
1742;1855;-113;10:54:51.679160
1741;1855;-114;10:54:51.679160
1738;1854;-116;10:54:51.679160
1735;1852;-117;10:54:51.679160
1736;1852;-116;10:54:51.679160
1732;1849;-117;10:54:51.679160
1732;1845;-113;10:54:51.679160
1733;1843;-110;10:54:51.679160
1734;1844;-110;10:54:51.679160
1732;1844;-112;10:54:51.679160
1733;1842;-109;10:54:51.679160
1733;1845;-112;10:54:51.679160
1732;1845;-113;10:54:51.679160
1733;1847;-114;10:54:51.679160
1736;1849;-113;10:54:51.679160
1735;1851;-116;10:54:51.679160
1734;1846;-112;10:54:51.679160
1738;1849;-111;10:54:51.679160
1737;1849;-112;10:54:51.679160
1739;1847;-108;10:54:51.679160
1740;1847;-107;10:54:51.679160
1736;1849;-113;10:54:51.679160
1734;1850;-116;10:54:51.679160
1731;1852;-121;10:54:51.679160
1733;1851;-118;10:54:51.679160
1732;1849;-117;10:54:51.679160
1732;1851;-119;10:54:51.679160
1734;1846;-112;10:54:51.679160
1734;1847;-113;10:54:51.679160
1735;1844;-109;10:54:51.679160
1735;1844;-109;10:54:51.679160
1736;1844;-108;10:54:51.679160
1734;1846;-112;10:54:51.679160
1732;1847;-115;10:54:51.679160
1732;1846;-114;10:54:51.679160
1729;1848;-119;10:54:51.679160
1735;1847;-112;10:54:51.679160
1736;1848;-112;10:54:51.679160
1734;1849;-115;10:54:51.679160
1734;1848;-114;10:54:51.679160
1734;1849;-115;10:54:51.679160
1731;1850;-119;10:54:51.679160
1735;1850;-115;10:54:51.679160
1735;1852;-117;10:54:51.679160
1732;1852;-120;10:54:51.679160
1733;1852;-119;10:54:51.679160
1736;1850;-114;10:54:51.679160
1735;1849;-114;10:54:51.679160
1738;1851;-113;10:54:51.679160
1740;1853;-113;10:54:51.679160
1742;1854;-112;10:54:51.679160
1744;1856;-112;10:54:51.679160
1747;1858;-111;10:54:51.679160
1749;1856;-107;10:54:51.679160
1748;1858;-110;10:54:51.679160
1749;1860;-111;10:54:51.679160
1749;1860;-111;10:54:51.679160
1750;1860;-110;10:54:51.679160
1751;1863;-112;10:54:51.679160
1751;1865;-114;10:54:51.679160
1751;1864;-113;10:54:51.679160
1755;1866;-111;10:54:51.679160
1753;1865;-112;10:54:51.679160
1758;1864;-106;10:54:51.679160
1757;1867;-110;10:54:51.679160
1758;1869;-111;10:54:51.679160
1760;1870;-110;10:54:51.679160
1761;1872;-111;10:54:51.679160
1763;1873;-110;10:54:51.679160
1764;1873;-109;10:54:51.679160
1763;1874;-111;10:54:51.679160
1765;1879;-114;10:54:51.679160
1769;1878;-109;10:54:51.679160
1771;1878;-107;10:54:51.679160
1774;1882;-108;10:54:51.679160
1774;1881;-107;10:54:51.679160
1778;1888;-110;10:54:51.679160
1780;1888;-108;10:54:51.679160
1781;1892;-111;10:54:51.679160
1784;1894;-110;10:54:51.679160
1790;1902;-112;10:54:51.679160
1795;1904;-109;10:54:51.679160
1797;1905;-108;10:54:51.679160
1802;1908;-106;10:54:51.679160
1806;1911;-105;10:54:51.679160
1809;1915;-106;10:54:51.679160
1809;1914;-105;10:54:51.679160
1812;1916;-104;10:54:51.679160
1811;1919;-108;10:54:51.679160
1814;1918;-104;10:54:51.679160
1815;1919;-104;10:54:51.679160
1813;1917;-104;10:54:51.679160
1811;1915;-104;10:54:51.679160
1814;1917;-103;10:54:51.679160
1810;1914;-104;10:54:51.679160
1808;1917;-109;10:54:51.679160
1810;1914;-104;10:54:51.679160
1810;1911;-101;10:54:51.679160
1809;1912;-103;10:54:51.679160
1808;1909;-101;10:54:51.679160
1810;1909;-99;10:54:51.679160
1808;1905;-97;10:54:51.679160
1807;1906;-99;10:54:51.679160
1807;1903;-96;10:54:51.679160
1805;1904;-99;10:54:51.679160
1807;1908;-101;10:54:51.679160
1808;1910;-102;10:54:51.679160
1807;1906;-99;10:54:51.679160
1806;1909;-103;10:54:51.679160
1808;1910;-102;10:54:51.679160
1810;1912;-102;10:54:51.679160
1808;1913;-105;10:54:51.679160
1810;1913;-103;10:54:51.679160
1811;1914;-103;10:54:51.679160
1813;1916;-103;10:54:51.679160
1812;1914;-102;10:54:51.679160
1809;1912;-103;10:54:51.679160
1807;1913;-106;10:54:51.679160
1806;1913;-107;10:54:51.679160
1806;1913;-107;10:54:51.679160
1809;1914;-105;10:54:51.679160
1810;1912;-102;10:54:51.679160
1809;1910;-101;10:54:51.679160
1810;1911;-101;10:54:51.679160
1807;1908;-101;10:54:51.679160
1806;1910;-104;10:54:51.679160
1809;1908;-99;10:54:51.679160
1807;1904;-97;10:54:51.679160
1806;1902;-96;10:54:51.679160
1804;1901;-97;10:54:51.679160
1803;1899;-96;10:54:51.679160
1800;1896;-96;10:54:51.679160
1800;1892;-92;10:54:51.679160
1797;1891;-94;10:54:51.679160
1793;1889;-96;10:54:51.679160
1788;1888;-100;10:54:51.679160
1785;1888;-103;10:54:51.679160
1782;1884;-102;10:54:51.679160
1778;1884;-106;10:54:51.679160
1778;1879;-101;10:54:51.679160
1774;1881;-107;10:54:51.679160
1769;1876;-107;10:54:51.679160
1769;1878;-109;10:54:51.679160
1766;1875;-109;10:54:51.679160
1764;1873;-109;10:54:51.679160
1766;1868;-102;10:54:51.679160
1763;1871;-108;10:54:51.679160
1758;1865;-107;10:54:51.679160
1755;1863;-108;10:54:51.679160
1757;1861;-104;10:54:51.679160
1752;1858;-106;10:54:51.679160
1750;1856;-106;10:54:51.679160
1749;1858;-109;10:54:51.679160
1748;1859;-111;10:54:51.679160
1746;1855;-109;10:54:51.679160
1740;1855;-115;10:54:51.679160
1741;1853;-112;10:54:51.679160
1740;1851;-111;10:54:51.679160
1738;1849;-111;10:54:51.679160
1737;1846;-109;10:54:51.679160
1736;1845;-109;10:54:51.679160
1735;1841;-106;10:54:51.679160
1734;1839;-105;10:54:51.679160
1732;1840;-108;10:54:51.679160
1730;1839;-109;10:54:51.679160
1727;1837;-110;10:54:51.679160
1730;1837;-107;10:54:51.679160
1728;1836;-108;10:54:51.679160
1728;1835;-107;10:54:51.679160
1727;1835;-108;10:54:51.679160
1728;1835;-107;10:54:51.679160
1725;1836;-111;10:54:51.679160
1725;1834;-109;10:54:51.679160
1724;1836;-112;10:54:51.679160
1722;1834;-112;10:54:51.679160
1723;1835;-112;10:54:51.679160
1722;1833;-111;10:54:51.679160
1718;1832;-114;10:54:51.679160
1717;1830;-113;10:54:51.679160
1715;1833;-118;10:54:51.679160
1712;1829;-117;10:54:51.679160
1716;1831;-115;10:54:51.679160
1717;1832;-115;10:54:51.679160
1717;1832;-115;10:54:51.679160
1718;1830;-112;10:54:51.771415
1717;1833;-116;10:54:51.771415
1713;1831;-118;10:54:51.771415
1714;1831;-117;10:54:51.771415
1714;1833;-119;10:54:51.771415
1714;1834;-120;10:54:51.771415
1716;1829;-113;10:54:51.771415
1719;1831;-112;10:54:51.771415
1718;1828;-110;10:54:51.771415
1720;1829;-109;10:54:51.771415
1724;1830;-106;10:54:51.771415
1721;1831;-110;10:54:51.771415
1721;1831;-110;10:54:51.771415
1726;1837;-111;10:54:51.771415
1726;1840;-114;10:54:51.771415
1724;1842;-118;10:54:51.771415
1723;1841;-118;10:54:51.771415
1726;1845;-119;10:54:51.771415
1726;1844;-118;10:54:51.771415
1725;1842;-117;10:54:51.771415
1730;1844;-114;10:54:51.771415
1732;1843;-111;10:54:51.771415
1734;1845;-111;10:54:51.771415
1732;1847;-115;10:54:51.771415
1735;1846;-111;10:54:51.771415
1730;1845;-115;10:54:51.771415
1733;1848;-115;10:54:51.771415
1732;1846;-114;10:54:51.771415
1730;1846;-116;10:54:51.771415
1732;1845;-113;10:54:51.771415
1736;1849;-113;10:54:51.771415
1736;1846;-110;10:54:51.771415
1735;1845;-110;10:54:51.771415
1737;1847;-110;10:54:51.771415
1736;1848;-112;10:54:51.771415
1736;1848;-112;10:54:51.771415
1736;1851;-115;10:54:51.771415
1736;1850;-114;10:54:51.771415
1737;1851;-114;10:54:51.771415
1737;1851;-114;10:54:51.771415
1738;1849;-111;10:54:51.771415
1739;1851;-112;10:54:51.771415
1742;1855;-113;10:54:51.771415
1744;1857;-113;10:54:51.771415
1747;1858;-111;10:54:51.771415
1749;1860;-111;10:54:51.771415
1749;1863;-114;10:54:51.771415
1751;1866;-115;10:54:51.771415
1755;1868;-113;10:54:51.771415
1759;1867;-108;10:54:51.771415
1760;1870;-110;10:54:51.771415
1762;1870;-108;10:54:51.771415
1766;1875;-109;10:54:51.771415
1766;1875;-109;10:54:51.771415
1769;1876;-107;10:54:51.771415
1771;1879;-108;10:54:51.771415
1773;1881;-108;10:54:51.771415
1771;1882;-111;10:54:51.771415
1771;1881;-110;10:54:51.771415
1773;1884;-111;10:54:51.771415
1778;1885;-107;10:54:51.771415
1778;1887;-109;10:54:51.771415
1776;1882;-106;10:54:51.771415
1777;1882;-105;10:54:51.771415
1775;1882;-107;10:54:51.771415
1774;1881;-107;10:54:51.771415
1776;1882;-106;10:54:51.771415
1780;1882;-102;10:54:51.771415
1782;1884;-102;10:54:51.771415
1782;1884;-102;10:54:51.771415
1784;1887;-103;10:54:51.771415
1785;1889;-104;10:54:51.771415
1785;1890;-105;10:54:51.771415
1787;1894;-107;10:54:51.771415
1787;1897;-110;10:54:51.771415
1787;1896;-109;10:54:51.771415
1790;1902;-112;10:54:51.771415
1791;1903;-112;10:54:51.771415
1792;1903;-111;10:54:51.771415
1798;1905;-107;10:54:51.771415
1801;1908;-107;10:54:51.771415
1803;1907;-104;10:54:51.771415
1803;1907;-104;10:54:51.771415
1805;1910;-105;10:54:51.771415
1807;1909;-102;10:54:51.771415
1805;1908;-103;10:54:51.771415
1804;1904;-100;10:54:51.771415
1801;1905;-104;10:54:51.771415
1800;1903;-103;10:54:51.771415
1799;1902;-103;10:54:51.771415
1798;1904;-106;10:54:51.771415
1797;1902;-105;10:54:51.771415
1799;1900;-101;10:54:51.771415
1799;1900;-101;10:54:51.771415
1799;1898;-99;10:54:51.771415
1798;1895;-97;10:54:51.771415
1796;1894;-98;10:54:51.771415
1797;1895;-98;10:54:51.771415
1798;1896;-98;10:54:51.771415
1797;1894;-97;10:54:51.771415
1796;1894;-98;10:54:51.771415
1797;1895;-98;10:54:51.771415
1797;1895;-98;10:54:51.771415
1796;1894;-98;10:54:51.771415
1792;1896;-104;10:54:51.771415
1795;1899;-104;10:54:51.771415
1796;1900;-104;10:54:51.771415
1794;1899;-105;10:54:51.771415
1793;1901;-108;10:54:51.771415
1795;1900;-105;10:54:51.771415
1796;1899;-103;10:54:51.771415
1791;1899;-108;10:54:51.771415
1791;1899;-108;10:54:51.771415
1793;1900;-107;10:54:51.771415
1794;1899;-105;10:54:51.771415
1795;1896;-101;10:54:51.771415
1793;1894;-101;10:54:51.771415
1793;1896;-103;10:54:51.771415
1793;1896;-103;10:54:51.771415
1793;1894;-101;10:54:51.771415
1790;1895;-105;10:54:51.771415
1789;1893;-104;10:54:51.771415
1788;1893;-105;10:54:51.771415
1785;1889;-104;10:54:51.771415
1785;1886;-101;10:54:51.771415
1784;1885;-101;10:54:51.771415
1782;1882;-100;10:54:51.771415
1778;1880;-102;10:54:51.771415
1775;1880;-105;10:54:51.771415
1773;1880;-107;10:54:51.771415
1773;1875;-102;10:54:51.771415
1769;1875;-106;10:54:51.771415
1767;1874;-107;10:54:51.771415
1764;1872;-108;10:54:51.771415
1760;1868;-108;10:54:51.771415
1760;1868;-108;10:54:51.771415
1757;1866;-109;10:54:51.771415
1757;1863;-106;10:54:51.771415
1755;1864;-109;10:54:51.771415
1753;1862;-109;10:54:51.771415
1750;1860;-110;10:54:51.771415
1747;1859;-112;10:54:51.771415
1749;1858;-109;10:54:51.771415
1746;1857;-111;10:54:51.771415
1744;1853;-109;10:54:51.771415
1744;1857;-113;10:54:51.771415
1744;1858;-114;10:54:51.771415
1740;1854;-114;10:54:51.771415
1738;1855;-117;10:54:51.771415
1739;1853;-114;10:54:51.771415
1737;1849;-112;10:54:51.771415
1736;1849;-113;10:54:51.771415
1735;1848;-113;10:54:51.771415
1733;1849;-116;10:54:51.771415
1735;1851;-116;10:54:51.771415
1735;1849;-114;10:54:51.771415
1735;1849;-114;10:54:51.771415
1736;1849;-113;10:54:51.771415
1735;1849;-114;10:54:51.771415
1736;1850;-114;10:54:51.771415
1738;1851;-113;10:54:51.771415
1741;1851;-110;10:54:51.771415
1742;1850;-108;10:54:51.771415
1741;1853;-112;10:54:51.771415
1742;1851;-109;10:54:51.771415
1743;1849;-106;10:54:51.771415
1740;1849;-109;10:54:51.771415
1740;1852;-112;10:54:51.771415
1741;1855;-114;10:54:51.771415
1741;1855;-114;10:54:51.771415
1739;1854;-115;10:54:51.771415
1741;1853;-112;10:54:51.771415
1742;1854;-112;10:54:51.771415
1739;1850;-111;10:54:51.771415
1742;1847;-105;10:54:51.771415
1738;1848;-110;10:54:51.771415
1733;1845;-112;10:54:51.771415
1729;1844;-115;10:54:51.771415
1726;1845;-119;10:54:51.771415
1727;1843;-116;10:54:51.771415
1728;1846;-118;10:54:51.771415
1730;1847;-117;10:54:51.771415
1730;1845;-115;10:54:51.771415
1730;1845;-115;10:54:51.771415
1734;1847;-113;10:54:51.771415
1736;1846;-110;10:54:51.771415
1735;1846;-111;10:54:51.771415
1738;1846;-108;10:54:51.771415
1738;1847;-109;10:54:51.771415
1736;1848;-112;10:54:51.771415
1736;1848;-112;10:54:51.771415
1739;1852;-113;10:54:51.771415
1740;1855;-115;10:54:51.771415
1741;1855;-114;10:54:51.771415
1744;1853;-109;10:54:51.771415
1746;1854;-108;10:54:51.771415
1747;1853;-106;10:54:51.771415
1748;1857;-109;10:54:51.771415
1746;1856;-110;10:54:51.771415
1746;1858;-112;10:54:51.771415
1749;1861;-112;10:54:51.771415
1750;1861;-111;10:54:51.771415
1747;1861;-114;10:54:51.771415
1747;1862;-115;10:54:51.771415
1750;1862;-112;10:54:51.771415
1749;1864;-115;10:54:51.771415
1751;1861;-110;10:54:51.771415
1751;1865;-114;10:54:51.771415
1755;1866;-111;10:54:51.771415
1758;1864;-106;10:54:51.771415
1759;1866;-107;10:54:51.771415
1759;1864;-105;10:54:51.771415
1757;1865;-108;10:54:51.771415
1759;1864;-105;10:54:51.771415
1757;1866;-109;10:54:51.771415
1756;1864;-108;10:54:51.771415
1757;1866;-109;10:54:51.771415
1758;1866;-108;10:54:51.771415
1758;1865;-107;10:54:51.771415
1760;1865;-105;10:54:51.771415
1762;1868;-106;10:54:51.771415
1763;1870;-107;10:54:51.771415
1762;1871;-109;10:54:51.771415
1761;1872;-111;10:54:51.771415
1764;1872;-108;10:54:51.771415
1761;1872;-111;10:54:51.771415
1763;1874;-111;10:54:51.771415
1765;1876;-111;10:54:51.771415
1764;1875;-111;10:54:51.771415
1765;1879;-114;10:54:51.771415
1768;1884;-116;10:54:51.771415
1772;1883;-111;10:54:51.771415
1777;1889;-112;10:54:51.771415
1780;1891;-111;10:54:51.771415
1784;1891;-107;10:54:51.771415
1787;1894;-107;10:54:51.771415
1793;1893;-100;10:54:51.771415
1797;1895;-98;10:54:51.771415
1799;1897;-98;10:54:51.771415
1801;1899;-98;10:54:51.771415
1803;1899;-96;10:54:51.771415
1801;1899;-98;10:54:51.771415
1800;1902;-102;10:54:51.771415
1804;1903;-99;10:54:51.771415
1802;1904;-102;10:54:51.771415
1803;1907;-104;10:54:51.771415
1804;1907;-103;10:54:51.771415
1804;1907;-103;10:54:51.771415
1806;1908;-102;10:54:51.771415
1807;1909;-102;10:54:51.771415
1806;1909;-103;10:54:51.771415
1806;1907;-101;10:54:51.771415
1805;1905;-100;10:54:51.771415
1806;1903;-97;10:54:51.771415
1802;1904;-102;10:54:51.771415
1803;1902;-99;10:54:51.793355
1799;1899;-100;10:54:51.793355
1795;1898;-103;10:54:51.793355
1796;1899;-103;10:54:51.793355
1795;1900;-105;10:54:51.793355
1794;1900;-106;10:54:51.793355
1792;1900;-108;10:54:51.793355
1795;1899;-104;10:54:51.793355
1796;1899;-103;10:54:51.793355
1795;1899;-104;10:54:51.793355
1797;1899;-102;10:54:51.793355
1798;1900;-102;10:54:51.793355
1798;1898;-100;10:54:51.793355
1796;1899;-103;10:54:51.793355
1796;1899;-103;10:54:51.793355
1794;1896;-102;10:54:51.793355
1794;1901;-107;10:54:51.793355
1795;1900;-105;10:54:51.793355
1794;1901;-107;10:54:51.793355
1797;1900;-103;10:54:51.793355
1798;1901;-103;10:54:51.793355
1794;1903;-109;10:54:51.793355
1798;1901;-103;10:54:51.793355
1797;1899;-102;10:54:51.793355
1795;1899;-104;10:54:51.793355
1792;1896;-104;10:54:51.793355
1794;1894;-100;10:54:51.793355
1793;1894;-101;10:54:51.793355
1791;1892;-101;10:54:51.793355
1784;1888;-104;10:54:51.793355
1787;1890;-103;10:54:51.793355
1782;1887;-105;10:54:51.793355
1778;1884;-106;10:54:51.793355
1777;1885;-108;10:54:51.793355
1773;1882;-109;10:54:51.793355
1773;1882;-109;10:54:51.793355
1771;1883;-112;10:54:51.793355
1769;1882;-113;10:54:51.793355
1767;1878;-111;10:54:51.793355
1765;1878;-113;10:54:51.793355
1765;1875;-110;10:54:51.793355
1761;1873;-112;10:54:51.793355
1762;1867;-105;10:54:51.793355
1761;1867;-106;10:54:51.793355
1760;1865;-105;10:54:51.793355
1757;1862;-105;10:54:51.793355
1753;1864;-111;10:54:51.793355
1752;1864;-112;10:54:51.793355
1748;1863;-115;10:54:51.793355
1748;1859;-111;10:54:51.793355
1748;1861;-113;10:54:51.793355
1747;1860;-113;10:54:51.793355
1746;1859;-113;10:54:51.793355
1747;1858;-111;10:54:51.793355
1746;1857;-111;10:54:51.793355
1745;1855;-110;10:54:51.793355
1746;1856;-110;10:54:51.793355
1747;1855;-108;10:54:51.793355
1743;1855;-112;10:54:51.793355
1745;1852;-107;10:54:51.793355
1744;1856;-112;10:54:51.793355
1743;1851;-108;10:54:51.793355
1738;1847;-109;10:54:51.793355
1737;1847;-110;10:54:51.793355
1736;1848;-112;10:54:51.793355
1737;1847;-110;10:54:51.793355
1737;1844;-107;10:54:51.793355
1732;1847;-115;10:54:51.793355
1730;1849;-119;10:54:51.793355
1732;1847;-115;10:54:51.793355
1732;1849;-117;10:54:51.793355
1732;1847;-115;10:54:51.793355
1733;1848;-115;10:54:51.793355
1735;1848;-113;10:54:51.793355
1738;1849;-111;10:54:51.793355
1738;1846;-108;10:54:51.793355
1738;1847;-109;10:54:51.793355
1738;1849;-111;10:54:51.793355
1739;1849;-110;10:54:51.793355
1740;1849;-109;10:54:51.793355
1741;1848;-107;10:54:51.793355
1738;1850;-112;10:54:51.793355
1743;1850;-107;10:54:51.793355
1742;1854;-112;10:54:51.793355
1744;1854;-110;10:54:51.793355
1744;1859;-115;10:54:51.793355
1747;1861;-114;10:54:51.793355
1748;1862;-114;10:54:51.793355
1749;1862;-113;10:54:51.793355
1751;1861;-110;10:54:51.793355
1754;1860;-106;10:54:51.793355
1754;1860;-106;10:54:51.793355
1753;1860;-107;10:54:51.793355
1748;1861;-113;10:54:51.793355
1747;1861;-114;10:54:51.793355
1747;1860;-113;10:54:51.793355
1746;1858;-112;10:54:51.793355
1742;1859;-117;10:54:51.793355
1741;1857;-116;10:54:51.793355
1743;1853;-110;10:54:51.793355
1742;1851;-109;10:54:51.793355
1739;1847;-108;10:54:51.793355
1738;1849;-111;10:54:51.793355
1736;1846;-110;10:54:51.793355
1735;1845;-110;10:54:51.793355
1733;1844;-111;10:54:51.793355
1735;1845;-110;10:54:51.793355
1733;1846;-113;10:54:51.793355
1737;1845;-108;10:54:51.793355
1736;1846;-110;10:54:51.793355
1733;1850;-117;10:54:51.793355
1737;1849;-112;10:54:51.793355
1738;1851;-113;10:54:51.793355
1736;1853;-117;10:54:51.793355
1738;1853;-115;10:54:51.793355
1740;1856;-116;10:54:51.793355
1740;1854;-114;10:54:51.793355
1739;1855;-116;10:54:51.793355
1741;1855;-114;10:54:51.793355
1742;1855;-113;10:54:51.793355
1739;1853;-114;10:54:51.793355
1740;1851;-111;10:54:51.793355
1740;1856;-116;10:54:51.793355
1741;1854;-113;10:54:51.793355
1740;1853;-113;10:54:51.793355
1743;1855;-112;10:54:51.793355
1746;1856;-110;10:54:51.793355
1744;1857;-113;10:54:51.793355
1747;1857;-110;10:54:51.793355
1747;1859;-112;10:54:51.793355
1748;1858;-110;10:54:51.793355
1751;1858;-107;10:54:51.793355
1749;1858;-109;10:54:51.793355
1748;1858;-110;10:54:51.793355
1746;1859;-113;10:54:51.793355
1750;1859;-109;10:54:51.793355
1751;1858;-107;10:54:51.793355
1752;1857;-105;10:54:51.793355
1754;1857;-103;10:54:51.793355
1753;1860;-107;10:54:51.793355
1753;1860;-107;10:54:51.793355
1755;1863;-108;10:54:51.793355
1755;1866;-111;10:54:51.793355
1756;1866;-110;10:54:51.793355
1757;1868;-111;10:54:51.793355
1758;1870;-112;10:54:51.793355
1758;1870;-112;10:54:51.793355
1760;1872;-112;10:54:51.793355
1762;1872;-110;10:54:51.793355
1762;1873;-111;10:54:51.793355
1761;1875;-114;10:54:51.793355
1765;1876;-111;10:54:51.793355
1770;1878;-108;10:54:51.793355
1771;1878;-107;10:54:51.793355
1773;1879;-106;10:54:51.793355
1775;1883;-108;10:54:51.793355
1777;1887;-110;10:54:51.793355
1779;1890;-111;10:54:51.793355
1780;1893;-113;10:54:51.793355
1783;1895;-112;10:54:51.793355
1786;1899;-113;10:54:51.793355
1791;1901;-110;10:54:51.793355
1792;1905;-113;10:54:51.793355
1794;1905;-111;10:54:51.793355
1798;1904;-106;10:54:51.793355
1803;1903;-100;10:54:51.793355
1802;1903;-101;10:54:51.793355
1803;1903;-100;10:54:51.793355
1800;1904;-104;10:54:51.793355
1799;1906;-107;10:54:51.793355
1799;1903;-104;10:54:51.793355
1799;1905;-106;10:54:51.793355
1802;1905;-103;10:54:51.793355
1799;1902;-103;10:54:51.793355
1798;1902;-104;10:54:51.793355
1795;1902;-107;10:54:51.793355
1793;1901;-108;10:54:51.793355
1793;1899;-106;10:54:51.793355
1792;1897;-105;10:54:51.793355
1788;1894;-106;10:54:51.793355
1785;1895;-110;10:54:51.793355
1787;1894;-107;10:54:51.793355
1786;1893;-107;10:54:51.793355
1788;1889;-101;10:54:51.793355
1787;1890;-103;10:54:51.793355
1784;1889;-105;10:54:51.793355
1782;1889;-107;10:54:51.793355
1783;1892;-109;10:54:51.793355
1783;1893;-110;10:54:51.793355
1783;1891;-108;10:54:51.793355
1786;1893;-107;10:54:51.793355
1786;1894;-108;10:54:51.793355
1788;1894;-106;10:54:51.793355
1786;1895;-109;10:54:51.793355
1787;1894;-107;10:54:51.793355
1790;1896;-106;10:54:51.793355
1790;1898;-108;10:54:51.793355
1791;1901;-110;10:54:51.793355
1793;1902;-109;10:54:51.793355
1795;1903;-108;10:54:51.793355
1799;1903;-104;10:54:51.793355
1802;1904;-102;10:54:51.793355
1801;1903;-102;10:54:51.793355
1798;1905;-107;10:54:51.793355
1797;1903;-106;10:54:51.793355
1796;1903;-107;10:54:51.793355
1795;1901;-106;10:54:51.793355
1794;1902;-108;10:54:51.793355
1792;1899;-107;10:54:51.793355
1789;1898;-109;10:54:51.793355
1787;1895;-108;10:54:51.793355
1788;1893;-105;10:54:51.793355
1785;1889;-104;10:54:51.793355
1784;1888;-104;10:54:51.793355
1783;1886;-103;10:54:51.793355
1780;1885;-105;10:54:51.793355
1777;1882;-105;10:54:51.793355
1775;1882;-107;10:54:51.793355
1773;1882;-109;10:54:51.793355
1772;1878;-106;10:54:51.793355
1769;1877;-108;10:54:51.793355
1766;1876;-110;10:54:51.793355
1767;1876;-109;10:54:51.793355
1768;1876;-108;10:54:51.793355
1765;1875;-110;10:54:51.793355
1765;1875;-110;10:54:51.793355
1765;1875;-110;10:54:51.793355
1768;1877;-109;10:54:51.793355
1768;1875;-107;10:54:51.793355
1768;1875;-107;10:54:51.793355
1768;1876;-108;10:54:51.793355
1766;1876;-110;10:54:51.793355
1766;1875;-109;10:54:51.793355
1764;1875;-111;10:54:51.793355
1763;1875;-112;10:54:51.793355
1760;1874;-114;10:54:51.793355
1760;1872;-112;10:54:51.793355
1757;1871;-114;10:54:51.793355
1755;1867;-112;10:54:51.793355
1756;1869;-113;10:54:51.793355
1757;1866;-109;10:54:51.793355
1756;1867;-111;10:54:51.793355
1755;1864;-109;10:54:51.793355
1754;1864;-110;10:54:51.793355
1752;1865;-113;10:54:51.793355
1749;1863;-114;10:54:51.793355
1750;1862;-112;10:54:51.793355
1750;1860;-110;10:54:51.793355
1748;1858;-110;10:54:51.793355
1747;1857;-110;10:54:51.793355
1747;1857;-110;10:54:51.793355
1747;1858;-111;10:54:51.793355
1746;1858;-112;10:54:51.793355
1745;1856;-111;10:54:51.793355
1741;1855;-114;10:54:51.793355
1741;1854;-113;10:54:51.793355
1741;1851;-110;10:54:51.793355
1738;1849;-111;10:54:51.793355
1739;1845;-106;10:54:51.793355
1739;1846;-107;10:54:51.793355
1736;1843;-107;10:54:51.793355
1733;1842;-109;10:54:51.793355
1732;1841;-109;10:54:51.793355
1729;1842;-113;10:54:51.793355
1726;1841;-115;10:54:51.793355
1726;1842;-116;10:54:51.793355
1725;1841;-116;10:54:51.793355
1726;1838;-112;10:54:51.793355
1725;1840;-115;10:54:51.793355
1723;1839;-116;10:54:51.793355
1724;1840;-116;10:54:51.793355
1724;1839;-115;10:54:51.793355
1724;1838;-114;10:54:51.793355
1724;1836;-112;10:54:51.793355
1725;1836;-111;10:54:51.793355
1726;1836;-110;10:54:51.793355
1724;1836;-112;10:54:51.793355
1724;1835;-111;10:54:51.793355
1725;1838;-113;10:54:51.793355
1726;1838;-112;10:54:51.793355
1727;1839;-112;10:54:51.793355
1727;1839;-112;10:54:51.793355
1730;1841;-111;10:54:51.793355
1731;1840;-109;10:54:51.793355
1734;1840;-106;10:54:51.793355
1734;1844;-110;10:54:51.793355
1734;1843;-109;10:54:51.793355
1734;1845;-111;10:54:51.793355
1735;1845;-110;10:54:51.793355
1733;1844;-111;10:54:51.793355
1732;1842;-110;10:54:51.793355
1730;1842;-112;10:54:51.793355
1731;1841;-110;10:54:51.793355
1731;1841;-110;10:54:51.793355
1729;1841;-112;10:54:51.793355
1731;1842;-111;10:54:51.793355
1732;1841;-109;10:54:51.793355
1732;1841;-109;10:54:51.793355
1732;1843;-111;10:54:51.793355
1732;1845;-113;10:54:51.793355
1736;1847;-111;10:54:51.793355
1737;1849;-112;10:54:51.793355
1740;1849;-109;10:54:51.793355
1741;1850;-109;10:54:51.793355
1742;1849;-107;10:54:51.793355
1743;1850;-107;10:54:51.793355
1744;1852;-108;10:54:51.793355
1747;1852;-105;10:54:51.793355
1748;1852;-104;10:54:51.793355
1748;1854;-106;10:54:51.793355
1747;1859;-112;10:54:51.793355
1752;1858;-106;10:54:51.793355
1755;1861;-106;10:54:51.793355
1755;1862;-107;10:54:51.793355
1757;1864;-107;10:54:51.793355
1759;1867;-108;10:54:51.793355
1765;1868;-103;10:54:51.793355
1766;1870;-104;10:54:51.793355
1768;1873;-105;10:54:51.793355
1770;1877;-107;10:54:51.793355
1773;1879;-106;10:54:51.793355
1774;1881;-107;10:54:51.793355
1775;1883;-108;10:54:51.793355
1774;1883;-109;10:54:51.793355
1777;1884;-107;10:54:51.793355
1779;1886;-107;10:54:51.793355
1779;1885;-106;10:54:51.793355
1781;1887;-106;10:54:51.793355
1783;1886;-103;10:54:51.793355
1786;1889;-103;10:54:51.793355
1786;1887;-101;10:54:51.793355
1784;1887;-103;10:54:51.793355
1784;1887;-103;10:54:51.793355
1786;1890;-104;10:54:51.793355
1785;1893;-108;10:54:51.793355
1787;1893;-106;10:54:51.793355
1788;1893;-105;10:54:51.793355
1788;1891;-103;10:54:51.793355
1790;1889;-99;10:54:51.793355
1789;1889;-100;10:54:51.793355
1787;1889;-102;10:54:51.793355
1788;1892;-104;10:54:51.793355
1790;1892;-102;10:54:51.793355
1790;1893;-103;10:54:51.793355
1789;1894;-105;10:54:51.793355
1793;1895;-102;10:54:51.793355
1792;1897;-105;10:54:51.793355
1791;1895;-104;10:54:51.793355
1791;1892;-101;10:54:51.793355
1792;1893;-101;10:54:51.793355
1795;1893;-98;10:54:51.793355
1794;1894;-100;10:54:51.793355
1794;1897;-103;10:54:51.793355
1793;1897;-104;10:54:51.793355
1796;1900;-104;10:54:51.793355
1797;1900;-103;10:54:51.793355
1797;1899;-102;10:54:51.793355
1798;1900;-102;10:54:51.793355
1799;1901;-102;10:54:51.793355
1798;1902;-104;10:54:51.793355
1800;1902;-102;10:54:51.793355
1800;1903;-103;10:54:51.793355
1799;1900;-101;10:54:51.793355
1801;1898;-97;10:54:51.793355
1801;1901;-100;10:54:51.793355
1798;1899;-101;10:54:51.793355
1797;1898;-101;10:54:51.793355
1798;1899;-101;10:54:51.793355
1797;1898;-101;10:54:51.793355
1797;1897;-100;10:54:51.793355
1800;1899;-99;10:54:51.793355
1800;1898;-98;10:54:51.793355
1798;1900;-102;10:54:51.793355
1796;1902;-106;10:54:51.793355
1800;1901;-101;10:54:51.793355
1798;1898;-100;10:54:51.793355
1797;1896;-99;10:54:51.793355
1795;1896;-101;10:54:51.793355
1794;1894;-100;10:54:51.793355
1792;1892;-100;10:54:51.793355
1790;1888;-98;10:54:51.793355
1787;1886;-99;10:54:51.793355
1786;1885;-99;10:54:51.793355
1783;1884;-101;10:54:51.793355
1779;1880;-101;10:54:51.793355
1776;1877;-101;10:54:51.793355
1774;1877;-103;10:54:51.793355
1774;1875;-101;10:54:51.793355
1771;1873;-102;10:54:51.793355
1766;1870;-104;10:54:51.793355
1765;1871;-106;10:54:51.793355
1764;1869;-105;10:54:51.793355
1761;1869;-108;10:54:51.793355
1762;1869;-107;10:54:51.793355
1765;1868;-103;10:54:51.793355
1760;1866;-106;10:54:51.793355
1758;1861;-103;10:54:51.793355
1755;1860;-105;10:54:51.793355
1751;1859;-108;10:54:51.793355
1748;1857;-109;10:54:51.793355
1751;1855;-104;10:54:51.793355
1752;1855;-103;10:54:51.793355
1750;1854;-104;10:54:51.793355
1748;1853;-105;10:54:51.793355
1749;1854;-105;10:54:51.793355
1749;1855;-106;10:54:51.793355
1750;1856;-106;10:54:51.793355
1748;1854;-106;10:54:51.793355
1747;1854;-107;10:54:51.793355
1746;1854;-108;10:54:51.793355
1748;1853;-105;10:54:51.793355
1747;1854;-107;10:54:51.793355
1745;1854;-109;10:54:51.793355
1743;1853;-110;10:54:51.793355
1744;1853;-109;10:54:51.793355
1741;1851;-110;10:54:51.793355
1739;1849;-110;10:54:51.793355
1739;1851;-112;10:54:51.793355
1737;1852;-115;10:54:51.793355
1738;1851;-113;10:54:51.793355
1739;1851;-112;10:54:51.793355
1739;1849;-110;10:54:51.793355
1739;1849;-110;10:54:51.793355
1740;1849;-109;10:54:51.793355
1739;1847;-108;10:54:51.793355
1736;1848;-112;10:54:51.793355
1739;1848;-109;10:54:51.793355
1740;1851;-111;10:54:51.793355
1739;1849;-110;10:54:51.793355
1741;1851;-110;10:54:51.793355
1741;1850;-109;10:54:51.793355
1740;1848;-108;10:54:51.793355
1738;1844;-106;10:54:51.793355
1737;1842;-105;10:54:51.793355
1736;1843;-107;10:54:51.793355
1736;1845;-109;10:54:51.793355
1736;1845;-109;10:54:51.793355
1733;1840;-107;10:54:51.793355
1731;1841;-110;10:54:51.793355
1729;1844;-115;10:54:51.793355
1727;1843;-116;10:54:51.793355
1722;1842;-120;10:54:51.793355
1722;1840;-118;10:54:51.793355
1720;1837;-117;10:54:51.793355
1720;1836;-116;10:54:51.793355
1721;1835;-114;10:54:51.793355
1723;1835;-112;10:54:51.793355
1723;1833;-110;10:54:51.793355
1721;1836;-115;10:54:51.793355
1720;1837;-117;10:54:51.793355
1721;1837;-116;10:54:51.793355
1721;1839;-118;10:54:51.793355
1723;1838;-115;10:54:51.793355
1722;1839;-117;10:54:51.793355
1722;1841;-119;10:54:51.793355
1722;1843;-121;10:54:51.793355
1724;1844;-120;10:54:51.793355
1726;1846;-120;10:54:51.793355
1729;1849;-120;10:54:51.793355
1733;1851;-118;10:54:51.793355
1735;1853;-118;10:54:51.793355
1736;1853;-117;10:54:51.793355
1736;1853;-117;10:54:51.793355
1737;1854;-117;10:54:51.793355
1736;1852;-116;10:54:51.793355
1736;1854;-118;10:54:51.793355
1736;1852;-116;10:54:51.793355
1736;1851;-115;10:54:51.793355
1735;1849;-114;10:54:51.793355
1735;1849;-114;10:54:51.793355
1734;1851;-117;10:54:51.793355
1732;1848;-116;10:54:51.793355
1730;1847;-117;10:54:51.793355
1731;1847;-116;10:54:51.793355
1730;1849;-119;10:54:51.793355
1734;1850;-116;10:54:51.793355
1737;1853;-116;10:54:51.793355
1738;1853;-115;10:54:51.793355
1739;1850;-111;10:54:51.793355
1742;1851;-109;10:54:51.793355
1742;1853;-111;10:54:51.793355
1742;1852;-110;10:54:51.793355
1743;1855;-112;10:54:51.793355
1745;1860;-115;10:54:51.793355
1746;1862;-116;10:54:51.793355
1747;1865;-118;10:54:51.793355
1750;1868;-118;10:54:51.793355
1754;1870;-116;10:54:51.793355
1757;1873;-116;10:54:51.793355
1761;1874;-113;10:54:51.793355
1763;1876;-113;10:54:51.793355
1765;1879;-114;10:54:51.793355
1768;1882;-114;10:54:51.793355
1772;1885;-113;10:54:51.793355
1775;1887;-112;10:54:51.793355
1778;1890;-112;10:54:51.793355
1780;1891;-111;10:54:51.793355
1781;1892;-111;10:54:51.793355
1784;1892;-108;10:54:51.793355
1788;1893;-105;10:54:51.793355
1790;1896;-106;10:54:51.793355
1789;1898;-109;10:54:51.793355
1793;1901;-108;10:54:51.793355
1797;1902;-105;10:54:51.793355
1800;1903;-103;10:54:51.793355
1801;1904;-103;10:54:51.793355
1802;1908;-106;10:54:51.793355
1802;1910;-108;10:54:51.793355
1802;1911;-109;10:54:51.793355
1806;1910;-104;10:54:51.793355
1807;1909;-102;10:54:51.890065
1808;1912;-104;10:54:51.890065
1807;1913;-106;10:54:51.890065
1805;1908;-103;10:54:51.890065
1806;1906;-100;10:54:51.890065
1803;1905;-102;10:54:51.890065
1802;1904;-102;10:54:51.890065
1803;1904;-101;10:54:51.890065
1803;1905;-102;10:54:51.890065
1804;1905;-101;10:54:51.890065
1804;1907;-103;10:54:51.890065
1806;1910;-104;10:54:51.890065
1810;1911;-101;10:54:51.890065
1808;1910;-102;10:54:51.890065
1808;1911;-103;10:54:51.890065
1810;1913;-103;10:54:51.890065
1811;1916;-105;10:54:51.890065
1814;1916;-102;10:54:51.890065
1812;1914;-102;10:54:51.890065
1813;1914;-101;10:54:51.890065
1815;1916;-101;10:54:51.890065
1814;1917;-103;10:54:51.890065
1814;1917;-103;10:54:51.890065
1812;1915;-103;10:54:51.890065
1814;1912;-98;10:54:51.890065
1813;1912;-99;10:54:51.890065
1811;1911;-100;10:54:51.890065
1810;1911;-101;10:54:51.890065
1807;1909;-102;10:54:51.890065
1809;1905;-96;10:54:51.890065
1810;1907;-97;10:54:51.890065
1809;1906;-97;10:54:51.890065
1806;1905;-99;10:54:51.890065
1804;1905;-101;10:54:51.890065
1803;1907;-104;10:54:51.890065
1802;1903;-101;10:54:51.890065
1800;1899;-99;10:54:51.890065
1800;1899;-99;10:54:51.890065
1797;1898;-101;10:54:51.890065
1794;1897;-103;10:54:51.890065
1796;1893;-97;10:54:51.890065
1793;1891;-98;10:54:51.890065
1791;1889;-98;10:54:51.890065
1787;1888;-101;10:54:51.890065
1781;1885;-104;10:54:51.890065
1778;1885;-107;10:54:51.890065
1775;1883;-108;10:54:51.890065
1773;1883;-110;10:54:51.890065
1770;1879;-109;10:54:51.890065
1768;1875;-107;10:54:51.890065
1768;1874;-106;10:54:51.890065
1767;1871;-104;10:54:51.890065
1764;1867;-103;10:54:51.890065
1762;1869;-107;10:54:51.890065
1762;1868;-106;10:54:51.890065
1760;1866;-106;10:54:51.890065
1761;1865;-104;10:54:51.890065
1760;1866;-106;10:54:51.890065
1758;1867;-109;10:54:51.890065
1759;1869;-110;10:54:51.890065
1760;1870;-110;10:54:51.890065
1759;1869;-110;10:54:51.890065
1758;1868;-110;10:54:51.890065
1759;1869;-110;10:54:51.890065
1757;1867;-110;10:54:51.890065
1754;1864;-110;10:54:51.890065
1754;1862;-108;10:54:51.890065
1753;1861;-108;10:54:51.890065
1753;1859;-106;10:54:51.890065
1751;1858;-107;10:54:51.890065
1747;1858;-111;10:54:51.890065
1746;1857;-111;10:54:51.890065
1745;1851;-106;10:54:51.890065
1741;1849;-108;10:54:51.890065
1738;1849;-111;10:54:51.890065
1736;1848;-112;10:54:51.890065
1734;1847;-113;10:54:51.890065
1731;1846;-115;10:54:51.890065
1731;1843;-112;10:54:51.890065
1731;1846;-115;10:54:51.890065
1731;1846;-115;10:54:51.890065
1729;1845;-116;10:54:51.890065
1729;1844;-115;10:54:51.890065
1729;1843;-114;10:54:51.890065
1728;1842;-114;10:54:51.890065
1725;1841;-116;10:54:51.890065
1724;1841;-117;10:54:51.890065
1726;1842;-116;10:54:51.890065
1725;1842;-117;10:54:51.890065
1726;1842;-116;10:54:51.890065
1728;1845;-117;10:54:51.890065
1728;1844;-116;10:54:51.890065
1731;1843;-112;10:54:51.890065
1732;1845;-113;10:54:51.890065
1731;1845;-114;10:54:51.890065
1731;1843;-112;10:54:51.890065
1734;1843;-109;10:54:51.890065
1731;1843;-112;10:54:51.890065
1731;1841;-110;10:54:51.890065
1728;1842;-114;10:54:51.890065
1727;1841;-114;10:54:51.890065
1726;1840;-114;10:54:51.890065
1724;1841;-117;10:54:51.890065
1728;1841;-113;10:54:51.890065
1728;1839;-111;10:54:51.890065
1725;1837;-112;10:54:51.890065
1723;1836;-113;10:54:51.890065
1722;1836;-114;10:54:51.890065
1722;1837;-115;10:54:51.890065
1723;1837;-114;10:54:51.890065
1721;1836;-115;10:54:51.890065
1722;1837;-115;10:54:51.890065
1723;1837;-114;10:54:51.890065
1723;1836;-113;10:54:51.890065
1722;1834;-112;10:54:51.890065
1720;1835;-115;10:54:51.890065
1721;1836;-115;10:54:51.890065
1722;1834;-112;10:54:51.890065
1723;1834;-111;10:54:51.890065
1720;1837;-117;10:54:51.890065
1721;1836;-115;10:54:51.890065
1720;1838;-118;10:54:51.890065
1720;1837;-117;10:54:51.890065
1723;1838;-115;10:54:51.890065
1725;1839;-114;10:54:51.890065
1728;1843;-115;10:54:51.890065
1729;1845;-116;10:54:51.890065
1731;1846;-115;10:54:51.890065
1732;1850;-118;10:54:51.890065
1737;1855;-118;10:54:51.890065
1740;1854;-114;10:54:51.890065
1739;1855;-116;10:54:51.890065
1742;1857;-115;10:54:51.890065
1746;1858;-112;10:54:51.890065
1747;1860;-113;10:54:51.890065
1749;1862;-113;10:54:51.890065
1749;1864;-115;10:54:51.890065
1751;1863;-112;10:54:51.890065
1754;1862;-108;10:54:51.890065
1754;1864;-110;10:54:51.890065
1752;1862;-110;10:54:51.890065
1753;1865;-112;10:54:51.890065
1755;1865;-110;10:54:51.890065
1755;1862;-107;10:54:51.890065
1754;1861;-107;10:54:51.890065
1754;1863;-109;10:54:51.890065
1755;1867;-112;10:54:51.890065
1757;1866;-109;10:54:51.890065
1757;1867;-110;10:54:51.890065
1760;1872;-112;10:54:51.890065
1760;1871;-111;10:54:51.890065
1763;1873;-110;10:54:51.890065
1766;1876;-110;10:54:51.890065
1768;1878;-110;10:54:51.890065
1770;1879;-109;10:54:51.890065
1771;1884;-113;10:54:51.890065
1777;1886;-109;10:54:51.890065
1779;1888;-109;10:54:51.890065
1781;1891;-110;10:54:51.890065
1782;1893;-111;10:54:51.890065
1783;1898;-115;10:54:51.890065
1786;1897;-111;10:54:51.890065
1788;1898;-110;10:54:51.890065
1788;1899;-111;10:54:51.890065
1789;1902;-113;10:54:51.890065
1791;1902;-111;10:54:51.890065
1791;1902;-111;10:54:51.890065
1794;1901;-107;10:54:51.890065
1798;1900;-102;10:54:51.890065
1799;1900;-101;10:54:51.890065
1799;1899;-100;10:54:51.890065
1798;1900;-102;10:54:51.890065
1797;1901;-104;10:54:51.890065
1799;1902;-103;10:54:51.890065
1798;1902;-104;10:54:51.890065
1800;1903;-103;10:54:51.890065
1798;1902;-104;10:54:51.890065
1796;1901;-105;10:54:51.890065
1798;1902;-104;10:54:51.890065
1799;1906;-107;10:54:51.890065
1800;1903;-103;10:54:51.890065
1800;1902;-102;10:54:51.890065
1799;1901;-102;10:54:51.890065
1799;1903;-104;10:54:51.890065
1799;1901;-102;10:54:51.890065
1797;1900;-103;10:54:51.890065
1794;1899;-105;10:54:51.890065
1794;1896;-102;10:54:51.890065
1793;1896;-103;10:54:51.890065
1789;1894;-105;10:54:51.890065
1788;1895;-107;10:54:51.890065
1789;1897;-108;10:54:51.890065
1789;1895;-106;10:54:51.890065
1788;1894;-106;10:54:51.890065
1787;1895;-108;10:54:51.890065
1785;1897;-112;10:54:51.890065
1785;1896;-111;10:54:51.890065
1787;1894;-107;10:54:51.890065
1789;1895;-106;10:54:51.890065
1787;1895;-108;10:54:51.890065
1789;1894;-105;10:54:51.890065
1786;1896;-110;10:54:51.890065
1786;1896;-110;10:54:51.890065
1786;1896;-110;10:54:51.890065
1787;1896;-109;10:54:51.890065
1788;1895;-107;10:54:51.890065
1785;1893;-108;10:54:51.890065
1785;1889;-104;10:54:51.890065
1785;1887;-102;10:54:51.890065
1784;1884;-100;10:54:51.890065
1782;1881;-99;10:54:51.890065
1780;1881;-101;10:54:51.890065
1779;1880;-101;10:54:51.890065
1778;1879;-101;10:54:51.890065
1777;1880;-103;10:54:51.890065
1776;1879;-103;10:54:51.890065
1773;1877;-104;10:54:51.890065
1774;1876;-102;10:54:51.890065
1771;1874;-103;10:54:51.890065
1766;1871;-105;10:54:51.890065
1765;1870;-105;10:54:51.890065
1763;1869;-106;10:54:51.890065
1761;1868;-107;10:54:51.890065
1758;1866;-108;10:54:51.890065
1757;1865;-108;10:54:51.890065
1755;1865;-110;10:54:51.890065
1755;1861;-106;10:54:51.890065
1753;1861;-108;10:54:51.890065
1750;1860;-110;10:54:51.890065
1747;1857;-110;10:54:51.890065
1746;1856;-110;10:54:51.890065
1744;1855;-111;10:54:51.890065
1741;1855;-114;10:54:51.890065
1743;1854;-111;10:54:51.890065
1741;1854;-113;10:54:51.890065
1740;1853;-113;10:54:51.890065
1741;1852;-111;10:54:51.890065
1744;1852;-108;10:54:51.890065
1744;1854;-110;10:54:51.890065
1742;1854;-112;10:54:51.890065
1744;1853;-109;10:54:51.890065
1743;1855;-112;10:54:51.890065
1744;1855;-111;10:54:51.890065
1748;1856;-108;10:54:51.890065
1746;1856;-110;10:54:51.890065
1745;1860;-115;10:54:51.890065
1745;1859;-114;10:54:51.890065
1744;1859;-115;10:54:51.890065
1746;1859;-113;10:54:51.890065
1746;1860;-114;10:54:51.890065
1749;1862;-113;10:54:51.890065
1751;1862;-111;10:54:51.890065
1750;1861;-111;10:54:51.890065
1750;1860;-110;10:54:51.890065
1753;1860;-107;10:54:51.890065
1749;1856;-107;10:54:51.912006
1745;1855;-110;10:54:51.912006
1743;1854;-111;10:54:51.912006
1741;1853;-112;10:54:51.912006
1742;1848;-106;10:54:51.912006
1740;1844;-104;10:54:51.912006
1739;1842;-103;10:54:51.912006
1739;1843;-104;10:54:51.912006
1736;1842;-106;10:54:51.912006
1735;1841;-106;10:54:51.912006
1734;1841;-107;10:54:51.912006
1734;1843;-109;10:54:51.912006
1734;1845;-111;10:54:51.912006
1733;1843;-110;10:54:51.912006
1735;1845;-110;10:54:51.912006
1735;1845;-110;10:54:51.912006
1738;1848;-110;10:54:51.912006
1739;1850;-111;10:54:51.912006
1738;1852;-114;10:54:51.912006
1740;1851;-111;10:54:51.912006
1741;1853;-112;10:54:51.912006
1742;1855;-113;10:54:51.912006
1742;1855;-113;10:54:51.912006
1744;1857;-113;10:54:51.912006
1745;1861;-116;10:54:51.912006
1747;1861;-114;10:54:51.912006
1750;1860;-110;10:54:51.912006
1751;1860;-109;10:54:51.912006
1750;1858;-108;10:54:51.912006
1751;1856;-105;10:54:51.912006
1750;1855;-105;10:54:51.912006
1750;1855;-105;10:54:51.912006
1749;1855;-106;10:54:51.912006
1750;1856;-106;10:54:51.912006
1750;1858;-108;10:54:51.912006
1749;1855;-106;10:54:51.912006
1751;1855;-104;10:54:51.912006
1751;1856;-105;10:54:51.912006
1746;1854;-108;10:54:51.912006
1748;1852;-104;10:54:51.912006
1745;1854;-109;10:54:51.912006
1747;1855;-108;10:54:51.912006
1746;1855;-109;10:54:51.912006
1747;1855;-108;10:54:51.912006
1750;1860;-110;10:54:51.912006
1751;1858;-107;10:54:51.912006
1753;1859;-106;10:54:51.912006
1755;1860;-105;10:54:51.912006
1757;1863;-106;10:54:51.912006
1760;1864;-104;10:54:51.912006
1760;1866;-106;10:54:51.912006
1758;1866;-108;10:54:51.912006
1762;1866;-104;10:54:51.912006
1765;1868;-103;10:54:51.912006
1765;1869;-104;10:54:51.912006
1763;1870;-107;10:54:51.912006
1763;1873;-110;10:54:51.912006
1764;1876;-112;10:54:51.912006
1764;1872;-108;10:54:51.912006
1765;1874;-109;10:54:51.912006
1766;1876;-110;10:54:51.912006
1765;1876;-111;10:54:51.912006
1766;1875;-109;10:54:51.912006
1768;1875;-107;10:54:51.912006
1769;1876;-107;10:54:51.912006
1771;1878;-107;10:54:51.912006
1772;1878;-106;10:54:51.912006
1773;1878;-105;10:54:51.912006
1773;1879;-106;10:54:51.912006
1776;1881;-105;10:54:51.912006
1777;1883;-106;10:54:51.912006
1781;1885;-104;10:54:51.912006
1785;1884;-99;10:54:51.912006
1786;1888;-102;10:54:51.912006
1787;1891;-104;10:54:51.912006
1789;1893;-104;10:54:51.912006
1792;1895;-103;10:54:51.912006
1790;1896;-106;10:54:51.912006
1791;1897;-106;10:54:51.912006
1790;1897;-107;10:54:51.912006
1791;1897;-106;10:54:51.912006
1792;1899;-107;10:54:51.912006
1795;1899;-104;10:54:51.912006
1796;1898;-102;10:54:51.912006
1797;1898;-101;10:54:51.912006
1796;1898;-102;10:54:51.912006
1795;1899;-104;10:54:51.912006
1796;1900;-104;10:54:51.912006
1797;1898;-101;10:54:51.912006
1797;1897;-100;10:54:51.912006
1796;1896;-100;10:54:51.912006
1794;1899;-105;10:54:51.912006
1795;1899;-104;10:54:51.912006
1794;1897;-103;10:54:51.912006
1793;1895;-102;10:54:51.912006
1792;1893;-101;10:54:51.912006
1790;1892;-102;10:54:51.912006
1791;1894;-103;10:54:51.912006
1792;1895;-103;10:54:51.912006
1791;1893;-102;10:54:51.912006
1790;1895;-105;10:54:51.912006
1793;1896;-103;10:54:51.912006
1795;1897;-102;10:54:51.912006
1796;1895;-99;10:54:51.912006
1798;1900;-102;10:54:51.912006
1799;1901;-102;10:54:51.912006
1802;1903;-101;10:54:51.912006
1801;1901;-100;10:54:51.912006
1797;1902;-105;10:54:51.912006
1797;1903;-106;10:54:51.912006
1799;1904;-105;10:54:51.912006
1799;1905;-106;10:54:51.912006
1800;1902;-102;10:54:51.912006
1800;1899;-99;10:54:51.912006
1796;1895;-99;10:54:51.912006
1796;1893;-97;10:54:51.912006
1794;1893;-99;10:54:51.912006
1790;1891;-101;10:54:51.912006
1785;1889;-104;10:54:51.912006
1783;1891;-108;10:54:51.912006
1778;1887;-109;10:54:51.912006
1777;1887;-110;10:54:51.912006
1778;1886;-108;10:54:51.912006
1776;1888;-112;10:54:51.912006
1776;1887;-111;10:54:51.912006
1778;1884;-106;10:54:51.912006
1777;1882;-105;10:54:51.912006
1777;1878;-101;10:54:51.912006
1777;1877;-100;10:54:51.912006
1775;1877;-102;10:54:51.912006
1773;1874;-101;10:54:51.912006
1771;1874;-103;10:54:51.912006
1771;1879;-108;10:54:51.912006
1773;1880;-107;10:54:51.912006
1772;1880;-108;10:54:51.912006
1768;1883;-115;10:54:51.912006
1770;1882;-112;10:54:51.912006
1772;1879;-107;10:54:51.912006
1771;1876;-105;10:54:51.912006
1770;1875;-105;10:54:51.912006
1768;1876;-108;10:54:51.912006
1767;1874;-107;10:54:51.912006
1765;1874;-109;10:54:51.912006
1767;1871;-104;10:54:51.912006
1764;1871;-107;10:54:51.912006
1762;1869;-107;10:54:51.912006
1762;1867;-105;10:54:51.912006
1760;1865;-105;10:54:51.912006
1756;1865;-109;10:54:51.912006
1757;1863;-106;10:54:51.912006
1753;1861;-108;10:54:51.912006
1752;1861;-109;10:54:51.912006
1751;1857;-106;10:54:51.912006
1747;1856;-109;10:54:51.912006
1747;1857;-110;10:54:51.912006
1747;1855;-108;10:54:51.912006
1748;1855;-107;10:54:51.912006
1749;1853;-104;10:54:51.912006
1748;1852;-104;10:54:51.912006
1744;1854;-110;10:54:51.912006
1743;1850;-107;10:54:51.912006
1742;1850;-108;10:54:51.912006
1741;1849;-108;10:54:51.912006
1739;1849;-110;10:54:51.912006
1738;1850;-112;10:54:51.912006
1738;1850;-112;10:54:51.912006
1740;1852;-112;10:54:51.912006
1738;1852;-114;10:54:51.912006
1739;1850;-111;10:54:51.912006
1740;1850;-110;10:54:51.912006
1739;1850;-111;10:54:51.912006
1737;1847;-110;10:54:51.912006
1737;1847;-110;10:54:51.912006
1737;1850;-113;10:54:51.912006
1738;1849;-111;10:54:51.912006
1738;1848;-110;10:54:51.912006
1738;1850;-112;10:54:51.912006
1740;1851;-111;10:54:51.912006
1739;1849;-110;10:54:51.912006
1739;1854;-115;10:54:51.912006
1740;1853;-113;10:54:51.912006
1741;1849;-108;10:54:51.912006
1741;1849;-108;10:54:51.912006
1740;1850;-110;10:54:51.912006
1738;1850;-112;10:54:51.912006
1740;1848;-108;10:54:51.912006
1738;1845;-107;10:54:51.912006
1737;1843;-106;10:54:51.912006
1737;1845;-108;10:54:51.912006
1736;1847;-111;10:54:51.912006
1732;1843;-111;10:54:51.912006
1734;1840;-106;10:54:51.912006
1734;1842;-108;10:54:51.912006
1733;1841;-108;10:54:51.912006
1733;1841;-108;10:54:51.912006
1734;1844;-110;10:54:51.912006
1733;1844;-111;10:54:51.912006
1735;1847;-112;10:54:51.912006
1732;1847;-115;10:54:51.912006
1734;1849;-115;10:54:51.912006
1736;1847;-111;10:54:51.912006
1736;1847;-111;10:54:51.912006
1735;1849;-114;10:54:51.912006
1735;1846;-111;10:54:51.912006
1735;1848;-113;10:54:51.912006
1738;1850;-112;10:54:51.912006
1739;1850;-111;10:54:51.912006
1738;1850;-112;10:54:51.912006
1738;1851;-113;10:54:51.912006
1739;1852;-113;10:54:51.912006
1739;1854;-115;10:54:51.912006
1739;1853;-114;10:54:51.912006
1740;1853;-113;10:54:51.912006
1741;1855;-114;10:54:51.912006
1744;1854;-110;10:54:51.912006
1747;1853;-106;10:54:51.912006
1747;1854;-107;10:54:51.912006
1748;1856;-108;10:54:51.912006
1750;1860;-110;10:54:51.912006
1751;1857;-106;10:54:51.912006
1752;1858;-106;10:54:51.912006
1755;1859;-104;10:54:51.912006
1755;1865;-110;10:54:51.912006
1757;1864;-107;10:54:51.912006
1756;1863;-107;10:54:51.912006
1757;1867;-110;10:54:51.912006
1757;1869;-112;10:54:51.912006
1759;1869;-110;10:54:51.912006
1757;1870;-113;10:54:51.912006
1756;1867;-111;10:54:51.912006
1758;1869;-111;10:54:51.912006
1758;1869;-111;10:54:51.912006
1760;1873;-113;10:54:51.912006
1761;1870;-109;10:54:51.912006
1762;1872;-110;10:54:51.912006
1765;1874;-109;10:54:51.912006
1765;1871;-106;10:54:51.912006
1764;1872;-108;10:54:51.912006
1766;1874;-108;10:54:51.912006
1766;1875;-109;10:54:51.912006
1769;1874;-105;10:54:51.912006
1769;1878;-109;10:54:51.912006
1772;1878;-106;10:54:51.912006
1775;1881;-106;10:54:51.912006
1775;1885;-110;10:54:51.912006
1778;1890;-112;10:54:51.912006
1780;1890;-110;10:54:51.912006
1783;1893;-110;10:54:51.912006
1786;1892;-106;10:54:51.912006
1788;1894;-106;10:54:51.912006
1792;1894;-102;10:54:51.912006
1794;1896;-102;10:54:51.912006
1793;1897;-104;10:54:51.912006
1793;1896;-103;10:54:51.912006
1790;1896;-106;10:54:51.912006
1791;1897;-106;10:54:51.912006
1792;1895;-103;10:54:51.912006
1790;1896;-106;10:54:51.912006
1790;1894;-104;10:54:51.912006
1789;1894;-105;10:54:51.912006
1788;1893;-105;10:54:51.912006
1785;1893;-108;10:54:51.912006
1782;1893;-111;10:54:51.912006
1784;1892;-108;10:54:51.912006
1787;1892;-105;10:54:51.912006
1782;1890;-108;10:54:51.912006
1782;1889;-107;10:54:51.912006
1783;1889;-106;10:54:51.912006
1785;1892;-107;10:54:51.912006
1784;1893;-109;10:54:51.912006
1787;1894;-107;10:54:51.912006
1790;1895;-105;10:54:51.912006
1789;1898;-109;10:54:51.912006
1787;1898;-111;10:54:51.912006
1788;1898;-110;10:54:51.912006
1787;1896;-109;10:54:51.912006
1791;1897;-106;10:54:51.912006
1790;1894;-104;10:54:51.912006
1788;1893;-105;10:54:51.912006
1788;1896;-108;10:54:51.912006
1784;1894;-110;10:54:51.912006
1786;1893;-107;10:54:51.912006
1782;1891;-109;10:54:51.912006
1781;1893;-112;10:54:51.912006
1780;1893;-113;10:54:51.912006
1778;1892;-114;10:54:51.912006
1782;1887;-105;10:54:51.912006
1783;1887;-104;10:54:51.912006
1781;1886;-105;10:54:51.912006
1781;1885;-104;10:54:51.912006
1780;1887;-107;10:54:51.912006
1780;1885;-105;10:54:51.912006
1778;1886;-108;10:54:51.912006
1780;1887;-107;10:54:51.912006
1778;1887;-109;10:54:51.912006
1779;1885;-106;10:54:51.912006
1777;1886;-109;10:54:51.912006
1777;1886;-109;10:54:51.912006
1778;1886;-108;10:54:51.912006
1777;1885;-108;10:54:51.912006
1776;1884;-108;10:54:51.912006
1776;1879;-103;10:54:51.912006
1774;1878;-104;10:54:51.912006
1772;1875;-103;10:54:51.912006
1769;1871;-102;10:54:51.912006
1766;1870;-104;10:54:51.912006
1763;1871;-108;10:54:51.912006
1762;1871;-109;10:54:51.912006
1762;1869;-107;10:54:51.912006
1760;1869;-109;10:54:51.912006
1761;1867;-106;10:54:51.912006
1759;1867;-108;10:54:51.912006
1759;1863;-104;10:54:51.912006
1760;1862;-102;10:54:51.912006
1757;1860;-103;10:54:51.912006
1756;1863;-107;10:54:51.912006
1756;1864;-108;10:54:51.912006
1755;1869;-114;10:54:51.912006
1753;1870;-117;10:54:51.912006
1758;1871;-113;10:54:51.912006
1758;1874;-116;10:54:51.912006
1761;1874;-113;10:54:51.912006
1761;1873;-112;10:54:51.912006
1761;1873;-112;10:54:51.912006
1762;1868;-106;10:54:51.912006
1761;1868;-107;10:54:51.912006
1760;1867;-107;10:54:51.912006
1757;1865;-108;10:54:51.912006
1757;1868;-111;10:54:51.912006
1758;1866;-108;10:54:51.912006
1754;1869;-115;10:54:51.912006
1755;1864;-109;10:54:51.912006
1756;1866;-110;10:54:51.912006
1754;1862;-108;10:54:51.912006
1753;1861;-108;10:54:51.912006
1754;1864;-110;10:54:51.912006
1751;1863;-112;10:54:51.912006
1750;1861;-111;10:54:51.912006
1749;1860;-111;10:54:51.912006
1752;1862;-110;10:54:51.912006
1750;1858;-108;10:54:51.912006
1751;1858;-107;10:54:51.912006
1750;1860;-110;10:54:51.912006
1749;1860;-111;10:54:51.912006
1749;1861;-112;10:54:51.912006
1747;1860;-113;10:54:51.912006
1746;1859;-113;10:54:51.912006
1747;1857;-110;10:54:51.912006
1745;1855;-110;10:54:51.912006
1742;1855;-113;10:54:51.912006
1738;1851;-113;10:54:51.912006
1739;1851;-112;10:54:51.912006
1738;1852;-114;10:54:51.912006
1739;1849;-110;10:54:51.912006
1740;1849;-109;10:54:51.912006
1739;1847;-108;10:54:51.912006
1737;1847;-110;10:54:51.912006
1735;1846;-111;10:54:51.912006
1733;1847;-114;10:54:51.912006
1734;1846;-112;10:54:51.912006
1734;1847;-113;10:54:51.912006
1735;1845;-110;10:54:51.912006
1735;1844;-109;10:54:51.912006
1734;1846;-112;10:54:51.912006
1734;1848;-114;10:54:51.912006
1734;1849;-115;10:54:51.912006
1737;1849;-112;10:54:51.912006
1734;1850;-116;10:54:51.912006
1737;1851;-114;10:54:51.912006
1738;1851;-113;10:54:51.912006
1739;1851;-112;10:54:51.912006
1738;1848;-110;10:54:51.912006
1737;1847;-110;10:54:51.912006
1738;1849;-111;10:54:51.912006
1742;1852;-110;10:54:51.912006
1741;1852;-111;10:54:51.912006
1741;1849;-108;10:54:51.912006
1740;1847;-107;10:54:51.912006
1742;1849;-107;10:54:51.912006
1740;1848;-108;10:54:51.912006
1738;1849;-111;10:54:51.912006
1740;1851;-111;10:54:51.912006
1740;1852;-112;10:54:51.912006
1740;1851;-111;10:54:51.912006
1743;1851;-108;10:54:51.912006
1743;1851;-108;10:54:51.912006
1741;1853;-112;10:54:51.912006
1742;1853;-111;10:54:51.912006
1744;1853;-109;10:54:51.912006
1743;1855;-112;10:54:51.912006
1745;1855;-110;10:54:51.912006
1748;1856;-108;10:54:51.912006
1747;1859;-112;10:54:51.912006
1749;1858;-109;10:54:51.912006
1753;1860;-107;10:54:51.912006
1749;1861;-112;10:54:51.912006
1755;1862;-107;10:54:51.912006
1757;1863;-106;10:54:51.912006
1756;1864;-108;10:54:51.912006
1757;1868;-111;10:54:51.912006
1757;1871;-114;10:54:51.912006
1765;1873;-108;10:54:51.912006
1767;1873;-106;10:54:51.912006
1769;1873;-104;10:54:51.912006
1772;1876;-104;10:54:51.912006
1773;1877;-104;10:54:51.912006
1772;1876;-104;10:54:51.912006
1774;1877;-103;10:54:51.912006
1774;1879;-105;10:54:51.912006
1774;1879;-105;10:54:51.912006
1774;1878;-104;10:54:51.912006
1772;1880;-108;10:54:51.912006
1771;1881;-110;10:54:51.912006
1771;1880;-109;10:54:51.912006
1774;1879;-105;10:54:51.912006
1774;1878;-104;10:54:51.912006
1775;1882;-107;10:54:51.912006
1777;1882;-105;10:54:51.912006
1776;1885;-109;10:54:51.912006
1781;1884;-103;10:54:51.912006
1783;1886;-103;10:54:51.912006
1782;1885;-103;10:54:51.912006
1783;1887;-104;10:54:51.912006
1783;1887;-104;10:54:51.912006
1783;1889;-106;10:54:51.912006
1784;1892;-108;10:54:51.912006
1782;1892;-110;10:54:51.912006
1783;1895;-112;10:54:51.912006
1785;1895;-110;10:54:51.912006
1786;1895;-109;10:54:51.912006
1788;1896;-108;10:54:51.912006
1791;1898;-107;10:54:51.912006
1790;1898;-108;10:54:51.912006
1793;1899;-106;10:54:51.912006
1795;1897;-102;10:54:51.912006
1794;1900;-106;10:54:51.912006
1792;1902;-110;10:54:51.912006
1794;1901;-107;10:54:51.912006
1794;1900;-106;10:54:51.912006
1795;1898;-103;10:54:51.912006
1795;1898;-103;10:54:51.912006
1794;1899;-105;10:54:51.912006
1792;1897;-105;10:54:51.912006
1792;1898;-106;10:54:51.912006
1791;1898;-107;10:54:51.912006
1794;1894;-100;10:54:51.912006
1793;1894;-101;10:54:51.912006
1792;1896;-104;10:54:51.912006
1790;1897;-107;10:54:51.912006
1789;1897;-108;10:54:51.912006
1789;1897;-108;10:54:51.912006
1787;1896;-109;10:54:51.912006
1788;1894;-106;10:54:51.912006
1788;1893;-105;10:54:51.912006
1788;1893;-105;10:54:51.912006
1783;1891;-108;10:54:51.912006
1786;1892;-106;10:54:51.912006
1786;1891;-105;10:54:51.912006
1787;1891;-104;10:54:51.912006
1785;1892;-107;10:54:51.912006
1785;1894;-109;10:54:51.912006
1785;1895;-110;10:54:51.912006
1782;1896;-114;10:54:51.912006
1785;1894;-109;10:54:51.912006
1783;1895;-112;10:54:51.912006
1784;1895;-111;10:54:51.912006
1784;1891;-107;10:54:51.912006
1782;1893;-111;10:54:51.912006
1781;1889;-108;10:54:51.912006
1785;1890;-105;10:54:51.912006
1783;1889;-106;10:54:51.912006
1780;1889;-109;10:54:51.912006
1780;1888;-108;10:54:51.912006
1779;1887;-108;10:54:51.912006
1778;1885;-107;10:54:51.912006
1776;1885;-109;10:54:51.912006
1776;1882;-106;10:54:51.912006
1774;1885;-111;10:54:51.912006
1774;1882;-108;10:54:51.912006
1775;1882;-107;10:54:51.912006
1774;1879;-105;10:54:51.912006
1773;1878;-105;10:54:51.912006
1773;1877;-104;10:54:51.912006
1771;1877;-106;10:54:51.912006
1768;1876;-108;10:54:51.912006
1767;1872;-105;10:54:51.912006
1764;1872;-108;10:54:51.912006
1764;1873;-109;10:54:51.912006
1765;1869;-104;10:54:51.912006
1764;1869;-105;10:54:51.912006
1763;1867;-104;10:54:51.912006
1761;1868;-107;10:54:51.912006
1758;1866;-108;10:54:51.912006
1758;1867;-109;10:54:51.912006
1755;1867;-112;10:54:51.912006
1754;1867;-113;10:54:51.912006
1754;1864;-110;10:54:51.912006
1754;1863;-109;10:54:51.912006
1752;1859;-107;10:54:51.912006
1753;1856;-103;10:54:51.912006
1748;1855;-107;10:54:51.912006
1745;1853;-108;10:54:51.912006
1744;1850;-106;10:54:51.912006
1743;1851;-108;10:54:51.912006
1742;1854;-112;10:54:51.912006
1744;1853;-109;10:54:51.912006
1747;1852;-105;10:54:51.912006
1747;1851;-104;10:54:51.912006
1746;1851;-105;10:54:51.912006
1745;1853;-108;10:54:51.912006
1749;1852;-103;10:54:51.912006
1751;1855;-104;10:54:51.912006
1751;1854;-103;10:54:51.912006
1749;1856;-107;10:54:51.912006
1750;1853;-103;10:54:51.912006
1750;1854;-104;10:54:51.912006
1745;1853;-108;10:54:51.912006
1748;1853;-105;10:54:51.912006
1748;1853;-105;10:54:51.912006
1744;1851;-107;10:54:51.912006
1744;1849;-105;10:54:51.912006
1744;1846;-102;10:54:51.912006
1743;1848;-105;10:54:51.912006
1738;1845;-107;10:54:51.912006
1738;1846;-108;10:54:51.912006
1736;1844;-108;10:54:51.912006
1735;1843;-108;10:54:51.912006
1735;1841;-106;10:54:51.912006
1733;1842;-109;10:54:51.912006
1731;1841;-110;10:54:51.912006
1730;1843;-113;10:54:51.912006
1730;1840;-110;10:54:51.912006
1730;1840;-110;10:54:51.912006
1729;1839;-110;10:54:51.912006
1728;1838;-110;10:54:51.912006
1727;1841;-114;10:54:51.912006
1727;1841;-114;10:54:51.912006
1728;1838;-110;10:54:51.912006
1726;1839;-113;10:54:51.912006
1727;1838;-111;10:54:51.912006
1725;1837;-112;10:54:51.912006
1722;1836;-114;10:54:51.912006
1724;1837;-113;10:54:51.912006
1725;1839;-114;10:54:51.912006
1728;1838;-110;10:54:51.912006
1732;1842;-110;10:54:51.912006
1732;1845;-113;10:54:51.912006
1733;1845;-112;10:54:51.912006
1738;1848;-110;10:54:51.912006
1737;1849;-112;10:54:51.912006
1737;1854;-117;10:54:51.912006
1742;1855;-113;10:54:51.912006
1744;1856;-112;10:54:51.912006
1741;1854;-113;10:54:51.912006
1742;1854;-112;10:54:51.912006
1743;1852;-109;10:54:51.912006
1743;1851;-108;10:54:51.912006
1742;1849;-107;10:54:51.912006
1740;1850;-110;10:54:51.912006
1740;1848;-108;10:54:51.912006
1744;1852;-108;10:54:51.912006
1746;1855;-109;10:54:51.912006
1743;1853;-110;10:54:51.912006
1744;1855;-111;10:54:51.912006
1745;1858;-113;10:54:51.912006
1745;1860;-115;10:54:51.912006
1745;1859;-114;10:54:51.912006
1748;1863;-115;10:54:51.912006
1750;1865;-115;10:54:51.912006
1754;1866;-112;10:54:51.912006
1757;1865;-108;10:54:51.912006
1757;1866;-109;10:54:51.912006
1756;1864;-108;10:54:51.912006
1758;1865;-107;10:54:51.912006
1761;1867;-106;10:54:51.912006
1761;1868;-107;10:54:51.912006
1762;1869;-107;10:54:51.912006
1762;1873;-111;10:54:51.912006
1767;1875;-108;10:54:51.912006
1767;1874;-107;10:54:51.912006
1767;1875;-108;10:54:51.912006
1770;1880;-110;10:54:51.912006
1769;1878;-109;10:54:51.912006
1771;1881;-110;10:54:51.912006
1777;1884;-107;10:54:51.912006
1778;1885;-107;10:54:51.912006
1779;1887;-108;10:54:51.912006
1779;1889;-110;10:54:51.912006
1779;1890;-111;10:54:51.912006
1785;1889;-104;10:54:51.912006
1789;1890;-101;10:54:51.912006
1789;1887;-98;10:54:51.912006
1788;1890;-102;10:54:51.912006
1787;1890;-103;10:54:51.912006
1785;1891;-106;10:54:51.912006
1783;1891;-108;10:54:51.912006
1782;1890;-108;10:54:51.912006
1786;1890;-104;10:54:51.912006
1784;1890;-106;10:54:51.912006
1785;1887;-102;10:54:51.912006
1784;1888;-104;10:54:51.912006
1784;1890;-106;10:54:51.912006
1786;1888;-102;10:54:51.912006
1786;1886;-100;10:54:51.912006
1788;1889;-101;10:54:51.912006
1792;1890;-98;10:54:51.912006
1790;1891;-101;10:54:51.912006
1791;1888;-97;10:54:51.912006
1788;1890;-102;10:54:51.912006
1788;1889;-101;10:54:51.912006
1786;1889;-103;10:54:51.912006
1784;1889;-105;10:54:51.912006
1782;1888;-106;10:54:51.912006
1782;1889;-107;10:54:51.912006
1785;1892;-107;10:54:51.912006
1786;1890;-104;10:54:51.912006
1784;1890;-106;10:54:51.912006
1785;1890;-105;10:54:51.912006
1786;1888;-102;10:54:51.912006
1786;1888;-102;10:54:51.912006
1790;1889;-99;10:54:51.912006
1792;1891;-99;10:54:51.912006
1793;1890;-97;10:54:51.912006
1797;1894;-97;10:54:51.912006
1796;1895;-99;10:54:51.912006
1795;1899;-104;10:54:51.912006
1796;1897;-101;10:54:51.912006
1796;1895;-99;10:54:51.912006
1796;1895;-99;10:54:51.912006
1796;1893;-97;10:54:51.912006
1791;1894;-103;10:54:51.912006
1792;1893;-101;10:54:51.912006
1790;1892;-102;10:54:51.912006
1790;1888;-98;10:54:51.912006
1788;1887;-99;10:54:51.912006
1785;1886;-101;10:54:51.912006
1782;1884;-102;10:54:51.912006
1781;1882;-101;10:54:51.912006
1777;1881;-104;10:54:51.912006
1776;1878;-102;10:54:51.912006
1774;1880;-106;10:54:51.912006
1774;1879;-105;10:54:51.912006
1772;1880;-108;10:54:51.912006
1775;1880;-105;10:54:51.912006
1776;1878;-102;10:54:51.912006
1774;1879;-105;10:54:51.912006
1772;1879;-107;10:54:51.912006
1773;1881;-108;10:54:51.912006
1768;1878;-110;10:54:51.912006
1768;1876;-108;10:54:51.912006
1770;1876;-106;10:54:51.912006
1770;1876;-106;10:54:51.912006
1769;1874;-105;10:54:51.912006
1771;1875;-104;10:54:51.912006
1770;1875;-105;10:54:51.912006
1771;1873;-102;10:54:51.912006
1770;1874;-104;10:54:51.912006
1771;1876;-105;10:54:51.912006
1768;1875;-107;10:54:51.912006
1769;1876;-107;10:54:51.912006
1771;1877;-106;10:54:51.912006
1771;1876;-105;10:54:51.912006
1771;1877;-106;10:54:51.912006
1771;1877;-106;10:54:51.912006
1771;1878;-107;10:54:51.912006
1769;1877;-108;10:54:51.912006
1771;1876;-105;10:54:51.912006
1773;1876;-103;10:54:51.912006
1771;1873;-102;10:54:51.912006
1769;1872;-103;10:54:51.912006
1767;1874;-107;10:54:51.912006
1766;1872;-106;10:54:51.912006
1766;1870;-104;10:54:51.912006
1768;1869;-101;10:54:51.912006
1767;1868;-101;10:54:51.912006
1763;1868;-105;10:54:51.912006
1762;1867;-105;10:54:51.912006
1758;1869;-111;10:54:51.912006
1758;1869;-111;10:54:51.912006
1760;1869;-109;10:54:51.912006
1756;1868;-112;10:54:51.912006
1758;1868;-110;10:54:51.912006
1759;1868;-109;10:54:51.912006
1759;1867;-108;10:54:51.912006
1757;1862;-105;10:54:51.912006
1754;1862;-108;10:54:51.912006
1756;1862;-106;10:54:51.912006
1755;1863;-108;10:54:51.912006
1753;1863;-110;10:54:51.912006
1751;1865;-114;10:54:51.912006
1753;1862;-109;10:54:51.912006
1752;1861;-109;10:54:51.912006
1750;1860;-110;10:54:51.912006
1750;1861;-111;10:54:51.912006
1748;1859;-111;10:54:51.912006
1749;1859;-110;10:54:51.912006
1748;1857;-109;10:54:51.912006
1746;1855;-109;10:54:51.912006
1746;1853;-107;10:54:51.912006
1743;1852;-109;10:54:51.912006
1742;1852;-110;10:54:51.912006
1741;1852;-111;10:54:51.912006
1741;1851;-110;10:54:51.912006
1742;1851;-109;10:54:51.912006
1740;1849;-109;10:54:51.912006
1738;1848;-110;10:54:51.912006
1734;1847;-113;10:54:51.912006
1733;1846;-113;10:54:51.912006
1733;1845;-112;10:54:51.912006
1734;1844;-110;10:54:51.912006
1733;1842;-109;10:54:51.912006
1731;1840;-109;10:54:51.912006
1732;1842;-110;10:54:51.912006
1729;1842;-113;10:54:51.912006
1727;1838;-111;10:54:51.912006
1729;1839;-110;10:54:51.912006
1729;1839;-110;10:54:51.912006
1727;1839;-112;10:54:51.912006
1728;1839;-111;10:54:51.912006
1728;1840;-112;10:54:51.912006
1728;1840;-112;10:54:51.912006
1730;1841;-111;10:54:51.912006
1730;1841;-111;10:54:51.912006
1727;1841;-114;10:54:51.912006
1729;1842;-113;10:54:51.912006
1731;1845;-114;10:54:51.912006
1730;1847;-117;10:54:51.912006
1731;1848;-117;10:54:51.912006
1734;1848;-114;10:54:51.912006
1735;1849;-114;10:54:51.912006
1736;1847;-111;10:54:51.912006
1735;1847;-112;10:54:51.912006
1737;1849;-112;10:54:51.912006
1740;1853;-113;10:54:51.912006
1742;1852;-110;10:54:51.912006
1743;1855;-112;10:54:51.912006
1743;1857;-114;10:54:51.912006
1747;1859;-112;10:54:51.912006
1749;1860;-111;10:54:51.912006
1749;1860;-111;10:54:51.912006
1749;1860;-111;10:54:51.912006
1750;1861;-111;10:54:51.912006
1750;1863;-113;10:54:51.912006
1749;1861;-112;10:54:51.912006
1751;1861;-110;10:54:51.912006
1753;1861;-108;10:54:51.912006
1754;1863;-109;10:54:51.912006
1754;1862;-108;10:54:51.912006
1756;1862;-106;10:54:51.912006
1754;1863;-109;10:54:51.912006
1756;1863;-107;10:54:51.912006
1759;1865;-106;10:54:51.912006
1758;1866;-108;10:54:51.912006
1759;1865;-106;10:54:51.912006
1759;1866;-107;10:54:51.912006
1761;1868;-107;10:54:51.912006
1763;1869;-106;10:54:51.912006
1763;1870;-107;10:54:51.912006
1763;1875;-112;10:54:51.912006
1766;1877;-111;10:54:51.912006
1767;1881;-114;10:54:51.912006
1768;1880;-112;10:54:51.912006
1768;1881;-113;10:54:51.912006
1769;1881;-112;10:54:51.912006
1771;1880;-109;10:54:51.912006
1773;1881;-108;10:54:51.913003
1774;1881;-107;10:54:51.913003
1775;1882;-107;10:54:51.913003
1775;1885;-110;10:54:51.913003
1775;1886;-111;10:54:51.913003
1777;1889;-112;10:54:51.913003
1778;1890;-112;10:54:51.913003
1781;1889;-108;10:54:51.913003
1785;1888;-103;10:54:51.913003
1784;1889;-105;10:54:51.913003
1784;1890;-106;10:54:51.913003
1784;1892;-108;10:54:51.913003
1786;1895;-109;10:54:51.913003
1787;1894;-107;10:54:51.913003
1786;1895;-109;10:54:51.913003
1786;1897;-111;10:54:51.913003
1788;1901;-113;10:54:51.913003
1788;1898;-110;10:54:51.913003
1789;1895;-106;10:54:51.913003
1787;1896;-109;10:54:51.913003
1790;1896;-106;10:54:51.913003
1791;1893;-102;10:54:51.913003
1790;1890;-100;10:54:51.913003
1789;1890;-101;10:54:51.913003
1789;1889;-100;10:54:51.913003
1791;1891;-100;10:54:51.913003
1787;1890;-103;10:54:51.913003
1781;1886;-105;10:54:51.913003
1779;1885;-106;10:54:51.913003
1778;1886;-108;10:54:51.913003
1779;1885;-106;10:54:51.913003
1779;1884;-105;10:54:51.913003
1776;1883;-107;10:54:51.913003
1776;1883;-107;10:54:51.913003
1775;1884;-109;10:54:51.913003
1781;1886;-105;10:54:51.913003
1783;1889;-106;10:54:51.913003
1784;1888;-104;10:54:51.913003
1787;1891;-104;10:54:51.913003
1789;1893;-104;10:54:51.913003
1789;1892;-103;10:54:51.913003
1791;1894;-103;10:54:51.913003
1790;1892;-102;10:54:51.913003
1790;1893;-103;10:54:51.913003
1788;1891;-103;10:54:51.913003
1787;1891;-104;10:54:51.913003
1786;1891;-105;10:54:51.913003
1785;1892;-107;10:54:51.913003
1785;1889;-104;10:54:51.913003
1782;1887;-105;10:54:51.913003
1780;1884;-104;10:54:51.913003
1781;1882;-101;10:54:51.913003
1781;1881;-100;10:54:51.913003
1778;1880;-102;10:54:51.913003
1777;1880;-103;10:54:51.913003
1775;1878;-103;10:54:51.913003
1772;1878;-106;10:54:51.913003
1770;1877;-107;10:54:51.913003
1769;1875;-106;10:54:51.913003
1766;1876;-110;10:54:51.913003
1765;1875;-110;10:54:51.913003
1763;1874;-111;10:54:51.913003
1764;1873;-109;10:54:51.913003
1763;1874;-111;10:54:51.913003
1761;1871;-110;10:54:51.913003
1761;1872;-111;10:54:51.913003
1760;1871;-111;10:54:51.913003
1761;1872;-111;10:54:51.913003
1758;1872;-114;10:54:51.913003
1759;1870;-111;10:54:51.913003
1760;1869;-109;10:54:51.913003
1762;1869;-107;10:54:51.913003
1760;1868;-108;10:54:51.913003
1763;1869;-106;10:54:51.913003
1764;1870;-106;10:54:51.913003
1765;1869;-104;10:54:51.913003
1763;1871;-108;10:54:51.913003
1762;1870;-108;10:54:51.913003
1763;1871;-108;10:54:51.913003
1762;1871;-109;10:54:51.913003
1760;1870;-110;10:54:51.913003
1760;1869;-109;10:54:51.913003
1761;1868;-107;10:54:51.913003
1761;1868;-107;10:54:51.913003
1758;1866;-108;10:54:51.913003
1760;1863;-103;10:54:51.913003
1760;1864;-104;10:54:51.913003
1758;1861;-103;10:54:51.913003
1755;1861;-106;10:54:51.913003
1754;1859;-105;10:54:51.913003
1751;1858;-107;10:54:51.913003
1750;1859;-109;10:54:51.913003
1747;1857;-110;10:54:51.913003
1747;1856;-109;10:54:51.913003
1747;1857;-110;10:54:51.913003
1746;1856;-110;10:54:51.913003
1747;1856;-109;10:54:51.913003
1747;1856;-109;10:54:51.913003
1748;1856;-108;10:54:51.913003
1747;1857;-110;10:54:51.913003
1748;1854;-106;10:54:51.913003
1749;1853;-104;10:54:51.913003
1749;1854;-105;10:54:51.913003
1748;1853;-105;10:54:51.913003
1747;1855;-108;10:54:51.913003
1746;1857;-111;10:54:51.913003
1745;1854;-109;10:54:51.913003
1746;1854;-108;10:54:51.913003
1745;1854;-109;10:54:51.913003
1746;1854;-108;10:54:51.913003
1746;1852;-106;10:54:51.913003
1745;1854;-109;10:54:51.913003
1744;1855;-111;10:54:51.913003
1744;1855;-111;10:54:51.913003
1745;1853;-108;10:54:51.913003
1745;1852;-107;10:54:51.913003
1747;1850;-103;10:54:51.913003
1747;1851;-104;10:54:51.913003
1745;1850;-105;10:54:51.913003
1745;1851;-106;10:54:51.913003
1744;1851;-107;10:54:51.913003
1743;1850;-107;10:54:51.913003
1744;1848;-104;10:54:51.913003
1745;1848;-103;10:54:51.913003
1741;1847;-106;10:54:51.913003
1740;1846;-106;10:54:51.913003
1742;1846;-104;10:54:51.913003
1740;1845;-105;10:54:51.913003
1738;1846;-108;10:54:51.913003
1739;1847;-108;10:54:51.913003
1741;1849;-108;10:54:51.913003
1741;1850;-109;10:54:51.913003
1741;1848;-107;10:54:51.913003
1741;1847;-106;10:54:51.913003
1742;1847;-105;10:54:51.913003
1741;1847;-106;10:54:51.913003
1740;1849;-109;10:54:51.913003
1741;1850;-109;10:54:51.913003
1743;1850;-107;10:54:51.913003
1745;1848;-103;10:54:51.913003
1746;1851;-105;10:54:51.913003
1745;1851;-106;10:54:51.913003
1744;1852;-108;10:54:51.913003
1747;1852;-105;10:54:51.913003
1750;1853;-103;10:54:51.913003
1752;1853;-101;10:54:51.913003
1754;1854;-100;10:54:51.913003
1755;1856;-101;10:54:51.913003
1754;1855;-101;10:54:51.913003
1757;1855;-98;10:54:51.913003
1757;1858;-101;10:54:51.913003
1757;1861;-104;10:54:51.913003
1761;1861;-100;10:54:51.913003
1763;1861;-98;10:54:51.913003
1765;1864;-99;10:54:51.913003
1765;1868;-103;10:54:51.913003
1764;1870;-106;10:54:51.913003
1768;1873;-105;10:54:51.913003
1770;1873;-103;10:54:51.913003
1771;1872;-101;10:54:51.913003
1770;1872;-102;10:54:51.913003
1769;1874;-105;10:54:51.913003
1770;1876;-106;10:54:51.913003
1774;1876;-102;10:54:51.913003
1775;1875;-100;10:54:51.913003
1775;1876;-101;10:54:51.913003
1778;1879;-101;10:54:51.913003
1777;1878;-101;10:54:51.913003
1775;1879;-104;10:54:51.913003
1773;1881;-108;10:54:51.913003
1776;1882;-106;10:54:51.913003
1775;1881;-106;10:54:51.913003
1776;1880;-104;10:54:51.913003
1777;1879;-102;10:54:51.913003
1777;1881;-104;10:54:51.913003
1779;1885;-106;10:54:51.913003
1779;1885;-106;10:54:51.913003
1778;1885;-107;10:54:51.913003
1775;1883;-108;10:54:51.913003
1775;1884;-109;10:54:51.913003
1775;1887;-112;10:54:51.913003
1774;1883;-109;10:54:51.913003
1774;1884;-110;10:54:51.913003
1776;1883;-107;10:54:51.913003
1774;1883;-109;10:54:51.913003
1776;1882;-106;10:54:51.913003
1776;1884;-108;10:54:51.913003
1775;1882;-107;10:54:51.913003
1779;1882;-103;10:54:51.913003
1781;1882;-101;10:54:51.913003
1776;1882;-106;10:54:51.913003
1776;1884;-108;10:54:51.913003
1780;1886;-106;10:54:51.913003
1782;1885;-103;10:54:51.913003
1782;1885;-103;10:54:51.913003
1787;1889;-102;10:54:51.913003
1787;1889;-102;10:54:51.913003
1786;1890;-104;10:54:51.913003
1785;1890;-105;10:54:51.913003
1787;1892;-105;10:54:51.913003
1787;1893;-106;10:54:51.913003
1787;1893;-106;10:54:51.913003
1788;1891;-103;10:54:51.913003
1787;1891;-104;10:54:51.913003
1787;1890;-103;10:54:51.913003
1786;1891;-105;10:54:51.913003
1787;1891;-104;10:54:51.913003
1788;1890;-102;10:54:51.913003
1787;1888;-101;10:54:51.913003
1789;1889;-100;10:54:51.913003
1789;1891;-102;10:54:51.913003
1787;1893;-106;10:54:51.913003
1788;1894;-106;10:54:51.913003
1786;1893;-107;10:54:51.913003
1786;1893;-107;10:54:51.913003
1785;1892;-107;10:54:51.913003
1785;1894;-109;10:54:51.913003
1782;1894;-112;10:54:51.913003
1783;1895;-112;10:54:51.913003
1785;1893;-108;10:54:51.913003
1783;1893;-110;10:54:51.913003
1783;1895;-112;10:54:51.913003
1783;1893;-110;10:54:51.913003
1780;1893;-113;10:54:51.913003
1780;1891;-111;10:54:51.913003
1783;1889;-106;10:54:51.913003
1782;1886;-104;10:54:51.913003
1781;1884;-103;10:54:51.913003
1781;1884;-103;10:54:51.913003
1782;1885;-103;10:54:51.913003
1778;1883;-105;10:54:51.913003
1776;1883;-107;10:54:51.913003
1776;1883;-107;10:54:51.913003
1774;1884;-110;10:54:51.913003
1775;1883;-108;10:54:51.913003
1774;1883;-109;10:54:51.913003
1772;1882;-110;10:54:51.913003
1774;1877;-103;10:54:51.913003
1773;1876;-103;10:54:51.913003
1768;1873;-105;10:54:51.913003
1764;1874;-110;10:54:51.913003
1764;1874;-110;10:54:51.913003
1766;1874;-108;10:54:51.913003
1763;1873;-110;10:54:51.913003
1762;1872;-110;10:54:51.913003
1765;1870;-105;10:54:51.913003
1766;1872;-106;10:54:51.913003
1764;1873;-109;10:54:51.913003
1766;1872;-106;10:54:51.913003
1766;1876;-110;10:54:51.913003
1766;1877;-111;10:54:51.913003
1765;1876;-111;10:54:51.913003
1765;1874;-109;10:54:51.913003
1764;1874;-110;10:54:51.913003
1766;1876;-110;10:54:51.913003
1768;1876;-108;10:54:51.913003
1767;1876;-109;10:54:51.913003
1769;1873;-104;10:54:51.913003
1768;1874;-106;10:54:51.913003
1765;1873;-108;10:54:51.913003
1766;1873;-107;10:54:51.913003
1765;1873;-108;10:54:51.913003
1764;1872;-108;10:54:51.913003
1765;1872;-107;10:54:51.913003
1765;1872;-107;10:54:51.913003
1765;1872;-107;10:54:51.913003
1766;1873;-107;10:54:51.913003
1765;1874;-109;10:54:51.913003
1766;1873;-107;10:54:51.913003
1765;1873;-108;10:54:51.913003
1762;1872;-110;10:54:51.913003
1763;1870;-107;10:54:51.913003
1762;1869;-107;10:54:51.913003
1760;1867;-107;10:54:51.913003
1758;1867;-109;10:54:51.913003
1756;1866;-110;10:54:51.913003
1752;1865;-113;10:54:51.913003
1754;1862;-108;10:54:51.913003
1753;1863;-110;10:54:51.913003
1752;1862;-110;10:54:51.913003
1751;1862;-111;10:54:51.913003
1750;1860;-110;10:54:51.913003
1748;1860;-112;10:54:51.913003
1746;1857;-111;10:54:51.913003
1746;1858;-112;10:54:51.913003
1745;1858;-113;10:54:51.913003
1744;1856;-112;10:54:51.913003
1741;1855;-114;10:54:51.913003
1742;1855;-113;10:54:51.913003
1741;1854;-113;10:54:51.913003
1742;1853;-111;10:54:51.913003
1739;1850;-111;10:54:51.913003
1739;1849;-110;10:54:51.913003
1741;1851;-110;10:54:51.913003
1741;1852;-111;10:54:51.913003
1739;1851;-112;10:54:51.913003
1739;1851;-112;10:54:51.913003
1739;1854;-115;10:54:51.913003
1737;1856;-119;10:54:51.913003
1741;1855;-114;10:54:51.913003
1742;1854;-112;10:54:51.913003
1743;1853;-110;10:54:51.913003
1744;1852;-108;10:54:51.913003
1742;1852;-110;10:54:51.913003
1743;1851;-108;10:54:51.913003
1740;1851;-111;10:54:51.913003
1742;1853;-111;10:54:51.913003
1744;1851;-107;10:54:51.913003
1744;1850;-106;10:54:51.913003
1744;1853;-109;10:54:51.913003
1744;1856;-112;10:54:51.913003
1744;1854;-110;10:54:51.913003
1743;1853;-110;10:54:51.913003
1744;1855;-111;10:54:51.913003
1744;1855;-111;10:54:51.913003
1744;1855;-111;10:54:51.913003
1745;1857;-112;10:54:51.913003
1746;1859;-113;10:54:51.913003
1749;1857;-108;10:54:51.913003
1748;1857;-109;10:54:51.913003
1748;1857;-109;10:54:51.913003
1749;1856;-107;10:54:51.913003
1748;1855;-107;10:54:51.913003
1746;1855;-109;10:54:51.913003
1744;1856;-112;10:54:51.913003
1747;1856;-109;10:54:51.913003
1750;1856;-106;10:54:51.913003
1751;1856;-105;10:54:51.913003
1749;1858;-109;10:54:51.913003
1750;1859;-109;10:54:51.913003
1752;1863;-111;10:54:51.913003
1754;1862;-108;10:54:51.913003
1756;1862;-106;10:54:51.913003
1757;1865;-108;10:54:51.913003
1760;1869;-109;10:54:51.913003
1761;1872;-111;10:54:51.913003
1765;1873;-108;10:54:51.913003
1768;1873;-105;10:54:51.913003
1770;1874;-104;10:54:51.913003
1774;1875;-101;10:54:51.913003
1776;1879;-103;10:54:51.913003
1773;1879;-106;10:54:51.913003
1776;1882;-106;10:54:51.913003
1776;1883;-107;10:54:51.913003
1773;1881;-108;10:54:51.913003
1774;1880;-106;10:54:51.913003
1776;1882;-106;10:54:51.913003
1775;1881;-106;10:54:51.913003
1774;1879;-105;10:54:51.913003
1774;1878;-104;10:54:51.913003
1775;1879;-104;10:54:51.913003
1774;1878;-104;10:54:51.913003
1773;1877;-104;10:54:51.913003
1773;1879;-106;10:54:51.913003
1772;1879;-107;10:54:51.913003
1771;1880;-109;10:54:51.913003
1772;1882;-110;10:54:51.913003
1771;1881;-110;10:54:51.913003
1774;1881;-107;10:54:51.913003
1775;1880;-105;10:54:51.913003
1776;1879;-103;10:54:51.913003
1773;1879;-106;10:54:51.913003
1776;1878;-102;10:54:51.913003
1778;1879;-101;10:54:51.913003
1778;1882;-104;10:54:51.913003
1779;1884;-105;10:54:51.913003
1780;1885;-105;10:54:51.913003
1780;1885;-105;10:54:51.913003
1780;1887;-107;10:54:51.913003
1780;1887;-107;10:54:51.913003
1781;1888;-107;10:54:51.913003
1782;1889;-107;10:54:51.913003
1787;1891;-104;10:54:51.913003
1786;1893;-107;10:54:51.913003
1787;1891;-104;10:54:51.913003
1790;1891;-101;10:54:51.913003
1790;1892;-102;10:54:51.913003
1789;1894;-105;10:54:51.913003
1788;1894;-106;10:54:51.913003
1791;1893;-102;10:54:51.913003
1791;1892;-101;10:54:51.913003
1790;1890;-100;10:54:51.913003
1790;1889;-99;10:54:51.913003
1789;1889;-100;10:54:51.913003
1787;1889;-102;10:54:51.913003
1785;1888;-103;10:54:51.913003
1788;1890;-102;10:54:51.913003
1787;1888;-101;10:54:51.913003
1787;1886;-99;10:54:51.913003
1788;1887;-99;10:54:51.913003
1785;1888;-103;10:54:51.913003
1785;1886;-101;10:54:51.913003
1784;1885;-101;10:54:51.913003
1783;1885;-102;10:54:51.913003
1782;1884;-102;10:54:51.913003
1781;1884;-103;10:54:51.913003
1784;1883;-99;10:54:51.913003
1779;1883;-104;10:54:51.913003
1781;1882;-101;10:54:51.913003
1779;1881;-102;10:54:51.913003
1776;1880;-104;10:54:51.913003
1772;1879;-107;10:54:51.913003
1773;1880;-107;10:54:51.913003
1773;1879;-106;10:54:51.913003
1773;1878;-105;10:54:51.913003
1772;1880;-108;10:54:51.913003
1772;1880;-108;10:54:51.913003
1774;1878;-104;10:54:51.913003
1776;1877;-101;10:54:51.913003
1775;1877;-102;10:54:51.913003
1774;1878;-104;10:54:51.913003
1775;1878;-103;10:54:51.913003
1775;1879;-104;10:54:51.913003
1773;1881;-108;10:54:51.913003
1774;1882;-108;10:54:51.913003
1776;1882;-106;10:54:51.913003
1774;1880;-106;10:54:51.913003
1774;1879;-105;10:54:51.913003
1772;1878;-106;10:54:51.913003
1773;1880;-107;10:54:51.913003
1775;1879;-104;10:54:51.913003
1774;1879;-105;10:54:51.913003
1772;1879;-107;10:54:51.913003
1772;1876;-104;10:54:51.913003
1769;1874;-105;10:54:51.913003
1766;1872;-106;10:54:51.913003
1762;1870;-108;10:54:51.913003
1761;1867;-106;10:54:51.913003
1761;1866;-105;10:54:51.913003
1758;1865;-107;10:54:51.913003
1756;1864;-108;10:54:51.913003
1755;1864;-109;10:54:51.913003
1757;1865;-108;10:54:51.913003
1755;1861;-106;10:54:51.913003
1750;1858;-108;10:54:51.913003
1749;1858;-109;10:54:51.913003
1746;1857;-111;10:54:51.913003
1744;1856;-112;10:54:51.913003
1744;1854;-110;10:54:51.913003
1744;1854;-110;10:54:51.913003
1744;1853;-109;10:54:51.913003
1745;1851;-106;10:54:51.913003
1743;1849;-106;10:54:51.913003
1741;1849;-108;10:54:51.913003
1741;1849;-108;10:54:51.913003
1741;1848;-107;10:54:51.913003
1739;1845;-106;10:54:51.913003
1737;1844;-107;10:54:51.913003
1736;1844;-108;10:54:51.913003
1735;1841;-106;10:54:51.913003
1735;1841;-106;10:54:51.913003
1734;1841;-107;10:54:51.913003
1733;1839;-106;10:54:51.913003
1731;1838;-107;10:54:51.913003
1730;1839;-109;10:54:51.913003
1728;1841;-113;10:54:51.913003
1729;1841;-112;10:54:51.913003
1730;1842;-112;10:54:51.913003
1732;1842;-110;10:54:51.913003
1731;1844;-113;10:54:51.913003
1732;1841;-109;10:54:51.913003
1733;1841;-108;10:54:51.913003
1728;1841;-113;10:54:51.913003
1725;1839;-114;10:54:51.913003
1726;1839;-113;10:54:51.913003
1727;1838;-111;10:54:51.913003
1727;1836;-109;10:54:51.913003
1726;1838;-112;10:54:51.913003
1725;1840;-115;10:54:51.913003
1728;1840;-112;10:54:51.913003
1729;1840;-111;10:54:51.913003
1731;1838;-107;10:54:51.913003
1731;1840;-109;10:54:51.913003
1732;1843;-111;10:54:51.913003
1732;1843;-111;10:54:51.913003
1731;1842;-111;10:54:51.913003
1732;1845;-113;10:54:51.913003
1737;1848;-111;10:54:51.913003
1735;1850;-115;10:54:51.913003
1736;1851;-115;10:54:51.913003
1737;1852;-115;10:54:51.913003
1738;1853;-115;10:54:51.913003
1738;1852;-114;10:54:51.913003
1740;1852;-112;10:54:51.913003
1741;1850;-109;10:54:51.913003
1742;1849;-107;10:54:51.913003
1744;1851;-107;10:54:51.913003
1744;1854;-110;10:54:51.913003
1745;1853;-108;10:54:51.913003
1744;1853;-109;10:54:51.913003
1749;1856;-107;10:54:51.913003
1748;1855;-107;10:54:51.913003
1748;1854;-106;10:54:51.913003
1749;1857;-108;10:54:51.913003
1750;1860;-110;10:54:51.913003
1748;1861;-113;10:54:51.913003
1755;1863;-108;10:54:51.913003
1758;1864;-106;10:54:51.913003
1757;1863;-106;10:54:51.913003
1756;1863;-107;10:54:51.913003
1757;1864;-107;10:54:51.913003
1759;1865;-106;10:54:51.913003
1759;1865;-106;10:54:51.913003
1761;1866;-105;10:54:51.913003
1765;1868;-103;10:54:51.913003
1764;1871;-107;10:54:51.913003
1765;1870;-105;10:54:51.913003
1767;1874;-107;10:54:51.913003
1771;1876;-105;10:54:51.913003
1770;1877;-107;10:54:51.913003
1771;1881;-110;10:54:52.005955
1772;1883;-111;10:54:52.005955
1777;1885;-108;10:54:52.005955
1778;1888;-110;10:54:52.005955
1781;1888;-107;10:54:52.005955
1784;1890;-106;10:54:52.005955
1787;1894;-107;10:54:52.005955
1789;1897;-108;10:54:52.005955
1792;1897;-105;10:54:52.005955
1796;1899;-103;10:54:52.005955
1797;1900;-103;10:54:52.005955
1798;1899;-101;10:54:52.005955
1800;1903;-103;10:54:52.005955
1801;1904;-103;10:54:52.005955
1803;1902;-99;10:54:52.005955
1804;1902;-98;10:54:52.005955
1804;1902;-98;10:54:52.005955
1802;1901;-99;10:54:52.005955
1802;1901;-99;10:54:52.005955
1799;1902;-103;10:54:52.005955
1799;1900;-101;10:54:52.005955
1799;1899;-100;10:54:52.005955
1798;1899;-101;10:54:52.005955
1799;1901;-102;10:54:52.005955
1798;1897;-99;10:54:52.005955
1799;1895;-96;10:54:52.005955
1798;1894;-96;10:54:52.005955
1795;1893;-98;10:54:52.005955
1793;1891;-98;10:54:52.005955
1794;1892;-98;10:54:52.005955
1792;1894;-102;10:54:52.005955
1792;1897;-105;10:54:52.005955
1792;1898;-106;10:54:52.005955
1793;1897;-104;10:54:52.005955
1792;1895;-103;10:54:52.005955
1793;1894;-101;10:54:52.005955
1792;1894;-102;10:54:52.005955
1792;1896;-104;10:54:52.005955
1794;1895;-101;10:54:52.005955
1795;1897;-102;10:54:52.005955
1793;1898;-105;10:54:52.005955
1795;1899;-104;10:54:52.005955
1796;1898;-102;10:54:52.005955
1794;1896;-102;10:54:52.005955
1792;1895;-103;10:54:52.005955
1791;1894;-103;10:54:52.005955
1789;1895;-106;10:54:52.005955
1788;1893;-105;10:54:52.005955
1786;1892;-106;10:54:52.005955
1785;1891;-106;10:54:52.005955
1786;1889;-103;10:54:52.005955
1785;1890;-105;10:54:52.005955
1784;1889;-105;10:54:52.005955
1782;1887;-105;10:54:52.005955
1781;1883;-102;10:54:52.005955
1779;1881;-102;10:54:52.005955
1776;1880;-104;10:54:52.005955
1773;1879;-106;10:54:52.005955
1773;1879;-106;10:54:52.005955
1772;1879;-107;10:54:52.005955
1770;1875;-105;10:54:52.005955
1772;1878;-106;10:54:52.005955
1771;1877;-106;10:54:52.005955
1768;1873;-105;10:54:52.005955
1765;1873;-108;10:54:52.005955
1765;1873;-108;10:54:52.005955
1764;1875;-111;10:54:52.005955
1763;1871;-108;10:54:52.005955
1762;1871;-109;10:54:52.005955
1764;1872;-108;10:54:52.005955
1763;1870;-107;10:54:52.005955
1762;1869;-107;10:54:52.005955
1760;1866;-106;10:54:52.005955
1757;1863;-106;10:54:52.005955
1754;1863;-109;10:54:52.005955
1751;1860;-109;10:54:52.005955
1748;1859;-111;10:54:52.005955
1749;1860;-111;10:54:52.005955
1749;1859;-110;10:54:52.005955
1749;1859;-110;10:54:52.005955
1748;1861;-113;10:54:52.005955
1749;1861;-112;10:54:52.005955
1751;1861;-110;10:54:52.005955
1751;1860;-109;10:54:52.005955
1753;1860;-107;10:54:52.005955
1756;1863;-107;10:54:52.005955
1756;1862;-106;10:54:52.005955
1754;1862;-108;10:54:52.005955
1753;1862;-109;10:54:52.005955
1752;1863;-111;10:54:52.005955
1754;1861;-107;10:54:52.005955
1753;1862;-109;10:54:52.005955
1752;1862;-110;10:54:52.005955
1753;1862;-109;10:54:52.005955
1753;1860;-107;10:54:52.005955
1751;1859;-108;10:54:52.005955
1750;1856;-106;10:54:52.005955
1749;1855;-106;10:54:52.005955
1748;1853;-105;10:54:52.005955
1745;1851;-106;10:54:52.005955
1744;1850;-106;10:54:52.005955
1743;1850;-107;10:54:52.005955
1742;1850;-108;10:54:52.005955
1738;1848;-110;10:54:52.005955
1738;1848;-110;10:54:52.005955
1738;1847;-109;10:54:52.005955
1736;1846;-110;10:54:52.005955
1738;1848;-110;10:54:52.005955
1736;1850;-114;10:54:52.005955
1737;1848;-111;10:54:52.005955
1738;1846;-108;10:54:52.005955
1738;1846;-108;10:54:52.005955
1737;1846;-109;10:54:52.005955
1739;1844;-105;10:54:52.005955
1740;1845;-105;10:54:52.005955
1739;1845;-106;10:54:52.005955
1738;1846;-108;10:54:52.005955
1737;1846;-109;10:54:52.005955
1739;1846;-107;10:54:52.005955
1739;1849;-110;10:54:52.005955
1739;1849;-110;10:54:52.005955
1739;1852;-113;10:54:52.005955
1740;1852;-112;10:54:52.005955
1741;1852;-111;10:54:52.005955
1744;1854;-110;10:54:52.005955
1742;1855;-113;10:54:52.005955
1743;1855;-112;10:54:52.005955
1744;1855;-111;10:54:52.005955
1745;1853;-108;10:54:52.005955
1746;1852;-106;10:54:52.005955
1746;1853;-107;10:54:52.005955
1747;1853;-106;10:54:52.005955
1745;1853;-108;10:54:52.005955
1746;1854;-108;10:54:52.005955
1747;1854;-107;10:54:52.005955
1749;1853;-104;10:54:52.005955
1747;1853;-106;10:54:52.005955
1745;1850;-105;10:54:52.005955
1744;1850;-106;10:54:52.005955
1742;1850;-108;10:54:52.005955
1743;1850;-107;10:54:52.005955
1747;1851;-104;10:54:52.005955
1748;1852;-104;10:54:52.005955
1749;1854;-105;10:54:52.005955
1750;1856;-106;10:54:52.005955
1750;1858;-108;10:54:52.005955
1753;1858;-105;10:54:52.005955
1754;1858;-104;10:54:52.005955
1756;1857;-101;10:54:52.005955
1757;1860;-103;10:54:52.005955
1758;1862;-104;10:54:52.005955
1759;1865;-106;10:54:52.005955
1762;1868;-106;10:54:52.005955
1765;1871;-106;10:54:52.005955
1765;1872;-107;10:54:52.005955
1765;1872;-107;10:54:52.005955
1766;1874;-108;10:54:52.005955
1768;1875;-107;10:54:52.005955
1767;1874;-107;10:54:52.005955
1766;1875;-109;10:54:52.005955
1769;1875;-106;10:54:52.005955
1771;1874;-103;10:54:52.005955
1771;1872;-101;10:54:52.005955
1770;1872;-102;10:54:52.005955
1771;1872;-101;10:54:52.005955
1770;1872;-102;10:54:52.005955
1768;1872;-104;10:54:52.005955
1768;1873;-105;10:54:52.005955
1769;1872;-103;10:54:52.005955
1771;1875;-104;10:54:52.005955
1773;1877;-104;10:54:52.005955
1776;1877;-101;10:54:52.005955
1776;1876;-100;10:54:52.005955
1775;1880;-105;10:54:52.005955
1776;1878;-102;10:54:52.005955
1775;1878;-103;10:54:52.005955
1776;1878;-102;10:54:52.005955
1776;1877;-101;10:54:52.005955
1778;1877;-99;10:54:52.005955
1778;1881;-103;10:54:52.005955
1779;1884;-105;10:54:52.005955
1780;1885;-105;10:54:52.005955
1780;1885;-105;10:54:52.005955
1782;1887;-105;10:54:52.005955
1781;1888;-107;10:54:52.005955
1783;1888;-105;10:54:52.005955
1783;1887;-104;10:54:52.005955
1783;1887;-104;10:54:52.005955
1787;1888;-101;10:54:52.005955
1788;1888;-100;10:54:52.005955
1788;1890;-102;10:54:52.005955
1789;1893;-104;10:54:52.005955
1790;1895;-105;10:54:52.005955
1792;1896;-104;10:54:52.005955
1791;1895;-104;10:54:52.005955
1792;1894;-102;10:54:52.005955
1793;1894;-101;10:54:52.005955
1792;1896;-104;10:54:52.005955
1793;1897;-104;10:54:52.005955
1798;1896;-98;10:54:52.005955
1799;1897;-98;10:54:52.005955
1797;1899;-102;10:54:52.005955
1794;1900;-106;10:54:52.005955
1797;1901;-104;10:54:52.005955
1796;1900;-104;10:54:52.005955
1795;1899;-104;10:54:52.005955
1796;1899;-103;10:54:52.005955
1797;1900;-103;10:54:52.005955
1794;1902;-108;10:54:52.005955
1794;1899;-105;10:54:52.005955
1797;1898;-101;10:54:52.005955
1798;1897;-99;10:54:52.005955
1798;1894;-96;10:54:52.005955
1795;1893;-98;10:54:52.005955
1790;1891;-101;10:54:52.005955
1788;1893;-105;10:54:52.005955
1789;1891;-102;10:54:52.005955
1787;1888;-101;10:54:52.005955
1784;1888;-104;10:54:52.005955
1785;1889;-104;10:54:52.005955
1783;1890;-107;10:54:52.005955
1781;1889;-108;10:54:52.005955
1781;1888;-107;10:54:52.005955
1783;1889;-106;10:54:52.005955
1784;1889;-105;10:54:52.005955
1785;1889;-104;10:54:52.005955
1786;1888;-102;10:54:52.005955
1785;1890;-105;10:54:52.005955
1786;1890;-104;10:54:52.005955
1786;1890;-104;10:54:52.005955
1783;1888;-105;10:54:52.005955
1782;1886;-104;10:54:52.005955
1783;1889;-106;10:54:52.005955
1784;1888;-104;10:54:52.005955
1784;1885;-101;10:54:52.005955
1782;1885;-103;10:54:52.005955
1781;1882;-101;10:54:52.005955
1777;1881;-104;10:54:52.005955
1775;1882;-107;10:54:52.005955
1773;1881;-108;10:54:52.005955
1773;1881;-108;10:54:52.005955
1772;1877;-105;10:54:52.005955
1772;1876;-104;10:54:52.005955
1770;1874;-104;10:54:52.005955
1767;1872;-105;10:54:52.005955
1767;1873;-106;10:54:52.005955
1765;1873;-108;10:54:52.005955
1760;1870;-110;10:54:52.005955
1760;1867;-107;10:54:52.005955
1760;1867;-107;10:54:52.005955
1757;1863;-106;10:54:52.005955
1754;1861;-107;10:54:52.005955
1753;1862;-109;10:54:52.005955
1750;1863;-113;10:54:52.005955
1750;1861;-111;10:54:52.005955
1751;1861;-110;10:54:52.024905
1751;1862;-111;10:54:52.024905
1751;1860;-109;10:54:52.024905
1750;1861;-111;10:54:52.024905
1750;1857;-107;10:54:52.024905
1749;1859;-110;10:54:52.024905
1751;1862;-111;10:54:52.024905
1752;1862;-110;10:54:52.024905
1751;1862;-111;10:54:52.024905
1751;1862;-111;10:54:52.024905
1751;1860;-109;10:54:52.024905
1749;1861;-112;10:54:52.024905
1751;1860;-109;10:54:52.024905
1749;1860;-111;10:54:52.024905
1746;1859;-113;10:54:52.024905
1748;1858;-110;10:54:52.024905
1747;1857;-110;10:54:52.024905
1746;1856;-110;10:54:52.024905
1743;1853;-110;10:54:52.024905
1739;1852;-113;10:54:52.024905
1742;1850;-108;10:54:52.024905
1740;1847;-107;10:54:52.024905
1738;1847;-109;10:54:52.024905
1739;1847;-108;10:54:52.024905
1739;1844;-105;10:54:52.024905
1740;1843;-103;10:54:52.024905
1735;1843;-108;10:54:52.024905
1735;1843;-108;10:54:52.024905
1733;1845;-112;10:54:52.024905
1733;1845;-112;10:54:52.024905
1732;1843;-111;10:54:52.024905
1730;1840;-110;10:54:52.024905
1730;1839;-109;10:54:52.024905
1728;1840;-112;10:54:52.024905
1727;1837;-110;10:54:52.024905
1727;1838;-111;10:54:52.024905
1728;1840;-112;10:54:52.024905
1728;1838;-110;10:54:52.024905
1729;1838;-109;10:54:52.024905
1725;1839;-114;10:54:52.024905
1725;1841;-116;10:54:52.024905
1727;1841;-114;10:54:52.024905
1728;1842;-114;10:54:52.024905
1731;1843;-112;10:54:52.024905
1731;1847;-116;10:54:52.024905
1733;1848;-115;10:54:52.024905
1735;1849;-114;10:54:52.024905
1737;1848;-111;10:54:52.024905
1741;1850;-109;10:54:52.024905
1743;1852;-109;10:54:52.024905
1742;1854;-112;10:54:52.024905
1742;1853;-111;10:54:52.024905
1740;1855;-115;10:54:52.024905
1742;1856;-114;10:54:52.024905
1744;1856;-112;10:54:52.024905
1747;1856;-109;10:54:52.024905
1748;1857;-109;10:54:52.024905
1747;1857;-110;10:54:52.024905
1748;1858;-110;10:54:52.024905
1750;1858;-108;10:54:52.024905
1751;1859;-108;10:54:52.024905
1755;1861;-106;10:54:52.024905
1757;1862;-105;10:54:52.024905
1756;1863;-107;10:54:52.024905
1758;1865;-107;10:54:52.024905
1759;1867;-108;10:54:52.024905
1760;1868;-108;10:54:52.024905
1759;1869;-110;10:54:52.024905
1761;1870;-109;10:54:52.024905
1764;1873;-109;10:54:52.024905
1766;1873;-107;10:54:52.024905
1766;1872;-106;10:54:52.024905
1766;1874;-108;10:54:52.024905
1768;1875;-107;10:54:52.024905
1768;1877;-109;10:54:52.024905
1769;1878;-109;10:54:52.024905
1769;1879;-110;10:54:52.024905
1769;1878;-109;10:54:52.024905
1768;1877;-109;10:54:52.024905
1769;1878;-109;10:54:52.024905
1769;1878;-109;10:54:52.024905
1773;1881;-108;10:54:52.024905
1775;1882;-107;10:54:52.024905
1776;1882;-106;10:54:52.024905
1777;1887;-110;10:54:52.024905
1780;1887;-107;10:54:52.024905
1781;1890;-109;10:54:52.024905
1783;1890;-107;10:54:52.024905
1786;1891;-105;10:54:52.024905
1786;1890;-104;10:54:52.024905
1789;1892;-103;10:54:52.024905
1790;1896;-106;10:54:52.024905
1792;1897;-105;10:54:52.024905
1793;1897;-104;10:54:52.024905
1796;1897;-101;10:54:52.024905
1799;1899;-100;10:54:52.024905
1797;1898;-101;10:54:52.024905
1794;1899;-105;10:54:52.024905
1792;1900;-108;10:54:52.024905
1795;1899;-104;10:54:52.024905
1796;1900;-104;10:54:52.024905
1795;1898;-103;10:54:52.024905
1793;1899;-106;10:54:52.024905
1793;1899;-106;10:54:52.024905
1793;1899;-106;10:54:52.024905
1795;1897;-102;10:54:52.024905
1795;1895;-100;10:54:52.024905
1795;1896;-101;10:54:52.024905
1795;1896;-101;10:54:52.024905
1796;1893;-97;10:54:52.024905
1794;1893;-99;10:54:52.024905
1792;1895;-103;10:54:52.024905
1791;1895;-104;10:54:52.024905
1789;1896;-107;10:54:52.024905
1789;1899;-110;10:54:52.024905
1788;1898;-110;10:54:52.024905
1787;1899;-112;10:54:52.024905
1789;1896;-107;10:54:52.024905
1791;1894;-103;10:54:52.024905
1789;1892;-103;10:54:52.024905
1791;1894;-103;10:54:52.024905
1791;1896;-105;10:54:52.024905
1792;1895;-103;10:54:52.024905
1792;1895;-103;10:54:52.024905
1791;1898;-107;10:54:52.024905
1792;1898;-106;10:54:52.024905
1793;1896;-103;10:54:52.024905
1793;1897;-104;10:54:52.024905
1795;1896;-101;10:54:52.024905
1795;1896;-101;10:54:52.024905
1794;1897;-103;10:54:52.024905
1793;1896;-103;10:54:52.024905
1793;1897;-104;10:54:52.024905
1793;1895;-102;10:54:52.024905
1791;1894;-103;10:54:52.024905
1787;1890;-103;10:54:52.024905
1785;1887;-102;10:54:52.024905
1785;1887;-102;10:54:52.024905
1783;1887;-104;10:54:52.024905
1782;1884;-102;10:54:52.024905
1784;1882;-98;10:54:52.024905
1782;1881;-99;10:54:52.024905
1776;1881;-105;10:54:52.024905
1774;1880;-106;10:54:52.024905
1775;1882;-107;10:54:52.024905
1774;1880;-106;10:54:52.024905
1773;1880;-107;10:54:52.024905
1772;1881;-109;10:54:52.024905
1771;1880;-109;10:54:52.024905
1772;1878;-106;10:54:52.024905
1771;1878;-107;10:54:52.024905
1770;1876;-106;10:54:52.024905
1771;1874;-103;10:54:52.024905
1772;1874;-102;10:54:52.024905
1772;1874;-102;10:54:52.024905
1773;1874;-101;10:54:52.024905
1774;1875;-101;10:54:52.024905
1775;1875;-100;10:54:52.024905
1775;1876;-101;10:54:52.024905
1775;1878;-103;10:54:52.024905
1773;1877;-104;10:54:52.024905
1772;1879;-107;10:54:52.024905
1771;1877;-106;10:54:52.024905
1770;1875;-105;10:54:52.024905
1769;1872;-103;10:54:52.024905
1766;1870;-104;10:54:52.024905
1765;1866;-101;10:54:52.024905
1763;1866;-103;10:54:52.024905
1763;1865;-102;10:54:52.024905
1762;1865;-103;10:54:52.024905
1762;1864;-102;10:54:52.024905
1762;1862;-100;10:54:52.024905
1759;1860;-101;10:54:52.024905
1757;1857;-100;10:54:52.024905
1755;1859;-104;10:54:52.024905
1754;1857;-103;10:54:52.024905
1754;1857;-103;10:54:52.024905
1754;1858;-104;10:54:52.024905
1753;1858;-105;10:54:52.024905
1752;1856;-104;10:54:52.024905
1751;1854;-103;10:54:52.024905
1751;1853;-102;10:54:52.024905
1749;1852;-103;10:54:52.024905
1750;1852;-102;10:54:52.024905
1750;1852;-102;10:54:52.024905
1747;1848;-101;10:54:52.024905
1746;1848;-102;10:54:52.024905
1744;1848;-104;10:54:52.024905
1740;1845;-105;10:54:52.024905
1738;1841;-103;10:54:52.024905
1737;1841;-104;10:54:52.024905
1737;1840;-103;10:54:52.024905
1736;1841;-105;10:54:52.024905
1737;1841;-104;10:54:52.024905
1736;1841;-105;10:54:52.024905
1736;1839;-103;10:54:52.024905
1732;1841;-109;10:54:52.024905
1733;1843;-110;10:54:52.024905
1735;1839;-104;10:54:52.024905
1735;1841;-106;10:54:52.024905
1737;1841;-104;10:54:52.024905
1739;1843;-104;10:54:52.024905
1740;1840;-100;10:54:52.024905
1742;1843;-101;10:54:52.024905
1740;1839;-99;10:54:52.024905
1738;1843;-105;10:54:52.024905
1739;1843;-104;10:54:52.024905
1737;1840;-103;10:54:52.024905
1738;1839;-101;10:54:52.024905
1737;1839;-102;10:54:52.024905
1736;1842;-106;10:54:52.024905
1738;1841;-103;10:54:52.024905
1737;1842;-105;10:54:52.024905
1737;1841;-104;10:54:52.024905
1740;1844;-104;10:54:52.024905
1741;1844;-103;10:54:52.024905
1740;1845;-105;10:54:52.024905
1739;1843;-104;10:54:52.024905
1736;1844;-108;10:54:52.024905
1740;1844;-104;10:54:52.024905
1740;1843;-103;10:54:52.024905
1738;1844;-106;10:54:52.024905
1739;1843;-104;10:54:52.024905
1741;1844;-103;10:54:52.024905
1741;1845;-104;10:54:52.024905
1740;1844;-104;10:54:52.024905
1740;1846;-106;10:54:52.024905
1742;1847;-105;10:54:52.024905
1741;1847;-106;10:54:52.024905
1743;1848;-105;10:54:52.024905
1747;1848;-101;10:54:52.024905
1748;1851;-103;10:54:52.024905
1748;1852;-104;10:54:52.024905
1749;1852;-103;10:54:52.024905
1749;1852;-103;10:54:52.024905
1751;1853;-102;10:54:52.024905
1750;1857;-107;10:54:52.024905
1752;1857;-105;10:54:52.024905
1755;1858;-103;10:54:52.024905
1758;1860;-102;10:54:52.024905
1762;1862;-100;10:54:52.024905
1760;1862;-102;10:54:52.024905
1761;1865;-104;10:54:52.024905
1764;1867;-103;10:54:52.024905
1765;1869;-104;10:54:52.024905
1766;1872;-106;10:54:52.024905
1769;1873;-104;10:54:52.024905
1769;1876;-107;10:54:52.024905
1772;1877;-105;10:54:52.024905
1773;1878;-105;10:54:52.024905
1773;1878;-105;10:54:52.024905
1774;1877;-103;10:54:52.024905
1775;1879;-104;10:54:52.024905
1775;1878;-103;10:54:52.024905
1778;1876;-98;10:54:52.024905
1780;1881;-101;10:54:52.024905
1781;1880;-99;10:54:52.024905
1782;1881;-99;10:54:52.024905
1785;1882;-97;10:54:52.024905
1782;1883;-101;10:54:52.024905
1781;1884;-103;10:54:52.024905
1782;1886;-104;10:54:52.024905
1782;1885;-103;10:54:52.024905
1782;1883;-101;10:54:52.024905
1783;1883;-100;10:54:52.024905
1784;1884;-100;10:54:52.024905
1785;1886;-101;10:54:52.024905
1786;1888;-102;10:54:52.024905
1789;1889;-100;10:54:52.024905
1789;1891;-102;10:54:52.024905
1790;1894;-104;10:54:52.024905
1796;1897;-101;10:54:52.024905
1796;1896;-100;10:54:52.024905
1795;1894;-99;10:54:52.024905
1797;1894;-97;10:54:52.024905
1799;1895;-96;10:54:52.024905
1797;1896;-99;10:54:52.024905
1798;1897;-99;10:54:52.024905
1799;1896;-97;10:54:52.024905
1798;1896;-98;10:54:52.024905
1797;1898;-101;10:54:52.024905
1795;1900;-105;10:54:52.024905
1795;1899;-104;10:54:52.024905
1793;1898;-105;10:54:52.024905
1795;1898;-103;10:54:52.024905
1793;1898;-105;10:54:52.024905
1794;1899;-105;10:54:52.024905
1792;1897;-105;10:54:52.024905
1793;1896;-103;10:54:52.024905
1793;1897;-104;10:54:52.024905
1789;1898;-109;10:54:52.024905
1789;1895;-106;10:54:52.024905
1790;1894;-104;10:54:52.024905
1791;1895;-104;10:54:52.024905
1789;1893;-104;10:54:52.024905
1789;1891;-102;10:54:52.024905
1787;1892;-105;10:54:52.024905
1787;1891;-104;10:54:52.024905
1787;1891;-104;10:54:52.024905
1783;1889;-106;10:54:52.024905
1782;1891;-109;10:54:52.024905
1784;1889;-105;10:54:52.024905
1784;1888;-104;10:54:52.024905
1783;1889;-106;10:54:52.024905
1781;1890;-109;10:54:52.024905
1782;1891;-109;10:54:52.024905
1781;1886;-105;10:54:52.024905
1781;1886;-105;10:54:52.024905
1779;1886;-107;10:54:52.024905
1780;1886;-106;10:54:52.024905
1780;1886;-106;10:54:52.024905
1780;1886;-106;10:54:52.024905
1780;1884;-104;10:54:52.024905
1781;1886;-105;10:54:52.024905
1782;1888;-106;10:54:52.024905
1782;1886;-104;10:54:52.024905
1781;1884;-103;10:54:52.024905
1778;1886;-108;10:54:52.024905
1774;1884;-110;10:54:52.024905
1772;1882;-110;10:54:52.024905
1771;1880;-109;10:54:52.024905
1769;1877;-108;10:54:52.024905
1767;1874;-107;10:54:52.024905
1765;1872;-107;10:54:52.024905
1763;1870;-107;10:54:52.024905
1760;1867;-107;10:54:52.024905
1757;1864;-107;10:54:52.024905
1755;1861;-106;10:54:52.024905
1752;1858;-106;10:54:52.024905
1752;1857;-105;10:54:52.024905
1749;1858;-109;10:54:52.024905
1747;1857;-110;10:54:52.024905
1746;1857;-111;10:54:52.024905
1747;1858;-111;10:54:52.024905
1746;1856;-110;10:54:52.024905
1743;1855;-112;10:54:52.024905
1745;1854;-109;10:54:52.024905
1745;1854;-109;10:54:52.024905
1741;1852;-111;10:54:52.024905
1740;1849;-109;10:54:52.024905
1740;1848;-108;10:54:52.024905
1737;1846;-109;10:54:52.024905
1736;1845;-109;10:54:52.024905
1734;1846;-112;10:54:52.024905
1734;1845;-111;10:54:52.024905
1735;1844;-109;10:54:52.024905
1736;1844;-108;10:54:52.024905
1733;1844;-111;10:54:52.024905
1732;1845;-113;10:54:52.024905
1732;1848;-116;10:54:52.024905
1734;1848;-114;10:54:52.024905
1733;1847;-114;10:54:52.024905
1736;1847;-111;10:54:52.024905
1737;1848;-111;10:54:52.024905
1738;1847;-109;10:54:52.024905
1738;1846;-108;10:54:52.024905
1739;1844;-105;10:54:52.024905
1738;1842;-104;10:54:52.024905
1736;1840;-104;10:54:52.024905
1735;1843;-108;10:54:52.024905
1733;1842;-109;10:54:52.024905
1730;1842;-112;10:54:52.024905
1729;1842;-113;10:54:52.024905
1730;1843;-113;10:54:52.024905
1729;1843;-114;10:54:52.024905
1731;1843;-112;10:54:52.024905
1733;1843;-110;10:54:52.024905
1736;1842;-106;10:54:52.024905
1732;1841;-109;10:54:52.024905
1731;1843;-112;10:54:52.024905
1733;1843;-110;10:54:52.024905
1732;1842;-110;10:54:52.024905
1731;1841;-110;10:54:52.024905
1731;1840;-109;10:54:52.024905
1730;1839;-109;10:54:52.024905
1729;1840;-111;10:54:52.024905
1729;1839;-110;10:54:52.024905
1729;1841;-112;10:54:52.024905
1729;1844;-115;10:54:52.024905
1733;1845;-112;10:54:52.024905
1732;1846;-114;10:54:52.024905
1729;1847;-118;10:54:52.024905
1731;1848;-117;10:54:52.024905
1734;1851;-117;10:54:52.024905
1737;1850;-113;10:54:52.024905
1740;1849;-109;10:54:52.024905
1743;1850;-107;10:54:52.024905
1742;1853;-111;10:54:52.024905
1744;1855;-111;10:54:52.024905
1745;1858;-113;10:54:52.024905
1748;1857;-109;10:54:52.024905
1748;1858;-110;10:54:52.024905
1748;1859;-111;10:54:52.024905
1746;1860;-114;10:54:52.024905
1747;1858;-111;10:54:52.024905
1748;1858;-110;10:54:52.024905
1750;1859;-109;10:54:52.024905
1750;1859;-109;10:54:52.024905
1749;1859;-110;10:54:52.024905
1749;1859;-110;10:54:52.024905
1747;1859;-112;10:54:52.024905
1748;1859;-111;10:54:52.024905
1749;1859;-110;10:54:52.024905
1751;1859;-108;10:54:52.024905
1750;1860;-110;10:54:52.024905
1750;1860;-110;10:54:52.024905
1752;1860;-108;10:54:52.024905
1752;1859;-107;10:54:52.024905
1749;1860;-111;10:54:52.024905
1749;1862;-113;10:54:52.024905
1751;1862;-111;10:54:52.024905
1750;1861;-111;10:54:52.024905
1749;1862;-113;10:54:52.024905
1752;1864;-112;10:54:52.024905
1755;1864;-109;10:54:52.024905
1756;1863;-107;10:54:52.024905
1756;1864;-108;10:54:52.024905
1759;1868;-109;10:54:52.024905
1761;1871;-110;10:54:52.024905
1766;1873;-107;10:54:52.024905
1767;1874;-107;10:54:52.024905
1771;1875;-104;10:54:52.024905
1774;1878;-104;10:54:52.024905
1774;1880;-106;10:54:52.024905
1773;1879;-106;10:54:52.024905
1775;1879;-104;10:54:52.024905
1776;1881;-105;10:54:52.024905
1776;1881;-105;10:54:52.024905
1776;1884;-108;10:54:52.024905
1778;1886;-108;10:54:52.024905
1774;1885;-111;10:54:52.024905
1775;1884;-109;10:54:52.024905
1777;1882;-105;10:54:52.024905
1778;1883;-105;10:54:52.024905
1777;1882;-105;10:54:52.024905
1778;1884;-106;10:54:52.024905
1778;1884;-106;10:54:52.024905
1777;1884;-107;10:54:52.024905
1776;1883;-107;10:54:52.024905
1777;1884;-107;10:54:52.024905
1776;1884;-108;10:54:52.024905
1777;1883;-106;10:54:52.024905
1779;1884;-105;10:54:52.024905
1780;1885;-105;10:54:52.024905
1781;1885;-104;10:54:52.024905
1781;1886;-105;10:54:52.024905
1783;1886;-103;10:54:52.024905
1782;1888;-106;10:54:52.024905
1782;1890;-108;10:54:52.024905
1781;1888;-107;10:54:52.024905
1781;1888;-107;10:54:52.024905
1784;1888;-104;10:54:52.024905
1783;1890;-107;10:54:52.024905
1783;1891;-108;10:54:52.024905
1784;1891;-107;10:54:52.024905
1786;1892;-106;10:54:52.024905
1788;1892;-104;10:54:52.024905
1788;1890;-102;10:54:52.024905
1787;1891;-104;10:54:52.024905
1788;1892;-104;10:54:52.024905
1789;1891;-102;10:54:52.024905
1790;1890;-100;10:54:52.024905
1790;1891;-101;10:54:52.024905
1787;1891;-104;10:54:52.024905
1787;1890;-103;10:54:52.024905
1785;1889;-104;10:54:52.024905
1785;1888;-103;10:54:52.024905
1784;1888;-104;10:54:52.024905
1781;1884;-103;10:54:52.024905
1778;1885;-107;10:54:52.024905
1779;1883;-104;10:54:52.024905
1781;1882;-101;10:54:52.024905
1778;1881;-103;10:54:52.024905
1777;1879;-102;10:54:52.024905
1776;1876;-100;10:54:52.024905
1775;1873;-98;10:54:52.024905
1773;1874;-101;10:54:52.024905
1771;1874;-103;10:54:52.024905
1770;1874;-104;10:54:52.024905
1767;1873;-106;10:54:52.024905
1766;1873;-107;10:54:52.024905
1766;1874;-108;10:54:52.024905
1764;1874;-110;10:54:52.024905
1761;1873;-112;10:54:52.024905
1760;1873;-113;10:54:52.024905
1762;1874;-112;10:54:52.024905
1764;1873;-109;10:54:52.024905
1765;1874;-109;10:54:52.024905
1767;1876;-109;10:54:52.024905
1764;1874;-110;10:54:52.024905
1766;1876;-110;10:54:52.024905
1768;1876;-108;10:54:52.024905
1768;1874;-106;10:54:52.024905
1767;1874;-107;10:54:52.024905
1765;1875;-110;10:54:52.024905
1764;1873;-109;10:54:52.024905
1762;1872;-110;10:54:52.024905
1762;1870;-108;10:54:52.024905
1763;1869;-106;10:54:52.024905
1762;1870;-108;10:54:52.024905
1760;1870;-110;10:54:52.024905
1760;1870;-110;10:54:52.024905
1760;1870;-110;10:54:52.024905
1761;1868;-107;10:54:52.024905
1759;1868;-109;10:54:52.024905
1758;1867;-109;10:54:52.024905
1758;1865;-107;10:54:52.024905
1758;1864;-106;10:54:52.024905
1758;1864;-106;10:54:52.024905
1757;1862;-105;10:54:52.024905
1753;1860;-107;10:54:52.024905
1750;1857;-107;10:54:52.024905
1749;1857;-108;10:54:52.024905
1750;1857;-107;10:54:52.024905
1748;1855;-107;10:54:52.024905
1745;1854;-109;10:54:52.024905
1743;1856;-113;10:54:52.024905
1741;1857;-116;10:54:52.024905
1741;1855;-114;10:54:52.024905
1742;1853;-111;10:54:52.024905
1741;1852;-111;10:54:52.024905
1738;1851;-113;10:54:52.024905
1739;1851;-112;10:54:52.024905
1741;1850;-109;10:54:52.024905
1740;1849;-109;10:54:52.024905
1741;1848;-107;10:54:52.024905
1740;1849;-109;10:54:52.024905
1738;1849;-111;10:54:52.024905
1736;1848;-112;10:54:52.024905
1734;1848;-114;10:54:52.024905
1737;1847;-110;10:54:52.024905
1735;1845;-110;10:54:52.024905
1735;1843;-108;10:54:52.024905
1735;1845;-110;10:54:52.024905
1735;1844;-109;10:54:52.024905
1731;1843;-112;10:54:52.024905
1734;1845;-111;10:54:52.024905
1733;1848;-115;10:54:52.024905
1733;1847;-114;10:54:52.024905
1734;1845;-111;10:54:52.024905
1734;1843;-109;10:54:52.024905
1732;1843;-111;10:54:52.024905
1734;1840;-106;10:54:52.024905
1732;1841;-109;10:54:52.024905
1727;1840;-113;10:54:52.024905
1726;1839;-113;10:54:52.024905
1728;1840;-112;10:54:52.024905
1728;1840;-112;10:54:52.024905
1725;1838;-113;10:54:52.024905
1723;1838;-115;10:54:52.024905
1722;1839;-117;10:54:52.024905
1724;1837;-113;10:54:52.024905
1725;1837;-112;10:54:52.024905
1726;1837;-111;10:54:52.024905
1726;1839;-113;10:54:52.024905
1725;1838;-113;10:54:52.024905
1725;1837;-112;10:54:52.024905
1723;1836;-113;10:54:52.024905
1722;1838;-116;10:54:52.024905
1723;1838;-115;10:54:52.024905
1727;1841;-114;10:54:52.024905
1726;1842;-116;10:54:52.024905
1727;1845;-118;10:54:52.024905
1730;1847;-117;10:54:52.024905
1731;1850;-119;10:54:52.024905
1733;1852;-119;10:54:52.024905
1736;1853;-117;10:54:52.024905
1737;1852;-115;10:54:52.024905
1739;1851;-112;10:54:52.024905
1740;1852;-112;10:54:52.024905
1743;1853;-110;10:54:52.024905
1744;1855;-111;10:54:52.024905
1746;1853;-107;10:54:52.024905
1746;1853;-107;10:54:52.024905
1745;1856;-111;10:54:52.024905
1746;1859;-113;10:54:52.024905
1749;1860;-111;10:54:52.024905
1749;1860;-111;10:54:52.024905
1750;1859;-109;10:54:52.024905
1752;1860;-108;10:54:52.024905
1750;1862;-112;10:54:52.024905
1748;1860;-112;10:54:52.024905
1748;1857;-109;10:54:52.024905
1748;1857;-109;10:54:52.024905
1746;1857;-111;10:54:52.024905
1746;1857;-111;10:54:52.024905
1746;1855;-109;10:54:52.024905
1746;1855;-109;10:54:52.024905
1749;1855;-106;10:54:52.024905
1750;1857;-107;10:54:52.024905
1750;1858;-108;10:54:52.024905
1752;1860;-108;10:54:52.024905
1752;1863;-111;10:54:52.024905
1754;1867;-113;10:54:52.024905
1759;1868;-109;10:54:52.024905
1762;1872;-110;10:54:52.024905
1764;1874;-110;10:54:52.024905
1765;1875;-110;10:54:52.024905
1765;1878;-113;10:54:52.024905
1769;1881;-112;10:54:52.024905
1772;1883;-111;10:54:52.024905
1774;1881;-107;10:54:52.024905
1777;1883;-106;10:54:52.024905
1777;1885;-108;10:54:52.024905
1778;1885;-107;10:54:52.024905
1780;1885;-105;10:54:52.024905
1781;1885;-104;10:54:52.024905
1779;1884;-105;10:54:52.024905
1778;1884;-106;10:54:52.024905
1778;1883;-105;10:54:52.024905
1776;1885;-109;10:54:52.024905
1777;1885;-108;10:54:52.024905
1778;1885;-107;10:54:52.024905
1777;1886;-109;10:54:52.024905
1779;1887;-108;10:54:52.024905
1781;1887;-106;10:54:52.024905
1783;1889;-106;10:54:52.024905
1784;1891;-107;10:54:52.024905
1787;1890;-103;10:54:52.024905
1787;1892;-105;10:54:52.024905
1787;1890;-103;10:54:52.024905
1785;1891;-106;10:54:52.024905
1783;1893;-110;10:54:52.024905
1783;1892;-109;10:54:52.024905
1785;1893;-108;10:54:52.024905
1784;1892;-108;10:54:52.024905
1784;1893;-109;10:54:52.024905
1786;1893;-107;10:54:52.024905
1786;1894;-108;10:54:52.024905
1785;1893;-108;10:54:52.024905
1785;1892;-107;10:54:52.024905
1786;1891;-105;10:54:52.024905
1785;1893;-108;10:54:52.024905
1786;1890;-104;10:54:52.024905
1785;1890;-105;10:54:52.024905
1787;1890;-103;10:54:52.024905
1786;1891;-105;10:54:52.024905
1786;1892;-106;10:54:52.024905
1785;1893;-108;10:54:52.024905
1784;1894;-110;10:54:52.024905
1785;1893;-108;10:54:52.024905
1785;1892;-107;10:54:52.024905
1784;1891;-107;10:54:52.024905
1784;1889;-105;10:54:52.024905
1784;1889;-105;10:54:52.024905
1784;1889;-105;10:54:52.024905
1783;1886;-103;10:54:52.024905
1783;1884;-101;10:54:52.024905
1782;1885;-103;10:54:52.024905
1780;1886;-106;10:54:52.024905
1779;1885;-106;10:54:52.024905
1779;1886;-107;10:54:52.024905
1779;1884;-105;10:54:52.024905
1777;1884;-107;10:54:52.024905
1778;1885;-107;10:54:52.024905
1778;1885;-107;10:54:52.024905
1776;1882;-106;10:54:52.024905
1777;1881;-104;10:54:52.024905
1775;1880;-105;10:54:52.024905
1772;1878;-106;10:54:52.024905
1772;1877;-105;10:54:52.024905
1769;1876;-107;10:54:52.024905
1767;1874;-107;10:54:52.024905
1766;1874;-108;10:54:52.024905
1764;1871;-107;10:54:52.024905
1762;1869;-107;10:54:52.024905
1757;1866;-109;10:54:52.024905
1754;1863;-109;10:54:52.024905
1753;1863;-110;10:54:52.024905
1750;1861;-111;10:54:52.024905
1748;1858;-110;10:54:52.024905
1747;1857;-110;10:54:52.024905
1746;1856;-110;10:54:52.024905
1745;1854;-109;10:54:52.024905
1746;1855;-109;10:54:52.024905
1746;1853;-107;10:54:52.024905
1745;1853;-108;10:54:52.024905
1746;1855;-109;10:54:52.024905
1745;1854;-109;10:54:52.024905
1746;1854;-108;10:54:52.024905
1745;1855;-110;10:54:52.024905
1744;1856;-112;10:54:52.024905
1747;1856;-109;10:54:52.024905
1748;1855;-107;10:54:52.024905
1749;1857;-108;10:54:52.024905
1749;1856;-107;10:54:52.024905
1749;1855;-106;10:54:52.024905
1750;1855;-105;10:54:52.024905
1750;1855;-105;10:54:52.024905
1748;1855;-107;10:54:52.024905
1744;1854;-110;10:54:52.024905
1745;1854;-109;10:54:52.024905
1744;1852;-108;10:54:52.024905
1744;1851;-107;10:54:52.024905
1743;1851;-108;10:54:52.024905
1743;1847;-104;10:54:52.024905
1743;1846;-103;10:54:52.024905
1742;1845;-103;10:54:52.024905
1739;1845;-106;10:54:52.024905
1741;1844;-103;10:54:52.024905
1739;1844;-105;10:54:52.024905
1738;1842;-104;10:54:52.024905
1734;1842;-108;10:54:52.024905
1735;1842;-107;10:54:52.024905
1735;1843;-108;10:54:52.024905
1734;1842;-108;10:54:52.024905
1732;1842;-110;10:54:52.024905
1733;1846;-113;10:54:52.024905
1735;1847;-112;10:54:52.024905
1734;1846;-112;10:54:52.024905
1734;1848;-114;10:54:52.024905
1736;1850;-114;10:54:52.024905
1738;1850;-112;10:54:52.024905
1737;1849;-112;10:54:52.024905
1737;1850;-113;10:54:52.024905
1737;1850;-113;10:54:52.024905
1738;1849;-111;10:54:52.024905
1739;1847;-108;10:54:52.024905
1737;1847;-110;10:54:52.024905
1737;1848;-111;10:54:52.024905
1739;1849;-110;10:54:52.024905
1737;1849;-112;10:54:52.024905
1736;1848;-112;10:54:52.024905
1738;1848;-110;10:54:52.024905
1741;1849;-108;10:54:52.024905
1740;1849;-109;10:54:52.024905
1741;1850;-109;10:54:52.024905
1743;1851;-108;10:54:52.024905
1742;1852;-110;10:54:52.024905
1743;1853;-110;10:54:52.024905
1744;1851;-107;10:54:52.024905
1740;1850;-110;10:54:52.024905
1740;1849;-109;10:54:52.024905
1741;1850;-109;10:54:52.024905
1742;1851;-109;10:54:52.024905
1740;1850;-110;10:54:52.024905
1742;1850;-108;10:54:52.024905
1745;1852;-107;10:54:52.024905
1744;1855;-111;10:54:52.024905
1749;1857;-108;10:54:52.024905
1749;1859;-110;10:54:52.024905
1749;1861;-112;10:54:52.024905
1753;1861;-108;10:54:52.024905
1752;1863;-111;10:54:52.024905
1751;1865;-114;10:54:52.024905
1753;1865;-112;10:54:52.024905
1755;1866;-111;10:54:52.024905
1757;1868;-111;10:54:52.024905
1756;1870;-114;10:54:52.024905
1760;1872;-112;10:54:52.024905
1760;1872;-112;10:54:52.024905
1760;1873;-113;10:54:52.024905
1762;1875;-113;10:54:52.024905
1763;1874;-111;10:54:52.024905
1762;1873;-111;10:54:52.024905
1765;1872;-107;10:54:52.024905
1766;1874;-108;10:54:52.024905
1767;1874;-107;10:54:52.024905
1766;1877;-111;10:54:52.024905
1768;1877;-109;10:54:52.024905
1766;1877;-111;10:54:52.024905
1769;1877;-108;10:54:52.024905
1771;1879;-108;10:54:52.024905
1770;1882;-112;10:54:52.024905
1769;1881;-112;10:54:52.024905
1775;1884;-109;10:54:52.024905
1776;1884;-108;10:54:52.024905
1776;1882;-106;10:54:52.024905
1777;1884;-107;10:54:52.024905
1778;1886;-108;10:54:52.024905
1776;1885;-109;10:54:52.024905
1778;1885;-107;10:54:52.024905
1780;1888;-108;10:54:52.024905
1779;1888;-109;10:54:52.024905
1776;1889;-113;10:54:52.024905
1778;1889;-111;10:54:52.024905
1779;1891;-112;10:54:52.024905
1781;1892;-111;10:54:52.024905
1781;1891;-110;10:54:52.024905
1781;1892;-111;10:54:52.024905
1781;1893;-112;10:54:52.024905
1782;1892;-110;10:54:52.024905
1783;1893;-110;10:54:52.024905
1783;1894;-111;10:54:52.024905
1786;1892;-106;10:54:52.024905
1788;1892;-104;10:54:52.024905
1786;1891;-105;10:54:52.024905
1784;1890;-106;10:54:52.024905
1785;1893;-108;10:54:52.024905
1786;1891;-105;10:54:52.024905
1786;1890;-104;10:54:52.024905
1786;1892;-106;10:54:52.024905
1788;1894;-106;10:54:52.024905
1788;1894;-106;10:54:52.024905
1789;1896;-107;10:54:52.024905
1789;1897;-108;10:54:52.024905
1789;1898;-109;10:54:52.024905
1791;1897;-106;10:54:52.024905
1791;1898;-107;10:54:52.024905
1790;1896;-106;10:54:52.024905
1789;1896;-107;10:54:52.024905
1789;1895;-106;10:54:52.024905
1792;1894;-102;10:54:52.024905
1792;1894;-102;10:54:52.024905
1791;1893;-102;10:54:52.024905
1791;1895;-104;10:54:52.024905
1787;1896;-109;10:54:52.024905
1787;1897;-110;10:54:52.024905
1787;1896;-109;10:54:52.024905
1786;1895;-109;10:54:52.024905
1786;1896;-110;10:54:52.024905
1788;1894;-106;10:54:52.024905
1785;1894;-109;10:54:52.024905
1786;1893;-107;10:54:52.024905
1784;1893;-109;10:54:52.024905
1785;1892;-107;10:54:52.024905
1784;1891;-107;10:54:52.024905
1785;1890;-105;10:54:52.024905
1783;1889;-106;10:54:52.024905
1783;1889;-106;10:54:52.024905
1781;1887;-106;10:54:52.024905
1780;1886;-106;10:54:52.024905
1780;1886;-106;10:54:52.024905
1780;1887;-107;10:54:52.024905
1780;1887;-107;10:54:52.024905
1779;1887;-108;10:54:52.024905
1778;1887;-109;10:54:52.024905
1775;1888;-113;10:54:52.024905
1777;1886;-109;10:54:52.024905
1777;1885;-108;10:54:52.024905
1775;1884;-109;10:54:52.024905
1775;1883;-108;10:54:52.024905
1776;1881;-105;10:54:52.024905
1774;1877;-103;10:54:52.024905
1771;1874;-103;10:54:52.024905
1770;1876;-106;10:54:52.024905
1769;1877;-108;10:54:52.024905
1765;1875;-110;10:54:52.024905
1763;1874;-111;10:54:52.024905
1763;1874;-111;10:54:52.024905
1765;1874;-109;10:54:52.024905
1762;1872;-110;10:54:52.024905
1760;1871;-111;10:54:52.024905
1759;1873;-114;10:54:52.024905
1758;1871;-113;10:54:52.024905
1758;1867;-109;10:54:52.024905
1755;1867;-112;10:54:52.024905
1756;1867;-111;10:54:52.024905
1756;1867;-111;10:54:52.024905
1754;1866;-112;10:54:52.024905
1752;1863;-111;10:54:52.024905
1752;1864;-112;10:54:52.024905
1748;1864;-116;10:54:52.024905
1750;1864;-114;10:54:52.024905
1750;1863;-113;10:54:52.024905
1749;1863;-114;10:54:52.024905
1750;1863;-113;10:54:52.024905
1751;1864;-113;10:54:52.024905
1751;1863;-112;10:54:52.024905
1750;1862;-112;10:54:52.024905
1750;1864;-114;10:54:52.024905
1750;1864;-114;10:54:52.024905
1749;1863;-114;10:54:52.024905
1749;1863;-114;10:54:52.024905
1751;1864;-113;10:54:52.024905
1753;1863;-110;10:54:52.024905
1750;1861;-111;10:54:52.024905
1748;1860;-112;10:54:52.024905
1750;1858;-108;10:54:52.024905
1748;1858;-110;10:54:52.024905
1746;1857;-111;10:54:52.024905
1745;1857;-112;10:54:52.024905
1743;1857;-114;10:54:52.024905
1743;1855;-112;10:54:52.024905
1742;1852;-110;10:54:52.024905
1741;1851;-110;10:54:52.024905
1740;1850;-110;10:54:52.024905
1741;1848;-107;10:54:52.024905
1738;1845;-107;10:54:52.024905
1738;1844;-106;10:54:52.024905
1735;1843;-108;10:54:52.024905
1734;1844;-110;10:54:52.024905
1735;1845;-110;10:54:52.024905
1737;1848;-111;10:54:52.024905
1738;1850;-112;10:54:52.024905
1736;1851;-115;10:54:52.024905
1737;1848;-111;10:54:52.024905
1739;1850;-111;10:54:52.024905
1740;1851;-111;10:54:52.024905
1737;1852;-115;10:54:52.024905
1737;1853;-116;10:54:52.024905
1738;1855;-117;10:54:52.024905
1742;1856;-114;10:54:52.024905
1745;1855;-110;10:54:52.024905
1746;1856;-110;10:54:52.024905
1746;1857;-111;10:54:52.024905
1746;1860;-114;10:54:52.024905
1749;1861;-112;10:54:52.024905
1749;1860;-111;10:54:52.024905
1751;1861;-110;10:54:52.024905
1751;1865;-114;10:54:52.024905
1752;1866;-114;10:54:52.024905
1752;1864;-112;10:54:52.024905
1755;1862;-107;10:54:52.024905
1757;1863;-106;10:54:52.024905
1757;1863;-106;10:54:52.024905
1753;1864;-111;10:54:52.024905
1754;1867;-113;10:54:52.024905
1755;1864;-109;10:54:52.024905
1756;1862;-106;10:54:52.024905
1760;1861;-101;10:54:52.024905
1759;1862;-103;10:54:52.024905
1755;1863;-108;10:54:52.024905
1755;1863;-108;10:54:52.024905
1753;1863;-110;10:54:52.024905
1755;1865;-110;10:54:52.024905
1758;1868;-110;10:54:52.024905
1758;1868;-110;10:54:52.024905
1757;1869;-112;10:54:52.024905
1758;1868;-110;10:54:52.024905
1757;1868;-111;10:54:52.024905
1758;1867;-109;10:54:52.024905
1758;1867;-109;10:54:52.024905
1760;1869;-109;10:54:52.024905
1761;1869;-108;10:54:52.024905
1761;1870;-109;10:54:52.024905
1761;1872;-111;10:54:52.024905
1763;1871;-108;10:54:52.024905
1761;1870;-109;10:54:52.024905
1764;1872;-108;10:54:52.024905
1765;1876;-111;10:54:52.024905
1768;1876;-108;10:54:52.024905
1767;1876;-109;10:54:52.024905
1769;1877;-108;10:54:52.024905
1768;1879;-111;10:54:52.024905
1769;1879;-110;10:54:52.024905
1772;1880;-108;10:54:52.024905
1771;1882;-111;10:54:52.024905
1773;1883;-110;10:54:52.024905
1777;1886;-109;10:54:52.024905
1779;1885;-106;10:54:52.024905
1778;1884;-106;10:54:52.024905
1781;1883;-102;10:54:52.024905
1783;1887;-104;10:54:52.024905
1783;1888;-105;10:54:52.024905
1782;1892;-110;10:54:52.024905
1784;1891;-107;10:54:52.024905
1783;1893;-110;10:54:52.024905
1785;1894;-109;10:54:52.024905
1789;1895;-106;10:54:52.024905
1790;1894;-104;10:54:52.024905
1790;1894;-104;10:54:52.024905
1789;1893;-104;10:54:52.024905
1791;1895;-104;10:54:52.024905
1789;1892;-103;10:54:52.024905
1788;1890;-102;10:54:52.024905
1787;1892;-105;10:54:52.024905
1786;1892;-106;10:54:52.024905
1786;1892;-106;10:54:52.024905
1785;1891;-106;10:54:52.024905
1785;1891;-106;10:54:52.024905
1786;1892;-106;10:54:52.024905
1787;1892;-105;10:54:52.024905
1784;1889;-105;10:54:52.024905
1784;1889;-105;10:54:52.024905
1783;1890;-107;10:54:52.024905
1784;1892;-108;10:54:52.024905
1783;1893;-110;10:54:52.024905
1782;1892;-110;10:54:52.024905
1784;1890;-106;10:54:52.024905
1786;1889;-103;10:54:52.024905
1784;1889;-105;10:54:52.024905
1786;1889;-103;10:54:52.024905
1786;1889;-103;10:54:52.024905
1784;1891;-107;10:54:52.024905
1784;1893;-109;10:54:52.024905
1786;1892;-106;10:54:52.024905
1789;1893;-104;10:54:52.024905
1788;1894;-106;10:54:52.024905
1790;1897;-107;10:54:52.024905
1790;1899;-109;10:54:52.024905
1790;1898;-108;10:54:52.024905
1789;1899;-110;10:54:52.024905
1788;1897;-109;10:54:52.024905
1788;1895;-107;10:54:52.024905
1788;1894;-106;10:54:52.024905
1788;1894;-106;10:54:52.024905
1787;1891;-104;10:54:52.024905
1784;1889;-105;10:54:52.024905
1780;1886;-106;10:54:52.024905
1778;1883;-105;10:54:52.024905
1776;1880;-104;10:54:52.024905
1776;1879;-103;10:54:52.024905
1772;1877;-105;10:54:52.024905
1767;1875;-108;10:54:52.024905
1768;1876;-108;10:54:52.024905
1767;1876;-109;10:54:52.024905
1764;1874;-110;10:54:52.024905
1764;1874;-110;10:54:52.024905
1762;1874;-112;10:54:52.024905
1762;1873;-111;10:54:52.024905
1763;1872;-109;10:54:52.024905
1764;1869;-105;10:54:52.024905
1762;1869;-107;10:54:52.024905
1760;1871;-111;10:54:52.024905
1760;1872;-112;10:54:52.024905
1760;1872;-112;10:54:52.024905
1759;1869;-110;10:54:52.024905
1758;1869;-111;10:54:52.024905
1759;1871;-112;10:54:52.024905
1760;1871;-111;10:54:52.024905
1760;1871;-111;10:54:52.024905
1761;1871;-110;10:54:52.024905
1760;1872;-112;10:54:52.024905
1760;1869;-109;10:54:52.024905
1760;1868;-108;10:54:52.024905
1759;1868;-109;10:54:52.024905
1758;1866;-108;10:54:52.024905
1759;1868;-109;10:54:52.024905
1759;1867;-108;10:54:52.024905
1756;1867;-111;10:54:52.125635
1755;1866;-111;10:54:52.125635
1754;1865;-111;10:54:52.125635
1754;1863;-109;10:54:52.125635
1752;1861;-109;10:54:52.125635
1750;1861;-111;10:54:52.125635
1748;1860;-112;10:54:52.125635
1747;1859;-112;10:54:52.125635
1747;1860;-113;10:54:52.125635
1746;1858;-112;10:54:52.125635
1745;1857;-112;10:54:52.125635
1748;1858;-110;10:54:52.125635
1748;1857;-109;10:54:52.125635
1746;1857;-111;10:54:52.125635
1744;1856;-112;10:54:52.125635
1744;1857;-113;10:54:52.125635
1745;1856;-111;10:54:52.125635
1746;1859;-113;10:54:52.125635
1745;1857;-112;10:54:52.125635
1743;1859;-116;10:54:52.125635
1746;1860;-114;10:54:52.125635
1748;1860;-112;10:54:52.125635
1750;1858;-108;10:54:52.125635
1749;1857;-108;10:54:52.125635
1748;1860;-112;10:54:52.125635
1748;1864;-116;10:54:52.125635
1749;1864;-115;10:54:52.125635
1751;1864;-113;10:54:52.125635
1750;1863;-113;10:54:52.125635
1752;1862;-110;10:54:52.125635
1753;1862;-109;10:54:52.125635
1752;1862;-110;10:54:52.125635
1753;1863;-110;10:54:52.125635
1757;1863;-106;10:54:52.125635
1759;1867;-108;10:54:52.125635
1757;1866;-109;10:54:52.125635
1756;1866;-110;10:54:52.125635
1757;1867;-110;10:54:52.125635
1757;1867;-110;10:54:52.125635
1757;1867;-110;10:54:52.125635
1755;1867;-112;10:54:52.125635
1752;1864;-112;10:54:52.125635
1752;1863;-111;10:54:52.125635
1754;1862;-108;10:54:52.125635
1755;1862;-107;10:54:52.125635
1755;1861;-106;10:54:52.125635
1753;1861;-108;10:54:52.125635
1753;1860;-107;10:54:52.125635
1750;1859;-109;10:54:52.125635
1751;1858;-107;10:54:52.125635
1750;1860;-110;10:54:52.125635
1750;1862;-112;10:54:52.125635
1751;1860;-109;10:54:52.125635
1753;1860;-107;10:54:52.125635
1752;1860;-108;10:54:52.125635
1751;1861;-110;10:54:52.125635
1753;1862;-109;10:54:52.125635
1755;1865;-110;10:54:52.125635
1756;1865;-109;10:54:52.125635
1755;1867;-112;10:54:52.125635
1754;1866;-112;10:54:52.125635
1754;1866;-112;10:54:52.125635
1755;1866;-111;10:54:52.125635
1756;1866;-110;10:54:52.125635
1755;1866;-111;10:54:52.125635
1758;1864;-106;10:54:52.125635
1759;1864;-105;10:54:52.125635
1758;1865;-107;10:54:52.125635
1760;1867;-107;10:54:52.125635
1762;1872;-110;10:54:52.125635
1764;1872;-108;10:54:52.125635
1764;1872;-108;10:54:52.125635
1764;1874;-110;10:54:52.125635
1768;1877;-109;10:54:52.125635
1771;1878;-107;10:54:52.125635
1771;1879;-108;10:54:52.125635
1771;1879;-108;10:54:52.125635
1772;1882;-110;10:54:52.125635
1772;1881;-109;10:54:52.125635
1773;1881;-108;10:54:52.125635
1770;1880;-110;10:54:52.125635
1769;1881;-112;10:54:52.125635
1768;1880;-112;10:54:52.125635
1767;1878;-111;10:54:52.125635
1765;1875;-110;10:54:52.125635
1765;1873;-108;10:54:52.125635
1767;1874;-107;10:54:52.125635
1766;1872;-106;10:54:52.125635
1764;1872;-108;10:54:52.125635
1764;1873;-109;10:54:52.125635
1766;1874;-108;10:54:52.125635
1768;1875;-107;10:54:52.125635
1769;1875;-106;10:54:52.125635
1769;1876;-107;10:54:52.125635
1767;1877;-110;10:54:52.125635
1769;1879;-110;10:54:52.125635
1770;1880;-110;10:54:52.125635
1771;1882;-111;10:54:52.125635
1772;1884;-112;10:54:52.125635
1774;1885;-111;10:54:52.125635
1773;1886;-113;10:54:52.125635
1774;1888;-114;10:54:52.125635
1776;1888;-112;10:54:52.125635
1779;1888;-109;10:54:52.125635
1781;1887;-106;10:54:52.125635
1783;1887;-104;10:54:52.125635
1783;1889;-106;10:54:52.125635
1783;1886;-103;10:54:52.125635
1781;1887;-106;10:54:52.125635
1782;1889;-107;10:54:52.125635
1783;1890;-107;10:54:52.125635
1781;1891;-110;10:54:52.125635
1783;1893;-110;10:54:52.125635
1782;1892;-110;10:54:52.125635
1782;1890;-108;10:54:52.125635
1785;1889;-104;10:54:52.125635
1785;1886;-101;10:54:52.125635
1782;1885;-103;10:54:52.125635
1780;1884;-104;10:54:52.125635
1782;1885;-103;10:54:52.125635
1780;1883;-103;10:54:52.125635
1779;1881;-102;10:54:52.125635
1779;1882;-103;10:54:52.125635
1777;1883;-106;10:54:52.125635
1777;1883;-106;10:54:52.125635
1775;1884;-109;10:54:52.125635
1777;1887;-110;10:54:52.125635
1776;1886;-110;10:54:52.125635
1777;1885;-108;10:54:52.125635
1775;1884;-109;10:54:52.125635
1774;1885;-111;10:54:52.125635
1774;1883;-109;10:54:52.125635
1775;1884;-109;10:54:52.125635
1776;1884;-108;10:54:52.125635
1776;1884;-108;10:54:52.125635
1776;1886;-110;10:54:52.125635
1776;1885;-109;10:54:52.125635
1777;1885;-108;10:54:52.125635
1777;1883;-106;10:54:52.125635
1776;1884;-108;10:54:52.125635
1776;1886;-110;10:54:52.125635
1778;1884;-106;10:54:52.125635
1777;1885;-108;10:54:52.125635
1773;1884;-111;10:54:52.125635
1774;1886;-112;10:54:52.125635
1774;1887;-113;10:54:52.125635
1775;1885;-110;10:54:52.125635
1776;1882;-106;10:54:52.125635
1775;1882;-107;10:54:52.125635
1774;1880;-106;10:54:52.125635
1773;1880;-107;10:54:52.125635
1774;1876;-102;10:54:52.125635
1775;1876;-101;10:54:52.125635
1772;1875;-103;10:54:52.125635
1770;1875;-105;10:54:52.125635
1768;1875;-107;10:54:52.125635
1764;1874;-110;10:54:52.125635
1761;1873;-112;10:54:52.125635
1761;1876;-115;10:54:52.125635
1762;1874;-112;10:54:52.125635
1762;1873;-111;10:54:52.125635
1762;1871;-109;10:54:52.125635
1762;1872;-110;10:54:52.125635
1761;1873;-112;10:54:52.125635
1759;1871;-112;10:54:52.125635
1755;1870;-115;10:54:52.125635
1754;1869;-115;10:54:52.125635
1754;1867;-113;10:54:52.125635
1755;1865;-110;10:54:52.125635
1754;1864;-110;10:54:52.125635
1753;1865;-112;10:54:52.125635
1758;1864;-106;10:54:52.125635
1758;1866;-108;10:54:52.125635
1755;1866;-111;10:54:52.125635
1757;1868;-111;10:54:52.125635
1757;1870;-113;10:54:52.125635
1758;1870;-112;10:54:52.125635
1759;1870;-111;10:54:52.125635
1758;1870;-112;10:54:52.125635
1761;1869;-108;10:54:52.125635
1760;1870;-110;10:54:52.125635
1760;1868;-108;10:54:52.125635
1760;1866;-106;10:54:52.125635
1763;1866;-103;10:54:52.125635
1764;1865;-101;10:54:52.125635
1760;1862;-102;10:54:52.125635
1756;1862;-106;10:54:52.125635
1754;1860;-106;10:54:52.125635
1751;1860;-109;10:54:52.125635
1750;1859;-109;10:54:52.125635
1749;1859;-110;10:54:52.125635
1746;1857;-111;10:54:52.125635
1744;1857;-113;10:54:52.125635
1745;1855;-110;10:54:52.125635
1744;1853;-109;10:54:52.125635
1742;1850;-108;10:54:52.125635
1741;1847;-106;10:54:52.125635
1738;1846;-108;10:54:52.125635
1737;1845;-108;10:54:52.125635
1735;1846;-111;10:54:52.125635
1734;1844;-110;10:54:52.125635
1733;1845;-112;10:54:52.125635
1733;1844;-111;10:54:52.125635
1734;1843;-109;10:54:52.125635
1732;1844;-112;10:54:52.125635
1731;1845;-114;10:54:52.125635
1732;1845;-113;10:54:52.125635
1734;1845;-111;10:54:52.125635
1734;1848;-114;10:54:52.125635
1732;1847;-115;10:54:52.125635
1732;1847;-115;10:54:52.125635
1736;1848;-112;10:54:52.125635
1736;1850;-114;10:54:52.125635
1735;1849;-114;10:54:52.125635
1737;1848;-111;10:54:52.125635
1739;1849;-110;10:54:52.125635
1740;1849;-109;10:54:52.125635
1742;1851;-109;10:54:52.125635
1742;1852;-110;10:54:52.125635
1741;1850;-109;10:54:52.125635
1740;1851;-111;10:54:52.125635
1740;1852;-112;10:54:52.125635
1742;1854;-112;10:54:52.125635
1744;1853;-109;10:54:52.125635
1746;1856;-110;10:54:52.125635
1746;1856;-110;10:54:52.125635
1746;1854;-108;10:54:52.125635
1744;1854;-110;10:54:52.125635
1744;1856;-112;10:54:52.125635
1747;1854;-107;10:54:52.125635
1746;1855;-109;10:54:52.125635
1744;1855;-111;10:54:52.125635
1743;1855;-112;10:54:52.125635
1746;1856;-110;10:54:52.125635
1747;1856;-109;10:54:52.125635
1746;1854;-108;10:54:52.125635
1747;1854;-107;10:54:52.125635
1747;1855;-108;10:54:52.125635
1748;1856;-108;10:54:52.125635
1748;1854;-106;10:54:52.125635
1748;1855;-107;10:54:52.125635
1748;1854;-106;10:54:52.125635
1750;1856;-106;10:54:52.125635
1752;1857;-105;10:54:52.125635
1752;1857;-105;10:54:52.125635
1753;1858;-105;10:54:52.125635
1752;1861;-109;10:54:52.125635
1753;1861;-108;10:54:52.125635
1752;1861;-109;10:54:52.125635
1755;1861;-106;10:54:52.125635
1757;1863;-106;10:54:52.125635
1758;1865;-107;10:54:52.125635
1759;1864;-105;10:54:52.125635
1760;1865;-105;10:54:52.125635
1760;1865;-105;10:54:52.125635
1761;1865;-104;10:54:52.150569
1762;1866;-104;10:54:52.150569
1761;1867;-106;10:54:52.150569
1763;1868;-105;10:54:52.150569
1765;1869;-104;10:54:52.150569
1767;1870;-103;10:54:52.150569
1766;1870;-104;10:54:52.150569
1765;1871;-106;10:54:52.150569
1765;1872;-107;10:54:52.150569
1764;1872;-108;10:54:52.150569
1765;1873;-108;10:54:52.150569
1767;1871;-104;10:54:52.150569
1768;1871;-103;10:54:52.150569
1767;1870;-103;10:54:52.150569
1768;1870;-102;10:54:52.150569
1769;1871;-102;10:54:52.150569
1768;1870;-102;10:54:52.150569
1767;1872;-105;10:54:52.150569
1767;1873;-106;10:54:52.150569
1769;1874;-105;10:54:52.150569
1769;1875;-106;10:54:52.150569
1769;1876;-107;10:54:52.150569
1769;1877;-108;10:54:52.150569
1769;1876;-107;10:54:52.150569
1770;1878;-108;10:54:52.150569
1768;1877;-109;10:54:52.150569
1769;1877;-108;10:54:52.150569
1770;1880;-110;10:54:52.150569
1770;1879;-109;10:54:52.150569
1770;1879;-109;10:54:52.150569
1774;1880;-106;10:54:52.150569
1774;1883;-109;10:54:52.150569
1777;1881;-104;10:54:52.150569
1778;1881;-103;10:54:52.150569
1778;1881;-103;10:54:52.150569
1776;1880;-104;10:54:52.150569
1776;1880;-104;10:54:52.150569
1776;1880;-104;10:54:52.150569
1772;1882;-110;10:54:52.150569
1775;1880;-105;10:54:52.150569
1775;1880;-105;10:54:52.150569
1773;1881;-108;10:54:52.150569
1772;1879;-107;10:54:52.150569
1773;1876;-103;10:54:52.150569
1771;1876;-105;10:54:52.150569
1769;1875;-106;10:54:52.150569
1769;1875;-106;10:54:52.150569
1768;1875;-107;10:54:52.150569
1768;1874;-106;10:54:52.150569
1768;1874;-106;10:54:52.150569
1767;1874;-107;10:54:52.150569
1767;1874;-107;10:54:52.150569
1768;1875;-107;10:54:52.150569
1769;1876;-107;10:54:52.150569
1767;1877;-110;10:54:52.150569
1766;1876;-110;10:54:52.150569
1767;1875;-108;10:54:52.150569
1767;1876;-109;10:54:52.150569
1766;1874;-108;10:54:52.150569
1766;1874;-108;10:54:52.150569
1766;1875;-109;10:54:52.150569
1763;1873;-110;10:54:52.150569
1762;1871;-109;10:54:52.150569
1761;1872;-111;10:54:52.150569
1760;1873;-113;10:54:52.150569
1760;1870;-110;10:54:52.150569
1761;1871;-110;10:54:52.150569
1760;1870;-110;10:54:52.150569
1761;1868;-107;10:54:52.150569
1759;1871;-112;10:54:52.150569
1761;1871;-110;10:54:52.150569
1762;1872;-110;10:54:52.150569
1762;1872;-110;10:54:52.150569
1761;1869;-108;10:54:52.150569
1760;1869;-109;10:54:52.150569
1760;1869;-109;10:54:52.150569
1761;1870;-109;10:54:52.150569
1757;1867;-110;10:54:52.150569
1756;1867;-111;10:54:52.150569
1753;1868;-115;10:54:52.150569
1757;1870;-113;10:54:52.150569
1759;1867;-108;10:54:52.150569
1759;1867;-108;10:54:52.150569
1758;1868;-110;10:54:52.150569
1754;1868;-114;10:54:52.150569
1756;1867;-111;10:54:52.150569
1757;1868;-111;10:54:52.150569
1753;1867;-114;10:54:52.150569
1750;1863;-113;10:54:52.150569
1750;1865;-115;10:54:52.150569
1748;1864;-116;10:54:52.150569
1748;1862;-114;10:54:52.150569
1751;1861;-110;10:54:52.150569
1751;1861;-110;10:54:52.150569
1750;1861;-111;10:54:52.150569
1750;1861;-111;10:54:52.150569
1749;1861;-112;10:54:52.150569
1748;1857;-109;10:54:52.150569
1750;1859;-109;10:54:52.150569
1748;1858;-110;10:54:52.150569
1746;1858;-112;10:54:52.150569
1746;1859;-113;10:54:52.150569
1747;1859;-112;10:54:52.150569
1748;1861;-113;10:54:52.150569
1750;1861;-111;10:54:52.150569
1751;1861;-110;10:54:52.150569
1752;1862;-110;10:54:52.150569
1753;1864;-111;10:54:52.150569
1753;1861;-108;10:54:52.150569
1756;1866;-110;10:54:52.150569
1757;1865;-108;10:54:52.150569
1757;1864;-107;10:54:52.150569
1758;1868;-110;10:54:52.150569
1758;1868;-110;10:54:52.150569
1758;1865;-107;10:54:52.150569
1757;1865;-108;10:54:52.150569
1756;1866;-110;10:54:52.150569
1755;1864;-109;10:54:52.150569
1755;1862;-107;10:54:52.150569
1754;1863;-109;10:54:52.150569
1753;1863;-110;10:54:52.150569
1751;1861;-110;10:54:52.150569
1750;1861;-111;10:54:52.150569
1750;1860;-110;10:54:52.150569
1752;1860;-108;10:54:52.150569
1749;1860;-111;10:54:52.150569
1748;1860;-112;10:54:52.150569
1749;1859;-110;10:54:52.150569
1749;1858;-109;10:54:52.150569
1748;1858;-110;10:54:52.150569
1747;1858;-111;10:54:52.150569
1748;1858;-110;10:54:52.150569
1745;1859;-114;10:54:52.150569
1745;1859;-114;10:54:52.150569
1749;1859;-110;10:54:52.150569
1749;1857;-108;10:54:52.150569
1748;1857;-109;10:54:52.150569
1748;1858;-110;10:54:52.150569
1748;1859;-111;10:54:52.150569
1749;1861;-112;10:54:52.150569
1747;1860;-113;10:54:52.150569
1748;1859;-111;10:54:52.150569
1749;1859;-110;10:54:52.150569
1748;1858;-110;10:54:52.150569
1749;1857;-108;10:54:52.150569
1747;1858;-111;10:54:52.150569
1746;1858;-112;10:54:52.150569
1748;1859;-111;10:54:52.150569
1750;1857;-107;10:54:52.150569
1753;1859;-106;10:54:52.150569
1750;1859;-109;10:54:52.150569
1751;1858;-107;10:54:52.150569
1752;1859;-107;10:54:52.150569
1753;1860;-107;10:54:52.150569
1750;1861;-111;10:54:52.150569
1748;1861;-113;10:54:52.150569
1749;1860;-111;10:54:52.150569
1751;1862;-111;10:54:52.150569
1754;1861;-107;10:54:52.150569
1752;1860;-108;10:54:52.150569
1749;1860;-111;10:54:52.150569
1749;1860;-111;10:54:52.150569
1751;1860;-109;10:54:52.150569
1753;1856;-103;10:54:52.150569
1752;1859;-107;10:54:52.150569
1751;1863;-112;10:54:52.150569
1753;1863;-110;10:54:52.150569
1755;1861;-106;10:54:52.150569
1755;1863;-108;10:54:52.150569
1755;1864;-109;10:54:52.150569
1755;1866;-111;10:54:52.150569
1757;1867;-110;10:54:52.150569
1756;1866;-110;10:54:52.150569
1758;1866;-108;10:54:52.150569
1760;1867;-107;10:54:52.150569
1762;1868;-106;10:54:52.150569
1762;1868;-106;10:54:52.150569
1762;1870;-108;10:54:52.150569
1764;1869;-105;10:54:52.150569
1764;1871;-107;10:54:52.150569
1764;1873;-109;10:54:52.150569
1767;1872;-105;10:54:52.150569
1768;1873;-105;10:54:52.150569
1768;1874;-106;10:54:52.150569
1768;1875;-107;10:54:52.150569
1770;1877;-107;10:54:52.150569
1770;1879;-109;10:54:52.150569
1773;1878;-105;10:54:52.150569
1774;1878;-104;10:54:52.150569
1775;1878;-103;10:54:52.150569
1776;1879;-103;10:54:52.150569
1779;1880;-101;10:54:52.150569
1777;1880;-103;10:54:52.150569
1777;1879;-102;10:54:52.150569
1777;1878;-101;10:54:52.150569
1775;1880;-105;10:54:52.150569
1775;1879;-104;10:54:52.150569
1772;1879;-107;10:54:52.150569
1774;1880;-106;10:54:52.150569
1775;1877;-102;10:54:52.150569
1774;1880;-106;10:54:52.150569
1774;1881;-107;10:54:52.150569
1775;1884;-109;10:54:52.150569
1776;1883;-107;10:54:52.150569
1776;1884;-108;10:54:52.150569
1775;1885;-110;10:54:52.150569
1776;1885;-109;10:54:52.150569
1778;1885;-107;10:54:52.150569
1778;1887;-109;10:54:52.150569
1777;1885;-108;10:54:52.150569
1776;1883;-107;10:54:52.150569
1777;1884;-107;10:54:52.150569
1776;1884;-108;10:54:52.150569
1774;1882;-108;10:54:52.150569
1773;1882;-109;10:54:52.150569
1772;1883;-111;10:54:52.150569
1773;1881;-108;10:54:52.150569
1772;1881;-109;10:54:52.150569
1774;1883;-109;10:54:52.150569
1774;1884;-110;10:54:52.150569
1777;1882;-105;10:54:52.150569
1778;1881;-103;10:54:52.150569
1774;1881;-107;10:54:52.150569
1775;1880;-105;10:54:52.150569
1775;1884;-109;10:54:52.150569
1775;1884;-109;10:54:52.150569
1777;1884;-107;10:54:52.150569
1777;1886;-109;10:54:52.150569
1778;1887;-109;10:54:52.150569
1778;1887;-109;10:54:52.150569
1777;1886;-109;10:54:52.150569
1779;1886;-107;10:54:52.150569
1777;1885;-108;10:54:52.150569
1778;1884;-106;10:54:52.150569
1775;1884;-109;10:54:52.150569
1773;1881;-108;10:54:52.150569
1771;1879;-108;10:54:52.150569
1773;1876;-103;10:54:52.150569
1774;1875;-101;10:54:52.150569
1770;1873;-103;10:54:52.150569
1769;1874;-105;10:54:52.150569
1768;1875;-107;10:54:52.150569
1767;1873;-106;10:54:52.150569
1764;1871;-107;10:54:52.150569
1763;1871;-108;10:54:52.150569
1764;1870;-106;10:54:52.150569
1765;1872;-107;10:54:52.150569
1761;1871;-110;10:54:52.150569
1760;1870;-110;10:54:52.150569
1761;1868;-107;10:54:52.150569
1762;1868;-106;10:54:52.150569
1758;1867;-109;10:54:52.150569
1756;1868;-112;10:54:52.150569
1760;1867;-107;10:54:52.150569
1760;1868;-108;10:54:52.150569
1760;1869;-109;10:54:52.151562
1763;1870;-107;10:54:52.151562
1762;1870;-108;10:54:52.151562
1759;1870;-111;10:54:52.151562
1761;1871;-110;10:54:52.151562
1760;1870;-110;10:54:52.151562
1760;1869;-109;10:54:52.151562
1760;1867;-107;10:54:52.151562
1759;1867;-108;10:54:52.151562
1760;1866;-106;10:54:52.151562
1762;1867;-105;10:54:52.151562
1761;1867;-106;10:54:52.151562
1762;1865;-103;10:54:52.151562
1760;1867;-107;10:54:52.151562
1759;1865;-106;10:54:52.151562
1754;1864;-110;10:54:52.151562
1751;1863;-112;10:54:52.151562
1752;1860;-108;10:54:52.151562
1750;1862;-112;10:54:52.151562
1752;1859;-107;10:54:52.151562
1751;1857;-106;10:54:52.151562
1751;1857;-106;10:54:52.151562
1749;1857;-108;10:54:52.151562
1745;1855;-110;10:54:52.151562
1747;1857;-110;10:54:52.151562
1744;1858;-114;10:54:52.151562
1745;1858;-113;10:54:52.151562
1743;1858;-115;10:54:52.151562
1745;1857;-112;10:54:52.151562
1737;1859;-122;10:54:52.151562
1802;1860;-58;10:54:52.151562
1890;1880;10;10:54:52.151562
2039;2026;13;10:54:52.151562
1808;2083;-275;10:54:52.151562
1199;1951;-752;10:54:52.151562
440;1346;-906;10:54:52.151562
483;728;-245;10:54:52.151562
101;-60;161;10:54:52.151562
402;-207;609;10:54:52.151562
534;-8;542;10:54:52.151562
163;316;-153;10:54:52.151562
601;1021;-420;10:54:52.151562
1371;2029;-658;10:54:52.151562
1747;2883;-1136;10:54:52.151562
2437;3225;-788;10:54:52.151562
3229;3401;-172;10:54:52.151562
3893;3494;399;10:54:52.151562
4217;3363;854;10:54:52.151562
4070;3473;597;10:54:52.151562
4317;3331;986;10:54:52.151562
5003;3776;1227;10:54:52.151562
5354;4606;748;10:54:52.151562
5074;5010;64;10:54:52.151562
4409;4908;-499;10:54:52.151562
3764;4682;-918;10:54:52.151562
3134;3742;-608;10:54:52.151562
1571;2105;-534;10:54:52.151562
725;604;121;10:54:52.151562
429;-899;1328;10:54:52.151562
427;-276;703;10:54:52.151562
700;612;88;10:54:52.151562
-693;5;-698;10:54:52.151562
-3519;-715;-2804;10:54:52.151562
-4387;-3085;-1302;10:54:52.151562
-3655;-3683;28;10:54:52.151562
-2918;-3627;709;10:54:52.151562
-2267;-2441;174;10:54:52.151562
-2811;-1808;-1003;10:54:52.151562
-1615;-1395;-220;10:54:52.151562
42;-26;68;10:54:52.151562
1303;1057;246;10:54:52.151562
2475;2610;-135;10:54:52.151562
3952;4481;-529;10:54:52.151562
4825;5253;-428;10:54:52.151562
6259;5341;918;10:54:52.151562
7162;5631;1531;10:54:52.151562
7177;5859;1318;10:54:52.151562
6376;6400;-24;10:54:52.151562
7054;7506;-452;10:54:52.151562
7358;8032;-674;10:54:52.151562
6337;7842;-1505;10:54:52.151562
4778;7115;-2337;10:54:52.151562
4294;5814;-1520;10:54:52.151562
3530;3850;-320;10:54:52.151562
3820;2561;1259;10:54:52.151562
2848;292;2556;10:54:52.151562
1302;-1494;2796;10:54:52.151562
-1828;-2211;383;10:54:52.151562
-3487;-2197;-1290;10:54:52.151562
-4155;-579;-3576;10:54:52.151562
-2623;-1529;-1094;10:54:52.151562
-1521;-3638;2117;10:54:52.151562
-573;-4463;3890;10:54:52.151562
-1864;-3621;1757;10:54:52.151562
-3839;-1818;-2021;10:54:52.151562
-2704;392;-3096;10:54:52.151562
-315;4445;-4760;10:54:52.151562
3691;3838;-147;10:54:52.151562
5343;1819;3524;10:54:52.151562
5187;74;5113;10:54:52.151562
4434;436;3998;10:54:52.151562
1395;2398;-1003;10:54:52.151562
-381;3894;-4275;10:54:52.151562
859;1305;-446;10:54:52.151562
709;500;209;10:54:52.151562
-76;516;-592;10:54:52.151562
2284;1978;306;10:54:52.151562
2984;2839;145;10:54:52.151562
3454;2242;1212;10:54:52.151562
3949;5258;-1309;10:54:52.151562
2172;7094;-4922;10:54:52.151562
5893;8495;-2602;10:54:52.151562
7964;9628;-1664;10:54:52.151562
7515;9020;-1505;10:54:52.151562
7456;4465;2991;10:54:52.151562
5139;-131;5270;10:54:52.151562
1735;1280;455;10:54:52.151562
-1118;-1447;329;10:54:52.151562
-3419;-1595;-1824;10:54:52.151562
-328;868;-1196;10:54:52.151562
357;2970;-2613;10:54:52.151562
-914;4452;-5366;10:54:52.151562
676;313;363;10:54:52.151562
5110;-2134;7244;10:54:52.151562
2325;-2406;4731;10:54:52.151562
-2533;-2806;273;10:54:52.151562
-3694;-2618;-1076;10:54:52.151562
-2551;-346;-2205;10:54:52.151562
-575;1441;-2016;10:54:52.151562
1751;303;1448;10:54:52.151562
4043;428;3615;10:54:52.151562
5337;2659;2678;10:54:52.151562
2610;968;1642;10:54:52.151562
1911;2912;-1001;10:54:52.151562
2070;6040;-3970;10:54:52.151562
3604;8736;-5132;10:54:52.151562
7457;8984;-1527;10:54:52.151562
9024;5934;3090;10:54:52.151562
6510;3973;2537;10:54:52.151562
2223;4736;-2513;10:54:52.151562
2829;3821;-992;10:54:52.151562
3352;3225;127;10:54:52.151562
-2474;798;-3272;10:54:52.151562
-5585;-2263;-3322;10:54:52.151562
-4993;-6488;1495;10:54:52.151562
-4898;-6934;2036;10:54:52.151562
-4798;-4164;-634;10:54:52.151562
-1866;-1463;-403;10:54:52.151562
1696;1028;668;10:54:52.151562
1292;-750;2042;10:54:52.151562
3830;2028;1802;10:54:52.151562
4909;4248;661;10:54:52.151562
2625;3806;-1181;10:54:52.151562
1916;1463;453;10:54:52.151562
3180;1613;1567;10:54:52.151562
2712;819;1893;10:54:52.151562
1988;1904;84;10:54:52.151562
1612;4898;-3286;10:54:52.151562
4998;5497;-499;10:54:52.151562
12843;8108;4735;10:54:52.151562
2625;3723;-1098;10:54:52.151562
1494;11037;-9543;10:54:52.151562
5177;10496;-5319;10:54:52.151562
10482;3961;6521;10:54:52.151562
4177;8389;-4212;10:54:52.151562
5636;5210;426;10:54:52.151562
5191;1974;3217;10:54:52.151562
5127;1802;3325;10:54:52.151562
6380;974;5406;10:54:52.151562
-1929;-4113;2184;10:54:52.151562
-5078;-8042;2964;10:54:52.151562
-5178;-8439;3261;10:54:52.151562
-3819;-1578;-2241;10:54:52.151562
-3380;657;-4037;10:54:52.151562
630;4541;-3911;10:54:52.151562
4331;2826;1505;10:54:52.151562
-459;2235;-2694;10:54:52.151562
2343;1316;1027;10:54:52.151562
2245;1869;376;10:54:52.151562
-4282;3020;-7302;10:54:52.151562
-4309;18;-4327;10:54:52.151562
-3342;-1416;-1926;10:54:52.151562
-1500;85;-1585;10:54:52.151562
-4160;-881;-3279;10:54:52.151562
-3948;-4834;886;10:54:52.151562
-777;-3961;3184;10:54:52.151562
-1144;-6428;5284;10:54:52.151562
-289;-2082;1793;10:54:52.151562
-462;-1780;1318;10:54:52.151562
1612;-555;2167;10:54:52.151562
4131;6425;-2294;10:54:52.151562
3522;11789;-8267;10:54:52.151562
6451;7127;-676;10:54:52.151562
10290;5323;4967;10:54:52.151562
13435;6200;7235;10:54:52.151562
7290;6894;396;10:54:52.151562
1045;5644;-4599;10:54:52.151562
9293;2497;6796;10:54:52.151562
9178;-1633;10811;10:54:52.151562
1671;1392;279;10:54:52.151562
-3357;3269;-6626;10:54:52.151562
273;6369;-6096;10:54:52.151562
4137;6871;-2734;10:54:52.151562
7080;5254;1826;10:54:52.151562
1286;168;1118;10:54:52.151562
-694;1279;-1973;10:54:52.151562
-330;-699;369;10:54:52.151562
-3172;2696;-5868;10:54:52.151562
-3233;-24;-3209;10:54:52.151562
2510;3514;-1004;10:54:52.151562
1120;3258;-2138;10:54:52.151562
3578;-1393;4971;10:54:52.151562
3304;732;2572;10:54:52.151562
1765;3558;-1793;10:54:52.151562
4963;5250;-287;10:54:52.151562
4479;9942;-5463;10:54:52.151562
3569;8122;-4553;10:54:52.151562
6330;3580;2750;10:54:52.151562
5979;3360;2619;10:54:52.151562
7078;3852;3226;10:54:52.151562
4375;4156;219;10:54:52.151562
1198;3737;-2539;10:54:52.151562
1819;1603;216;10:54:52.151562
4398;-1516;5914;10:54:52.151562
842;-1709;2551;10:54:52.151562
-1354;-5745;4391;10:54:52.151562
-701;-4477;3776;10:54:52.151562
-5513;-6052;539;10:54:52.151562
-3675;-7262;3587;10:54:52.151562
-7596;17;-7613;10:54:52.151562
2914;856;2058;10:54:52.151562
607;-2046;2653;10:54:52.151562
-3322;92;-3414;10:54:52.151562
-463;1232;-1695;10:54:52.151562
-2982;7398;-10380;10:54:52.151562
6849;3440;3409;10:54:52.151562
6386;4286;2100;10:54:52.151562
1345;4591;-3246;10:54:52.151562
6818;8041;-1223;10:54:52.151562
1324;8576;-7252;10:54:52.151562
1130;4273;-3143;10:54:52.151562
3526;7015;-3489;10:54:52.151562
6382;4365;2017;10:54:52.151562
5004;602;4402;10:54:52.151562
2283;-3826;6109;10:54:52.151562
2778;-1717;4495;10:54:52.151562
-4038;-6024;1986;10:54:52.151562
-5449;-6522;1073;10:54:52.151562
718;-4677;5395;10:54:52.151562
-3129;-1346;-1783;10:54:52.151562
-3115;4850;-7965;10:54:52.151562
4985;5736;-751;10:54:52.151562
7281;1119;6162;10:54:52.151562
6053;1903;4150;10:54:52.151562
1119;2880;-1761;10:54:52.151562
163;2859;-2696;10:54:52.151562
2103;2989;-886;10:54:52.151562
-1929;1273;-3202;10:54:52.151562
-798;2459;-3257;10:54:52.151562
3873;3467;406;10:54:52.151562
6052;2321;3731;10:54:52.151562
2906;-48;2954;10:54:52.151562
-2577;-2607;30;10:54:52.151562
-1070;1794;-2864;10:54:52.151562
-3984;1165;-5149;10:54:52.151562
-4718;7330;-12048;10:54:52.151562
-1367;5620;-6987;10:54:52.151562
2758;5827;-3069;10:54:52.151562
10968;1892;9076;10:54:52.151562
8903;4186;4717;10:54:52.151562
10001;1554;8447;10:54:52.151562
2035;186;1849;10:54:52.151562
733;-556;1289;10:54:52.151562
5535;319;5216;10:54:52.151562
4544;6267;-1723;10:54:52.151562
4263;8709;-4446;10:54:52.151562
3392;4312;-920;10:54:52.151562
8917;7053;1864;10:54:52.151562
10121;6825;3296;10:54:52.151562
9325;8640;685;10:54:52.151562
5937;6452;-515;10:54:52.151562
3412;5852;-2440;10:54:52.151562
8227;2582;5645;10:54:52.151562
4429;1451;2978;10:54:52.151562
3255;3597;-342;10:54:52.151562
2308;2290;18;10:54:52.151562
-4793;-3940;-853;10:54:52.151562
-6138;-6804;666;10:54:52.151562
-6097;-4104;-1993;10:54:52.151562
-6717;-6426;-291;10:54:52.151562
-9791;-6177;-3614;10:54:52.151562
-11404;-5989;-5415;10:54:52.151562
-9226;-747;-8479;10:54:52.151562
-5425;-3968;-1457;10:54:52.151562
-1130;-4976;3846;10:54:52.151562
4212;4549;-337;10:54:52.151562
5840;4242;1598;10:54:52.151562
7696;3476;4220;10:54:52.151562
5317;2162;3155;10:54:52.151562
3011;5292;-2281;10:54:52.151562
6217;6971;-754;10:54:52.151562
10059;4527;5532;10:54:52.151562
12735;5951;6784;10:54:52.151562
8367;8310;57;10:54:52.151562
4213;7955;-3742;10:54:52.151562
-2209;-761;-1448;10:54:52.151562
1295;2739;-1444;10:54:52.151562
3766;5004;-1238;10:54:52.151562
5303;4132;1171;10:54:52.151562
-3044;-2696;-348;10:54:52.151562
-5689;-1744;-3945;10:54:52.151562
2918;-30;2948;10:54:52.151562
-104;-1666;1562;10:54:52.151562
-3205;266;-3471;10:54:52.151562
-852;229;-1081;10:54:52.151562
-2367;-3576;1209;10:54:52.151562
-3859;683;-4542;10:54:52.151562
-2240;-317;-1923;10:54:52.151562
-6014;-3372;-2642;10:54:52.151562
-4472;826;-5298;10:54:52.151562
1507;2636;-1129;10:54:52.151562
7691;1014;6677;10:54:52.151562
7914;4177;3737;10:54:52.151562
8749;4144;4605;10:54:52.151562
8055;4812;3243;10:54:52.151562
7937;5924;2013;10:54:52.151562
8262;6162;2100;10:54:52.151562
10023;13542;-3519;10:54:52.151562
8866;14218;-5352;10:54:52.151562
5507;8013;-2506;10:54:52.151562
5150;-107;5257;10:54:52.151562
-265;458;-723;10:54:52.151562
-1608;-2971;1363;10:54:52.151562
-2513;-3694;1181;10:54:52.151562
-3351;-2213;-1138;10:54:52.151562
-482;-3307;2825;10:54:52.151562
-2249;-2471;222;10:54:52.151562
-2375;0;-2375;10:54:52.151562
1436;1249;187;10:54:52.151562
175;3649;-3474;10:54:52.151562
2070;6485;-4415;10:54:52.151562
1548;8297;-6749;10:54:52.151562
-2335;3199;-5534;10:54:52.151562
5098;-692;5790;10:54:52.151562
1798;-37;1835;10:54:52.151562
-2568;583;-3151;10:54:52.151562
-2401;439;-2840;10:54:52.151562
1222;-4218;5440;10:54:52.151562
-1296;-5466;4170;10:54:52.151562
-200;2273;-2473;10:54:52.151562
577;3097;-2520;10:54:52.151562
326;-1695;2021;10:54:52.151562
4676;-5793;10469;10:54:52.151562
8041;-4713;12754;10:54:52.151562
4562;2760;1802;10:54:52.151562
3666;5595;-1929;10:54:52.151562
6032;8757;-2725;10:54:52.151562
3435;10663;-7228;10:54:52.151562
2497;7857;-5360;10:54:52.151562
5721;5126;595;10:54:52.151562
5860;4598;1262;10:54:52.151562
4007;4135;-128;10:54:52.151562
3154;3116;38;10:54:52.151562
-186;-1134;948;10:54:52.151562
-3373;-409;-2964;10:54:52.151562
-1297;3182;-4479;10:54:52.151562
407;5287;-4880;10:54:52.151562
-156;6208;-6364;10:54:52.151562
365;4613;-4248;10:54:52.151562
4527;3659;868;10:54:52.151562
2072;-373;2445;10:54:52.151562
-307;-2543;2236;10:54:52.151562
1592;-4670;6262;10:54:52.151562
3523;522;3001;10:54:52.151562
3743;-611;4354;10:54:52.151562
2294;-217;2511;10:54:52.151562
1349;1027;322;10:54:52.151562
1357;6433;-5076;10:54:52.151562
5044;4518;526;10:54:52.151562
6418;1991;4427;10:54:52.151562
8007;2148;5859;10:54:52.151562
3942;1548;2394;10:54:52.151562
4972;2318;2654;10:54:52.151562
3709;697;3012;10:54:52.151562
396;5302;-4906;10:54:52.151562
-2716;5004;-7720;10:54:52.151562
-2615;4232;-6847;10:54:52.151562
-775;6927;-7702;10:54:52.151562
705;642;63;10:54:52.151562
1528;-949;2477;10:54:52.151562
-190;-1275;1085;10:54:52.151562
-2667;-6541;3874;10:54:52.151562
-6513;-3558;-2955;10:54:52.151562
-7648;-2739;-4909;10:54:52.151562
-5520;1484;-7004;10:54:52.151562
-2426;4407;-6833;10:54:52.151562
904;1808;-904;10:54:52.151562
2602;-1442;4044;10:54:52.151562
472;470;2;10:54:52.151562
2555;-1893;4448;10:54:52.151562
-263;-3719;3456;10:54:52.151562
2000;-2716;4716;10:54:52.151562
3244;1939;1305;10:54:52.151562
6904;1995;4909;10:54:52.151562
11179;6102;5077;10:54:52.151562
12543;7805;4738;10:54:52.151562
10487;10780;-293;10:54:52.151562
6817;7806;-989;10:54:52.151562
1249;3519;-2270;10:54:52.151562
1839;-1803;3642;10:54:52.151562
-4562;-802;-3760;10:54:52.151562
-4463;-1537;-2926;10:54:52.151562
718;-740;1458;10:54:52.151562
-869;170;-1039;10:54:52.151562
1864;3146;-1282;10:54:52.151562
3578;4258;-680;10:54:52.151562
-575;7851;-8426;10:54:52.151562
-310;7208;-7518;10:54:52.151562
935;4477;-3542;10:54:52.151562
2959;2749;210;10:54:52.151562
1873;6578;-4705;10:54:52.151562
3340;4679;-1339;10:54:52.151562
7839;5717;2122;10:54:52.151562
8565;5484;3081;10:54:52.151562
10176;5099;5077;10:54:52.151562
8501;5140;3361;10:54:52.151562
3779;4424;-645;10:54:52.151562
573;722;-149;10:54:52.151562
1004;220;784;10:54:52.151562
6416;930;5486;10:54:52.151562
8908;-1436;10344;10:54:52.151562
3252;360;2892;10:54:52.151562
651;770;-119;10:54:52.151562
5158;-1255;6413;10:54:52.151562
5404;3252;2152;10:54:52.151562
6531;322;6209;10:54:52.151562
2739;493;2246;10:54:52.151562
-2801;3313;-6114;10:54:52.151562
-5321;-1052;-4269;10:54:52.151562
-8128;-1212;-6916;10:54:52.151562
-6382;-496;-5886;10:54:52.151562
-4488;-1176;-3312;10:54:52.151562
-5679;-3866;-1813;10:54:52.151562
-3547;-3752;205;10:54:52.151562
-7458;-4788;-2670;10:54:52.151562
-6523;-2457;-4066;10:54:52.151562
-4967;-3459;-1508;10:54:52.151562
-6843;-1897;-4946;10:54:52.151562
-4160;-2141;-2019;10:54:52.151562
-1590;1096;-2686;10:54:52.151562
-277;1006;-1283;10:54:52.151562
6035;3309;2726;10:54:52.151562
5811;5166;645;10:54:52.151562
4934;8514;-3580;10:54:52.151562
4911;8957;-4046;10:54:52.151562
4235;8194;-3959;10:54:52.151562
8401;5872;2529;10:54:52.151562
11109;5310;5799;10:54:52.151562
7099;6376;723;10:54:52.151562
7758;3612;4146;10:54:52.151562
7900;2455;5445;10:54:52.151562
10356;1813;8543;10:54:52.151562
9673;1185;8488;10:54:52.151562
8186;1179;7007;10:54:52.151562
5708;5262;446;10:54:52.151562
1733;4272;-2539;10:54:52.151562
-1900;2737;-4637;10:54:52.151562
-1196;3092;-4288;10:54:52.151562
-1995;-1676;-319;10:54:52.151562
-7588;-3731;-3857;10:54:52.151562
-8542;-639;-7903;10:54:52.151562
-7077;-3294;-3783;10:54:52.151562
-2925;-4465;1540;10:54:52.151562
-2582;-1253;-1329;10:54:52.151562
-3039;-1869;-1170;10:54:52.151562
-1778;-397;-1381;10:54:52.151562
-541;1630;-2171;10:54:52.151562
3578;4690;-1112;10:54:52.151562
8254;7626;628;10:54:52.151562
11595;12018;-423;10:54:52.151562
14576;15606;-1030;10:54:52.151562
15074;15903;-829;10:54:52.151562
17322;15723;1599;10:54:52.151562
17214;11724;5490;10:54:52.151562
15835;9300;6535;10:54:52.151562
13605;4677;8928;10:54:52.151562
8183;2007;6176;10:54:52.151562
3947;76;3871;10:54:52.151562
1083;-3465;4548;10:54:52.151562
1311;-2908;4219;10:54:52.151562
-940;-979;39;10:54:52.151562
-2998;-1676;-1322;10:54:52.151562
-5800;-4579;-1221;10:54:52.151562
-8387;-4172;-4215;10:54:52.151562
-9235;-5265;-3970;10:54:52.151562
-10983;-4395;-6588;10:54:52.151562
-12027;-5717;-6310;10:54:52.151562
-15584;-5281;-10303;10:54:52.151562
-13481;-5663;-7818;10:54:52.151562
-9682;-7654;-2028;10:54:52.151562
-6514;-4149;-2365;10:54:52.151562
-980;-3965;2985;10:54:52.151562
2333;-1205;3538;10:54:52.151562
1443;3228;-1785;10:54:52.151562
2498;6365;-3867;10:54:52.151562
5321;5712;-391;10:54:52.151562
8642;5508;3134;10:54:52.151562
9506;6776;2730;10:54:52.151562
6022;7493;-1471;10:54:52.151562
8253;7315;938;10:54:52.151562
11716;5381;6335;10:54:52.360437
10838;6674;4164;10:54:52.360437
8780;2678;6102;10:54:52.360437
4488;4315;173;10:54:52.360437
3595;2070;1525;10:54:52.360437
3022;2347;675;10:54:52.360437
2006;1770;236;10:54:52.360437
2014;446;1568;10:54:52.360437
-1263;-497;-766;10:54:52.360437
-3225;-3876;651;10:54:52.360437
-7692;-3833;-3859;10:54:52.360437
-6860;-4706;-2154;10:54:52.360437
-8153;-1649;-6504;10:54:52.360437
-9102;-3683;-5419;10:54:52.360437
-8157;-5389;-2768;10:54:52.360437
-7543;-4850;-2693;10:54:52.360437
-5551;-3241;-2310;10:54:52.360437
-926;-4773;3847;10:54:52.360437
-506;11;-517;10:54:52.360437
2863;4447;-1584;10:54:52.360437
5360;6826;-1466;10:54:52.360437
7846;8070;-224;10:54:52.360437
11327;10856;471;10:54:52.360437
10308;12713;-2405;10:54:52.360437
13115;12811;304;10:54:52.360437
15924;12262;3662;10:54:52.360437
15399;10716;4683;10:54:52.360437
16556;9103;7453;10:54:52.360437
13215;12153;1062;10:54:52.360437
8099;10636;-2537;10:54:52.360437
8223;10560;-2337;10:54:52.360437
6851;7900;-1049;10:54:52.360437
4695;5434;-739;10:54:52.360437
2948;535;2413;10:54:52.360437
-471;-462;-9;10:54:52.360437
-910;-4101;3191;10:54:52.360437
-2725;-8454;5729;10:54:52.360437
-4052;-6835;2783;10:54:52.360437
-4255;-8345;4090;10:54:52.360437
-5771;-7226;1455;10:54:52.360437
-7794;-8222;428;10:54:52.360437
-8539;-3914;-4625;10:54:52.360437
-9664;-4894;-4770;10:54:52.360437
-10764;-4167;-6597;10:54:52.360437
-8286;-2929;-5357;10:54:52.360437
-36;-1095;1059;10:54:52.360437
1482;1616;-134;10:54:52.360437
2792;2968;-176;10:54:52.360437
3877;6975;-3098;10:54:52.360437
3314;8674;-5360;10:54:52.360437
3358;7560;-4202;10:54:52.360437
5010;6674;-1664;10:54:52.360437
6501;7403;-902;10:54:52.360437
8341;3543;4798;10:54:52.360437
10143;4258;5885;10:54:52.360437
12800;6034;6766;10:54:52.360437
8396;5546;2850;10:54:52.360437
9090;5412;3678;10:54:52.360437
8124;6946;1178;10:54:52.360437
3955;5685;-1730;10:54:52.360437
1899;2754;-855;10:54:52.360437
503;63;440;10:54:52.360437
-2988;-1885;-1103;10:54:52.360437
-4527;-4597;70;10:54:52.360437
-5250;-5439;189;10:54:52.360437
-9268;-5967;-3301;10:54:52.360437
-8775;-3756;-5019;10:54:52.360437
-6689;-3512;-3177;10:54:52.360437
-5611;-2136;-3475;10:54:52.360437
-5638;-3074;-2564;10:54:52.360437
-2928;1497;-4425;10:54:52.360437
-1039;1675;-2714;10:54:52.360437
3628;1517;2111;10:54:52.360437
7148;3495;3653;10:54:52.360437
10295;5723;4572;10:54:52.360437
11345;6387;4958;10:54:52.360437
9937;8620;1317;10:54:52.360437
11768;9907;1861;10:54:52.360437
12790;10893;1897;10:54:52.360437
9342;7132;2210;10:54:52.360437
7236;5913;1323;10:54:52.360437
6951;8120;-1169;10:54:52.360437
5363;6105;-742;10:54:52.360437
7640;6030;1610;10:54:52.360437
7661;6210;1451;10:54:52.360437
3060;4776;-1716;10:54:52.360437
3153;3943;-790;10:54:52.360437
1108;1220;-112;10:54:52.360437
-1570;73;-1643;10:54:52.360437
-3958;-616;-3342;10:54:52.360437
-4098;-3915;-183;10:54:52.360437
-7623;-5407;-2216;10:54:52.360437
-11299;-9328;-1971;10:54:52.360437
-9220;-10248;1028;10:54:52.360437
-10621;-10348;-273;10:54:52.360437
-11994;-9486;-2508;10:54:52.360437
-7784;-6931;-853;10:54:52.360437
-3999;-3602;-397;10:54:52.360437
-1458;-3078;1620;10:54:52.360437
-606;-299;-307;10:54:52.360437
1652;1756;-104;10:54:52.360437
6245;5095;1150;10:54:52.360437
8322;6091;2231;10:54:52.360437
10384;10057;327;10:54:52.360437
12721;13946;-1225;10:54:52.360437
7894;12933;-5039;10:54:52.360437
4954;11624;-6670;10:54:52.360437
7060;9991;-2931;10:54:52.360437
8250;6485;1765;10:54:52.360437
9960;4457;5503;10:54:52.360437
6295;2119;4176;10:54:52.360437
4308;-585;4893;10:54:52.360437
2029;83;1946;10:54:52.360437
118;-1294;1412;10:54:52.360437
2836;-1125;3961;10:54:52.360437
589;182;407;10:54:52.360437
-1027;887;-1914;10:54:52.360437
-284;3695;-3979;10:54:52.360437
-2045;2402;-4447;10:54:52.360437
-401;1842;-2243;10:54:52.360437
365;1484;-1119;10:54:52.360437
-1664;-26;-1638;10:54:52.360437
1734;-1788;3522;10:54:52.360437
2159;321;1838;10:54:52.360437
-454;1376;-1830;10:54:52.360437
-1367;1867;-3234;10:54:52.360437
298;2564;-2266;10:54:52.360437
3159;5070;-1911;10:54:52.360437
4431;4725;-294;10:54:52.360437
6726;4642;2084;10:54:52.360437
8501;6534;1967;10:54:52.360437
8397;5051;3346;10:54:52.360437
6682;5887;795;10:54:52.360437
4379;4437;-58;10:54:52.360437
4608;5637;-1029;10:54:52.360437
6283;5898;385;10:54:52.360437
6301;5067;1234;10:54:52.360437
4681;2841;1840;10:54:52.360437
2628;2002;626;10:54:52.360437
789;-1454;2243;10:54:52.360437
-484;-3363;2879;10:54:52.360437
-3610;-2871;-739;10:54:52.360437
-2371;-2678;307;10:54:52.360437
-1255;-3237;1982;10:54:52.360437
-2106;-1880;-226;10:54:52.360437
-2304;-1154;-1150;10:54:52.360437
-1359;1496;-2855;10:54:52.360437
-4892;1949;-6841;10:54:52.360437
-5202;3550;-8752;10:54:52.360437
-4130;3366;-7496;10:54:52.360437
-3116;2879;-5995;10:54:52.360437
-26;1282;-1308;10:54:52.360437
2587;-751;3338;10:54:52.360437
2455;-1589;4044;10:54:52.360437
4707;-1046;5753;10:54:52.360437
6129;-1972;8101;10:54:52.360437
5403;-1380;6783;10:54:52.360437
3413;1859;1554;10:54:52.360437
2610;1643;967;10:54:52.360437
3835;4218;-383;10:54:52.360437
4009;5675;-1666;10:54:52.360437
2065;5071;-3006;10:54:52.360437
1512;3871;-2359;10:54:52.360437
3674;4925;-1251;10:54:52.360437
3899;3906;-7;10:54:52.360437
165;1967;-1802;10:54:52.360437
-725;1668;-2393;10:54:52.360437
-890;1779;-2669;10:54:52.360437
-1487;-116;-1371;10:54:52.360437
-1193;-1048;-145;10:54:52.360437
-590;-1568;978;10:54:52.360437
-2267;-982;-1285;10:54:52.360437
1451;-810;2261;10:54:52.360437
1000;-1706;2706;10:54:52.360437
-922;-1681;759;10:54:52.360437
154;1287;-1133;10:54:52.360437
2277;3368;-1091;10:54:52.360437
3141;7080;-3939;10:54:52.360437
5093;5934;-841;10:54:52.360437
4895;6471;-1576;10:54:52.360437
6213;5565;648;10:54:52.360437
6948;4059;2889;10:54:52.360437
7644;2788;4856;10:54:52.360437
5989;1891;4098;10:54:52.360437
3387;2787;600;10:54:52.360437
1453;4224;-2771;10:54:52.360437
829;2282;-1453;10:54:52.360437
374;2338;-1964;10:54:52.360437
-508;2343;-2851;10:54:52.360437
2186;1362;824;10:54:52.360437
1490;3933;-2443;10:54:52.360437
1442;3351;-1909;10:54:52.360437
2392;3131;-739;10:54:52.360437
2978;3379;-401;10:54:52.360437
3471;3637;-166;10:54:52.360437
5223;2143;3080;10:54:52.360437
5267;1921;3346;10:54:52.360437
3172;1695;1477;10:54:52.360437
1039;2283;-1244;10:54:52.360437
1352;871;481;10:54:52.360437
1490;394;1096;10:54:52.360437
2372;-995;3367;10:54:52.360437
2482;-1620;4102;10:54:52.360437
1161;1588;-427;10:54:52.360437
-414;1263;-1677;10:54:52.360437
-1438;2048;-3486;10:54:52.360437
-2664;1214;-3878;10:54:52.360437
472;3773;-3301;10:54:52.360437
1937;3505;-1568;10:54:52.360437
1998;3703;-1705;10:54:52.360437
1231;3555;-2324;10:54:52.360437
2441;3663;-1222;10:54:52.360437
2619;1661;958;10:54:52.360437
1924;348;1576;10:54:52.360437
1515;-56;1571;10:54:52.360437
2561;958;1603;10:54:52.360437
3364;656;2708;10:54:52.360437
1417;1331;86;10:54:52.360437
1270;1281;-11;10:54:52.360437
2369;1791;578;10:54:52.360437
2584;1245;1339;10:54:52.360437
1654;1345;309;10:54:52.360437
1245;1722;-477;10:54:52.360437
1768;1129;639;10:54:52.360437
-610;-1068;458;10:54:52.360437
-2217;-960;-1257;10:54:52.360437
-2393;-1549;-844;10:54:52.360437
-3413;-1838;-1575;10:54:52.360437
-1315;-493;-822;10:54:52.360437
228;991;-763;10:54:52.360437
-252;2805;-3057;10:54:52.360437
-1981;1245;-3226;10:54:52.360437
-834;1865;-2699;10:54:52.360437
426;3538;-3112;10:54:52.360437
2801;6200;-3399;10:54:52.360437
5221;4126;1095;10:54:52.360437
6245;3024;3221;10:54:52.360437
4653;3797;856;10:54:52.360437
5717;4886;831;10:54:52.360437
5950;3628;2322;10:54:52.360437
5859;3863;1996;10:54:52.360437
5677;3935;1742;10:54:52.360437
4729;2287;2442;10:54:52.360437
3133;1680;1453;10:54:52.360437
-602;1511;-2113;10:54:52.360437
-925;157;-1082;10:54:52.360437
-676;-406;-270;10:54:52.360437
505;-15;520;10:54:52.360437
504;689;-185;10:54:52.360437
-302;1576;-1878;10:54:52.360437
686;2702;-2016;10:54:52.360437
1315;3691;-2376;10:54:52.360437
1799;1972;-173;10:54:52.360437
952;2915;-1963;10:54:52.360437
1816;2641;-825;10:54:52.360437
1742;2043;-301;10:54:52.374400
3976;-253;4229;10:54:52.374400
4794;745;4049;10:54:52.374400
3746;1633;2113;10:54:52.374400
2312;2292;20;10:54:52.374400
4071;218;3853;10:54:52.374400
4213;1390;2823;10:54:52.374400
1675;2062;-387;10:54:52.374400
1891;3988;-2097;10:54:52.374400
2285;4578;-2293;10:54:52.374400
3131;6575;-3444;10:54:52.374400
1863;6572;-4709;10:54:52.374400
848;6526;-5678;10:54:52.374400
4324;5151;-827;10:54:52.374400
2679;4302;-1623;10:54:52.374400
543;3483;-2940;10:54:52.374400
-34;2545;-2579;10:54:52.374400
-138;-515;377;10:54:52.374400
2387;-1526;3913;10:54:52.374400
2505;-1046;3551;10:54:52.374400
1758;-846;2604;10:54:52.374400
2609;735;1874;10:54:52.374400
3746;866;2880;10:54:52.374400
3106;1470;1636;10:54:52.374400
2534;1129;1405;10:54:52.374400
4960;2326;2634;10:54:52.374400
4174;2101;2073;10:54:52.374400
1122;2839;-1717;10:54:52.374400
-204;2906;-3110;10:54:52.374400
-171;-4;-167;10:54:52.374400
218;634;-416;10:54:52.374400
-1164;928;-2092;10:54:52.374400
-1502;-434;-1068;10:54:52.374400
-451;-1217;766;10:54:52.374400
-2033;-1798;-235;10:54:52.374400
-2661;-1363;-1298;10:54:52.374400
-839;-900;61;10:54:52.374400
-715;-924;209;10:54:52.374400
-2203;-229;-1974;10:54:52.374400
253;1854;-1601;10:54:52.374400
-1214;2834;-4048;10:54:52.374400
-477;2799;-3276;10:54:52.374400
1721;2619;-898;10:54:52.374400
479;3000;-2521;10:54:52.374400
1467;2832;-1365;10:54:52.374400
4117;3315;802;10:54:52.374400
5404;959;4445;10:54:52.374400
5873;333;5540;10:54:52.374400
5618;1068;4550;10:54:52.374400
4414;1875;2539;10:54:52.374400
5047;4281;766;10:54:52.374400
5706;5252;454;10:54:52.374400
5961;7669;-1708;10:54:52.374400
6306;8203;-1897;10:54:52.374400
5540;8583;-3043;10:54:52.374400
5933;8265;-2332;10:54:52.374400
5802;6770;-968;10:54:52.374400
4664;5514;-850;10:54:52.374400
3442;5111;-1669;10:54:52.374400
1981;4287;-2306;10:54:52.374400
-186;881;-1067;10:54:52.374400
-1891;-948;-943;10:54:52.374400
-3762;-4044;282;10:54:52.374400
-3816;-4844;1028;10:54:52.374400
-4679;-7442;2763;10:54:52.374400
-3341;-5112;1771;10:54:52.374400
-3689;-6887;3198;10:54:52.374400
-4020;-5313;1293;10:54:52.374400
-2671;-3003;332;10:54:52.374400
-223;-2412;2189;10:54:52.374400
495;-1095;1590;10:54:52.374400
1419;680;739;10:54:52.374400
1809;4458;-2649;10:54:52.374400
1206;5935;-4729;10:54:52.374400
2169;8591;-6422;10:54:52.374400
4539;7199;-2660;10:54:52.374400
4748;7461;-2713;10:54:52.374400
4434;5916;-1482;10:54:52.374400
4751;5398;-647;10:54:52.374400
5028;3244;1784;10:54:52.374400
5512;1792;3720;10:54:52.374400
5129;2230;2899;10:54:52.374400
3206;1256;1950;10:54:52.374400
4802;1620;3182;10:54:52.374400
4239;900;3339;10:54:52.374400
2069;482;1587;10:54:52.374400
1344;-386;1730;10:54:52.374400
-1383;655;-2038;10:54:52.374400
-3106;-787;-2319;10:54:52.374400
-3401;-287;-3114;10:54:52.374400
-4633;696;-5329;10:54:52.374400
-3251;875;-4126;10:54:52.374400
554;-322;876;10:54:52.374400
319;1606;-1287;10:54:52.374400
1746;1674;72;10:54:52.374400
2616;2701;-85;10:54:52.374400
2986;2998;-12;10:54:52.374400
3994;3105;889;10:54:52.374400
4129;3979;150;10:54:52.374400
4256;4735;-479;10:54:52.374400
5786;4667;1119;10:54:52.374400
5871;5315;556;10:54:52.374400
6972;5704;1268;10:54:52.374400
7620;3563;4057;10:54:52.374400
7471;4366;3105;10:54:52.374400
5713;5017;696;10:54:52.374400
4480;3330;1150;10:54:52.374400
5440;2450;2990;10:54:52.374400
2905;2198;707;10:54:52.374400
-77;1665;-1742;10:54:52.374400
-1072;2366;-3438;10:54:52.374400
-714;479;-1193;10:54:52.374400
-1104;635;-1739;10:54:52.374400
-908;-901;-7;10:54:52.374400
-1347;-503;-844;10:54:52.374400
-1425;-284;-1141;10:54:52.374400
-2300;-567;-1733;10:54:52.374400
-4231;210;-4441;10:54:52.374400
-3417;-213;-3204;10:54:52.374400
-1797;-1005;-792;10:54:52.374400
-1891;-946;-945;10:54:52.374400
267;42;225;10:54:52.374400
1225;1493;-268;10:54:52.374400
3081;-1018;4099;10:54:52.374400
3238;197;3041;10:54:52.374400
2949;1278;1671;10:54:52.374400
2719;665;2054;10:54:52.374400
1751;1533;218;10:54:52.374400
1770;2012;-242;10:54:52.374400
2897;3632;-735;10:54:52.374400
3762;5086;-1324;10:54:52.374400
5043;4871;172;10:54:52.374400
5411;5280;131;10:54:52.374400
5548;6523;-975;10:54:52.374400
3256;5840;-2584;10:54:52.374400
1251;4402;-3151;10:54:52.374400
210;2545;-2335;10:54:52.374400
484;2537;-2053;10:54:52.374400
234;496;-262;10:54:52.374400
660;491;169;10:54:52.374400
1579;242;1337;10:54:52.374400
2009;31;1978;10:54:52.374400
2005;-666;2671;10:54:52.374400
2555;197;2358;10:54:52.374400
1587;432;1155;10:54:52.374400
1470;963;507;10:54:52.374400
1715;2715;-1000;10:54:52.374400
2443;3122;-679;10:54:52.374400
4350;4844;-494;10:54:52.374400
3774;3884;-110;10:54:52.374400
2884;3114;-230;10:54:52.374400
1603;2677;-1074;10:54:52.374400
2221;1757;464;10:54:52.374400
1799;2101;-302;10:54:52.374400
922;2209;-1287;10:54:52.374400
1577;2371;-794;10:54:52.374400
3708;2523;1185;10:54:52.374400
5101;2731;2370;10:54:52.374400
4713;3145;1568;10:54:52.374400
4232;4641;-409;10:54:52.374400
3994;5606;-1612;10:54:52.374400
2657;4883;-2226;10:54:52.374400
2133;4010;-1877;10:54:52.374400
1803;3422;-1619;10:54:52.374400
-488;1983;-2471;10:54:52.374400
-302;-769;467;10:54:52.374400
1763;-1162;2925;10:54:52.374400
-363;-3925;3562;10:54:52.374400
-2359;-3779;1420;10:54:52.374400
-2673;-4160;1487;10:54:52.374400
-3234;-2776;-458;10:54:52.374400
-2276;-2187;-89;10:54:52.374400
-1241;-16;-1225;10:54:52.374400
-781;-225;-556;10:54:52.374400
1223;2115;-892;10:54:52.374400
775;3282;-2507;10:54:52.374400
1544;3559;-2015;10:54:52.374400
3233;4648;-1415;10:54:52.374400
3779;4501;-722;10:54:52.374400
3648;4400;-752;10:54:52.374400
2399;3569;-1170;10:54:52.374400
3043;2255;788;10:54:52.374400
3189;1624;1565;10:54:52.374400
3062;1590;1472;10:54:52.374400
3596;1631;1965;10:54:52.374400
4159;977;3182;10:54:52.374400
3379;2489;890;10:54:52.374400
3319;3021;298;10:54:52.374400
3067;3092;-25;10:54:52.374400
2023;4261;-2238;10:54:52.374400
1438;2946;-1508;10:54:52.374400
1552;3585;-2033;10:54:52.374400
-485;2310;-2795;10:54:52.374400
-903;1857;-2760;10:54:52.374400
-1297;2115;-3412;10:54:52.374400
-1945;1233;-3178;10:54:52.374400
-1273;-77;-1196;10:54:52.374400
450;-1124;1574;10:54:52.374400
973;-2442;3415;10:54:52.374400
1187;-1812;2999;10:54:52.374400
182;-658;840;10:54:52.374400
656;347;309;10:54:52.374400
2515;2031;484;10:54:52.374400
3315;2273;1042;10:54:52.374400
3877;4955;-1078;10:54:52.374400
5971;5241;730;10:54:52.374400
5854;4799;1055;10:54:52.374400
6150;6194;-44;10:54:52.374400
6234;5112;1122;10:54:52.374400
5169;5064;105;10:54:52.374400
3238;3777;-539;10:54:52.374400
3386;2531;855;10:54:52.374400
3466;2903;563;10:54:52.374400
1636;3654;-2018;10:54:52.374400
716;2092;-1376;10:54:52.374400
1762;1971;-209;10:54:52.374400
1179;476;703;10:54:52.374400
-256;1727;-1983;10:54:52.374400
-33;1003;-1036;10:54:52.374400
1075;653;422;10:54:52.374400
1999;1234;765;10:54:52.374400
2177;2670;-493;10:54:52.374400
2866;3207;-341;10:54:52.374400
2813;2909;-96;10:54:52.374400
3306;3679;-373;10:54:52.374400
4576;2655;1921;10:54:52.374400
3277;3254;23;10:54:52.374400
1803;2436;-633;10:54:52.374400
1506;1174;332;10:54:52.374400
1326;596;730;10:54:52.374400
918;555;363;10:54:52.374400
-182;-318;136;10:54:52.374400
530;-13;543;10:54:52.374400
1438;424;1014;10:54:52.374400
2369;-261;2630;10:54:52.374400
829;88;741;10:54:52.374400
-375;851;-1226;10:54:52.374400
-1050;1391;-2441;10:54:52.374400
-1096;1700;-2796;10:54:52.374400
-1254;1739;-2993;10:54:52.374400
-1134;1477;-2611;10:54:52.374400
-1469;615;-2084;10:54:52.374400
-303;914;-1217;10:54:52.374400
420;825;-405;10:54:52.374400
399;444;-45;10:54:52.374400
-36;1120;-1156;10:54:52.374400
-376;-735;359;10:54:52.374400
470;-586;1056;10:54:52.374400
1806;263;1543;10:54:52.374400
2201;1547;654;10:54:52.374400
1259;2829;-1570;10:54:52.374400
1675;2213;-538;10:54:52.374400
1991;2098;-107;10:54:52.374400
2388;2248;140;10:54:52.374400
2939;1192;1747;10:54:52.374400
1308;1136;172;10:54:52.376558
1539;929;610;10:54:52.376558
2954;1091;1863;10:54:52.376558
3530;2140;1390;10:54:52.376558
2978;4118;-1140;10:54:52.376558
4157;3132;1025;10:54:52.376558
5077;3902;1175;10:54:52.376558
5215;4100;1115;10:54:52.376558
5139;4828;311;10:54:52.376558
3785;5024;-1239;10:54:52.376558
2594;5149;-2555;10:54:52.376558
2258;5927;-3669;10:54:52.376558
3558;6123;-2565;10:54:52.376558
4029;6043;-2014;10:54:52.376558
3376;5507;-2131;10:54:52.376558
3998;5168;-1170;10:54:52.376558
3669;4392;-723;10:54:52.376558
3708;3163;545;10:54:52.376558
3905;1973;1932;10:54:52.376558
2569;470;2099;10:54:52.376558
1407;-636;2043;10:54:52.376558
-119;-2532;2413;10:54:52.376558
-1224;-2877;1653;10:54:52.376558
-1713;-3375;1662;10:54:52.376558
-2406;-3838;1432;10:54:52.376558
-3808;-3095;-713;10:54:52.376558
-4418;-4151;-267;10:54:52.376558
-4268;-3566;-702;10:54:52.376558
-3172;-3278;106;10:54:52.376558
-1823;-2752;929;10:54:52.376558
-2019;-1204;-815;10:54:52.376558
-587;551;-1138;10:54:52.376558
547;1583;-1036;10:54:52.376558
1030;3643;-2613;10:54:52.376558
2098;4380;-2282;10:54:52.376558
3860;5025;-1165;10:54:52.376558
5323;5723;-400;10:54:52.376558
5193;6722;-1529;10:54:52.376558
4645;6707;-2062;10:54:52.376558
4343;6145;-1802;10:54:52.376558
4528;4973;-445;10:54:52.376558
5398;5168;230;10:54:52.376558
4535;4565;-30;10:54:52.376558
4381;4584;-203;10:54:52.376558
5283;4191;1092;10:54:52.376558
5506;3268;2238;10:54:52.376558
4814;2281;2533;10:54:52.376558
4193;2655;1538;10:54:52.376558
3021;2879;142;10:54:52.376558
1809;-29;1838;10:54:52.376558
757;-354;1111;10:54:52.376558
-149;-477;328;10:54:52.376558
-992;477;-1469;10:54:52.376558
-706;-260;-446;10:54:52.376558
-240;-70;-170;10:54:52.376558
938;-684;1622;10:54:52.376558
1603;1042;561;10:54:52.376558
1328;297;1031;10:54:52.376558
27;1256;-1229;10:54:52.376558
-491;519;-1010;10:54:52.376558
219;1013;-794;10:54:52.376558
107;934;-827;10:54:52.376558
1431;2038;-607;10:54:52.376558
1781;2146;-365;10:54:52.376558
2489;4068;-1579;10:54:52.376558
3600;4028;-428;10:54:52.376558
3551;4414;-863;10:54:52.376558
4255;3864;391;10:54:52.376558
5239;4543;696;10:54:52.376558
5335;4477;858;10:54:52.376558
3852;5355;-1503;10:54:52.376558
2659;5132;-2473;10:54:52.376558
2414;4231;-1817;10:54:52.376558
1288;1983;-695;10:54:52.376558
730;699;31;10:54:52.376558
633;-724;1357;10:54:52.376558
497;-1542;2039;10:54:52.376558
401;-2804;3205;10:54:52.376558
1033;-1862;2895;10:54:52.376558
1232;-999;2231;10:54:52.376558
581;-116;697;10:54:52.376558
237;870;-633;10:54:52.376558
2140;1411;729;10:54:52.376558
2188;3039;-851;10:54:52.376558
1416;4208;-2792;10:54:52.376558
2163;4845;-2682;10:54:52.376558
1731;4843;-3112;10:54:52.376558
913;4005;-3092;10:54:52.376558
1271;3100;-1829;10:54:52.376558
1395;2171;-776;10:54:52.376558
980;1713;-733;10:54:52.376558
40;1604;-1564;10:54:52.376558
1078;904;174;10:54:52.376558
314;190;124;10:54:52.376558
638;-371;1009;10:54:52.376558
-70;-359;289;10:54:52.376558
-832;-588;-244;10:54:52.376558
546;-195;741;10:54:52.376558
643;252;391;10:54:52.376558
1810;214;1596;10:54:52.376558
3230;528;2702;10:54:52.376558
2427;1325;1102;10:54:52.376558
2966;2182;784;10:54:52.376558
2613;3467;-854;10:54:52.376558
2493;3854;-1361;10:54:52.376558
2318;3833;-1515;10:54:52.376558
2539;3264;-725;10:54:52.376558
2296;3325;-1029;10:54:52.376558
2089;2144;-55;10:54:52.376558
2261;1606;655;10:54:52.376558
2117;1966;151;10:54:52.376558
3372;3311;61;10:54:52.376558
3065;3551;-486;10:54:52.376558
2702;3951;-1249;10:54:52.376558
2320;3932;-1612;10:54:52.376558
2155;4066;-1911;10:54:52.376558
2492;3112;-620;10:54:52.376558
1989;3225;-1236;10:54:52.376558
2383;1930;453;10:54:52.376558
2501;1254;1247;10:54:52.376558
2029;1083;946;10:54:52.376558
2243;881;1362;10:54:52.376558
2019;883;1136;10:54:52.376558
2094;483;1611;10:54:52.376558
1979;1099;880;10:54:52.376558
1289;1746;-457;10:54:52.376558
2678;1494;1184;10:54:52.376558
2909;1903;1006;10:54:52.376558
3019;1772;1247;10:54:52.376558
2693;2733;-40;10:54:52.376558
2936;3396;-460;10:54:52.376558
3272;3201;71;10:54:52.376558
2924;4397;-1473;10:54:52.376558
2221;3824;-1603;10:54:52.376558
820;3080;-2260;10:54:52.376558
179;1710;-1531;10:54:52.376558
-106;604;-710;10:54:52.376558
377;-104;481;10:54:52.376558
551;144;407;10:54:52.376558
13;264;-251;10:54:52.376558
-199;-189;-10;10:54:52.376558
83;160;-77;10:54:52.376558
485;671;-186;10:54:52.376558
378;790;-412;10:54:52.376558
673;1482;-809;10:54:52.376558
1220;1554;-334;10:54:52.376558
1486;1027;459;10:54:52.376558
621;44;577;10:54:52.376558
464;790;-326;10:54:52.376558
1177;150;1027;10:54:52.376558
268;1218;-950;10:54:52.376558
-225;490;-715;10:54:52.376558
502;1595;-1093;10:54:52.376558
1009;1844;-835;10:54:52.376558
1312;2490;-1178;10:54:52.376558
1712;2861;-1149;10:54:52.376558
2009;2412;-403;10:54:52.376558
2611;2295;316;10:54:52.376558
2287;1487;800;10:54:52.376558
1780;1861;-81;10:54:52.376558
1612;1040;572;10:54:52.376558
936;1420;-484;10:54:52.376558
1396;1455;-59;10:54:52.376558
1653;1550;103;10:54:52.376558
744;1782;-1038;10:54:52.376558
1593;2080;-487;10:54:52.376558
2260;2436;-176;10:54:52.376558
2391;2582;-191;10:54:52.376558
2524;3021;-497;10:54:52.376558
3220;3419;-199;10:54:52.376558
3338;2992;346;10:54:52.376558
2793;2882;-89;10:54:52.376558
2455;2957;-502;10:54:52.376558
3332;3166;166;10:54:52.376558
4106;4097;9;10:54:52.376558
4688;4016;672;10:54:52.376558
4898;3921;977;10:54:52.376558
4399;4402;-3;10:54:52.376558
4271;3915;356;10:54:52.376558
3265;3144;121;10:54:52.376558
2387;2261;126;10:54:52.376558
3105;2051;1054;10:54:52.376558
2701;1963;738;10:54:52.376558
1593;1629;-36;10:54:52.376558
747;1672;-925;10:54:52.376558
421;1878;-1457;10:54:52.376558
262;973;-711;10:54:52.376558
-467;200;-667;10:54:52.376558
-748;135;-883;10:54:52.376558
-526;-62;-464;10:54:52.376558
-1481;84;-1565;10:54:52.376558
-1526;-11;-1515;10:54:52.376558
-1158;-620;-538;10:54:52.376558
-518;-256;-262;10:54:52.376558
-11;36;-47;10:54:52.376558
158;342;-184;10:54:52.376558
743;532;211;10:54:52.376558
951;537;414;10:54:52.376558
1631;509;1122;10:54:52.376558
2390;1788;602;10:54:52.376558
2561;2239;322;10:54:52.376558
2603;2570;33;10:54:52.376558
3974;3145;829;10:54:52.376558
4266;2429;1837;10:54:52.376558
4915;3028;1887;10:54:52.376558
5079;3133;1946;10:54:52.376558
4615;2998;1617;10:54:52.376558
4388;3448;940;10:54:52.376558
3671;4001;-330;10:54:52.376558
2086;3684;-1598;10:54:52.376558
1190;4043;-2853;10:54:52.376558
347;3461;-3114;10:54:52.376558
-286;2618;-2904;10:54:52.376558
172;2339;-2167;10:54:52.376558
600;2670;-2070;10:54:52.376558
1068;1876;-808;10:54:52.376558
1515;2309;-794;10:54:52.376558
1503;2770;-1267;10:54:52.376558
2145;2573;-428;10:54:52.376558
2331;2869;-538;10:54:52.376558
3257;2509;748;10:54:52.376558
3740;2856;884;10:54:52.376558
4417;2707;1710;10:54:52.376558
3786;2446;1340;10:54:52.376558
3590;1774;1816;10:54:52.376558
3148;1276;1872;10:54:52.376558
2738;911;1827;10:54:52.376558
2432;313;2119;10:54:52.376558
1720;826;894;10:54:52.376558
1993;941;1052;10:54:52.376558
1416;589;827;10:54:52.376558
707;1268;-561;10:54:52.376558
608;1700;-1092;10:54:52.376558
90;2145;-2055;10:54:52.376558
-602;1135;-1737;10:54:52.376558
-240;908;-1148;10:54:52.376558
-279;1295;-1574;10:54:52.376558
-897;1022;-1919;10:54:52.376558
-898;1041;-1939;10:54:52.376558
-136;396;-532;10:54:52.376558
1054;975;79;10:54:52.376558
1133;1919;-786;10:54:52.376558
997;1829;-832;10:54:52.376558
1651;1926;-275;10:54:52.376558
2713;2119;594;10:54:52.376558
3311;1839;1472;10:54:52.376558
2578;2126;452;10:54:52.376558
2544;1828;716;10:54:52.376558
3085;2349;736;10:54:52.376558
3499;2931;568;10:54:52.376558
3822;3281;541;10:54:52.376558
3569;3240;329;10:54:52.376558
3286;3400;-114;10:54:52.376558
3680;2674;1006;10:54:52.376558
3567;2992;575;10:54:52.376558
2735;2971;-236;10:54:52.377396
2068;2895;-827;10:54:52.377396
1766;2902;-1136;10:54:52.377396
1197;2317;-1120;10:54:52.377396
1415;2543;-1128;10:54:52.377396
865;1902;-1037;10:54:52.377396
559;1573;-1014;10:54:52.377396
-29;-142;113;10:54:52.377396
-572;90;-662;10:54:52.377396
-1341;-165;-1176;10:54:52.377396
-1483;-799;-684;10:54:52.377396
-1197;-1050;-147;10:54:52.377396
-721;-1865;1144;10:54:52.377396
-710;-1944;1234;10:54:52.377396
-1225;-840;-385;10:54:52.377396
-777;-1177;400;10:54:52.377396
180;-298;478;10:54:52.377396
995;852;143;10:54:52.377396
1417;1236;181;10:54:52.377396
1666;3070;-1404;10:54:52.377396
2343;4309;-1966;10:54:52.377396
3729;5403;-1674;10:54:52.377396
5744;5940;-196;10:54:52.377396
6594;6041;553;10:54:52.377396
6652;6464;188;10:54:52.377396
6370;6638;-268;10:54:52.377396
6247;6030;217;10:54:52.377396
6357;4854;1503;10:54:52.377396
5713;4425;1288;10:54:52.377396
4599;3559;1040;10:54:52.377396
3533;2232;1301;10:54:52.377396
2778;1551;1227;10:54:52.377396
1231;637;594;10:54:52.377396
67;463;-396;10:54:52.377396
-807;25;-832;10:54:52.377396
-1133;-635;-498;10:54:52.377396
-2117;-1516;-601;10:54:52.377396
-2394;-1413;-981;10:54:52.377396
-2301;-1289;-1012;10:54:52.377396
-1882;-128;-1754;10:54:52.377396
-1472;4;-1476;10:54:52.377396
-804;754;-1558;10:54:52.377396
-194;1299;-1493;10:54:52.377396
954;1978;-1024;10:54:52.377396
2285;2329;-44;10:54:52.377396
3300;2277;1023;10:54:52.377396
3921;3002;919;10:54:52.377396
4416;4435;-19;10:54:52.377396
5187;4418;769;10:54:52.377396
6120;4369;1751;10:54:52.377396
6248;4841;1407;10:54:52.377396
5958;4900;1058;10:54:52.377396
5836;5118;718;10:54:52.377396
5824;4162;1662;10:54:52.377396
4617;3467;1150;10:54:52.377396
3506;3143;363;10:54:52.377396
2140;2260;-120;10:54:52.377396
541;1251;-710;10:54:52.377396
-199;465;-664;10:54:52.377396
-1342;105;-1447;10:54:52.377396
-2622;139;-2761;10:54:52.377396
-2720;-634;-2086;10:54:52.377396
-2348;-815;-1533;10:54:52.377396
-1712;-962;-750;10:54:52.377396
-1596;-1137;-459;10:54:52.377396
-1038;-1187;149;10:54:52.377396
-986;-1068;82;10:54:52.377396
-1066;-477;-589;10:54:52.377396
-720;-459;-261;10:54:52.377396
-459;-650;191;10:54:52.377396
-209;-244;35;10:54:52.377396
186;54;132;10:54:52.377396
876;672;204;10:54:52.377396
1260;667;593;10:54:52.377396
1712;1054;658;10:54:52.377396
2367;2059;308;10:54:52.377396
3445;2544;901;10:54:52.377396
4003;2693;1310;10:54:52.377396
4297;3807;490;10:54:52.377396
3951;4230;-279;10:54:52.377396
4078;4620;-542;10:54:52.377396
3831;4539;-708;10:54:52.377396
3298;4319;-1021;10:54:52.377396
2471;4346;-1875;10:54:52.377396
1629;3609;-1980;10:54:52.377396
1409;2017;-608;10:54:52.377396
1306;641;665;10:54:52.377396
987;315;672;10:54:52.377396
348;90;258;10:54:52.377396
113;-441;554;10:54:52.377396
139;109;30;10:54:52.377396
841;664;177;10:54:52.377396
819;1130;-311;10:54:52.377396
1090;1595;-505;10:54:52.377396
1303;2132;-829;10:54:52.377396
1481;2378;-897;10:54:52.377396
2104;2621;-517;10:54:52.377396
2482;3076;-594;10:54:52.377396
2813;4070;-1257;10:54:52.377396
3510;4140;-630;10:54:52.377396
4638;4102;536;10:54:52.377396
4638;3932;706;10:54:52.377396
4860;4268;592;10:54:52.377396
5056;4533;523;10:54:52.377396
4298;3873;425;10:54:52.377396
3838;3866;-28;10:54:52.377396
3223;3814;-591;10:54:52.377396
3068;3096;-28;10:54:52.377396
2833;2245;588;10:54:52.377396
2785;1423;1362;10:54:52.377396
2641;1507;1134;10:54:52.377396
2257;1000;1257;10:54:52.377396
1356;-152;1508;10:54:52.377396
241;-108;349;10:54:52.377396
-948;-216;-732;10:54:52.377396
-1385;-353;-1032;10:54:52.377396
-1938;-484;-1454;10:54:52.377396
-1723;-501;-1222;10:54:52.377396
-1294;-286;-1008;10:54:52.377396
-1252;-127;-1125;10:54:52.377396
-463;507;-970;10:54:52.377396
106;1483;-1377;10:54:52.377396
977;2138;-1161;10:54:52.377396
2180;2976;-796;10:54:52.377396
3542;3930;-388;10:54:52.377396
4620;4420;200;10:54:52.377396
5921;5270;651;10:54:52.377396
6569;5572;997;10:54:52.377396
7198;6374;824;10:54:52.377396
7145;5958;1187;10:54:52.377396
6658;5321;1337;10:54:52.377396
6045;4916;1129;10:54:52.377396
5083;4320;763;10:54:52.377396
4062;3640;422;10:54:52.377396
2312;2344;-32;10:54:52.377396
1397;1318;79;10:54:52.377396
897;119;778;10:54:52.377396
-423;-674;251;10:54:52.377396
-1516;-1473;-43;10:54:52.377396
-1604;-1903;299;10:54:52.377396
-2552;-1700;-852;10:54:52.377396
-2531;-1258;-1273;10:54:52.377396
-2196;-529;-1667;10:54:52.377396
-2350;-142;-2208;10:54:52.377396
-1785;281;-2066;10:54:52.377396
-998;214;-1212;10:54:52.377396
-363;665;-1028;10:54:52.377396
511;465;46;10:54:52.377396
1268;1248;20;10:54:52.377396
1950;1403;547;10:54:52.377396
2654;1872;782;10:54:52.377396
2644;1549;1095;10:54:52.377396
3209;1987;1222;10:54:52.377396
3557;2490;1067;10:54:52.377396
3003;2581;422;10:54:52.377396
2783;2399;384;10:54:52.377396
1953;2051;-98;10:54:52.377396
2062;2232;-170;10:54:52.377396
1979;2250;-271;10:54:52.377396
2306;2005;301;10:54:52.377396
2596;2720;-124;10:54:52.377396
2209;2823;-614;10:54:52.377396
2219;2863;-644;10:54:52.377396
1874;3226;-1352;10:54:52.377396
2114;3600;-1486;10:54:52.377396
2603;3413;-810;10:54:52.377396
2802;3759;-957;10:54:52.377396
2824;3347;-523;10:54:52.377396
3353;3062;291;10:54:52.377396
3467;2747;720;10:54:52.377396
3097;2498;599;10:54:52.377396
2355;2150;205;10:54:52.377396
2281;1986;295;10:54:52.377396
1835;1913;-78;10:54:52.377396
1773;2072;-299;10:54:52.377396
1416;1518;-102;10:54:52.377396
1440;1168;272;10:54:52.377396
1509;651;858;10:54:52.377396
939;615;324;10:54:52.377396
217;24;193;10:54:52.377396
216;-79;295;10:54:52.377396
62;121;-59;10:54:52.377396
89;440;-351;10:54:52.377396
809;1255;-446;10:54:52.377396
1571;1730;-159;10:54:52.377396
2035;2299;-264;10:54:52.377396
2677;2884;-207;10:54:52.377396
3126;3537;-411;10:54:52.377396
3386;3335;51;10:54:52.377396
2595;3632;-1037;10:54:52.377396
2508;3571;-1063;10:54:52.377396
2420;3228;-808;10:54:52.377396
1775;2430;-655;10:54:52.377396
1876;1744;132;10:54:52.377396
1406;1257;149;10:54:52.377396
707;571;136;10:54:52.377396
848;-177;1025;10:54:52.377396
343;388;-45;10:54:52.377396
-13;120;-133;10:54:52.377396
16;41;-25;10:54:52.377396
-72;857;-929;10:54:52.377396
573;1049;-476;10:54:52.377396
785;1569;-784;10:54:52.377396
1211;2036;-825;10:54:52.377396
1754;2299;-545;10:54:52.377396
2431;2904;-473;10:54:52.377396
2719;3410;-691;10:54:52.377396
3652;3540;112;10:54:52.377396
4159;3354;805;10:54:52.377396
4366;3428;938;10:54:52.377396
4166;3263;903;10:54:52.377396
3800;3119;681;10:54:52.377396
3211;3056;155;10:54:52.377396
2818;2958;-140;10:54:52.377396
2478;3182;-704;10:54:52.377396
2930;2935;-5;10:54:52.377396
2764;2475;289;10:54:52.377396
2584;1860;724;10:54:52.377396
2004;1593;411;10:54:52.377396
1200;1025;175;10:54:52.377396
-99;167;-266;10:54:52.377396
-625;-174;-451;10:54:52.377396
-662;-641;-21;10:54:52.377396
-1215;-723;-492;10:54:52.377396
-1192;-891;-301;10:54:52.377396
-1052;-600;-452;10:54:52.377396
-893;-122;-771;10:54:52.377396
-56;515;-571;10:54:52.377396
177;901;-724;10:54:52.377396
648;1306;-658;10:54:52.377396
1551;1857;-306;10:54:52.377396
1718;2351;-633;10:54:52.377396
2374;2608;-234;10:54:52.377396
2710;2223;487;10:54:52.377396
3122;2176;946;10:54:52.377396
2626;2287;339;10:54:52.377396
2021;2453;-432;10:54:52.377396
1908;2776;-868;10:54:52.377396
2070;2999;-929;10:54:52.377396
1931;2851;-920;10:54:52.377396
1813;3166;-1353;10:54:52.377396
2082;2641;-559;10:54:52.377396
2500;2872;-372;10:54:52.377396
2729;2412;317;10:54:52.377396
2629;1985;644;10:54:52.377396
2613;1881;732;10:54:52.377396
1979;1752;227;10:54:52.377396
1880;1729;151;10:54:52.377396
1486;1392;94;10:54:52.377396
1073;1504;-431;10:54:52.377396
1152;1455;-303;10:54:52.377396
1528;1262;266;10:54:52.377396
1069;1599;-530;10:54:52.377396
1087;826;261;10:54:52.377396
1327;585;742;10:54:52.377396
1263;449;814;10:54:52.377396
854;674;180;10:54:52.377396
585;1265;-680;10:54:52.377396
1144;1912;-768;10:54:52.377396
1668;2155;-487;10:54:52.377396
1816;2635;-819;10:54:52.377396
2102;3197;-1095;10:54:52.377396
2785;3715;-930;10:54:52.377396
3521;4410;-889;10:54:52.377396
3994;4199;-205;10:54:52.377396
4361;4485;-124;10:54:52.377396
4420;4574;-154;10:54:52.377396
4124;4797;-673;10:54:52.377396
3826;4127;-301;10:54:52.377396
3858;3714;144;10:54:52.377396
4241;3420;821;10:54:52.377396
3847;2988;859;10:54:52.377396
2765;2178;587;10:54:52.377396
2406;1872;534;10:54:52.377396
1412;1151;261;10:54:52.377396
842;607;235;10:54:52.377396
-323;-443;120;10:54:52.377396
-748;-984;236;10:54:52.377396
-996;-984;-12;10:54:52.377396
-1245;-1227;-18;10:54:52.377396
-981;-766;-215;10:54:52.377396
-749;-457;-292;10:54:52.377396
-646;-354;-292;10:54:52.377396
-253;-262;9;10:54:52.377396
-205;422;-627;10:54:52.377396
46;757;-711;10:54:52.377396
1185;1248;-63;10:54:52.377396
1777;1902;-125;10:54:52.377396
2359;2533;-174;10:54:52.377396
3363;3456;-93;10:54:52.377396
3608;4207;-599;10:54:52.377396
4075;4843;-768;10:54:52.377396
3979;4704;-725;10:54:52.377396
4035;4577;-542;10:54:52.377396
3968;4547;-579;10:54:52.377396
4021;4178;-157;10:54:52.377396
3644;3849;-205;10:54:52.377396
3288;3183;105;10:54:52.377396
2674;2741;-67;10:54:52.377396
1844;1787;57;10:54:52.377396
1294;755;539;10:54:52.377396
832;575;257;10:54:52.377396
871;628;243;10:54:52.377396
758;310;448;10:54:52.377396
1475;413;1062;10:54:52.377396
1702;708;994;10:54:52.377396
1500;826;674;10:54:52.377396
1143;1418;-275;10:54:52.377396
834;1675;-841;10:54:52.377396
1313;2297;-984;10:54:52.377396
1617;2239;-622;10:54:52.377396
1284;2442;-1158;10:54:52.377396
1312;2454;-1142;10:54:52.377396
1330;2055;-725;10:54:52.377396
1197;1924;-727;10:54:52.377396
1563;1629;-66;10:54:52.377396
1877;1551;326;10:54:52.377396
2121;1673;448;10:54:52.377396
2669;2176;493;10:54:52.377396
2981;2191;790;10:54:52.377396
2991;2002;989;10:54:52.377396
2765;2477;288;10:54:52.377396
2780;2416;364;10:54:52.377396
2506;2474;32;10:54:52.377396
1964;2444;-480;10:54:52.377396
1685;2436;-751;10:54:52.377396
1798;2586;-788;10:54:52.377396
2004;2446;-442;10:54:52.377396
2463;1956;507;10:54:52.377396
2763;2236;527;10:54:52.377396
2572;2018;554;10:54:52.377396
2432;1981;451;10:54:52.377396
2124;1803;321;10:54:52.377396
1709;1868;-159;10:54:52.377396
1310;1770;-460;10:54:52.377396
1340;1694;-354;10:54:52.377396
1091;1338;-247;10:54:52.377396
1046;1419;-373;10:54:52.377396
889;1349;-460;10:54:52.377396
864;1896;-1032;10:54:52.377396
862;2118;-1256;10:54:52.377396
1568;2566;-998;10:54:52.377396
1802;2567;-765;10:54:52.377396
2146;2436;-290;10:54:52.377396
2357;2566;-209;10:54:52.377396
2553;2397;156;10:54:52.377396
2443;2630;-187;10:54:52.377396
2469;2353;116;10:54:52.377396
2408;2088;320;10:54:52.377396
2417;1885;532;10:54:52.377396
2252;1454;798;10:54:52.377396
1937;1053;884;10:54:52.377396
1766;597;1169;10:54:52.377396
1401;809;592;10:54:52.377396
853;517;336;10:54:52.377396
116;139;-23;10:54:52.377396
-673;9;-682;10:54:52.377396
-512;92;-604;10:54:52.377396
-761;184;-945;10:54:52.377396
-851;307;-1158;10:54:52.377396
-372;280;-652;10:54:52.377396
-86;316;-402;10:54:52.377396
227;963;-736;10:54:52.377396
1155;1276;-121;10:54:52.377396
1418;1726;-308;10:54:52.377396
1782;2188;-406;10:54:52.377396
2357;2862;-505;10:54:52.377396
2705;3689;-984;10:54:52.377396
3093;4134;-1041;10:54:52.377396
3553;4362;-809;10:54:52.377396
3963;4032;-69;10:54:52.377396
4138;3760;378;10:54:52.377396
4186;3664;522;10:54:52.377396
3620;2976;644;10:54:52.377396
3045;2564;481;10:54:52.377396
2629;2568;61;10:54:52.377396
2539;2271;268;10:54:52.377396
2391;1771;620;10:54:52.377396
2499;1632;867;10:54:52.377396
1999;1488;511;10:54:52.377396
1640;1732;-92;10:54:52.377396
1025;1214;-189;10:54:52.377396
587;1085;-498;10:54:52.377396
373;810;-437;10:54:52.377396
-27;581;-608;10:54:52.377396
-136;262;-398;10:54:52.377396
-326;97;-423;10:54:52.377396
-467;191;-658;10:54:52.377396
-581;414;-995;10:54:52.377396
175;751;-576;10:54:52.377396
658;887;-229;10:54:52.377396
1084;1042;42;10:54:52.377396
1468;1514;-46;10:54:52.377396
1715;1753;-38;10:54:52.377396
2033;2258;-225;10:54:52.377396
2405;2423;-18;10:54:52.377396
2851;2818;33;10:54:52.377396
2845;3080;-235;10:54:52.377396
2827;3102;-275;10:54:52.377396
2974;3104;-130;10:54:52.377396
2746;2677;69;10:54:52.377396
2739;2317;422;10:54:52.377396
2673;2203;470;10:54:52.377396
2355;2085;270;10:54:52.377396
1908;1535;373;10:54:52.377396
1829;1623;206;10:54:52.377396
2097;1785;312;10:54:52.377396
1712;1912;-200;10:54:52.377396
1475;2100;-625;10:54:52.377396
1575;2252;-677;10:54:52.377396
1859;2420;-561;10:54:52.377396
1856;2507;-651;10:54:52.377396
1876;2463;-587;10:54:52.377396
1627;2606;-979;10:54:52.377396
1533;2395;-862;10:54:52.377396
1425;2310;-885;10:54:52.377396
1542;2221;-679;10:54:52.377396
1248;1776;-528;10:54:52.377396
1023;1630;-607;10:54:52.377396
1067;1057;10;10:54:52.377396
1150;796;354;10:54:52.377396
1264;34;1230;10:54:52.377396
1295;123;1172;10:54:52.377396
1202;370;832;10:54:52.377396
1659;329;1330;10:54:52.377396
1470;688;782;10:54:52.377396
1695;815;880;10:54:52.377396
1945;1389;556;10:54:52.377396
1755;1754;1;10:54:52.377396
1657;1940;-283;10:54:52.377396
1846;2748;-902;10:54:52.377396
2055;2757;-702;10:54:52.377396
1994;2741;-747;10:54:52.377396
2388;3011;-623;10:54:52.377396
2499;2810;-311;10:54:52.377396
2344;2689;-345;10:54:52.377396
2136;2442;-306;10:54:52.377396
1882;2250;-368;10:54:52.377396
1539;2161;-622;10:54:52.377396
1044;1924;-880;10:54:52.377396
1254;1644;-390;10:54:52.377396
1300;1816;-516;10:54:52.377396
1207;1723;-516;10:54:52.377396
1060;2022;-962;10:54:52.377396
1028;1816;-788;10:54:52.377396
1060;1801;-741;10:54:52.377396
1156;1586;-430;10:54:52.377396
885;1797;-912;10:54:52.377396
1096;1442;-346;10:54:52.377396
1819;1466;353;10:54:52.377396
2428;1634;794;10:54:52.377396
3145;1777;1368;10:54:52.377396
3500;2509;991;10:54:52.377396
3781;3037;744;10:54:52.377396
3770;3674;96;10:54:52.377396
3574;3796;-222;10:54:52.377396
3490;3949;-459;10:54:52.377396
3605;3798;-193;10:54:52.377396
3567;3244;323;10:54:52.377396
3404;2843;561;10:54:52.377396
2818;2349;469;10:54:52.377396
2044;1931;113;10:54:52.377396
1697;1669;28;10:54:52.377396
1185;1234;-49;10:54:52.377396
615;1081;-466;10:54:52.377396
188;851;-663;10:54:52.377396
417;737;-320;10:54:52.377396
726;559;167;10:54:52.377396
572;728;-156;10:54:52.377396
1190;1435;-245;10:54:52.377396
1400;1644;-244;10:54:52.377396
1324;1715;-391;10:54:52.377396
1525;2215;-690;10:54:52.377396
1992;2623;-631;10:54:52.377396
2309;3063;-754;10:54:52.377396
2607;3090;-483;10:54:52.377396
2828;3223;-395;10:54:52.377396
3055;3378;-323;10:54:52.377396
2961;2982;-21;10:54:52.377396
2824;2999;-175;10:54:52.377396
3078;2921;157;10:54:52.377396
3218;2427;791;10:54:52.377396
3489;2367;1122;10:54:52.377396
3304;1998;1306;10:54:52.377396
3099;1785;1314;10:54:52.377396
2540;1827;713;10:54:52.377396
1959;1792;167;10:54:52.377396
1470;1513;-43;10:54:52.377396
1397;1492;-95;10:54:52.377396
1028;1466;-438;10:54:52.377396
1002;1531;-529;10:54:52.377396
626;1461;-835;10:54:52.377396
263;1344;-1081;10:54:52.377396
297;949;-652;10:54:52.377396
166;737;-571;10:54:52.377396
-69;692;-761;10:54:52.377396
-110;675;-785;10:54:52.377396
276;773;-497;10:54:52.377396
609;868;-259;10:54:52.377396
759;672;87;10:54:52.377396
1255;861;394;10:54:52.377396
1731;1380;351;10:54:52.377396
2055;1875;180;10:54:52.377396
2238;2063;175;10:54:52.377396
2586;2415;171;10:54:52.377396
2746;2567;179;10:54:52.377396
2902;2812;90;10:54:52.377396
3078;2746;332;10:54:52.377396
2972;2869;103;10:54:52.377396
3176;2842;334;10:54:52.377396
2644;2548;96;10:54:52.377396
2318;2318;0;10:54:52.377396
1823;2266;-443;10:54:52.377396
1612;1982;-370;10:54:52.377396
1279;1634;-355;10:54:52.377396
784;1475;-691;10:54:52.377396
456;1478;-1022;10:54:52.377396
347;1296;-949;10:54:52.377396
58;1289;-1231;10:54:52.377396
-44;1055;-1099;10:54:52.377396
160;767;-607;10:54:52.377396
182;657;-475;10:54:52.377396
243;462;-219;10:54:52.377396
383;489;-106;10:54:52.377396
584;364;220;10:54:52.377396
796;481;315;10:54:52.377396
1044;808;236;10:54:52.377396
1358;1426;-68;10:54:52.377396
1907;1664;243;10:54:52.377396
2372;1985;387;10:54:52.377396
2627;2447;180;10:54:52.377396
3108;2644;464;10:54:52.377396
3605;3003;602;10:54:52.377396
3436;3291;145;10:54:52.377396
3348;3206;142;10:54:52.377396
3344;3207;137;10:54:52.377396
3093;3076;17;10:54:52.377396
2693;2759;-66;10:54:52.377396
2237;2489;-252;10:54:52.377396
1776;2322;-546;10:54:52.377396
1427;1854;-427;10:54:52.377396
971;1756;-785;10:54:52.377396
1089;1783;-694;10:54:52.377396
1231;1795;-564;10:54:52.377396
1152;1819;-667;10:54:52.377396
1518;1876;-358;10:54:52.377396
1611;1671;-60;10:54:52.377396
1524;1598;-74;10:54:52.377396
1448;1621;-173;10:54:52.377396
1486;1954;-468;10:54:52.377396
1595;1791;-196;10:54:52.377396
1921;1984;-63;10:54:52.377396
2163;1980;183;10:54:52.377396
2238;1909;329;10:54:52.377396
2485;2291;194;10:54:52.377396
2760;2447;313;10:54:52.377396
3061;2515;546;10:54:52.377396
2961;2825;136;10:54:52.377396
3162;3001;161;10:54:52.377396
3019;3064;-45;10:54:52.377396
2935;3148;-213;10:54:52.377396
2873;2938;-65;10:54:52.377396
2590;2443;147;10:54:52.377396
1985;2279;-294;10:54:52.377396
1489;1603;-114;10:54:52.377396
1132;1085;47;10:54:52.377396
706;878;-172;10:54:52.377396
280;895;-615;10:54:52.377396
333;435;-102;10:54:52.377396
337;200;137;10:54:52.377396
238;-190;428;10:54:52.377396
276;-142;418;10:54:52.377396
135;-100;235;10:54:52.377396
-67;219;-286;10:54:52.377396
-9;504;-513;10:54:52.377396
10;714;-704;10:54:52.377396
317;1077;-760;10:54:52.377396
586;1562;-976;10:54:52.377396
1078;1808;-730;10:54:52.377396
1355;2286;-931;10:54:52.377396
1646;2608;-962;10:54:52.377396
2135;2719;-584;10:54:52.377396
2430;2918;-488;10:54:52.377396
2871;3191;-320;10:54:52.377396
3261;3327;-66;10:54:52.377396
3510;3230;280;10:54:52.377396
3654;2811;843;10:54:52.377396
3537;2934;603;10:54:52.377396
3383;2692;691;10:54:52.377396
2888;2478;410;10:54:52.377396
2504;2338;166;10:54:52.377396
2394;1785;609;10:54:52.377396
1815;1653;162;10:54:52.377396
1095;1428;-333;10:54:52.377396
754;1093;-339;10:54:52.377396
491;735;-244;10:54:52.377396
119;484;-365;10:54:52.377396
-99;262;-361;10:54:52.377396
-359;352;-711;10:54:52.377396
-503;249;-752;10:54:52.377396
-150;377;-527;10:54:52.377396
163;514;-351;10:54:52.377396
560;639;-79;10:54:52.377396
900;835;65;10:54:52.377396
1385;1441;-56;10:54:52.377396
1997;1780;217;10:54:52.377396
2343;2463;-120;10:54:52.377396
2575;3104;-529;10:54:52.377396
3327;3626;-299;10:54:52.377396
3844;4060;-216;10:54:52.377396
4232;4036;196;10:54:52.377396
4263;4107;156;10:54:52.377396
4271;3964;307;10:54:52.377396
4018;3935;83;10:54:52.377396
3722;3571;151;10:54:52.377396
3307;3460;-153;10:54:52.377396
2987;3215;-228;10:54:52.377396
2646;2692;-46;10:54:52.377396
2298;2388;-90;10:54:52.377396
2001;1982;19;10:54:52.377396
1728;1688;40;10:54:52.377396
1542;1417;125;10:54:52.377396
1321;1231;90;10:54:52.377396
736;1060;-324;10:54:52.377396
697;1202;-505;10:54:52.377396
691;987;-296;10:54:52.377396
575;1024;-449;10:54:52.377396
920;947;-27;10:54:52.377396
1247;946;301;10:54:52.377396
1468;1093;375;10:54:52.377396
1619;1286;333;10:54:52.377396
1951;1574;377;10:54:52.377396
2076;1896;180;10:54:52.377396
2067;2230;-163;10:54:52.377396
2151;2509;-358;10:54:52.377396
2363;2674;-311;10:54:52.377396
2500;2835;-335;10:54:52.377396
2570;2815;-245;10:54:52.377396
2399;2357;42;10:54:52.377396
2263;2283;-20;10:54:52.377396
2221;2270;-49;10:54:52.377396
2033;2147;-114;10:54:52.377396
1962;2194;-232;10:54:52.377396
2191;2127;64;10:54:52.377396
2047;2092;-45;10:54:52.377396
1856;2287;-431;10:54:52.377396
1901;2129;-228;10:54:52.377396
1762;1804;-42;10:54:52.377396
1809;2019;-210;10:54:52.377396
1608;1594;14;10:54:52.377396
1462;1344;118;10:54:52.377396
1199;1244;-45;10:54:52.377396
859;1232;-373;10:54:52.377396
826;1342;-516;10:54:52.377396
1108;1438;-330;10:54:52.377396
1329;1505;-176;10:54:52.377396
1624;1804;-180;10:54:52.377396
1919;2156;-237;10:54:52.377396
2062;2385;-323;10:54:52.377396
2195;2645;-450;10:54:52.377396
2387;2727;-340;10:54:52.377396
2819;2799;20;10:54:52.377396
3019;2745;274;10:54:52.377396
2978;2567;411;10:54:52.377396
3106;2515;591;10:54:52.377396
2853;2438;415;10:54:52.377396
2670;2433;237;10:54:52.377396
2357;2127;230;10:54:52.377396
1936;1919;17;10:54:52.377396
1752;1711;41;10:54:52.377396
1583;1327;256;10:54:52.377396
1099;860;239;10:54:52.377396
776;714;62;10:54:52.377396
573;739;-166;10:54:52.377396
476;495;-19;10:54:52.377396
384;583;-199;10:54:52.377396
381;767;-386;10:54:52.377396
572;797;-225;10:54:52.377396
698;989;-291;10:54:52.377396
780;1137;-357;10:54:52.377396
760;1377;-617;10:54:52.377396
879;1464;-585;10:54:52.377396
1121;1661;-540;10:54:52.377396
1329;1806;-477;10:54:52.377396
1698;2112;-414;10:54:52.377396
2020;2215;-195;10:54:52.377396
2052;2394;-342;10:54:52.377396
2283;2312;-29;10:54:52.377396
2207;2496;-289;10:54:52.377396
2185;2444;-259;10:54:52.377396
2217;2605;-388;10:54:52.377396
2171;2524;-353;10:54:52.377396
2326;2345;-19;10:54:52.377396
2190;2511;-321;10:54:52.377396
2159;2333;-174;10:54:52.377396
2027;2217;-190;10:54:52.377396
1810;2121;-311;10:54:52.377396
1735;2074;-339;10:54:52.377396
1693;2019;-326;10:54:52.377396
1696;1798;-102;10:54:52.377396
1695;1752;-57;10:54:52.377396
1775;1508;267;10:54:52.377396
1703;1277;426;10:54:52.377396
1577;1198;379;10:54:52.377396
1397;1159;238;10:54:52.377396
1387;1245;142;10:54:52.377396
1550;1345;205;10:54:52.377396
1820;1333;487;10:54:52.377396
1832;1425;407;10:54:52.377396
1721;1380;341;10:54:52.377396
1716;1544;172;10:54:52.377396
1757;1942;-185;10:54:52.377396
1493;1795;-302;10:54:52.377396
1425;2107;-682;10:54:52.377396
1359;2280;-921;10:54:52.377396
1396;2441;-1045;10:54:52.377396
1790;2640;-850;10:54:52.377396
1985;2748;-763;10:54:52.377396
2061;3024;-963;10:54:52.377396
2388;2929;-541;10:54:52.377396
2460;2994;-534;10:54:52.377396
2633;2908;-275;10:54:52.377396
2584;2641;-57;10:54:52.377396
2680;2384;296;10:54:52.377396
2678;2317;361;10:54:52.377396
2603;1914;689;10:54:52.377396
2318;1647;671;10:54:52.377396
2062;1299;763;10:54:52.377396
1782;1024;758;10:54:52.377396
1446;876;570;10:54:52.377396
1096;945;151;10:54:52.377396
825;751;74;10:54:52.377396
539;844;-305;10:54:52.377396
397;1073;-676;10:54:52.377396
399;952;-553;10:54:52.377396
388;1003;-615;10:54:52.377396
579;1158;-579;10:54:52.377396
726;1064;-338;10:54:52.377396
822;1016;-194;10:54:52.377396
1029;1136;-107;10:54:52.377396
1141;1109;32;10:54:52.377396
1092;1219;-127;10:54:52.377396
1184;1517;-333;10:54:52.377396
1347;1779;-432;10:54:52.377396
1509;2013;-504;10:54:52.377396
1595;2186;-591;10:54:52.377396
1939;2554;-615;10:54:52.377396
2245;2778;-533;10:54:52.377396
2458;2728;-270;10:54:52.377396
2637;2716;-79;10:54:52.377396
2773;2790;-17;10:54:52.377396
2709;2562;147;10:54:52.377396
2678;2184;494;10:54:52.377396
2442;1980;462;10:54:52.377396
2227;1672;555;10:54:52.377396
2055;1655;400;10:54:52.377396
1750;1482;268;10:54:52.377396
1498;1494;4;10:54:52.377396
1117;1358;-241;10:54:52.377396
898;1458;-560;10:54:52.377396
833;1440;-607;10:54:52.377396
807;1435;-628;10:54:52.377396
904;1584;-680;10:54:52.377396
1249;1966;-717;10:54:52.377396
1428;1895;-467;10:54:52.377396
1489;1894;-405;10:54:52.377396
1628;1846;-218;10:54:52.377396
1765;2007;-242;10:54:52.377396
1935;1849;86;10:54:52.377396
1998;1844;154;10:54:52.377396
2127;1937;190;10:54:52.377396
2198;2124;74;10:54:52.377396
2265;2088;177;10:54:52.377396
2324;2191;133;10:54:52.377396
2342;2278;64;10:54:52.377396
2407;2236;171;10:54:52.377396
2190;2216;-26;10:54:52.377396
1998;2224;-226;10:54:52.377396
2092;2220;-128;10:54:52.377396
2329;2271;58;10:54:52.377396
2398;2290;108;10:54:52.377396
2519;2373;146;10:54:52.377396
2587;2503;84;10:54:52.377396
2688;2487;201;10:54:52.377396
2616;2481;135;10:54:52.377396
2535;2525;10;10:54:52.377396
2632;2603;29;10:54:52.377396
2310;2535;-225;10:54:52.377396
2188;2366;-178;10:54:52.377396
1978;2181;-203;10:54:52.377396
1673;2108;-435;10:54:52.377396
1344;1885;-541;10:54:52.377396
1139;1744;-605;10:54:52.377396
1007;1522;-515;10:54:52.377396
1103;1419;-316;10:54:52.377396
1209;1503;-294;10:54:52.377396
1173;1567;-394;10:54:52.377396
1412;1618;-206;10:54:52.377396
1649;1672;-23;10:54:52.377396
1877;1873;4;10:54:52.377396
2061;1989;72;10:54:52.377396
2153;2115;38;10:54:52.377396
2386;2175;211;10:54:52.377396
2355;2148;207;10:54:52.377396
2262;2224;38;10:54:52.377396
2214;1979;235;10:54:52.377396
2189;1931;258;10:54:52.377396
2038;1957;81;10:54:52.377396
1863;1885;-22;10:54:52.377396
1747;1743;4;10:54:52.377396
1687;1668;19;10:54:52.377396
1564;1436;128;10:54:52.377396
1417;1375;42;10:54:52.377396
1235;1370;-135;10:54:52.377396
1141;1333;-192;10:54:52.377396
1072;1487;-415;10:54:52.377396
1019;1696;-677;10:54:52.377396
1141;1724;-583;10:54:52.377396
1263;1901;-638;10:54:52.377396
1450;2157;-707;10:54:52.377396
1585;2138;-553;10:54:52.377396
1799;2295;-496;10:54:52.377396
2232;2383;-151;10:54:52.377396
2563;2675;-112;10:54:52.377396
2638;2691;-53;10:54:52.377396
2925;2978;-53;10:54:52.377396
3109;3009;100;10:54:52.377396
3253;2987;266;10:54:52.377396
3090;2844;246;10:54:52.377396
2926;2631;295;10:54:52.377396
2803;2596;207;10:54:52.377396
2595;2294;301;10:54:52.377396
2389;2025;364;10:54:52.377396
2121;1956;165;10:54:52.377396
1831;1669;162;10:54:52.377396
1593;1543;50;10:54:52.377396
1380;1286;94;10:54:52.377396
1009;993;16;10:54:52.377396
754;858;-104;10:54:52.377396
608;660;-52;10:54:52.377396
360;561;-201;10:54:52.377396
261;514;-253;10:54:52.377396
407;560;-153;10:54:52.377396
401;623;-222;10:54:52.377396
409;678;-269;10:54:52.377396
684;911;-227;10:54:52.377396
792;1220;-428;10:54:52.377396
1086;1426;-340;10:54:52.377396
1447;1644;-197;10:54:52.377396
1558;1905;-347;10:54:52.377396
1775;2155;-380;10:54:52.377396
2066;2229;-163;10:54:52.377396
2158;2497;-339;10:54:52.377396
2253;2609;-356;10:54:52.377396
2456;2754;-298;10:54:52.377396
2558;2738;-180;10:54:52.377396
2651;2607;44;10:54:52.377396
2704;2564;140;10:54:52.377396
2569;2608;-39;10:54:52.377396
2503;2447;56;10:54:52.377396
2366;2294;72;10:54:52.377396
2152;2282;-130;10:54:52.377396
2187;2210;-23;10:54:52.377396
2077;2163;-86;10:54:52.377396
1880;2072;-192;10:54:52.377396
1652;1993;-341;10:54:52.377396
1528;1879;-351;10:54:52.377396
1435;1757;-322;10:54:52.377396
1357;1664;-307;10:54:52.377396
1267;1502;-235;10:54:52.377396
1218;1383;-165;10:54:52.377396
1270;1402;-132;10:54:52.377396
1362;1325;37;10:54:52.377396
1291;1478;-187;10:54:52.377396
1396;1492;-96;10:54:52.377396
1444;1490;-46;10:54:52.377396
1631;1591;40;10:54:52.377396
1731;1490;241;10:54:52.377396
1889;1786;103;10:54:52.377396
1895;1852;43;10:54:52.377396
1973;2019;-46;10:54:52.377396
2086;2135;-49;10:54:52.377396
2073;2116;-43;10:54:52.377396
2072;2183;-111;10:54:52.377396
2037;2179;-142;10:54:52.377396
1978;1914;64;10:54:52.377396
1888;2000;-112;10:54:52.377396
1769;1957;-188;10:54:52.377396
1688;1821;-133;10:54:52.377396
1436;1774;-338;10:54:52.377396
1466;1585;-119;10:54:52.377396
1569;1513;56;10:54:52.377396
1459;1581;-122;10:54:52.377396
1302;1587;-285;10:54:52.377396
1331;1860;-529;10:54:52.377396
1389;1909;-520;10:54:52.377396
1452;2123;-671;10:54:52.377396
1485;2150;-665;10:54:52.377396
1679;2027;-348;10:54:52.377396
1654;1995;-341;10:54:52.377396
1907;1927;-20;10:54:52.377396
1944;1840;104;10:54:52.377396
1920;1750;170;10:54:52.377396
1908;1629;279;10:54:52.377396
1928;1647;281;10:54:52.377396
2091;1773;318;10:54:52.377396
2078;1901;177;10:54:52.377396
2007;2051;-44;10:54:52.377396
1979;2175;-196;10:54:52.377396
1866;2220;-354;10:54:52.377396
1930;2076;-146;10:54:52.377396
1959;2114;-155;10:54:52.377396
1780;1972;-192;10:54:52.377396
1827;1827;0;10:54:52.377396
1542;1717;-175;10:54:52.377396
1384;1461;-77;10:54:52.377396
1192;1282;-90;10:54:52.377396
996;1097;-101;10:54:52.377396
845;908;-63;10:54:52.377396
749;818;-69;10:54:52.377396
668;799;-131;10:54:52.377396
614;856;-242;10:54:52.377396
598;862;-264;10:54:52.377396
764;1055;-291;10:54:52.377396
874;1168;-294;10:54:52.377396
1056;1505;-449;10:54:52.377396
1266;1656;-390;10:54:52.377396
1347;1840;-493;10:54:52.377396
1642;1936;-294;10:54:52.377396
1859;2156;-297;10:54:52.377396
2000;2183;-183;10:54:52.377396
2114;2351;-237;10:54:52.377396
2318;2323;-5;10:54:52.377396
2432;2248;184;10:54:52.377396
2421;2351;70;10:54:52.377396
2463;2424;39;10:54:52.377396
2416;2448;-32;10:54:52.377396
2336;2522;-186;10:54:52.377396
2265;2449;-184;10:54:52.377396
2175;2415;-240;10:54:52.377396
2118;2273;-155;10:54:52.377396
2034;2183;-149;10:54:52.377396
1957;2113;-156;10:54:52.377396
1990;1963;27;10:54:52.377396
1945;1851;94;10:54:52.377396
1906;1802;104;10:54:52.377396
1879;1784;95;10:54:52.377396
1822;1733;89;10:54:52.377396
1775;1927;-152;10:54:52.377396
1849;1908;-59;10:54:52.377396
1901;1968;-67;10:54:52.377396
1894;1940;-46;10:54:52.377396
1891;2001;-110;10:54:52.377396
1942;1927;15;10:54:52.377396
1957;1984;-27;10:54:52.377396
1950;1919;31;10:54:52.377396
1964;1926;38;10:54:52.377396
1939;2127;-188;10:54:52.377396
1991;2141;-150;10:54:52.377396
2076;2373;-297;10:54:52.377396
2214;2453;-239;10:54:52.377396
2394;2630;-236;10:54:52.377396
2542;2750;-208;10:54:52.377396
2579;2743;-164;10:54:52.377396
2640;2710;-70;10:54:52.377396
2450;2658;-208;10:54:52.377396
2382;2588;-206;10:54:52.377396
2089;2436;-347;10:54:52.377396
1951;2292;-341;10:54:52.377396
1820;2063;-243;10:54:52.377396
1727;1961;-234;10:54:52.377396
1606;1729;-123;10:54:52.377396
1586;1530;56;10:54:52.377396
1624;1353;271;10:54:52.377396
1601;1297;304;10:54:52.377396
1407;1329;78;10:54:52.377396
1501;1266;235;10:54:52.377396
1407;1236;171;10:54:52.377396
1436;1340;96;10:54:52.377396
1415;1465;-50;10:54:52.377396
1383;1388;-5;10:54:52.377396
1420;1610;-190;10:54:52.377396
1432;1827;-395;10:54:52.377396
1445;1899;-454;10:54:52.377396
1547;2109;-562;10:54:52.377396
1739;2208;-469;10:54:52.377396
1927;2197;-270;10:54:52.377396
2127;2290;-163;10:54:52.377396
2274;2298;-24;10:54:52.377396
2349;2303;46;10:54:52.377396
2393;2303;90;10:54:52.377396
2369;2324;45;10:54:52.377396
2341;2230;111;10:54:52.377396
2258;2246;12;10:54:52.377396
2155;2058;97;10:54:52.377396
2049;2006;43;10:54:52.377396
1810;1912;-102;10:54:52.377396
1612;1950;-338;10:54:52.377396
1635;1925;-290;10:54:52.377396
1590;1997;-407;10:54:52.377396
1603;1907;-304;10:54:52.377396
1737;1954;-217;10:54:52.377396
1766;1938;-172;10:54:52.377396
1766;1915;-149;10:54:52.377396
1826;1843;-17;10:54:52.377396
1890;1776;114;10:54:52.377396
1804;1726;78;10:54:52.377396
1749;1648;101;10:54:52.377396
1605;1653;-48;10:54:52.377396
1615;1560;55;10:54:52.377396
1590;1476;114;10:54:52.377396
1494;1392;102;10:54:52.377396
1470;1420;50;10:54:52.377396
1302;1368;-66;10:54:52.377396
1210;1412;-202;10:54:52.377396
1261;1411;-150;10:54:52.377396
1262;1449;-187;10:54:52.377396
1375;1472;-97;10:54:52.377396
1381;1522;-141;10:54:52.377396
1426;1580;-154;10:54:52.377396
1586;1717;-131;10:54:52.378390
1592;1891;-299;10:54:52.378390
1586;2054;-468;10:54:52.378390
1673;2043;-370;10:54:52.378390
1750;2177;-427;10:54:52.378390
1888;2245;-357;10:54:52.378390
2128;2277;-149;10:54:52.378390
2232;2360;-128;10:54:52.378390
2357;2291;66;10:54:52.378390
2273;2250;23;10:54:52.378390
2272;2135;137;10:54:52.378390
2137;2101;36;10:54:52.378390
1976;2143;-167;10:54:52.378390
1954;2147;-193;10:54:52.378390
1978;2239;-261;10:54:52.378390
2041;2264;-223;10:54:52.378390
2160;2163;-3;10:54:52.378390
2110;2088;22;10:54:52.378390
2076;1937;139;10:54:52.378390
1944;1902;42;10:54:52.378390
1808;1854;-46;10:54:52.378390
1672;1801;-129;10:54:52.378390
1485;1661;-176;10:54:52.378390
1450;1647;-197;10:54:52.378390
1310;1472;-162;10:54:52.378390
1147;1461;-314;10:54:52.378390
1173;1412;-239;10:54:52.378390
1076;1369;-293;10:54:52.378390
1013;1151;-138;10:54:52.378390
1066;1256;-190;10:54:52.378390
987;1206;-219;10:54:52.378390
1107;1151;-44;10:54:52.378390
1183;1068;115;10:54:52.378390
1236;1173;63;10:54:52.378390
1218;1238;-20;10:54:52.378390
1189;1324;-135;10:54:52.378390
1234;1436;-202;10:54:52.378390
1359;1444;-85;10:54:52.378390
1320;1520;-200;10:54:52.378390
1472;1657;-185;10:54:52.378390
1536;1800;-264;10:54:52.378390
1580;1967;-387;10:54:52.378390
1803;2146;-343;10:54:52.378390
2070;2269;-199;10:54:52.378390
2280;2459;-179;10:54:52.378390
2406;2503;-97;10:54:52.378390
2521;2642;-121;10:54:52.378390
2525;2770;-245;10:54:52.378390
2616;2699;-83;10:54:52.378390
2616;2763;-147;10:54:52.378390
2503;2709;-206;10:54:52.378390
2325;2632;-307;10:54:52.378390
2235;2495;-260;10:54:52.378390
2131;2361;-230;10:54:52.378390
2040;2154;-114;10:54:52.378390
1910;1928;-18;10:54:52.378390
1738;1751;-13;10:54:52.378390
1571;1541;30;10:54:52.378390
1398;1352;46;10:54:52.378390
1183;1128;55;10:54:52.378390
1078;978;100;10:54:52.378390
1034;946;88;10:54:52.378390
1017;915;102;10:54:52.378390
1042;894;148;10:54:52.378390
1019;980;39;10:54:52.378390
1067;1133;-66;10:54:52.378390
1125;1289;-164;10:54:52.378390
1155;1390;-235;10:54:52.378390
1196;1615;-419;10:54:52.378390
1317;1663;-346;10:54:52.378390
1523;1754;-231;10:54:52.378390
1620;1823;-203;10:54:52.378390
1706;1883;-177;10:54:52.378390
1802;1857;-55;10:54:52.378390
1780;1869;-89;10:54:52.378390
1862;1914;-52;10:54:52.378390
1866;2016;-150;10:54:52.378390
1810;2029;-219;10:54:52.378390
1836;2065;-229;10:54:52.378390
1811;2083;-272;10:54:52.378390
1870;2118;-248;10:54:52.378390
1875;2131;-256;10:54:52.378390
1885;2081;-196;10:54:52.378390
1909;2183;-274;10:54:52.378390
1929;2208;-279;10:54:52.378390
1925;2216;-291;10:54:52.378390
1985;2182;-197;10:54:52.378390
1985;2211;-226;10:54:52.378390
2072;2214;-142;10:54:52.378390
2189;2240;-51;10:54:52.378390
2251;2235;16;10:54:52.378390
2326;2257;69;10:54:52.378390
2376;2351;25;10:54:52.378390
2406;2353;53;10:54:52.378390
2257;2251;6;10:54:52.378390
2143;2184;-41;10:54:52.378390
2044;2100;-56;10:54:52.378390
1914;1990;-76;10:54:52.378390
1859;1924;-65;10:54:52.378390
1905;1870;35;10:54:52.378390
1753;1820;-67;10:54:52.378390
1691;1679;12;10:54:52.378390
1692;1653;39;10:54:52.378390
1690;1690;0;10:54:52.378390
1634;1712;-78;10:54:52.378390
1615;1761;-146;10:54:52.378390
1711;1698;13;10:54:52.378390
1685;1808;-123;10:54:52.378390
1640;1883;-243;10:54:52.378390
1723;1884;-161;10:54:52.378390
1632;1910;-278;10:54:52.378390
1664;1858;-194;10:54:52.378390
1731;1949;-218;10:54:52.378390
1717;1984;-267;10:54:52.378390
1789;1950;-161;10:54:52.378390
1837;2062;-225;10:54:52.378390
1933;2166;-233;10:54:52.378390
1974;2111;-137;10:54:52.378390
2042;2157;-115;10:54:52.378390
2141;2208;-67;10:54:52.378390
2149;2252;-103;10:54:52.378390
2154;2264;-110;10:54:52.378390
2171;2294;-123;10:54:52.378390
2205;2311;-106;10:54:52.378390
2098;2288;-190;10:54:52.378390
2141;2277;-136;10:54:52.378390
2160;2250;-90;10:54:52.378390
2170;2169;1;10:54:52.378390
2167;2175;-8;10:54:52.378390
2140;2078;62;10:54:52.378390
2139;2029;110;10:54:52.378390
2039;1923;116;10:54:52.378390
1933;1962;-29;10:54:52.378390
1755;1808;-53;10:54:52.378390
1690;1795;-105;10:54:52.378390
1615;1668;-53;10:54:52.378390
1579;1627;-48;10:54:52.378390
1592;1603;-11;10:54:52.378390
1516;1644;-128;10:54:52.378390
1531;1637;-106;10:54:52.378390
1486;1689;-203;10:54:52.378390
1548;1733;-185;10:54:52.378390
1636;1763;-127;10:54:52.378390
1705;1766;-61;10:54:52.378390
1825;1877;-52;10:54:52.378390
1962;1858;104;10:54:52.378390
2032;2006;26;10:54:52.378390
2250;2146;104;10:54:52.378390
2283;2283;0;10:54:52.378390
2293;2344;-51;10:54:52.378390
2264;2378;-114;10:54:52.378390
2206;2343;-137;10:54:52.378390
2196;2369;-173;10:54:52.378390
2141;2436;-295;10:54:52.378390
2111;2322;-211;10:54:52.378390
2056;2227;-171;10:54:52.378390
1994;2084;-90;10:54:52.378390
1893;1982;-89;10:54:52.378390
1693;1822;-129;10:54:52.378390
1555;1660;-105;10:54:52.378390
1527;1522;5;10:54:52.378390
1483;1495;-12;10:54:52.378390
1424;1395;29;10:54:52.378390
1370;1377;-7;10:54:52.378390
1354;1348;6;10:54:52.378390
1357;1401;-44;10:54:52.378390
1265;1350;-85;10:54:52.378390
1255;1447;-192;10:54:52.378390
1241;1450;-209;10:54:52.378390
1247;1481;-234;10:54:52.378390
1311;1508;-197;10:54:52.378390
1380;1505;-125;10:54:52.378390
1420;1535;-115;10:54:52.378390
1421;1562;-141;10:54:52.378390
1511;1587;-76;10:54:52.378390
1537;1649;-112;10:54:52.378390
1626;1759;-133;10:54:52.378390
1691;1922;-231;10:54:52.378390
1764;2144;-380;10:54:52.378390
1870;2207;-337;10:54:52.378390
1959;2306;-347;10:54:52.378390
2032;2312;-280;10:54:52.378390
2050;2159;-109;10:54:52.378390
2012;2114;-102;10:54:52.378390
1941;2055;-114;10:54:52.378390
1906;1987;-81;10:54:52.378390
1842;1898;-56;10:54:52.378390
1782;1921;-139;10:54:52.378390
1732;1941;-209;10:54:52.378390
1711;1818;-107;10:54:52.378390
1688;1781;-93;10:54:52.378390
1673;1770;-97;10:54:52.378390
1696;1658;38;10:54:52.378390
1681;1689;-8;10:54:52.378390
1640;1703;-63;10:54:52.378390
1624;1685;-61;10:54:52.378390
1603;1748;-145;10:54:52.378390
1603;1762;-159;10:54:52.378390
1531;1787;-256;10:54:52.378390
1485;1678;-193;10:54:52.378390
1459;1685;-226;10:54:52.378390
1502;1607;-105;10:54:52.378390
1518;1526;-8;10:54:52.378390
1475;1576;-101;10:54:52.378390
1455;1585;-130;10:54:52.378390
1447;1621;-174;10:54:52.378390
1484;1694;-210;10:54:52.378390
1447;1745;-298;10:54:52.378390
1423;1765;-342;10:54:52.378390
1536;1710;-174;10:54:52.378390
1598;1733;-135;10:54:52.378390
1734;1738;-4;10:54:52.378390
1748;1686;62;10:54:52.378390
1753;1749;4;10:54:52.378390
1746;1845;-99;10:54:52.378390
1869;1906;-37;10:54:52.378390
1910;2017;-107;10:54:52.378390
1942;2147;-205;10:54:52.378390
2063;2283;-220;10:54:52.378390
2126;2424;-298;10:54:52.378390
2199;2462;-263;10:54:52.378390
2291;2482;-191;10:54:52.378390
2340;2515;-175;10:54:52.378390
2377;2485;-108;10:54:52.378390
2342;2386;-44;10:54:52.378390
2236;2304;-68;10:54:52.378390
2165;2174;-9;10:54:52.378390
2092;2049;43;10:54:52.378390
1891;1951;-60;10:54:52.378390
1745;1805;-60;10:54:52.378390
1534;1789;-255;10:54:52.378390
1403;1647;-244;10:54:52.378390
1300;1534;-234;10:54:52.378390
1210;1442;-232;10:54:52.378390
1160;1275;-115;10:54:52.378390
1067;1137;-70;10:54:52.378390
1063;1116;-53;10:54:52.378390
1020;1057;-37;10:54:52.378390
1048;1043;5;10:54:52.378390
1097;1001;96;10:54:52.378390
1062;1026;36;10:54:52.378390
1084;1048;36;10:54:52.378390
1119;1135;-16;10:54:52.378390
1200;1251;-51;10:54:52.378390
1326;1480;-154;10:54:52.378390
1388;1672;-284;10:54:52.378390
1482;1858;-376;10:54:52.378390
1649;2012;-363;10:54:52.378390
1794;2092;-298;10:54:52.378390
1896;2162;-266;10:54:52.378390
1897;2213;-316;10:54:52.378390
1967;2316;-349;10:54:52.378390
2022;2285;-263;10:54:52.378390
2043;2308;-265;10:54:52.378390
2088;2297;-209;10:54:52.378390
2100;2183;-83;10:54:52.431224
2030;2128;-98;10:54:52.431224
1997;2056;-59;10:54:52.431224
2053;2023;30;10:54:52.431224
2118;2060;58;10:54:52.431224
2125;2149;-24;10:54:52.431224
2147;2144;3;10:54:52.431224
2147;2212;-65;10:54:52.431224
2175;2226;-51;10:54:52.431224
2129;2209;-80;10:54:52.431224
2099;2152;-53;10:54:52.431224
2064;2184;-120;10:54:52.431224
1993;2082;-89;10:54:52.431224
1868;2125;-257;10:54:52.431224
1835;1964;-129;10:54:52.431224
1815;1863;-48;10:54:52.431224
1844;1828;16;10:54:52.431224
1775;1745;30;10:54:52.431224
1686;1627;59;10:54:52.431224
1626;1593;33;10:54:52.431224
1504;1576;-72;10:54:52.431224
1488;1519;-31;10:54:52.431224
1449;1553;-104;10:54:52.431224
1433;1622;-189;10:54:52.431224
1518;1699;-181;10:54:52.431224
1503;1752;-249;10:54:52.431224
1588;1708;-120;10:54:52.431224
1665;1756;-91;10:54:52.431224
1778;1869;-91;10:54:52.431224
1800;1972;-172;10:54:52.431224
1890;2063;-173;10:54:52.431224
2057;2182;-125;10:54:52.431224
2179;2305;-126;10:54:52.431224
2192;2381;-189;10:54:52.431224
2233;2428;-195;10:54:52.431224
2257;2462;-205;10:54:52.431224
2313;2525;-212;10:54:52.431224
2339;2557;-218;10:54:52.431224
2337;2542;-205;10:54:52.431224
2334;2652;-318;10:54:52.431224
2408;2599;-191;10:54:52.431224
2412;2486;-74;10:54:52.431224
2400;2385;15;10:54:52.431224
2354;2270;84;10:54:52.431224
2301;2179;122;10:54:52.431224
2180;2058;122;10:54:52.431224
2078;1946;132;10:54:52.431224
1983;1900;83;10:54:52.431224
1890;1888;2;10:54:52.431224
1825;1823;2;10:54:52.431224
1736;1784;-48;10:54:52.431224
1726;1777;-51;10:54:52.431224
1749;1771;-22;10:54:52.431224
1664;1779;-115;10:54:52.431224
1677;1759;-82;10:54:52.431224
1708;1777;-69;10:54:52.431224
1597;1743;-146;10:54:52.431224
1637;1726;-89;10:54:52.431224
1639;1722;-83;10:54:52.431224
1719;1696;23;10:54:52.431224
1710;1699;11;10:54:52.431224
1730;1743;-13;10:54:52.431224
1709;1768;-59;10:54:52.431224
1710;1830;-120;10:54:52.431224
1737;1900;-163;10:54:52.431224
1774;1871;-97;10:54:52.431224
1757;1911;-154;10:54:52.431224
1788;1957;-169;10:54:52.431224
1746;1943;-197;10:54:52.431224
1767;1860;-93;10:54:52.431224
1690;1825;-135;10:54:52.431224
1686;1822;-136;10:54:52.431224
1673;1805;-132;10:54:52.431224
1670;1787;-117;10:54:52.431224
1655;1801;-146;10:54:52.431224
1666;1846;-180;10:54:52.431224
1642;1862;-220;10:54:52.431224
1642;1879;-237;10:54:52.431224
1684;1893;-209;10:54:52.431224
1732;1917;-185;10:54:52.431224
1776;1917;-141;10:54:52.431224
1682;1880;-198;10:54:52.431224
1619;1807;-188;10:54:52.431224
1610;1714;-104;10:54:52.431224
1561;1650;-89;10:54:52.431224
1574;1567;7;10:54:52.431224
1577;1540;37;10:54:52.431224
1561;1516;45;10:54:52.431224
1530;1493;37;10:54:52.431224
1499;1476;23;10:54:52.431224
1473;1471;2;10:54:52.431224
1453;1419;34;10:54:52.431224
1389;1403;-14;10:54:52.431224
1371;1481;-110;10:54:52.431224
1322;1533;-211;10:54:52.431224
1351;1677;-326;10:54:52.431224
1333;1794;-461;10:54:52.431224
1371;1874;-503;10:54:52.431224
1493;1939;-446;10:54:52.431224
1598;1945;-347;10:54:52.431224
1756;1923;-167;10:54:52.431224
1791;1980;-189;10:54:52.431224
1889;2031;-142;10:54:52.431224
1981;2073;-92;10:54:52.431224
2054;2068;-14;10:54:52.431224
2072;2085;-13;10:54:52.431224
2083;2099;-16;10:54:52.431224
2093;2161;-68;10:54:52.431224
2120;2160;-40;10:54:52.431224
2040;2163;-123;10:54:52.431224
2040;2143;-103;10:54:52.431224
1976;2092;-116;10:54:52.431224
1919;2042;-123;10:54:52.431224
1888;2049;-161;10:54:52.431224
1814;2037;-223;10:54:52.431224
1844;2026;-182;10:54:52.431224
1851;1932;-81;10:54:52.431224
1824;1871;-47;10:54:52.431224
1758;1907;-149;10:54:52.431224
1690;1808;-118;10:54:52.431224
1724;1731;-7;10:54:52.431224
1737;1657;80;10:54:52.431224
1706;1638;68;10:54:52.431224
1685;1598;87;10:54:52.431224
1685;1627;58;10:54:52.431224
1710;1731;-21;10:54:52.431224
1685;1749;-64;10:54:52.431224
1632;1872;-240;10:54:52.431224
1636;1869;-233;10:54:52.431224
1635;1848;-213;10:54:52.431224
1654;1899;-245;10:54:52.431224
1739;1886;-147;10:54:52.431224
1735;1841;-106;10:54:52.431224
1758;1806;-48;10:54:52.431224
1734;1775;-41;10:54:52.431224
1729;1814;-85;10:54:52.431224
1768;1898;-130;10:54:52.431224
1790;1927;-137;10:54:52.431224
1831;2006;-175;10:54:52.431224
1899;2054;-155;10:54:52.431224
1910;2081;-171;10:54:52.431224
1897;2104;-207;10:54:52.431224
1878;2106;-228;10:54:52.431224
1838;2055;-217;10:54:52.431224
1755;2017;-262;10:54:52.431224
1648;1933;-285;10:54:52.431224
1593;1811;-218;10:54:52.431224
1554;1661;-107;10:54:52.431224
1461;1554;-93;10:54:52.431224
1374;1383;-9;10:54:52.431224
1310;1314;-4;10:54:52.431224
1296;1275;21;10:54:52.431224
1213;1183;30;10:54:52.431224
1165;1151;14;10:54:52.431224
1111;1197;-86;10:54:52.431224
1055;1204;-149;10:54:52.431224
1081;1247;-166;10:54:52.431224
1156;1325;-169;10:54:52.431224
1292;1401;-109;10:54:52.431224
1296;1470;-174;10:54:52.431224
1331;1585;-254;10:54:52.431224
1404;1669;-265;10:54:52.431224
1537;1692;-155;10:54:52.431224
1645;1817;-172;10:54:52.431224
1711;1893;-182;10:54:52.431224
1812;1949;-137;10:54:52.431224
1842;2045;-203;10:54:52.431224
1915;2096;-181;10:54:52.431224
1901;2133;-232;10:54:52.431224
1986;2186;-200;10:54:52.431224
2025;2202;-177;10:54:52.431224
2062;2193;-131;10:54:52.431224
2099;2241;-142;10:54:52.431224
2148;2236;-88;10:54:52.431224
2183;2249;-66;10:54:52.431224
2197;2296;-99;10:54:52.431224
2199;2308;-109;10:54:52.431224
2186;2295;-109;10:54:52.431224
2242;2279;-37;10:54:52.431224
2229;2309;-80;10:54:52.431224
2233;2258;-25;10:54:52.431224
2160;2256;-96;10:54:52.431224
2187;2206;-19;10:54:52.431224
2167;2169;-2;10:54:52.431224
2151;2117;34;10:54:52.431224
2100;2044;56;10:54:52.431224
2026;2019;7;10:54:52.431224
1920;2024;-104;10:54:52.431224
1848;1927;-79;10:54:52.431224
1786;1873;-87;10:54:52.431224
1726;1785;-59;10:54:52.431224
1627;1747;-120;10:54:52.431224
1516;1682;-166;10:54:52.431224
1519;1649;-130;10:54:52.431224
1519;1588;-69;10:54:52.431224
1481;1533;-52;10:54:52.431224
1502;1584;-82;10:54:52.431224
1558;1611;-53;10:54:52.431224
1651;1645;6;10:54:52.431224
1704;1750;-46;10:54:52.431224
1802;1923;-121;10:54:52.431224
1850;2042;-192;10:54:52.431224
1957;2226;-269;10:54:52.431224
2021;2290;-269;10:54:52.431224
2122;2384;-262;10:54:52.431224
2204;2422;-218;10:54:52.431224
2257;2509;-252;10:54:52.431224
2356;2483;-127;10:54:52.431224
2399;2409;-10;10:54:52.431224
2397;2420;-23;10:54:52.431224
2410;2365;45;10:54:52.431224
2346;2268;78;10:54:52.431224
2250;2260;-10;10:54:52.431224
2183;2261;-78;10:54:52.431224
2099;2227;-128;10:54:52.431224
2021;2192;-171;10:54:52.431224
1973;2087;-114;10:54:52.431224
1932;2044;-112;10:54:52.431224
1853;1986;-133;10:54:52.431224
1779;1888;-109;10:54:52.431224
1721;1755;-34;10:54:52.431224
1685;1687;-2;10:54:52.431224
1619;1619;0;10:54:52.431224
1558;1583;-25;10:54:52.431224
1549;1535;14;10:54:52.431224
1562;1553;9;10:54:52.431224
1551;1575;-24;10:54:52.431224
1527;1602;-75;10:54:52.431224
1517;1610;-93;10:54:52.431224
1551;1717;-166;10:54:52.431224
1606;1729;-123;10:54:52.431224
1679;1749;-70;10:54:52.431224
1691;1823;-132;10:54:52.431224
1791;1827;-36;10:54:52.431224
1813;1856;-43;10:54:52.431224
1834;1848;-14;10:54:52.431224
1840;1881;-41;10:54:52.431224
1863;1900;-37;10:54:52.431224
1855;1862;-7;10:54:52.431224
1816;1884;-68;10:54:52.431224
1826;1950;-124;10:54:52.431224
1841;1929;-88;10:54:52.431224
1856;2017;-161;10:54:52.431224
1861;2063;-202;10:54:52.431224
1796;2111;-315;10:54:52.431224
1805;2195;-390;10:54:52.431224
1872;2131;-259;10:54:52.431224
1920;2084;-164;10:54:52.431224
1895;2081;-186;10:54:52.431224
1895;2044;-149;10:54:52.431224
1827;1956;-129;10:54:52.431224
1763;1886;-123;10:54:52.431224
1748;1828;-80;10:54:52.431224
1698;1773;-75;10:54:52.431224
1694;1752;-58;10:54:52.431224
1745;1740;5;10:54:52.452412
1752;1749;3;10:54:52.452412
1786;1731;55;10:54:52.452412
1725;1738;-13;10:54:52.452412
1667;1725;-58;10:54:52.452412
1594;1667;-73;10:54:52.452412
1513;1632;-119;10:54:52.452412
1459;1592;-133;10:54:52.452412
1404;1589;-185;10:54:52.452412
1350;1527;-177;10:54:52.452412
1377;1540;-163;10:54:52.452412
1393;1502;-109;10:54:52.452412
1443;1492;-49;10:54:52.452412
1445;1503;-58;10:54:52.452412
1474;1553;-79;10:54:52.452412
1510;1628;-118;10:54:52.452412
1538;1621;-83;10:54:52.452412
1551;1708;-157;10:54:52.452412
1579;1808;-229;10:54:52.452412
1547;1906;-359;10:54:52.452412
1580;1981;-401;10:54:52.452412
1666;2017;-351;10:54:52.452412
1747;2115;-368;10:54:52.452412
1861;2187;-326;10:54:52.452412
1969;2220;-251;10:54:52.452412
2020;2250;-230;10:54:52.452412
2082;2254;-172;10:54:52.452412
2197;2219;-22;10:54:52.452412
2220;2252;-32;10:54:52.452412
2199;2188;11;10:54:52.452412
2147;2162;-15;10:54:52.452412
2064;2121;-57;10:54:52.452412
2025;2023;2;10:54:52.452412
1972;1974;-2;10:54:52.452412
1869;1981;-112;10:54:52.452412
1798;1882;-84;10:54:52.452412
1715;1815;-100;10:54:52.452412
1626;1698;-72;10:54:52.452412
1599;1591;8;10:54:52.452412
1581;1519;62;10:54:52.452412
1563;1468;95;10:54:52.452412
1513;1439;74;10:54:52.452412
1435;1415;20;10:54:52.452412
1353;1441;-88;10:54:52.452412
1332;1472;-140;10:54:52.452412
1367;1525;-158;10:54:52.452412
1364;1590;-226;10:54:52.452412
1436;1674;-238;10:54:52.452412
1483;1799;-316;10:54:52.452412
1549;1867;-318;10:54:52.452412
1612;1971;-359;10:54:52.452412
1706;2046;-340;10:54:52.452412
1789;2021;-232;10:54:52.452412
1819;2038;-219;10:54:52.452412
1817;1968;-151;10:54:52.452412
1827;1922;-95;10:54:52.452412
1828;1824;4;10:54:52.452412
1841;1820;21;10:54:52.452412
1819;1801;18;10:54:52.452412
1763;1744;19;10:54:52.452412
1687;1720;-33;10:54:52.452412
1682;1697;-15;10:54:52.452412
1650;1729;-79;10:54:52.452412
1639;1781;-142;10:54:52.452412
1603;1825;-222;10:54:52.452412
1583;1832;-249;10:54:52.452412
1621;1848;-227;10:54:52.452412
1610;1836;-226;10:54:52.452412
1591;1806;-215;10:54:52.452412
1595;1782;-187;10:54:52.452412
1548;1714;-166;10:54:52.452412
1534;1662;-128;10:54:52.452412
1554;1629;-75;10:54:52.452412
1550;1623;-73;10:54:52.452412
1462;1563;-101;10:54:52.452412
1471;1551;-80;10:54:52.452412
1506;1591;-85;10:54:52.452412
1488;1584;-96;10:54:52.452412
1509;1581;-72;10:54:52.452412
1480;1592;-112;10:54:52.452412
1508;1658;-150;10:54:52.452412
1549;1660;-111;10:54:52.452412
1559;1690;-131;10:54:52.452412
1603;1794;-191;10:54:52.452412
1654;1785;-131;10:54:52.452412
1716;1902;-186;10:54:52.452412
1805;1986;-181;10:54:52.452412
1880;2032;-152;10:54:52.452412
1961;2113;-152;10:54:52.452412
2032;2193;-161;10:54:52.452412
2111;2250;-139;10:54:52.452412
2123;2293;-170;10:54:52.452412
2185;2336;-151;10:54:52.452412
2183;2336;-153;10:54:52.452412
2192;2331;-139;10:54:52.452412
2219;2302;-83;10:54:52.452412
2185;2267;-82;10:54:52.452412
2088;2244;-156;10:54:52.452412
2068;2208;-140;10:54:52.452412
2048;2146;-98;10:54:52.452412
2023;2101;-78;10:54:52.452412
2001;2002;-1;10:54:52.452412
1933;1950;-17;10:54:52.452412
1867;1896;-29;10:54:52.452412
1840;1853;-13;10:54:52.452412
1808;1851;-43;10:54:52.452412
1793;1840;-47;10:54:52.452412
1781;1874;-93;10:54:52.452412
1785;1861;-76;10:54:52.452412
1800;1924;-124;10:54:52.452412
1799;1976;-177;10:54:52.452412
1874;1974;-100;10:54:52.452412
1892;2026;-134;10:54:52.452412
1906;2065;-159;10:54:52.452412
1918;2058;-140;10:54:52.452412
1899;1993;-94;10:54:52.452412
1885;1958;-73;10:54:52.452412
1916;1953;-37;10:54:52.452412
1932;1898;34;10:54:52.452412
1926;1911;15;10:54:52.452412
1882;1877;5;10:54:52.452412
1912;1893;19;10:54:52.452412
1928;1934;-6;10:54:52.452412
1919;1938;-19;10:54:52.452412
1914;2003;-89;10:54:52.452412
1886;2116;-230;10:54:52.452412
1905;2181;-276;10:54:52.452412
1945;2265;-320;10:54:52.452412
2003;2299;-296;10:54:52.452412
1996;2313;-317;10:54:52.452412
2024;2287;-263;10:54:52.452412
2059;2212;-153;10:54:52.452412
2053;2162;-109;10:54:52.452412
2070;2095;-25;10:54:52.452412
2092;2046;46;10:54:52.452412
2069;1997;72;10:54:52.452412
1994;1995;-1;10:54:52.452412
1946;1957;-11;10:54:52.452412
1907;1942;-35;10:54:52.452412
1869;1875;-6;10:54:52.452412
1813;1844;-31;10:54:52.452412
1719;1792;-73;10:54:52.452412
1676;1718;-42;10:54:52.452412
1613;1682;-69;10:54:52.452412
1567;1604;-37;10:54:52.452412
1545;1580;-35;10:54:52.452412
1545;1558;-13;10:54:52.452412
1574;1564;10;10:54:52.452412
1556;1596;-40;10:54:52.452412
1560;1657;-97;10:54:52.452412
1609;1699;-90;10:54:52.452412
1679;1739;-60;10:54:52.452412
1758;1799;-41;10:54:52.452412
1801;1870;-69;10:54:52.452412
1828;1950;-122;10:54:52.452412
1870;1964;-94;10:54:52.452412
1836;2039;-203;10:54:52.452412
1869;2061;-192;10:54:52.452412
1921;2069;-148;10:54:52.452412
1906;2077;-171;10:54:52.452412
1935;2064;-129;10:54:52.452412
1920;2084;-164;10:54:52.452412
1869;2066;-197;10:54:52.452412
1821;2070;-249;10:54:52.452412
1831;2043;-212;10:54:52.452412
1849;2009;-160;10:54:52.452412
1852;1987;-135;10:54:52.452412
1868;1956;-88;10:54:52.452412
1882;1887;-5;10:54:52.452412
1845;1856;-11;10:54:52.452412
1807;1842;-35;10:54:52.452412
1776;1815;-39;10:54:52.452412
1702;1752;-50;10:54:52.452412
1636;1731;-95;10:54:52.452412
1610;1669;-59;10:54:52.452412
1578;1624;-46;10:54:52.452412
1523;1580;-57;10:54:52.452412
1494;1549;-55;10:54:52.452412
1415;1472;-57;10:54:52.452412
1371;1449;-78;10:54:52.452412
1345;1398;-53;10:54:52.452412
1297;1348;-51;10:54:52.452412
1280;1317;-37;10:54:52.452412
1267;1320;-53;10:54:52.452412
1261;1355;-94;10:54:52.452412
1295;1451;-156;10:54:52.452412
1368;1587;-219;10:54:52.452412
1478;1713;-235;10:54:52.452412
1573;1822;-249;10:54:52.452412
1668;1967;-299;10:54:52.452412
1760;2082;-322;10:54:52.452412
1873;2164;-291;10:54:52.452412
1938;2207;-269;10:54:52.452412
2035;2267;-232;10:54:52.452412
2137;2266;-129;10:54:52.452412
2168;2302;-134;10:54:52.452412
2176;2310;-134;10:54:52.452412
2152;2254;-102;10:54:52.452412
2114;2223;-109;10:54:52.452412
2070;2180;-110;10:54:52.452412
1991;2103;-112;10:54:52.452412
1964;2053;-89;10:54:52.452412
1943;1992;-49;10:54:52.452412
1946;1993;-47;10:54:52.452412
1912;1973;-61;10:54:52.452412
1848;1907;-59;10:54:52.452412
1777;1835;-58;10:54:52.452412
1714;1766;-52;10:54:52.452412
1652;1719;-67;10:54:52.452412
1588;1646;-58;10:54:52.452412
1558;1582;-24;10:54:52.452412
1524;1552;-28;10:54:52.452412
1496;1535;-39;10:54:52.452412
1489;1534;-45;10:54:52.452412
1457;1564;-107;10:54:52.452412
1447;1589;-142;10:54:52.452412
1488;1624;-136;10:54:52.452412
1514;1668;-154;10:54:52.452412
1548;1679;-131;10:54:52.452412
1583;1713;-130;10:54:52.452412
1599;1713;-114;10:54:52.452412
1621;1708;-87;10:54:52.452412
1595;1696;-101;10:54:52.452412
1565;1686;-121;10:54:52.452412
1551;1688;-137;10:54:52.452412
1545;1735;-190;10:54:52.452412
1547;1734;-187;10:54:52.452412
1609;1757;-148;10:54:52.452412
1620;1821;-201;10:54:52.452412
1652;1847;-195;10:54:52.452412
1701;1888;-187;10:54:52.452412
1719;1913;-194;10:54:52.452412
1755;1896;-141;10:54:52.452412
1803;1930;-127;10:54:52.452412
1835;1972;-137;10:54:52.452412
1817;1955;-138;10:54:52.452412
1774;1992;-218;10:54:52.452412
1751;1976;-225;10:54:52.452412
1741;1895;-154;10:54:52.452412
1695;1870;-175;10:54:52.452412
1681;1840;-159;10:54:52.452412
1691;1801;-110;10:54:52.452412
1677;1750;-73;10:54:52.452412
1673;1722;-49;10:54:52.452412
1624;1729;-105;10:54:52.452412
1599;1713;-114;10:54:52.452412
1575;1684;-109;10:54:52.452412
1559;1657;-98;10:54:52.452412
1520;1643;-123;10:54:52.452412
1492;1621;-129;10:54:52.452412
1500;1603;-103;10:54:52.452412
1513;1591;-78;10:54:52.452412
1563;1629;-66;10:54:52.452412
1589;1669;-80;10:54:52.452412
1572;1671;-99;10:54:52.452412
1651;1708;-57;10:54:52.453340
1670;1740;-70;10:54:52.453340
1708;1810;-102;10:54:52.453340
1768;1887;-119;10:54:52.453340
1822;1959;-137;10:54:52.453340
1842;2046;-204;10:54:52.453340
1881;2106;-225;10:54:52.453340
1898;2140;-242;10:54:52.453340
1959;2186;-227;10:54:52.453340
2013;2216;-203;10:54:52.453340
2059;2215;-156;10:54:52.453340
2114;2258;-144;10:54:52.453340
2156;2285;-129;10:54:52.453340
2194;2289;-95;10:54:52.453340
2166;2284;-118;10:54:52.453340
2187;2239;-52;10:54:52.453340
2183;2212;-29;10:54:52.453340
2136;2209;-73;10:54:52.453340
2124;2186;-62;10:54:52.453340
2104;2194;-90;10:54:52.453340
2066;2185;-119;10:54:52.453340
2069;2143;-74;10:54:52.453340
2020;2129;-109;10:54:52.453340
1974;2090;-116;10:54:52.453340
1933;2023;-90;10:54:52.453340
1900;1980;-80;10:54:52.453340
1884;1923;-39;10:54:52.453340
1818;1849;-31;10:54:52.453340
1776;1783;-7;10:54:52.453340
1711;1731;-20;10:54:52.453340
1670;1671;-1;10:54:52.453340
1655;1635;20;10:54:52.453340
1670;1656;14;10:54:52.453340
1676;1696;-20;10:54:52.453340
1676;1733;-57;10:54:52.453340
1708;1805;-97;10:54:52.453340
1754;1895;-141;10:54:52.453340
1811;1983;-172;10:54:52.453340
1853;2061;-208;10:54:52.453340
1900;2107;-207;10:54:52.453340
1895;2117;-222;10:54:52.453340
1930;2133;-203;10:54:52.453340
1942;2118;-176;10:54:52.453340
1946;2095;-149;10:54:52.453340
1979;2092;-113;10:54:52.453340
2008;2122;-114;10:54:52.453340
2026;2122;-96;10:54:52.453340
2042;2112;-70;10:54:52.453340
2051;2127;-76;10:54:52.453340
2038;2157;-119;10:54:52.453340
2013;2109;-96;10:54:52.453340
2019;2062;-43;10:54:52.453340
1992;2045;-53;10:54:52.453340
1961;2008;-47;10:54:52.453340
1931;2009;-78;10:54:52.453340
1892;1955;-63;10:54:52.453340
1854;1919;-65;10:54:52.453340
1816;1882;-66;10:54:52.453340
1818;1845;-27;10:54:52.453340
1808;1842;-34;10:54:52.453340
1746;1811;-65;10:54:52.453340
1729;1788;-59;10:54:52.453340
1711;1761;-50;10:54:52.453340
1689;1710;-21;10:54:52.453340
1657;1685;-28;10:54:52.453340
1610;1655;-45;10:54:52.453340
1567;1631;-64;10:54:52.453340
1542;1605;-63;10:54:52.453340
1538;1606;-68;10:54:52.453340
1558;1627;-69;10:54:52.453340
1579;1704;-125;10:54:52.453340
1623;1753;-130;10:54:52.453340
1674;1785;-111;10:54:52.453340
1740;1817;-77;10:54:52.453340
1769;1858;-89;10:54:52.453340
1782;1892;-110;10:54:52.453340
1792;1947;-155;10:54:52.453340
1822;2001;-179;10:54:52.453340
1828;2042;-214;10:54:52.453340
1886;2068;-182;10:54:52.453340
1927;2067;-140;10:54:52.453340
1954;2101;-147;10:54:52.453340
1987;2104;-117;10:54:52.453340
1934;2069;-135;10:54:52.453340
1916;2040;-124;10:54:52.453340
1905;2010;-105;10:54:52.453340
1844;1976;-132;10:54:52.453340
1780;1909;-129;10:54:52.453340
1719;1824;-105;10:54:52.453340
1666;1758;-92;10:54:52.453340
1608;1670;-62;10:54:52.453340
1534;1603;-69;10:54:52.453340
1487;1568;-81;10:54:52.453340
1461;1510;-49;10:54:52.453340
1438;1530;-92;10:54:52.453340
1426;1517;-91;10:54:52.453340
1392;1503;-111;10:54:52.453340
1399;1534;-135;10:54:52.453340
1408;1562;-154;10:54:52.453340
1419;1618;-199;10:54:52.453340
1456;1646;-190;10:54:52.453340
1501;1682;-181;10:54:52.453340
1544;1708;-164;10:54:52.453340
1597;1762;-165;10:54:52.453340
1640;1797;-157;10:54:52.453340
1660;1805;-145;10:54:52.453340
1712;1857;-145;10:54:52.453340
1747;1889;-142;10:54:52.453340
1786;1911;-125;10:54:52.453340
1825;1943;-118;10:54:52.453340
1848;1998;-150;10:54:52.453340
1889;2044;-155;10:54:52.453340
1898;2065;-167;10:54:52.453340
1900;2078;-178;10:54:52.453340
1918;2070;-152;10:54:52.453340
1920;2048;-128;10:54:52.453340
1881;2009;-128;10:54:52.453340
1853;1981;-128;10:54:52.453340
1847;1959;-112;10:54:52.453340
1811;1922;-111;10:54:52.453340
1767;1884;-117;10:54:52.453340
1743;1901;-158;10:54:52.453340
1710;1878;-168;10:54:52.453340
1677;1863;-186;10:54:52.453340
1682;1835;-153;10:54:52.453340
1681;1799;-118;10:54:52.453340
1662;1778;-116;10:54:52.453340
1630;1746;-116;10:54:52.453340
1613;1696;-83;10:54:52.453340
1607;1642;-35;10:54:52.453340
1584;1602;-18;10:54:52.453340
1556;1559;-3;10:54:52.453340
1530;1552;-22;10:54:52.453340
1482;1535;-53;10:54:52.453340
1459;1536;-77;10:54:52.453340
1503;1572;-69;10:54:52.453340
1498;1599;-101;10:54:52.453340
1524;1653;-129;10:54:52.453340
1555;1696;-141;10:54:52.453340
1556;1726;-170;10:54:52.453340
1589;1758;-169;10:54:52.453340
1607;1799;-192;10:54:52.453340
1647;1827;-180;10:54:52.453340
1683;1879;-196;10:54:52.453340
1722;1935;-213;10:54:52.453340
1756;1949;-193;10:54:52.453340
1781;1970;-189;10:54:52.453340
1799;1985;-186;10:54:52.453340
1793;1971;-178;10:54:52.453340
1787;1939;-152;10:54:52.453340
1802;1944;-142;10:54:52.453340
1780;1910;-130;10:54:52.453340
1791;1912;-121;10:54:52.453340
1796;1902;-106;10:54:52.453340
1800;1895;-95;10:54:52.453340
1777;1913;-136;10:54:52.453340
1793;1903;-110;10:54:52.453340
1776;1907;-131;10:54:52.453340
1747;1894;-147;10:54:52.453340
1750;1892;-142;10:54:52.453340
1721;1875;-154;10:54:52.453340
1697;1857;-160;10:54:52.453340
1704;1822;-118;10:54:52.453340
1695;1782;-87;10:54:52.453340
1670;1754;-84;10:54:52.453340
1657;1710;-53;10:54:52.453340
1633;1672;-39;10:54:52.453340
1609;1654;-45;10:54:52.453340
1593;1640;-47;10:54:52.453340
1578;1636;-58;10:54:52.453340
1562;1627;-65;10:54:52.453340
1575;1658;-83;10:54:52.453340
1576;1660;-84;10:54:52.453340
1590;1695;-105;10:54:52.453340
1596;1731;-135;10:54:52.453340
1604;1766;-162;10:54:52.453340
1627;1820;-193;10:54:52.453340
1666;1868;-202;10:54:52.453340
1712;1891;-179;10:54:52.453340
1777;1938;-161;10:54:52.453340
1852;2004;-152;10:54:52.453340
1923;2054;-131;10:54:52.453340
1979;2085;-106;10:54:52.453340
2046;2147;-101;10:54:52.453340
2089;2217;-128;10:54:52.453340
2111;2276;-165;10:54:52.453340
2125;2321;-196;10:54:52.453340
2152;2366;-214;10:54:52.453340
2187;2364;-177;10:54:52.453340
2194;2355;-161;10:54:52.453340
2179;2303;-124;10:54:52.453340
2150;2259;-109;10:54:52.453340
2122;2204;-82;10:54:52.453340
2054;2100;-46;10:54:52.453340
1969;2039;-70;10:54:52.453340
1925;1977;-52;10:54:52.453340
1896;1898;-2;10:54:52.453340
1857;1867;-10;10:54:52.453340
1809;1842;-33;10:54:52.453340
1789;1820;-31;10:54:52.453340
1758;1809;-51;10:54:52.453340
1759;1824;-65;10:54:52.453340
1749;1820;-71;10:54:52.453340
1719;1830;-111;10:54:52.453340
1719;1833;-114;10:54:52.453340
1733;1831;-98;10:54:52.453340
1737;1818;-81;10:54:52.453340
1735;1819;-84;10:54:52.453340
1729;1812;-83;10:54:52.453340
1728;1818;-90;10:54:52.453340
1752;1835;-83;10:54:52.453340
1759;1861;-102;10:54:52.453340
1783;1898;-115;10:54:52.453340
1836;1944;-108;10:54:52.453340
1857;1974;-117;10:54:52.453340
1895;2005;-110;10:54:52.453340
1916;2025;-109;10:54:52.453340
1925;2061;-136;10:54:52.453340
1953;2078;-125;10:54:52.453340
1962;2108;-146;10:54:52.453340
1986;2138;-152;10:54:52.453340
2004;2154;-150;10:54:52.453340
2010;2162;-152;10:54:52.453340
2022;2149;-127;10:54:52.453340
2023;2152;-129;10:54:52.453340
2038;2141;-103;10:54:52.453340
2057;2121;-64;10:54:52.453340
2075;2119;-44;10:54:52.453340
2098;2088;10;10:54:52.453340
2088;2082;6;10:54:52.453340
2055;2067;-12;10:54:52.453340
1987;2036;-49;10:54:52.453340
1934;1985;-51;10:54:52.453340
1892;1943;-51;10:54:52.453340
1830;1865;-35;10:54:52.453340
1785;1812;-27;10:54:52.453340
1737;1739;-2;10:54:52.453340
1692;1684;8;10:54:52.453340
1638;1647;-9;10:54:52.453340
1592;1611;-19;10:54:52.453340
1557;1591;-34;10:54:52.453340
1536;1586;-50;10:54:52.453340
1521;1608;-87;10:54:52.453340
1514;1630;-116;10:54:52.453340
1527;1646;-119;10:54:52.453340
1526;1696;-170;10:54:52.453340
1560;1728;-168;10:54:52.453340
1593;1768;-175;10:54:52.453340
1633;1810;-177;10:54:52.453340
1678;1854;-176;10:54:52.453340
1708;1868;-160;10:54:52.453340
1750;1904;-154;10:54:52.453340
1800;1934;-134;10:54:52.453340
1816;1948;-132;10:54:52.453340
1825;1979;-154;10:54:52.453340
1820;1952;-132;10:54:52.454339
1815;1935;-120;10:54:52.454339
1790;1912;-122;10:54:52.454339
1756;1879;-123;10:54:52.454339
1739;1840;-101;10:54:52.454339
1720;1837;-117;10:54:52.454339
1686;1777;-91;10:54:52.454339
1663;1768;-105;10:54:52.454339
1626;1739;-113;10:54:52.454339
1593;1739;-146;10:54:52.454339
1576;1691;-115;10:54:52.454339
1544;1699;-155;10:54:52.454339
1525;1662;-137;10:54:52.454339
1540;1686;-146;10:54:52.454339
1534;1705;-171;10:54:52.454339
1557;1720;-163;10:54:52.454339
1567;1720;-153;10:54:52.454339
1591;1746;-155;10:54:52.454339
1628;1774;-146;10:54:52.454339
1672;1817;-145;10:54:52.454339
1684;1818;-134;10:54:52.454339
1722;1846;-124;10:54:52.454339
1751;1853;-102;10:54:52.454339
1766;1862;-96;10:54:52.454339
1790;1868;-78;10:54:52.454339
1793;1885;-92;10:54:52.454339
1818;1916;-98;10:54:52.454339
1808;1906;-98;10:54:52.454339
1816;1929;-113;10:54:52.454339
1818;1943;-125;10:54:52.454339
1840;1959;-119;10:54:52.454339
1859;1985;-126;10:54:52.454339
1871;2006;-135;10:54:52.454339
1902;2015;-113;10:54:52.454339
1907;2019;-112;10:54:52.454339
1899;2031;-132;10:54:52.454339
1898;2044;-146;10:54:52.454339
1879;2042;-163;10:54:52.454339
1868;2038;-170;10:54:52.454339
1845;2023;-178;10:54:52.454339
1812;2002;-190;10:54:52.454339
1782;1963;-181;10:54:52.454339
1759;1906;-147;10:54:52.454339
1739;1845;-106;10:54:52.454339
1696;1790;-94;10:54:52.454339
1666;1750;-84;10:54:52.454339
1638;1692;-54;10:54:52.454339
1624;1644;-20;10:54:52.454339
1593;1640;-47;10:54:52.454339
1566;1619;-53;10:54:52.454339
1551;1623;-72;10:54:52.454339
1536;1615;-79;10:54:52.454339
1526;1628;-102;10:54:52.454339
1524;1632;-108;10:54:52.454339
1534;1643;-109;10:54:52.454339
1540;1641;-101;10:54:52.454339
1535;1652;-117;10:54:52.454339
1536;1680;-144;10:54:52.454339
1546;1690;-144;10:54:52.454339
1574;1697;-123;10:54:52.454339
1582;1705;-123;10:54:52.454339
1583;1732;-149;10:54:52.454339
1602;1756;-154;10:54:52.454339
1619;1788;-169;10:54:52.454339
1639;1823;-184;10:54:52.454339
1674;1846;-172;10:54:52.454339
1701;1868;-167;10:54:52.454339
1730;1908;-178;10:54:52.454339
1754;1947;-193;10:54:52.454339
1776;1962;-186;10:54:52.454339
1798;2000;-202;10:54:52.454339
1815;1996;-181;10:54:52.454339
1807;1988;-181;10:54:52.454339
1800;1963;-163;10:54:52.454339
1787;1954;-167;10:54:52.454339
1779;1910;-131;10:54:52.454339
1760;1882;-122;10:54:52.454339
1716;1833;-117;10:54:52.454339
1692;1784;-92;10:54:52.454339
1677;1733;-56;10:54:52.454339
1661;1685;-24;10:54:52.454339
1643;1648;-5;10:54:52.454339
1622;1632;-10;10:54:52.454339
1583;1616;-33;10:54:52.454339
1546;1636;-90;10:54:52.454339
1523;1656;-133;10:54:52.454339
1528;1671;-143;10:54:52.454339
1526;1679;-153;10:54:52.454339
1557;1691;-134;10:54:52.454339
1588;1712;-124;10:54:52.454339
1625;1735;-110;10:54:52.454339
1658;1790;-132;10:54:52.454339
1704;1840;-136;10:54:52.454339
1771;1895;-124;10:54:52.454339
1815;1956;-141;10:54:52.454339
1892;2021;-129;10:54:52.454339
1950;2088;-138;10:54:52.454339
1980;2143;-163;10:54:52.454339
2045;2183;-138;10:54:52.454339
2093;2233;-140;10:54:52.454339
2106;2252;-146;10:54:52.454339
2123;2262;-139;10:54:52.454339
2134;2265;-131;10:54:52.454339
2144;2251;-107;10:54:52.454339
2145;2239;-94;10:54:52.454339
2127;2224;-97;10:54:52.454339
2097;2200;-103;10:54:52.454339
2083;2178;-95;10:54:52.454339
2068;2148;-80;10:54:52.454339
2041;2110;-69;10:54:52.454339
2024;2083;-59;10:54:52.454339
1994;2040;-46;10:54:52.454339
1958;2004;-46;10:54:52.454339
1918;1970;-52;10:54:52.454339
1870;1954;-84;10:54:52.454339
1835;1931;-96;10:54:52.454339
1805;1906;-101;10:54:52.454339
1756;1883;-127;10:54:52.454339
1724;1826;-102;10:54:52.454339
1718;1805;-87;10:54:52.454339
1693;1790;-97;10:54:52.454339
1696;1759;-63;10:54:52.454339
1692;1730;-38;10:54:52.454339
1687;1721;-34;10:54:52.454339
1689;1729;-40;10:54:52.454339
1688;1751;-63;10:54:52.454339
1698;1768;-70;10:54:52.454339
1717;1817;-100;10:54:52.454339
1759;1864;-105;10:54:52.454339
1796;1923;-127;10:54:52.454339
1836;1991;-155;10:54:52.454339
1894;2050;-156;10:54:52.454339
1926;2078;-152;10:54:52.454339
1954;2115;-161;10:54:52.454339
1982;2127;-145;10:54:52.454339
2008;2134;-126;10:54:52.454339
2035;2160;-125;10:54:52.454339
2055;2159;-104;10:54:52.454339
2065;2162;-97;10:54:52.454339
2072;2144;-72;10:54:52.454339
2076;2130;-54;10:54:52.454339
2059;2099;-40;10:54:52.454339
2042;2103;-61;10:54:52.454339
2038;2088;-50;10:54:52.454339
2015;2048;-33;10:54:52.454339
1980;2029;-49;10:54:52.454339
1939;2007;-68;10:54:52.454339
1893;1965;-72;10:54:52.454339
1861;1934;-73;10:54:52.454339
1833;1888;-55;10:54:52.454339
1794;1864;-70;10:54:52.454339
1760;1826;-66;10:54:52.454339
1731;1783;-52;10:54:52.454339
1692;1745;-53;10:54:52.454339
1658;1715;-57;10:54:52.454339
1631;1690;-59;10:54:52.454339
1607;1672;-65;10:54:52.454339
1582;1665;-83;10:54:52.454339
1571;1670;-99;10:54:52.454339
1564;1674;-110;10:54:52.454339
1578;1680;-102;10:54:52.454339
1577;1676;-99;10:54:52.454339
1586;1679;-93;10:54:52.454339
1586;1679;-93;10:54:52.454339
1603;1673;-70;10:54:52.454339
1619;1685;-66;10:54:52.454339
1634;1708;-74;10:54:52.454339
1637;1730;-93;10:54:52.454339
1658;1774;-116;10:54:52.454339
1677;1803;-126;10:54:52.454339
1676;1850;-174;10:54:52.454339
1685;1897;-212;10:54:52.454339
1736;1921;-185;10:54:52.454339
1766;1960;-194;10:54:52.454339
1785;1988;-203;10:54:52.454339
1820;2003;-183;10:54:52.454339
1837;2016;-179;10:54:52.454339
1863;2011;-148;10:54:52.454339
1878;1999;-121;10:54:52.454339
1851;1993;-142;10:54:52.454339
1830;1956;-126;10:54:52.454339
1820;1938;-118;10:54:52.454339
1791;1896;-105;10:54:52.454339
1766;1879;-113;10:54:52.454339
1740;1842;-102;10:54:52.454339
1711;1813;-102;10:54:52.454339
1686;1782;-96;10:54:52.454339
1655;1765;-110;10:54:52.454339
1623;1745;-122;10:54:52.454339
1615;1729;-114;10:54:52.454339
1598;1719;-121;10:54:52.454339
1586;1719;-133;10:54:52.454339
1593;1715;-122;10:54:52.454339
1617;1713;-96;10:54:52.454339
1630;1724;-94;10:54:52.454339
1645;1732;-87;10:54:52.454339
1663;1742;-79;10:54:52.454339
1681;1769;-88;10:54:52.454339
1714;1796;-82;10:54:52.454339
1751;1831;-80;10:54:52.454339
1763;1879;-116;10:54:52.454339
1790;1913;-123;10:54:52.454339
1822;1951;-129;10:54:52.454339
1844;1988;-144;10:54:52.454339
1853;2009;-156;10:54:52.454339
1866;2019;-153;10:54:52.454339
1871;2019;-148;10:54:52.454339
1865;2014;-149;10:54:52.454339
1861;2002;-141;10:54:52.454339
1860;1991;-131;10:54:52.454339
1839;1978;-139;10:54:52.454339
1830;1941;-111;10:54:52.454339
1815;1928;-113;10:54:52.454339
1810;1925;-115;10:54:52.454339
1801;1906;-105;10:54:52.454339
1784;1900;-116;10:54:52.454339
1756;1891;-135;10:54:52.454339
1742;1870;-128;10:54:52.454339
1719;1845;-126;10:54:52.454339
1707;1817;-110;10:54:52.454339
1670;1767;-97;10:54:52.454339
1643;1735;-92;10:54:52.454339
1610;1690;-80;10:54:52.454339
1566;1649;-83;10:54:52.454339
1553;1629;-76;10:54:52.454339
1543;1606;-63;10:54:52.454339
1529;1596;-67;10:54:52.454339
1525;1583;-58;10:54:52.454339
1523;1584;-61;10:54:52.454339
1521;1580;-59;10:54:52.454339
1511;1602;-91;10:54:52.454339
1509;1633;-124;10:54:52.454339
1515;1669;-154;10:54:52.454339
1507;1705;-198;10:54:52.454339
1526;1752;-226;10:54:52.454339
1544;1780;-236;10:54:52.454339
1591;1795;-204;10:54:52.454339
1621;1812;-191;10:54:52.454339
1667;1823;-156;10:54:52.454339
1682;1849;-167;10:54:52.454339
1696;1867;-171;10:54:52.454339
1730;1878;-148;10:54:52.454339
1760;1901;-141;10:54:52.454339
1772;1906;-134;10:54:52.454339
1779;1915;-136;10:54:52.454339
1768;1914;-146;10:54:52.454339
1768;1909;-141;10:54:52.454339
1760;1896;-136;10:54:52.454339
1747;1890;-143;10:54:52.454339
1729;1865;-136;10:54:52.454339
1714;1844;-130;10:54:52.454339
1714;1830;-116;10:54:52.454339
1699;1798;-99;10:54:52.454339
1675;1774;-99;10:54:52.454339
1651;1740;-89;10:54:52.454339
1614;1719;-105;10:54:52.505457
1613;1727;-114;10:54:52.505457
1632;1742;-110;10:54:52.505457
1644;1741;-97;10:54:52.505457
1660;1765;-105;10:54:52.505457
1677;1776;-99;10:54:52.505457
1712;1805;-93;10:54:52.505457
1737;1837;-100;10:54:52.505457
1765;1858;-93;10:54:52.505457
1770;1884;-114;10:54:52.505457
1800;1921;-121;10:54:52.505457
1834;1949;-115;10:54:52.505457
1856;1995;-139;10:54:52.505457
1875;2008;-133;10:54:52.505457
1884;2028;-144;10:54:52.505457
1904;2048;-144;10:54:52.505457
1936;2062;-126;10:54:52.505457
1957;2063;-106;10:54:52.505457
1981;2091;-110;10:54:52.505457
2007;2112;-105;10:54:52.505457
2025;2126;-101;10:54:52.505457
2041;2141;-100;10:54:52.505457
2057;2159;-102;10:54:52.505457
2050;2161;-111;10:54:52.505457
2038;2169;-131;10:54:52.505457
2037;2141;-104;10:54:52.505457
2018;2121;-103;10:54:52.505457
1998;2100;-102;10:54:52.505457
1981;2076;-95;10:54:52.505457
1955;2027;-72;10:54:52.505457
1931;1995;-64;10:54:52.505457
1900;1962;-62;10:54:52.505457
1861;1935;-74;10:54:52.505457
1821;1903;-82;10:54:52.505457
1800;1875;-75;10:54:52.505457
1768;1864;-96;10:54:52.505457
1754;1852;-98;10:54:52.505457
1752;1830;-78;10:54:52.505457
1739;1816;-77;10:54:52.505457
1724;1811;-87;10:54:52.505457
1715;1801;-86;10:54:52.505457
1705;1799;-94;10:54:52.505457
1717;1807;-90;10:54:52.505457
1741;1828;-87;10:54:52.505457
1761;1864;-103;10:54:52.505457
1798;1893;-95;10:54:52.505457
1812;1922;-110;10:54:52.505457
1844;1954;-110;10:54:52.505457
1873;1974;-101;10:54:52.505457
1896;2007;-111;10:54:52.505457
1915;2028;-113;10:54:52.505457
1945;2056;-111;10:54:52.505457
1985;2086;-101;10:54:52.505457
2000;2097;-97;10:54:52.505457
2020;2111;-91;10:54:52.505457
2023;2108;-85;10:54:52.505457
2017;2113;-96;10:54:52.505457
2015;2093;-78;10:54:52.505457
1997;2081;-84;10:54:52.505457
1988;2077;-89;10:54:52.505457
1982;2066;-84;10:54:52.505457
1967;2048;-81;10:54:52.505457
1948;2025;-77;10:54:52.505457
1930;2016;-86;10:54:52.505457
1914;1996;-82;10:54:52.505457
1877;1964;-87;10:54:52.505457
1849;1937;-88;10:54:52.505457
1824;1897;-73;10:54:52.505457
1805;1860;-55;10:54:52.505457
1769;1836;-67;10:54:52.505457
1734;1793;-59;10:54:52.505457
1698;1767;-69;10:54:52.505457
1666;1718;-52;10:54:52.505457
1625;1678;-53;10:54:52.505457
1592;1648;-56;10:54:52.505457
1564;1627;-63;10:54:52.505457
1539;1620;-81;10:54:52.505457
1543;1630;-87;10:54:52.505457
1547;1641;-94;10:54:52.505457
1558;1656;-98;10:54:52.505457
1567;1672;-105;10:54:52.505457
1596;1694;-98;10:54:52.505457
1617;1721;-104;10:54:52.505457
1627;1750;-123;10:54:52.505457
1648;1788;-140;10:54:52.505457
1676;1827;-151;10:54:52.505457
1701;1869;-168;10:54:52.505457
1721;1909;-188;10:54:52.505457
1744;1926;-182;10:54:52.505457
1764;1939;-175;10:54:52.505457
1783;1950;-167;10:54:52.505457
1800;1962;-162;10:54:52.505457
1822;1978;-156;10:54:52.505457
1828;1985;-157;10:54:52.505457
1832;1990;-158;10:54:52.505457
1827;1980;-153;10:54:52.505457
1808;1970;-162;10:54:52.505457
1792;1946;-154;10:54:52.505457
1779;1926;-147;10:54:52.505457
1769;1900;-131;10:54:52.505457
1762;1882;-120;10:54:52.505457
1752;1862;-110;10:54:52.505457
1730;1844;-114;10:54:52.505457
1722;1813;-91;10:54:52.505457
1714;1797;-83;10:54:52.505457
1704;1775;-71;10:54:52.505457
1701;1776;-75;10:54:52.505457
1685;1765;-80;10:54:52.505457
1681;1773;-92;10:54:52.505457
1683;1785;-102;10:54:52.505457
1694;1785;-91;10:54:52.505457
1697;1787;-90;10:54:52.505457
1690;1797;-107;10:54:52.505457
1690;1790;-100;10:54:52.505457
1692;1790;-98;10:54:52.505457
1703;1796;-93;10:54:52.505457
1699;1812;-113;10:54:52.505457
1708;1832;-124;10:54:52.505457
1721;1856;-135;10:54:52.505457
1747;1880;-133;10:54:52.505457
1761;1904;-143;10:54:52.505457
1788;1932;-144;10:54:52.505457
1811;1935;-124;10:54:52.505457
1819;1943;-124;10:54:52.505457
1825;1950;-125;10:54:52.505457
1829;1954;-125;10:54:52.505457
1840;1962;-122;10:54:52.505457
1846;1979;-133;10:54:52.505457
1848;1975;-127;10:54:52.505457
1847;1982;-135;10:54:52.505457
1828;1969;-141;10:54:52.505457
1813;1955;-142;10:54:52.505457
1796;1937;-141;10:54:52.505457
1781;1908;-127;10:54:52.505457
1752;1876;-124;10:54:52.505457
1730;1847;-117;10:54:52.505457
1709;1813;-104;10:54:52.505457
1685;1778;-93;10:54:52.505457
1653;1730;-77;10:54:52.505457
1617;1689;-72;10:54:52.505457
1582;1664;-82;10:54:52.505457
1544;1627;-83;10:54:52.505457
1517;1608;-91;10:54:52.505457
1490;1593;-103;10:54:52.505457
1473;1577;-104;10:54:52.505457
1459;1574;-115;10:54:52.505457
1442;1565;-123;10:54:52.505457
1439;1562;-123;10:54:52.505457
1445;1568;-123;10:54:52.505457
1455;1584;-129;10:54:52.505457
1461;1605;-144;10:54:52.505457
1487;1638;-151;10:54:52.505457
1511;1665;-154;10:54:52.505457
1544;1699;-155;10:54:52.505457
1574;1730;-156;10:54:52.505457
1603;1752;-149;10:54:52.505457
1624;1775;-151;10:54:52.505457
1637;1806;-169;10:54:52.505457
1667;1839;-172;10:54:52.505457
1696;1868;-172;10:54:52.505457
1725;1890;-165;10:54:52.505457
1746;1918;-172;10:54:52.505457
1767;1926;-159;10:54:52.505457
1787;1941;-154;10:54:52.505457
1803;1942;-139;10:54:52.505457
1802;1937;-135;10:54:52.505457
1798;1948;-150;10:54:52.505457
1800;1941;-141;10:54:52.505457
1795;1936;-141;10:54:52.505457
1799;1933;-134;10:54:52.505457
1784;1913;-129;10:54:52.505457
1770;1897;-127;10:54:52.505457
1755;1861;-106;10:54:52.505457
1735;1835;-100;10:54:52.505457
1728;1810;-82;10:54:52.505457
1720;1795;-75;10:54:52.505457
1706;1773;-67;10:54:52.505457
1710;1770;-60;10:54:52.505457
1700;1766;-66;10:54:52.505457
1695;1767;-72;10:54:52.505457
1692;1782;-90;10:54:52.505457
1698;1794;-96;10:54:52.505457
1720;1825;-105;10:54:52.505457
1739;1861;-122;10:54:52.505457
1765;1898;-133;10:54:52.505457
1806;1941;-135;10:54:52.505457
1853;1982;-129;10:54:52.505457
1883;2019;-136;10:54:52.505457
1906;2040;-134;10:54:52.505457
1939;2055;-116;10:54:52.505457
1960;2067;-107;10:54:52.505457
1978;2079;-101;10:54:52.505457
1994;2099;-105;10:54:52.505457
2005;2119;-114;10:54:52.505457
2008;2132;-124;10:54:52.505457
2006;2141;-135;10:54:52.505457
2019;2137;-118;10:54:52.505457
2026;2135;-109;10:54:52.505457
2028;2120;-92;10:54:52.505457
2030;2108;-78;10:54:52.505457
2017;2096;-79;10:54:52.505457
2005;2076;-71;10:54:52.505457
1987;2055;-68;10:54:52.505457
1955;2032;-77;10:54:52.505457
1913;2003;-90;10:54:52.505457
1882;1986;-104;10:54:52.505457
1856;1950;-94;10:54:52.505457
1826;1931;-105;10:54:52.505457
1810;1909;-99;10:54:52.505457
1797;1900;-103;10:54:52.505457
1788;1883;-95;10:54:52.505457
1784;1869;-85;10:54:52.505457
1779;1859;-80;10:54:52.505457
1776;1842;-66;10:54:52.505457
1766;1837;-71;10:54:52.505457
1755;1831;-76;10:54:52.505457
1747;1828;-81;10:54:52.505457
1746;1837;-91;10:54:52.505457
1749;1855;-106;10:54:52.505457
1767;1854;-87;10:54:52.505457
1788;1870;-82;10:54:52.505457
1815;1885;-70;10:54:52.505457
1846;1907;-61;10:54:52.505457
1872;1938;-66;10:54:52.505457
1897;1977;-80;10:54:52.505457
1921;2018;-97;10:54:52.505457
1934;2053;-119;10:54:52.505457
1949;2079;-130;10:54:52.505457
1958;2088;-130;10:54:52.505457
1964;2089;-125;10:54:52.505457
1971;2083;-112;10:54:52.505457
1964;2065;-101;10:54:52.505457
1959;2054;-95;10:54:52.505457
1951;2034;-83;10:54:52.505457
1941;2013;-72;10:54:52.505457
1927;1998;-71;10:54:52.505457
1910;1971;-61;10:54:52.505457
1884;1946;-62;10:54:52.505457
1856;1930;-74;10:54:52.505457
1823;1900;-77;10:54:52.505457
1790;1877;-87;10:54:52.505457
1764;1852;-88;10:54:52.505457
1731;1828;-97;10:54:52.505457
1706;1805;-99;10:54:52.505457
1687;1777;-90;10:54:52.505457
1662;1739;-77;10:54:52.505457
1651;1717;-66;10:54:52.505457
1637;1695;-58;10:54:52.505457
1623;1690;-67;10:54:52.505457
1613;1684;-71;10:54:52.505457
1614;1686;-72;10:54:52.505457
1619;1694;-75;10:54:52.505457
1613;1703;-90;10:54:52.505457
1616;1716;-100;10:54:52.505457
1618;1731;-113;10:54:52.505457
1646;1776;-130;10:54:52.525263
1660;1799;-139;10:54:52.525263
1681;1836;-155;10:54:52.525263
1710;1867;-157;10:54:52.525263
1741;1892;-151;10:54:52.525263
1761;1916;-155;10:54:52.525263
1788;1934;-146;10:54:52.525263
1804;1941;-137;10:54:52.525263
1811;1951;-140;10:54:52.525263
1814;1962;-148;10:54:52.525263
1814;1968;-154;10:54:52.525263
1816;1972;-156;10:54:52.525263
1826;1980;-154;10:54:52.525263
1820;1972;-152;10:54:52.525263
1825;1964;-139;10:54:52.525263
1825;1958;-133;10:54:52.525263
1809;1946;-137;10:54:52.525263
1798;1926;-128;10:54:52.525263
1788;1907;-119;10:54:52.525263
1779;1891;-112;10:54:52.525263
1771;1869;-98;10:54:52.525263
1756;1842;-86;10:54:52.525263
1736;1813;-77;10:54:52.525263
1718;1788;-70;10:54:52.525263
1695;1764;-69;10:54:52.525263
1671;1748;-77;10:54:52.525263
1651;1737;-86;10:54:52.525263
1649;1743;-94;10:54:52.525263
1650;1744;-94;10:54:52.525263
1652;1755;-103;10:54:52.525263
1664;1772;-108;10:54:52.525263
1677;1779;-102;10:54:52.525263
1685;1791;-106;10:54:52.525263
1690;1804;-114;10:54:52.525263
1685;1819;-134;10:54:52.525263
1692;1842;-150;10:54:52.525263
1704;1864;-160;10:54:52.525263
1721;1880;-159;10:54:52.525263
1741;1896;-155;10:54:52.525263
1765;1901;-136;10:54:52.525263
1785;1911;-126;10:54:52.525263
1795;1914;-119;10:54:52.525263
1801;1922;-121;10:54:52.525263
1803;1921;-118;10:54:52.525263
1805;1924;-119;10:54:52.525263
1801;1919;-118;10:54:52.525263
1788;1904;-116;10:54:52.525263
1766;1898;-132;10:54:52.525263
1754;1880;-126;10:54:52.525263
1734;1850;-116;10:54:52.525263
1706;1829;-123;10:54:52.525263
1680;1800;-120;10:54:52.525263
1654;1780;-126;10:54:52.525263
1630;1754;-124;10:54:52.525263
1612;1733;-121;10:54:52.525263
1589;1708;-119;10:54:52.525263
1567;1686;-119;10:54:52.525263
1543;1668;-125;10:54:52.525263
1526;1654;-128;10:54:52.525263
1508;1639;-131;10:54:52.525263
1500;1634;-134;10:54:52.525263
1503;1632;-129;10:54:52.525263
1513;1630;-117;10:54:52.525263
1512;1631;-119;10:54:52.525263
1529;1644;-115;10:54:52.525263
1541;1649;-108;10:54:52.525263
1553;1660;-107;10:54:52.525263
1567;1679;-112;10:54:52.525263
1582;1707;-125;10:54:52.525263
1588;1728;-140;10:54:52.525263
1612;1755;-143;10:54:52.525263
1637;1780;-143;10:54:52.525263
1649;1797;-148;10:54:52.525263
1665;1815;-150;10:54:52.525263
1689;1833;-144;10:54:52.525263
1712;1846;-134;10:54:52.525263
1737;1868;-131;10:54:52.525263
1754;1892;-138;10:54:52.525263
1766;1909;-143;10:54:52.525263
1777;1928;-151;10:54:52.525263
1782;1945;-163;10:54:52.525263
1772;1944;-172;10:54:52.525263
1780;1943;-163;10:54:52.525263
1770;1933;-163;10:54:52.525263
1761;1926;-165;10:54:52.525263
1761;1909;-148;10:54:52.525263
1759;1896;-137;10:54:52.525263
1763;1882;-119;10:54:52.525263
1762;1873;-111;10:54:52.525263
1754;1862;-108;10:54:52.525263
1747;1854;-107;10:54:52.525263
1742;1846;-104;10:54:52.525263
1747;1838;-91;10:54:52.525263
1746;1838;-92;10:54:52.525263
1748;1842;-94;10:54:52.525263
1753;1845;-92;10:54:52.525263
1758;1840;-82;10:54:52.525263
1772;1840;-68;10:54:52.525263
1784;1845;-61;10:54:52.525263
1786;1854;-68;10:54:52.525263
1788;1876;-88;10:54:52.525263
1791;1895;-104;10:54:52.525263
1806;1915;-109;10:54:52.525263
1824;1944;-120;10:54:52.525263
1848;1958;-110;10:54:52.525263
1860;1977;-117;10:54:52.525263
1877;1999;-122;10:54:52.525263
1897;2012;-115;10:54:52.525263
1906;2017;-111;10:54:52.525263
1914;2038;-124;10:54:52.525263
1915;2046;-131;10:54:52.525263
1919;2059;-140;10:54:52.525263
1928;2068;-140;10:54:52.525263
1941;2076;-135;10:54:52.525263
1949;2077;-128;10:54:52.525263
1955;2087;-132;10:54:52.525263
1955;2078;-123;10:54:52.525263
1954;2075;-121;10:54:52.525263
1953;2060;-107;10:54:52.525263
1954;2050;-96;10:54:52.525263
1950;2032;-82;10:54:52.525263
1942;2023;-81;10:54:52.525263
1933;1999;-66;10:54:52.525263
1919;1978;-59;10:54:52.525263
1904;1964;-60;10:54:52.525263
1883;1948;-65;10:54:52.525263
1862;1929;-67;10:54:52.525263
1845;1922;-77;10:54:52.525263
1833;1898;-65;10:54:52.525263
1815;1886;-71;10:54:52.525263
1809;1876;-67;10:54:52.525263
1796;1868;-72;10:54:52.525263
1786;1853;-67;10:54:52.525263
1778;1847;-69;10:54:52.525263
1767;1848;-81;10:54:52.525263
1773;1851;-78;10:54:52.525263
1776;1861;-85;10:54:52.525263
1784;1871;-87;10:54:52.525263
1804;1891;-87;10:54:52.525263
1816;1909;-93;10:54:52.525263
1844;1930;-86;10:54:52.525263
1867;1954;-87;10:54:52.525263
1879;1976;-97;10:54:52.525263
1903;2001;-98;10:54:52.525263
1919;2027;-108;10:54:52.525263
1934;2042;-108;10:54:52.525263
1951;2062;-111;10:54:52.525263
1967;2075;-108;10:54:52.525263
1979;2069;-90;10:54:52.525263
1977;2066;-89;10:54:52.525263
1978;2064;-86;10:54:52.525263
1969;2050;-81;10:54:52.525263
1959;2029;-70;10:54:52.525263
1948;2022;-74;10:54:52.525263
1920;2004;-84;10:54:52.525263
1892;1975;-83;10:54:52.525263
1865;1950;-85;10:54:52.525263
1831;1918;-87;10:54:52.525263
1794;1891;-97;10:54:52.525263
1767;1852;-85;10:54:52.525263
1734;1811;-77;10:54:52.525263
1703;1776;-73;10:54:52.525263
1676;1741;-65;10:54:52.525263
1651;1711;-60;10:54:52.525263
1622;1694;-72;10:54:52.525263
1604;1679;-75;10:54:52.525263
1585;1671;-86;10:54:52.525263
1574;1673;-99;10:54:52.525263
1573;1675;-102;10:54:52.525263
1574;1683;-109;10:54:52.525263
1586;1697;-111;10:54:52.525263
1595;1705;-110;10:54:52.525263
1610;1723;-113;10:54:52.525263
1625;1740;-115;10:54:52.525263
1646;1758;-112;10:54:52.525263
1660;1783;-123;10:54:52.525263
1676;1808;-132;10:54:52.525263
1697;1840;-143;10:54:52.525263
1723;1873;-150;10:54:52.525263
1753;1904;-151;10:54:52.525263
1775;1938;-163;10:54:52.525263
1800;1959;-159;10:54:52.525263
1821;1983;-162;10:54:52.525263
1841;1994;-153;10:54:52.525263
1854;1996;-142;10:54:52.525263
1861;1992;-131;10:54:52.525263
1861;1987;-126;10:54:52.525263
1853;1972;-119;10:54:52.525263
1843;1960;-117;10:54:52.525263
1825;1943;-118;10:54:52.525263
1810;1919;-109;10:54:52.525263
1791;1895;-104;10:54:52.525263
1777;1874;-97;10:54:52.525263
1758;1852;-94;10:54:52.525263
1745;1832;-87;10:54:52.525263
1736;1819;-83;10:54:52.525263
1722;1808;-86;10:54:52.525263
1702;1797;-95;10:54:52.525263
1689;1792;-103;10:54:52.525263
1672;1788;-116;10:54:52.525263
1656;1775;-119;10:54:52.525263
1648;1767;-119;10:54:52.525263
1639;1763;-124;10:54:52.525263
1641;1766;-125;10:54:52.525263
1649;1766;-117;10:54:52.525263
1665;1774;-109;10:54:52.525263
1683;1779;-96;10:54:52.525263
1699;1788;-89;10:54:52.525263
1717;1799;-82;10:54:52.525263
1727;1820;-93;10:54:52.525263
1733;1839;-106;10:54:52.525263
1743;1858;-115;10:54:52.525263
1749;1876;-127;10:54:52.525263
1748;1887;-139;10:54:52.525263
1746;1892;-146;10:54:52.525263
1753;1892;-139;10:54:52.525263
1749;1888;-139;10:54:52.525263
1749;1884;-135;10:54:52.525263
1750;1879;-129;10:54:52.525263
1746;1868;-122;10:54:52.525263
1739;1861;-122;10:54:52.525263
1728;1853;-125;10:54:52.525263
1717;1834;-117;10:54:52.525263
1705;1824;-119;10:54:52.525263
1688;1803;-115;10:54:52.525263
1671;1781;-110;10:54:52.525263
1644;1765;-121;10:54:52.525263
1629;1748;-119;10:54:52.525263
1610;1735;-125;10:54:52.525263
1589;1716;-127;10:54:52.525263
1570;1706;-136;10:54:52.525263
1562;1684;-122;10:54:52.525263
1556;1682;-126;10:54:52.525263
1556;1671;-115;10:54:52.525263
1555;1670;-115;10:54:52.525263
1557;1671;-114;10:54:52.525263
1558;1671;-113;10:54:52.525263
1563;1677;-114;10:54:52.525263
1574;1685;-111;10:54:52.525263
1581;1699;-118;10:54:52.525263
1594;1718;-124;10:54:52.525263
1613;1736;-123;10:54:52.525263
1629;1759;-130;10:54:52.525263
1648;1775;-127;10:54:52.525263
1664;1801;-137;10:54:52.525263
1687;1821;-134;10:54:52.525263
1699;1835;-136;10:54:52.525263
1714;1846;-132;10:54:52.525263
1732;1856;-124;10:54:52.525263
1739;1868;-129;10:54:52.525263
1741;1874;-133;10:54:52.525263
1741;1885;-144;10:54:52.525263
1745;1889;-144;10:54:52.525263
1750;1899;-149;10:54:52.525263
1761;1908;-147;10:54:52.525263
1775;1923;-148;10:54:52.525263
1789;1931;-142;10:54:52.525263
1796;1929;-133;10:54:52.525263
1802;1928;-126;10:54:52.525263
1805;1922;-117;10:54:52.525263
1798;1918;-120;10:54:52.525263
1795;1909;-114;10:54:52.525263
1788;1901;-113;10:54:52.525263
1788;1895;-107;10:54:52.525263
1784;1887;-103;10:54:52.525263
1782;1883;-101;10:54:52.525263
1786;1875;-89;10:54:52.525263
1785;1875;-90;10:54:52.525263
1787;1874;-87;10:54:52.525263
1793;1870;-77;10:54:52.525263
1798;1877;-79;10:54:52.525263
1804;1883;-79;10:54:52.525263
1809;1889;-80;10:54:52.525263
1812;1900;-88;10:54:52.525263
1807;1910;-103;10:54:52.525263
1806;1919;-113;10:54:52.525263
1811;1933;-122;10:54:52.525263
1820;1945;-125;10:54:52.525263
1832;1956;-124;10:54:52.525263
1848;1973;-125;10:54:52.525263
1867;1991;-124;10:54:52.525263
1891;2011;-120;10:54:52.525263
1905;2029;-124;10:54:52.525263
1922;2041;-119;10:54:52.525263
1933;2059;-126;10:54:52.525263
1941;2069;-128;10:54:52.525263
1949;2074;-125;10:54:52.525263
1957;2081;-124;10:54:52.525263
1961;2083;-122;10:54:52.525263
1973;2081;-108;10:54:52.525263
1983;2074;-91;10:54:52.525263
1977;2069;-92;10:54:52.525263
1975;2055;-80;10:54:52.525263
1965;2044;-79;10:54:52.525263
1947;2032;-85;10:54:52.525263
1932;2017;-85;10:54:52.525263
1915;2000;-85;10:54:52.525263
1890;1976;-86;10:54:52.525263
1873;1950;-77;10:54:52.525263
1851;1925;-74;10:54:52.525263
1830;1897;-67;10:54:52.525263
1811;1881;-70;10:54:52.525263
1795;1861;-66;10:54:52.525263
1789;1850;-61;10:54:52.525263
1776;1841;-65;10:54:52.525263
1772;1841;-69;10:54:52.525263
1773;1833;-60;10:54:52.525263
1773;1835;-62;10:54:52.525263
1775;1841;-66;10:54:52.525263
1776;1848;-72;10:54:52.525263
1777;1854;-77;10:54:52.525263
1781;1867;-86;10:54:52.525263
1789;1891;-102;10:54:52.525263
1810;1912;-102;10:54:52.525263
1826;1937;-111;10:54:52.525263
1852;1956;-104;10:54:52.525263
1872;1980;-108;10:54:52.525263
1889;1999;-110;10:54:52.525263
1907;2020;-113;10:54:52.525263
1915;2033;-118;10:54:52.525263
1920;2041;-121;10:54:52.525263
1924;2047;-123;10:54:52.525263
1932;2048;-116;10:54:52.525263
1933;2032;-99;10:54:52.525263
1925;2024;-99;10:54:52.525263
1917;2010;-93;10:54:52.525263
1897;1991;-94;10:54:52.525263
1874;1965;-91;10:54:52.525263
1850;1939;-89;10:54:52.525263
1838;1921;-83;10:54:52.525263
1818;1894;-76;10:54:52.525263
1790;1863;-73;10:54:52.525263
1764;1831;-67;10:54:52.525263
1732;1802;-70;10:54:52.525263
1699;1777;-78;10:54:52.525263
1669;1747;-78;10:54:52.525263
1638;1724;-86;10:54:52.525263
1609;1710;-101;10:54:52.525263
1596;1699;-103;10:54:52.525263
1590;1694;-104;10:54:52.525263
1585;1687;-102;10:54:52.525263
1578;1690;-112;10:54:52.525263
1580;1696;-116;10:54:52.525263
1579;1705;-126;10:54:52.525263
1592;1720;-128;10:54:52.525263
1614;1735;-121;10:54:52.525263
1631;1761;-130;10:54:52.525263
1644;1780;-136;10:54:52.525263
1664;1793;-129;10:54:52.525263
1682;1818;-136;10:54:52.525263
1694;1840;-146;10:54:52.525263
1711;1861;-150;10:54:52.525263
1728;1881;-153;10:54:52.525263
1748;1897;-149;10:54:52.525263
1770;1915;-145;10:54:52.525263
1789;1937;-148;10:54:52.525263
1817;1951;-134;10:54:52.525263
1830;1964;-134;10:54:52.525263
1836;1971;-135;10:54:52.525263
1837;1971;-134;10:54:52.525263
1836;1973;-137;10:54:52.525263
1838;1971;-133;10:54:52.525263
1838;1964;-126;10:54:52.525263
1831;1952;-121;10:54:52.525263
1830;1946;-116;10:54:52.525263
1821;1928;-107;10:54:52.525263
1819;1914;-95;10:54:52.525263
1794;1894;-100;10:54:52.525263
1774;1876;-102;10:54:52.525263
1753;1854;-101;10:54:52.525263
1737;1836;-99;10:54:52.525263
1720;1819;-99;10:54:52.525263
1707;1804;-97;10:54:52.525263
1691;1790;-99;10:54:52.525263
1674;1777;-103;10:54:52.525263
1662;1762;-100;10:54:52.525263
1650;1749;-99;10:54:52.525263
1643;1745;-102;10:54:52.525263
1640;1746;-106;10:54:52.525263
1640;1752;-112;10:54:52.525263
1645;1761;-116;10:54:52.525263
1652;1773;-121;10:54:52.525263
1658;1784;-126;10:54:52.525263
1667;1794;-127;10:54:52.525263
1673;1801;-128;10:54:52.525263
1678;1809;-131;10:54:52.525263
1688;1817;-129;10:54:52.525263
1703;1826;-123;10:54:52.525263
1716;1840;-124;10:54:52.525263
1726;1850;-124;10:54:52.525263
1728;1856;-128;10:54:52.525263
1730;1866;-136;10:54:52.525263
1725;1866;-141;10:54:52.525263
1720;1867;-147;10:54:52.525263
1716;1868;-152;10:54:52.525263
1710;1867;-157;10:54:52.525263
1704;1857;-153;10:54:52.525263
1694;1841;-147;10:54:52.525263
1681;1821;-140;10:54:52.525263
1666;1803;-137;10:54:52.525263
1642;1773;-131;10:54:52.525263
1624;1748;-124;10:54:52.525263
1611;1729;-118;10:54:52.525263
1600;1711;-111;10:54:52.525263
1593;1706;-113;10:54:52.525263
1584;1698;-114;10:54:52.525263
1579;1689;-110;10:54:52.525263
1571;1682;-111;10:54:52.525263
1565;1687;-122;10:54:52.525263
1562;1682;-120;10:54:52.525263
1560;1688;-128;10:54:52.525263
1567;1698;-131;10:54:52.525263
1570;1705;-135;10:54:52.525263
1580;1712;-132;10:54:52.525263
1596;1727;-131;10:54:52.525263
1607;1741;-134;10:54:52.525263
1621;1754;-133;10:54:52.525263
1632;1769;-137;10:54:52.525263
1648;1778;-130;10:54:52.525263
1665;1798;-133;10:54:52.525263
1689;1824;-135;10:54:52.525263
1710;1844;-134;10:54:52.525263
1728;1863;-135;10:54:52.525263
1747;1887;-140;10:54:52.525263
1763;1900;-137;10:54:52.525263
1770;1913;-143;10:54:52.525263
1779;1924;-145;10:54:52.525263
1790;1932;-142;10:54:52.525263
1804;1942;-138;10:54:52.525263
1816;1945;-129;10:54:52.525263
1819;1949;-130;10:54:52.525263
1819;1949;-130;10:54:52.525263
1819;1951;-132;10:54:52.525263
1817;1938;-121;10:54:52.525263
1814;1934;-120;10:54:52.525263
1809;1929;-120;10:54:52.525263
1809;1925;-116;10:54:52.525263
1813;1924;-111;10:54:52.525263
1820;1920;-100;10:54:52.525263
1819;1913;-94;10:54:52.525263
1816;1907;-91;10:54:52.525263
1812;1909;-97;10:54:52.525263
1803;1900;-97;10:54:52.525263
1796;1894;-98;10:54:52.525263
1793;1895;-102;10:54:52.525263
1796;1906;-110;10:54:52.525263
1806;1907;-101;10:54:52.525263
1816;1915;-99;10:54:52.525263
1821;1921;-100;10:54:52.525263
1830;1928;-98;10:54:52.525263
1840;1940;-100;10:54:52.525263
1846;1948;-102;10:54:52.525263
1851;1961;-110;10:54:52.525263
1867;1982;-115;10:54:52.525263
1879;2000;-121;10:54:52.525263
1888;2014;-126;10:54:52.525263
1901;2027;-126;10:54:52.525263
1905;2037;-132;10:54:52.525263
1914;2041;-127;10:54:52.525263
1922;2045;-123;10:54:52.525263
1922;2042;-120;10:54:52.525263
1928;2044;-116;10:54:52.525263
1928;2051;-123;10:54:52.525263
1931;2042;-111;10:54:52.525263
1935;2031;-96;10:54:52.525263
1928;2035;-107;10:54:52.525263
1920;2022;-102;10:54:52.525263
1910;2010;-100;10:54:52.525263
1895;1995;-100;10:54:52.525263
1880;1982;-102;10:54:52.525263
1876;1967;-91;10:54:52.525263
1872;1959;-87;10:54:52.525263
1860;1941;-81;10:54:52.525263
1852;1924;-72;10:54:52.525263
1842;1904;-62;10:54:52.525263
1832;1889;-57;10:54:52.525263
1820;1878;-58;10:54:52.525263
1816;1871;-55;10:54:52.525263
1812;1874;-62;10:54:52.525263
1815;1880;-65;10:54:52.525263
1820;1887;-67;10:54:52.525263
1826;1897;-71;10:54:52.525263
1829;1907;-78;10:54:52.525263
1834;1913;-79;10:54:52.525263
1841;1923;-82;10:54:52.525263
1849;1931;-82;10:54:52.525263
1862;1944;-82;10:54:52.525263
1876;1958;-82;10:54:52.525263
1883;1969;-86;10:54:52.525263
1889;1977;-88;10:54:52.525263
1886;1986;-100;10:54:52.525263
1882;1986;-104;10:54:52.525263
1878;1982;-104;10:54:52.525263
1872;1981;-109;10:54:52.525263
1870;1976;-106;10:54:52.525263
1865;1974;-109;10:54:52.525263
1863;1971;-108;10:54:52.525263
1860;1961;-101;10:54:52.525263
1854;1949;-95;10:54:52.525263
1840;1939;-99;10:54:52.525263
1825;1926;-101;10:54:52.525263
1811;1909;-98;10:54:52.525263
1792;1895;-103;10:54:52.525263
1780;1886;-106;10:54:52.525263
1765;1870;-105;10:54:52.525263
1754;1854;-100;10:54:52.525263
1741;1837;-96;10:54:52.525263
1724;1813;-89;10:54:52.525263
1708;1796;-88;10:54:52.525263
1689;1775;-86;10:54:52.525263
1656;1744;-88;10:54:52.621966
1647;1736;-89;10:54:52.621966
1635;1724;-89;10:54:52.621966
1624;1721;-97;10:54:52.621966
1616;1714;-98;10:54:52.621966
1605;1711;-106;10:54:52.621966
1598;1712;-114;10:54:52.621966
1602;1716;-114;10:54:52.621966
1610;1731;-121;10:54:52.621966
1624;1750;-126;10:54:52.621966
1637;1767;-130;10:54:52.621966
1658;1793;-135;10:54:52.621966
1682;1815;-133;10:54:52.621966
1701;1836;-135;10:54:52.621966
1720;1857;-137;10:54:52.621966
1738;1879;-141;10:54:52.621966
1758;1902;-144;10:54:52.621966
1778;1919;-141;10:54:52.621966
1798;1943;-145;10:54:52.621966
1816;1959;-143;10:54:52.621966
1825;1972;-147;10:54:52.621966
1838;1976;-138;10:54:52.621966
1841;1978;-137;10:54:52.621966
1848;1977;-129;10:54:52.621966
1851;1977;-126;10:54:52.621966
1850;1974;-124;10:54:52.621966
1852;1962;-110;10:54:52.621966
1846;1953;-107;10:54:52.621966
1839;1937;-98;10:54:52.621966
1824;1916;-92;10:54:52.621966
1803;1897;-94;10:54:52.621966
1783;1875;-92;10:54:52.621966
1760;1855;-95;10:54:52.621966
1740;1840;-100;10:54:52.621966
1727;1823;-96;10:54:52.621966
1711;1807;-96;10:54:52.621966
1696;1790;-94;10:54:52.621966
1678;1771;-93;10:54:52.621966
1662;1756;-94;10:54:52.621966
1651;1745;-94;10:54:52.621966
1639;1738;-99;10:54:52.621966
1639;1736;-97;10:54:52.621966
1637;1740;-103;10:54:52.621966
1633;1744;-111;10:54:52.621966
1638;1756;-118;10:54:52.621966
1641;1760;-119;10:54:52.621966
1646;1766;-120;10:54:52.621966
1653;1770;-117;10:54:52.621966
1659;1781;-122;10:54:52.621966
1666;1790;-124;10:54:52.621966
1676;1810;-134;10:54:52.621966
1687;1823;-136;10:54:52.621966
1695;1831;-136;10:54:52.621966
1702;1846;-144;10:54:52.621966
1704;1850;-146;10:54:52.621966
1708;1852;-144;10:54:52.621966
1707;1852;-145;10:54:52.621966
1710;1852;-142;10:54:52.621966
1711;1851;-140;10:54:52.621966
1714;1848;-134;10:54:52.621966
1711;1842;-131;10:54:52.621966
1703;1835;-132;10:54:52.621966
1693;1824;-131;10:54:52.621966
1679;1808;-129;10:54:52.621966
1660;1789;-129;10:54:52.621966
1641;1774;-133;10:54:52.621966
1624;1757;-133;10:54:52.621966
1616;1745;-129;10:54:52.621966
1605;1728;-123;10:54:52.621966
1598;1709;-111;10:54:52.621966
1591;1696;-105;10:54:52.621966
1591;1685;-94;10:54:52.621966
1585;1679;-94;10:54:52.621966
1579;1681;-102;10:54:52.621966
1579;1688;-109;10:54:52.621966
1583;1701;-118;10:54:52.621966
1591;1718;-127;10:54:52.621966
1606;1735;-129;10:54:52.621966
1622;1749;-127;10:54:52.621966
1634;1769;-135;10:54:52.621966
1647;1786;-139;10:54:52.621966
1665;1803;-138;10:54:52.621966
1679;1821;-142;10:54:52.621966
1698;1840;-142;10:54:52.621966
1726;1861;-135;10:54:52.621966
1746;1879;-133;10:54:52.621966
1763;1893;-130;10:54:52.621966
1780;1912;-132;10:54:52.621966
1794;1923;-129;10:54:52.621966
1804;1936;-132;10:54:52.621966
1815;1945;-130;10:54:52.621966
1826;1956;-130;10:54:52.621966
1829;1967;-138;10:54:52.621966
1840;1974;-134;10:54:52.621966
1850;1975;-125;10:54:52.621966
1854;1977;-123;10:54:52.621966
1857;1976;-119;10:54:52.621966
1854;1976;-122;10:54:52.621966
1845;1968;-123;10:54:52.621966
1843;1963;-120;10:54:52.621966
1843;1960;-117;10:54:52.621966
1841;1948;-107;10:54:52.621966
1835;1935;-100;10:54:52.621966
1829;1927;-98;10:54:52.621966
1827;1911;-84;10:54:52.621966
1820;1904;-84;10:54:52.621966
1808;1899;-91;10:54:52.621966
1808;1898;-90;10:54:52.621966
1807;1903;-96;10:54:52.621966
1806;1909;-103;10:54:52.621966
1810;1915;-105;10:54:52.621966
1815;1922;-107;10:54:52.621966
1819;1929;-110;10:54:52.621966
1830;1938;-108;10:54:52.621966
1836;1947;-111;10:54:52.621966
1848;1958;-110;10:54:52.621966
1860;1973;-113;10:54:52.621966
1875;1986;-111;10:54:52.621966
1891;1995;-104;10:54:52.621966
1902;2005;-103;10:54:52.621966
1914;2015;-101;10:54:52.621966
1917;2023;-106;10:54:52.621966
1922;2030;-108;10:54:52.621966
1928;2033;-105;10:54:52.621966
1928;2039;-111;10:54:52.621966
1927;2039;-112;10:54:52.621966
1933;2041;-108;10:54:52.621966
1925;2035;-110;10:54:52.621966
1919;2023;-104;10:54:52.621966
1911;2016;-105;10:54:52.621966
1898;2006;-108;10:54:52.621966
1887;1990;-103;10:54:52.621966
1878;1978;-100;10:54:52.621966
1873;1964;-91;10:54:52.621966
1866;1950;-84;10:54:52.621966
1858;1934;-76;10:54:52.621966
1849;1923;-74;10:54:52.621966
1837;1912;-75;10:54:52.621966
1822;1904;-82;10:54:52.621966
1812;1894;-82;10:54:52.621966
1808;1890;-82;10:54:52.621966
1807;1885;-78;10:54:52.621966
1805;1887;-82;10:54:52.621966
1812;1885;-73;10:54:52.621966
1812;1881;-69;10:54:52.621966
1813;1878;-65;10:54:52.621966
1815;1881;-66;10:54:52.621966
1816;1880;-64;10:54:52.621966
1812;1882;-70;10:54:52.621966
1814;1892;-78;10:54:52.621966
1818;1910;-92;10:54:52.621966
1821;1921;-100;10:54:52.621966
1834;1935;-101;10:54:52.621966
1839;1950;-111;10:54:52.621966
1844;1956;-112;10:54:52.621966
1848;1962;-114;10:54:52.621966
1850;1966;-116;10:54:52.621966
1852;1963;-111;10:54:52.621966
1851;1963;-112;10:54:52.621966
1847;1955;-108;10:54:52.621966
1844;1945;-101;10:54:52.621966
1832;1933;-101;10:54:52.621966
1819;1920;-101;10:54:52.621966
1803;1907;-104;10:54:52.621966
1788;1890;-102;10:54:52.621966
1773;1875;-102;10:54:52.621966
1757;1859;-102;10:54:52.621966
1745;1845;-100;10:54:52.621966
1732;1830;-98;10:54:52.621966
1720;1815;-95;10:54:52.621966
1712;1806;-94;10:54:52.621966
1697;1791;-94;10:54:52.621966
1682;1779;-97;10:54:52.621966
1671;1772;-101;10:54:52.621966
1659;1771;-112;10:54:52.621966
1652;1764;-112;10:54:52.621966
1647;1764;-117;10:54:52.621966
1646;1760;-114;10:54:52.621966
1651;1760;-109;10:54:52.621966
1656;1763;-107;10:54:52.621966
1655;1766;-111;10:54:52.621966
1665;1771;-106;10:54:52.621966
1677;1790;-113;10:54:52.621966
1683;1805;-122;10:54:52.621966
1698;1826;-128;10:54:52.621966
1710;1848;-138;10:54:52.621966
1724;1863;-139;10:54:52.621966
1738;1875;-137;10:54:52.621966
1748;1891;-143;10:54:52.621966
1762;1904;-142;10:54:52.621966
1776;1909;-133;10:54:52.621966
1794;1921;-127;10:54:52.621966
1806;1932;-126;10:54:52.621966
1819;1939;-120;10:54:52.621966
1828;1943;-115;10:54:52.621966
1831;1953;-122;10:54:52.621966
1828;1952;-124;10:54:52.621966
1823;1956;-133;10:54:52.621966
1823;1953;-130;10:54:52.621966
1820;1944;-124;10:54:52.621966
1812;1934;-122;10:54:52.621966
1805;1923;-118;10:54:52.621966
1800;1908;-108;10:54:52.621966
1786;1891;-105;10:54:52.621966
1774;1873;-99;10:54:52.621966
1759;1859;-100;10:54:52.621966
1743;1840;-97;10:54:52.621966
1725;1823;-98;10:54:52.621966
1713;1808;-95;10:54:52.621966
1698;1793;-95;10:54:52.621966
1684;1775;-91;10:54:52.621966
1670;1759;-89;10:54:52.621966
1658;1746;-88;10:54:52.621966
1640;1736;-96;10:54:52.621966
1634;1734;-100;10:54:52.621966
1628;1734;-106;10:54:52.621966
1629;1740;-111;10:54:52.621966
1630;1746;-116;10:54:52.621966
1633;1749;-116;10:54:52.621966
1637;1757;-120;10:54:52.621966
1635;1763;-128;10:54:52.621966
1633;1765;-132;10:54:52.621966
1635;1774;-139;10:54:52.621966
1638;1784;-146;10:54:52.621966
1642;1792;-150;10:54:52.621966
1652;1799;-147;10:54:52.621966
1664;1808;-144;10:54:52.621966
1673;1813;-140;10:54:52.621966
1682;1820;-138;10:54:52.621966
1686;1828;-142;10:54:52.621966
1685;1830;-145;10:54:52.621966
1688;1832;-144;10:54:52.621966
1682;1829;-147;10:54:52.621966
1681;1820;-139;10:54:52.621966
1683;1816;-133;10:54:52.621966
1678;1809;-131;10:54:52.621966
1671;1797;-126;10:54:52.621966
1665;1785;-120;10:54:52.621966
1657;1779;-122;10:54:52.621966
1649;1770;-121;10:54:52.621966
1640;1760;-120;10:54:52.621966
1633;1754;-121;10:54:52.621966
1629;1742;-113;10:54:52.621966
1624;1731;-107;10:54:52.621966
1621;1724;-103;10:54:52.621966
1609;1717;-108;10:54:52.621966
1599;1712;-113;10:54:52.621966
1595;1711;-116;10:54:52.621966
1592;1714;-122;10:54:52.621966
1592;1717;-125;10:54:52.621966
1597;1726;-129;10:54:52.621966
1608;1734;-126;10:54:52.621966
1621;1750;-129;10:54:52.621966
1630;1762;-132;10:54:52.621966
1652;1776;-124;10:54:52.621966
1690;1815;-125;10:54:52.639887
1714;1841;-127;10:54:52.639887
1739;1867;-128;10:54:52.639887
1758;1893;-135;10:54:52.639887
1781;1914;-133;10:54:52.639887
1804;1937;-133;10:54:52.639887
1820;1958;-138;10:54:52.639887
1834;1970;-136;10:54:52.639887
1846;1983;-137;10:54:52.639887
1860;1990;-130;10:54:52.639887
1867;1996;-129;10:54:52.639887
1877;1996;-119;10:54:52.639887
1882;1995;-113;10:54:52.639887
1882;1993;-111;10:54:52.639887
1877;1985;-108;10:54:52.639887
1868;1981;-113;10:54:52.639887
1861;1971;-110;10:54:52.639887
1853;1959;-106;10:54:52.639887
1845;1948;-103;10:54:52.639887
1833;1936;-103;10:54:52.639887
1827;1926;-99;10:54:52.639887
1821;1917;-96;10:54:52.639887
1812;1905;-93;10:54:52.639887
1803;1901;-98;10:54:52.639887
1797;1894;-97;10:54:52.639887
1795;1888;-93;10:54:52.639887
1792;1892;-100;10:54:52.639887
1795;1898;-103;10:54:52.639887
1799;1896;-97;10:54:52.639887
1802;1903;-101;10:54:52.639887
1808;1911;-103;10:54:52.639887
1819;1918;-99;10:54:52.639887
1829;1929;-100;10:54:52.639887
1837;1941;-104;10:54:52.639887
1850;1958;-108;10:54:52.639887
1869;1974;-105;10:54:52.639887
1882;1986;-104;10:54:52.639887
1895;2001;-106;10:54:52.639887
1906;2014;-108;10:54:52.639887
1907;2021;-114;10:54:52.639887
1911;2031;-120;10:54:52.639887
1921;2032;-111;10:54:52.639887
1927;2033;-106;10:54:52.639887
1929;2036;-107;10:54:52.639887
1933;2032;-99;10:54:52.639887
1931;2025;-94;10:54:52.639887
1929;2020;-91;10:54:52.639887
1920;2012;-92;10:54:52.639887
1908;2001;-93;10:54:52.639887
1897;1993;-96;10:54:52.639887
1881;1979;-98;10:54:52.639887
1872;1960;-88;10:54:52.639887
1858;1948;-90;10:54:52.639887
1847;1933;-86;10:54:52.639887
1840;1920;-80;10:54:52.639887
1830;1908;-78;10:54:52.639887
1819;1896;-77;10:54:52.639887
1813;1890;-77;10:54:52.639887
1810;1889;-79;10:54:52.639887
1801;1887;-86;10:54:52.639887
1803;1886;-83;10:54:52.639887
1810;1885;-75;10:54:52.639887
1807;1878;-71;10:54:52.639887
1801;1881;-80;10:54:52.639887
1804;1880;-76;10:54:52.639887
1805;1883;-78;10:54:52.639887
1802;1882;-80;10:54:52.639887
1806;1888;-82;10:54:52.639887
1806;1891;-85;10:54:52.639887
1807;1900;-93;10:54:52.639887
1809;1908;-99;10:54:52.639887
1811;1913;-102;10:54:52.639887
1812;1919;-107;10:54:52.639887
1813;1923;-110;10:54:52.639887
1814;1922;-108;10:54:52.639887
1812;1922;-110;10:54:52.639887
1810;1924;-114;10:54:52.639887
1810;1920;-110;10:54:52.639887
1810;1912;-102;10:54:52.639887
1802;1908;-106;10:54:52.639887
1797;1902;-105;10:54:52.639887
1790;1896;-106;10:54:52.639887
1779;1890;-111;10:54:52.639887
1767;1881;-114;10:54:52.639887
1759;1869;-110;10:54:52.639887
1753;1864;-111;10:54:52.639887
1740;1847;-107;10:54:52.639887
1729;1833;-104;10:54:52.639887
1719;1824;-105;10:54:52.639887
1704;1812;-108;10:54:52.639887
1692;1798;-106;10:54:52.639887
1687;1790;-103;10:54:52.639887
1677;1783;-106;10:54:52.639887
1669;1774;-105;10:54:52.639887
1669;1770;-101;10:54:52.639887
1664;1769;-105;10:54:52.639887
1660;1772;-112;10:54:52.639887
1660;1776;-116;10:54:52.639887
1660;1783;-123;10:54:52.639887
1668;1788;-120;10:54:52.639887
1674;1796;-122;10:54:52.639887
1688;1806;-118;10:54:52.639887
1701;1823;-122;10:54:52.639887
1716;1835;-119;10:54:52.639887
1730;1854;-124;10:54:52.639887
1746;1872;-126;10:54:52.639887
1759;1889;-130;10:54:52.639887
1771;1905;-134;10:54:52.639887
1785;1914;-129;10:54:52.639887
1794;1929;-135;10:54:52.639887
1803;1940;-137;10:54:52.639887
1814;1949;-135;10:54:52.639887
1817;1953;-136;10:54:52.639887
1824;1960;-136;10:54:52.639887
1827;1956;-129;10:54:52.639887
1824;1951;-127;10:54:52.639887
1822;1943;-121;10:54:52.639887
1813;1931;-118;10:54:52.639887
1801;1916;-115;10:54:52.639887
1790;1900;-110;10:54:52.639887
1776;1881;-105;10:54:52.639887
1758;1860;-102;10:54:52.639887
1742;1847;-105;10:54:52.639887
1730;1837;-107;10:54:52.639887
1714;1816;-102;10:54:52.639887
1700;1800;-100;10:54:52.639887
1686;1788;-102;10:54:52.639887
1671;1772;-101;10:54:52.639887
1661;1760;-99;10:54:52.639887
1652;1754;-102;10:54:52.639887
1641;1745;-104;10:54:52.639887
1636;1741;-105;10:54:52.639887
1630;1740;-110;10:54:52.639887
1627;1740;-113;10:54:52.639887
1624;1741;-117;10:54:52.639887
1626;1747;-121;10:54:52.639887
1622;1750;-128;10:54:52.639887
1626;1756;-130;10:54:52.639887
1632;1764;-132;10:54:52.639887
1633;1769;-136;10:54:52.639887
1636;1777;-141;10:54:52.639887
1643;1784;-141;10:54:52.639887
1645;1790;-145;10:54:52.639887
1652;1795;-143;10:54:52.639887
1656;1801;-145;10:54:52.639887
1656;1804;-148;10:54:52.639887
1662;1810;-148;10:54:52.639887
1664;1816;-152;10:54:52.639887
1666;1820;-154;10:54:52.639887
1672;1821;-149;10:54:52.639887
1672;1819;-147;10:54:52.639887
1675;1812;-137;10:54:52.639887
1680;1811;-131;10:54:52.639887
1683;1811;-128;10:54:52.639887
1682;1804;-122;10:54:52.639887
1675;1802;-127;10:54:52.639887
1672;1795;-123;10:54:52.639887
1664;1788;-124;10:54:52.639887
1653;1778;-125;10:54:52.639887
1649;1768;-119;10:54:52.639887
1640;1766;-126;10:54:52.639887
1633;1757;-124;10:54:52.639887
1628;1753;-125;10:54:52.639887
1626;1744;-118;10:54:52.639887
1627;1745;-118;10:54:52.639887
1631;1749;-118;10:54:52.639887
1637;1753;-116;10:54:52.639887
1644;1757;-113;10:54:52.639887
1652;1767;-115;10:54:52.639887
1661;1779;-118;10:54:52.639887
1669;1794;-125;10:54:52.639887
1677;1809;-132;10:54:52.639887
1688;1825;-137;10:54:52.639887
1702;1843;-141;10:54:52.639887
1719;1860;-141;10:54:52.639887
1739;1876;-137;10:54:52.639887
1757;1892;-135;10:54:52.639887
1775;1906;-131;10:54:52.639887
1797;1926;-129;10:54:52.639887
1813;1942;-129;10:54:52.639887
1824;1955;-131;10:54:52.639887
1833;1966;-133;10:54:52.639887
1842;1976;-134;10:54:52.639887
1850;1979;-129;10:54:52.639887
1855;1983;-128;10:54:52.639887
1860;1981;-121;10:54:52.639887
1865;1981;-116;10:54:52.639887
1863;1979;-116;10:54:52.639887
1865;1972;-107;10:54:52.639887
1862;1970;-108;10:54:52.639887
1856;1966;-110;10:54:52.639887
1852;1960;-108;10:54:52.639887
1848;1954;-106;10:54:52.639887
1838;1944;-106;10:54:52.639887
1832;1935;-103;10:54:52.639887
1829;1928;-99;10:54:52.639887
1824;1924;-100;10:54:52.639887
1818;1916;-98;10:54:52.639887
1813;1912;-99;10:54:52.639887
1813;1914;-101;10:54:52.639887
1813;1914;-101;10:54:52.639887
1809;1912;-103;10:54:52.639887
1815;1910;-95;10:54:52.639887
1817;1909;-92;10:54:52.639887
1816;1910;-94;10:54:52.639887
1820;1914;-94;10:54:52.639887
1828;1921;-93;10:54:52.639887
1826;1927;-101;10:54:52.639887
1831;1938;-107;10:54:52.639887
1838;1947;-109;10:54:52.639887
1844;1955;-111;10:54:52.639887
1854;1962;-108;10:54:52.639887
1863;1966;-103;10:54:52.639887
1872;1979;-107;10:54:52.639887
1879;1989;-110;10:54:52.639887
1889;1995;-106;10:54:52.639887
1896;1999;-103;10:54:52.639887
1901;2009;-108;10:54:52.639887
1903;2007;-104;10:54:52.639887
1902;2008;-106;10:54:52.639887
1898;2005;-107;10:54:52.639887
1895;2000;-105;10:54:52.639887
1891;1994;-103;10:54:52.639887
1887;1987;-100;10:54:52.639887
1881;1977;-96;10:54:52.639887
1872;1962;-90;10:54:52.639887
1867;1948;-81;10:54:52.639887
1855;1935;-80;10:54:52.639887
1841;1921;-80;10:54:52.639887
1830;1909;-79;10:54:52.639887
1815;1897;-82;10:54:52.639887
1806;1887;-81;10:54:52.639887
1801;1878;-77;10:54:52.639887
1790;1871;-81;10:54:52.639887
1778;1862;-84;10:54:52.639887
1778;1858;-80;10:54:52.639887
1776;1855;-79;10:54:52.639887
1770;1851;-81;10:54:52.639887
1768;1850;-82;10:54:52.639887
1769;1854;-85;10:54:52.639887
1767;1855;-88;10:54:52.639887
1769;1861;-92;10:54:52.639887
1775;1867;-92;10:54:52.639887
1777;1874;-97;10:54:52.639887
1780;1884;-104;10:54:52.639887
1787;1892;-105;10:54:52.639887
1794;1898;-104;10:54:52.639887
1799;1910;-111;10:54:52.639887
1803;1921;-118;10:54:52.639887
1811;1923;-112;10:54:52.639887
1811;1926;-115;10:54:52.639887
1808;1929;-121;10:54:52.639887
1809;1930;-121;10:54:52.639887
1805;1928;-123;10:54:52.639887
1803;1923;-120;10:54:52.639887
1789;1911;-122;10:54:52.640885
1777;1898;-121;10:54:52.640885
1771;1886;-115;10:54:52.640885
1760;1865;-105;10:54:52.640885
1751;1854;-103;10:54:52.640885
1733;1839;-106;10:54:52.640885
1727;1830;-103;10:54:52.640885
1721;1819;-98;10:54:52.640885
1711;1815;-104;10:54:52.640885
1703;1807;-104;10:54:52.640885
1695;1804;-109;10:54:52.640885
1686;1796;-110;10:54:52.640885
1682;1788;-106;10:54:52.640885
1676;1781;-105;10:54:52.640885
1677;1784;-107;10:54:52.640885
1679;1789;-110;10:54:52.640885
1688;1795;-107;10:54:52.640885
1689;1803;-114;10:54:52.640885
1696;1813;-117;10:54:52.640885
1707;1829;-122;10:54:52.640885
1720;1841;-121;10:54:52.640885
1732;1851;-119;10:54:52.640885
1741;1863;-122;10:54:52.640885
1756;1877;-121;10:54:52.640885
1769;1890;-121;10:54:52.640885
1780;1903;-123;10:54:52.640885
1787;1915;-128;10:54:52.640885
1790;1919;-129;10:54:52.640885
1799;1927;-128;10:54:52.640885
1807;1930;-123;10:54:52.640885
1809;1932;-123;10:54:52.640885
1811;1936;-125;10:54:52.640885
1818;1938;-120;10:54:52.640885
1822;1936;-114;10:54:52.640885
1819;1932;-113;10:54:52.640885
1810;1923;-113;10:54:52.640885
1803;1910;-107;10:54:52.640885
1787;1898;-111;10:54:52.640885
1777;1882;-105;10:54:52.640885
1761;1866;-105;10:54:52.640885
1747;1847;-100;10:54:52.640885
1731;1837;-106;10:54:52.640885
1716;1818;-102;10:54:52.640885
1701;1805;-104;10:54:52.640885
1685;1788;-103;10:54:52.640885
1669;1772;-103;10:54:52.640885
1657;1754;-97;10:54:52.640885
1646;1746;-100;10:54:52.640885
1631;1736;-105;10:54:52.640885
1625;1729;-104;10:54:52.640885
1618;1724;-106;10:54:52.640885
1611;1725;-114;10:54:52.640885
1610;1721;-111;10:54:52.640885
1609;1723;-114;10:54:52.640885
1610;1730;-120;10:54:52.640885
1616;1740;-124;10:54:52.640885
1618;1746;-128;10:54:52.640885
1625;1759;-134;10:54:52.640885
1632;1770;-138;10:54:52.640885
1645;1781;-136;10:54:52.640885
1651;1787;-136;10:54:52.640885
1658;1800;-142;10:54:52.640885
1666;1812;-146;10:54:52.640885
1675;1816;-141;10:54:52.640885
1682;1821;-139;10:54:52.640885
1691;1827;-136;10:54:52.640885
1693;1831;-138;10:54:52.640885
1696;1833;-137;10:54:52.640885
1697;1830;-133;10:54:52.640885
1693;1824;-131;10:54:52.640885
1694;1818;-124;10:54:52.640885
1688;1813;-125;10:54:52.640885
1682;1805;-123;10:54:52.640885
1680;1799;-119;10:54:52.640885
1677;1796;-119;10:54:52.640885
1674;1789;-115;10:54:52.640885
1668;1781;-113;10:54:52.640885
1663;1778;-115;10:54:52.640885
1657;1773;-116;10:54:52.640885
1660;1768;-108;10:54:52.640885
1661;1771;-110;10:54:52.640885
1663;1776;-113;10:54:52.640885
1661;1780;-119;10:54:52.640885
1666;1787;-121;10:54:52.640885
1671;1795;-124;10:54:52.640885
1678;1799;-121;10:54:52.640885
1682;1807;-125;10:54:52.640885
1689;1812;-123;10:54:52.640885
1696;1820;-124;10:54:52.640885
1708;1827;-119;10:54:52.640885
1718;1836;-118;10:54:52.640885
1729;1849;-120;10:54:52.640885
1740;1862;-122;10:54:52.640885
1754;1876;-122;10:54:52.640885
1761;1885;-124;10:54:52.640885
1773;1896;-123;10:54:52.640885
1783;1906;-123;10:54:52.640885
1796;1917;-121;10:54:52.640885
1809;1932;-123;10:54:52.640885
1823;1940;-117;10:54:52.640885
1828;1954;-126;10:54:52.640885
1839;1960;-121;10:54:52.640885
1842;1964;-122;10:54:52.640885
1844;1969;-125;10:54:52.640885
1842;1969;-127;10:54:52.640885
1843;1965;-122;10:54:52.640885
1843;1965;-122;10:54:52.640885
1844;1964;-120;10:54:52.640885
1845;1959;-114;10:54:52.640885
1843;1954;-111;10:54:52.640885
1838;1950;-112;10:54:52.640885
1830;1939;-109;10:54:52.640885
1825;1927;-102;10:54:52.640885
1820;1919;-99;10:54:52.640885
1816;1916;-100;10:54:52.640885
1812;1905;-93;10:54:52.640885
1810;1904;-94;10:54:52.640885
1808;1904;-96;10:54:52.640885
1809;1902;-93;10:54:52.640885
1806;1902;-96;10:54:52.640885
1806;1906;-100;10:54:52.640885
1811;1910;-99;10:54:52.640885
1814;1911;-97;10:54:52.640885
1821;1922;-101;10:54:52.640885
1827;1929;-102;10:54:52.640885
1834;1936;-102;10:54:52.640885
1839;1941;-102;10:54:52.640885
1841;1944;-103;10:54:52.640885
1851;1954;-103;10:54:52.640885
1856;1959;-103;10:54:52.640885
1859;1966;-107;10:54:52.640885
1865;1974;-109;10:54:52.640885
1873;1981;-108;10:54:52.640885
1879;1986;-107;10:54:52.640885
1886;1993;-107;10:54:52.640885
1890;1995;-105;10:54:52.640885
1896;1992;-96;10:54:52.640885
1896;1995;-99;10:54:52.640885
1894;1992;-98;10:54:52.640885
1895;1991;-96;10:54:52.640885
1895;1989;-94;10:54:52.640885
1890;1982;-92;10:54:52.640885
1884;1974;-90;10:54:52.640885
1875;1963;-88;10:54:52.640885
1864;1950;-86;10:54:52.640885
1855;1942;-87;10:54:52.640885
1847;1928;-81;10:54:52.640885
1838;1920;-82;10:54:52.640885
1831;1911;-80;10:54:52.640885
1824;1907;-83;10:54:52.640885
1814;1898;-84;10:54:52.640885
1806;1891;-85;10:54:52.640885
1798;1882;-84;10:54:52.640885
1797;1875;-78;10:54:52.640885
1794;1869;-75;10:54:52.640885
1787;1865;-78;10:54:52.640885
1782;1866;-84;10:54:52.640885
1778;1871;-93;10:54:52.640885
1780;1874;-94;10:54:52.640885
1780;1872;-92;10:54:52.640885
1784;1876;-92;10:54:52.640885
1784;1876;-92;10:54:52.640885
1787;1879;-92;10:54:52.640885
1791;1883;-92;10:54:52.640885
1791;1892;-101;10:54:52.640885
1793;1898;-105;10:54:52.640885
1798;1902;-104;10:54:52.640885
1797;1911;-114;10:54:52.640885
1793;1911;-118;10:54:52.640885
1792;1910;-118;10:54:52.640885
1791;1909;-118;10:54:52.640885
1789;1906;-117;10:54:52.640885
1784;1902;-118;10:54:52.640885
1782;1902;-120;10:54:52.640885
1778;1894;-116;10:54:52.640885
1770;1888;-118;10:54:52.640885
1760;1880;-120;10:54:52.640885
1752;1869;-117;10:54:52.640885
1741;1859;-118;10:54:52.640885
1732;1848;-116;10:54:52.640885
1723;1839;-116;10:54:52.640885
1717;1833;-116;10:54:52.640885
1711;1827;-116;10:54:52.640885
1707;1825;-118;10:54:52.640885
1706;1818;-112;10:54:52.640885
1708;1812;-104;10:54:52.640885
1705;1811;-106;10:54:52.640885
1707;1812;-105;10:54:52.640885
1710;1812;-102;10:54:52.640885
1718;1821;-103;10:54:52.640885
1723;1828;-105;10:54:52.640885
1729;1836;-107;10:54:52.640885
1741;1846;-105;10:54:52.640885
1744;1856;-112;10:54:52.640885
1749;1861;-112;10:54:52.640885
1759;1872;-113;10:54:52.640885
1767;1884;-117;10:54:52.640885
1777;1895;-118;10:54:52.640885
1788;1904;-116;10:54:52.640885
1793;1910;-117;10:54:52.640885
1804;1922;-118;10:54:52.640885
1806;1925;-119;10:54:52.640885
1813;1928;-115;10:54:52.640885
1811;1931;-120;10:54:52.640885
1811;1934;-123;10:54:52.640885
1811;1933;-122;10:54:52.640885
1811;1930;-119;10:54:52.640885
1807;1925;-118;10:54:52.640885
1801;1916;-115;10:54:52.640885
1794;1907;-113;10:54:52.640885
1781;1895;-114;10:54:52.640885
1772;1880;-108;10:54:52.640885
1762;1863;-101;10:54:52.640885
1746;1851;-105;10:54:52.640885
1732;1839;-107;10:54:52.640885
1720;1823;-103;10:54:52.640885
1705;1813;-108;10:54:52.640885
1689;1793;-104;10:54:52.640885
1673;1776;-103;10:54:52.640885
1662;1764;-102;10:54:52.640885
1649;1754;-105;10:54:52.640885
1640;1747;-107;10:54:52.640885
1636;1741;-105;10:54:52.640885
1629;1739;-110;10:54:52.640885
1626;1734;-108;10:54:52.640885
1622;1737;-115;10:54:52.640885
1619;1734;-115;10:54:52.640885
1620;1738;-118;10:54:52.640885
1623;1736;-113;10:54:52.640885
1625;1742;-117;10:54:52.640885
1631;1748;-117;10:54:52.640885
1633;1763;-130;10:54:52.640885
1639;1770;-131;10:54:52.640885
1647;1777;-130;10:54:52.640885
1653;1786;-133;10:54:52.640885
1664;1792;-128;10:54:52.640885
1673;1798;-125;10:54:52.640885
1675;1806;-131;10:54:52.640885
1683;1817;-134;10:54:52.640885
1690;1822;-132;10:54:52.640885
1694;1831;-137;10:54:52.640885
1699;1835;-136;10:54:52.640885
1703;1839;-136;10:54:52.640885
1705;1838;-133;10:54:52.640885
1703;1834;-131;10:54:52.640885
1704;1834;-130;10:54:52.640885
1705;1834;-129;10:54:52.640885
1704;1829;-125;10:54:52.640885
1704;1827;-123;10:54:52.640885
1701;1823;-122;10:54:52.640885
1698;1817;-119;10:54:52.640885
1694;1808;-114;10:54:52.640885
1685;1802;-117;10:54:52.640885
1682;1792;-110;10:54:52.640885
1680;1784;-104;10:54:52.640885
1676;1782;-106;10:54:52.640885
1680;1784;-104;10:54:52.640885
1681;1791;-110;10:54:52.640885
1684;1794;-110;10:54:52.640885
1691;1801;-110;10:54:52.640885
1696;1807;-111;10:54:52.640885
1701;1818;-117;10:54:52.640885
1709;1833;-124;10:54:52.640885
1719;1841;-122;10:54:52.640885
1732;1857;-125;10:54:52.640885
1745;1872;-127;10:54:52.640885
1758;1884;-126;10:54:52.640885
1769;1901;-132;10:54:52.640885
1785;1917;-132;10:54:52.640885
1798;1921;-123;10:54:52.640885
1812;1928;-116;10:54:52.640885
1824;1937;-113;10:54:52.640885
1834;1948;-114;10:54:52.640885
1840;1953;-113;10:54:52.640885
1848;1958;-110;10:54:52.640885
1850;1961;-111;10:54:52.640885
1853;1962;-109;10:54:52.640885
1857;1963;-106;10:54:52.640885
1857;1965;-108;10:54:52.640885
1857;1958;-101;10:54:52.640885
1855;1957;-102;10:54:52.640885
1852;1952;-100;10:54:52.640885
1845;1942;-97;10:54:52.640885
1844;1940;-96;10:54:52.640885
1836;1933;-97;10:54:52.640885
1830;1927;-97;10:54:52.640885
1832;1924;-92;10:54:52.640885
1826;1920;-94;10:54:52.640885
1820;1914;-94;10:54:52.640885
1820;1916;-96;10:54:52.640885
1819;1912;-93;10:54:52.640885
1816;1906;-90;10:54:52.640885
1815;1905;-90;10:54:52.640885
1814;1906;-92;10:54:52.640885
1817;1910;-93;10:54:52.640885
1821;1915;-94;10:54:52.640885
1825;1922;-97;10:54:52.640885
1832;1927;-95;10:54:52.640885
1838;1932;-94;10:54:52.640885
1847;1941;-94;10:54:52.640885
1850;1944;-94;10:54:52.640885
1852;1950;-98;10:54:52.640885
1862;1956;-94;10:54:52.640885
1866;1963;-97;10:54:52.640885
1870;1964;-94;10:54:52.640885
1876;1968;-92;10:54:52.640885
1879;1971;-92;10:54:52.640885
1881;1973;-92;10:54:52.640885
1882;1970;-88;10:54:52.640885
1881;1972;-91;10:54:52.640885
1884;1970;-86;10:54:52.640885
1881;1966;-85;10:54:52.640885
1876;1961;-85;10:54:52.640885
1874;1959;-85;10:54:52.640885
1868;1953;-85;10:54:52.640885
1859;1943;-84;10:54:52.640885
1850;1932;-82;10:54:52.640885
1844;1925;-81;10:54:52.640885
1836;1914;-78;10:54:52.640885
1828;1904;-76;10:54:52.640885
1820;1900;-80;10:54:52.640885
1809;1889;-80;10:54:52.640885
1805;1882;-77;10:54:52.640885
1797;1875;-78;10:54:52.640885
1789;1867;-78;10:54:52.640885
1777;1862;-85;10:54:52.640885
1770;1856;-86;10:54:52.640885
1767;1854;-87;10:54:52.640885
1761;1849;-88;10:54:52.640885
1759;1848;-89;10:54:52.640885
1757;1847;-90;10:54:52.640885
1756;1853;-97;10:54:52.640885
1760;1856;-96;10:54:52.640885
1763;1857;-94;10:54:52.640885
1767;1865;-98;10:54:52.640885
1768;1869;-101;10:54:52.640885
1775;1871;-96;10:54:52.640885
1775;1877;-102;10:54:52.640885
1776;1880;-104;10:54:52.640885
1781;1883;-102;10:54:52.640885
1781;1888;-107;10:54:52.640885
1783;1890;-107;10:54:52.640885
1781;1890;-109;10:54:52.640885
1781;1896;-115;10:54:52.640885
1779;1895;-116;10:54:52.640885
1778;1893;-115;10:54:52.640885
1775;1887;-112;10:54:52.640885
1770;1887;-117;10:54:52.640885
1763;1880;-117;10:54:52.640885
1758;1873;-115;10:54:52.640885
1750;1866;-116;10:54:52.640885
1741;1859;-118;10:54:52.640885
1734;1852;-118;10:54:52.640885
1730;1844;-114;10:54:52.640885
1725;1839;-114;10:54:52.640885
1723;1829;-106;10:54:52.640885
1723;1830;-107;10:54:52.640885
1719;1825;-106;10:54:52.640885
1719;1824;-105;10:54:52.640885
1723;1824;-101;10:54:52.640885
1727;1828;-101;10:54:52.640885
1727;1833;-106;10:54:52.640885
1732;1839;-107;10:54:52.640885
1742;1844;-102;10:54:52.640885
1746;1849;-103;10:54:52.640885
1753;1856;-103;10:54:52.640885
1762;1867;-105;10:54:52.640885
1769;1873;-104;10:54:52.640885
1775;1879;-104;10:54:52.640885
1781;1888;-107;10:54:52.640885
1785;1893;-108;10:54:52.640885
1786;1900;-114;10:54:52.640885
1793;1905;-112;10:54:52.640885
1793;1908;-115;10:54:52.640885
1793;1908;-115;10:54:52.640885
1790;1912;-122;10:54:52.640885
1789;1908;-119;10:54:52.640885
1788;1909;-121;10:54:52.640885
1786;1905;-119;10:54:52.640885
1780;1900;-120;10:54:52.640885
1776;1893;-117;10:54:52.640885
1772;1885;-113;10:54:52.640885
1763;1878;-115;10:54:52.640885
1751;1867;-116;10:54:52.640885
1738;1860;-122;10:54:52.640885
1732;1853;-121;10:54:52.640885
1724;1845;-121;10:54:52.640885
1714;1831;-117;10:54:52.640885
1705;1821;-116;10:54:52.640885
1694;1811;-117;10:54:52.640885
1681;1794;-113;10:54:52.640885
1668;1777;-109;10:54:52.640885
1661;1764;-103;10:54:52.640885
1650;1755;-105;10:54:52.640885
1638;1742;-104;10:54:52.640885
1628;1730;-102;10:54:52.640885
1622;1729;-107;10:54:52.640885
1615;1725;-110;10:54:52.640885
1609;1720;-111;10:54:52.640885
1608;1727;-119;10:54:52.640885
1604;1725;-121;10:54:52.640885
1602;1730;-128;10:54:52.640885
1609;1737;-128;10:54:52.640885
1612;1740;-128;10:54:52.640885
1616;1751;-135;10:54:52.640885
1626;1761;-135;10:54:52.640885
1636;1771;-135;10:54:52.640885
1645;1785;-140;10:54:52.640885
1653;1796;-143;10:54:52.640885
1665;1806;-141;10:54:52.640885
1671;1816;-145;10:54:52.640885
1681;1825;-144;10:54:52.640885
1688;1831;-143;10:54:52.640885
1696;1837;-141;10:54:52.640885
1702;1840;-138;10:54:52.640885
1708;1844;-136;10:54:52.640885
1716;1846;-130;10:54:52.640885
1715;1849;-134;10:54:52.640885
1719;1847;-128;10:54:52.640885
1718;1844;-126;10:54:52.640885
1718;1844;-126;10:54:52.640885
1716;1835;-119;10:54:52.640885
1710;1825;-115;10:54:52.640885
1705;1818;-113;10:54:52.640885
1702;1812;-110;10:54:52.640885
1698;1808;-110;10:54:52.640885
1694;1802;-108;10:54:52.640885
1693;1801;-108;10:54:52.640885
1690;1801;-111;10:54:52.640885
1693;1798;-105;10:54:52.640885
1693;1800;-107;10:54:52.640885
1693;1801;-108;10:54:52.640885
1693;1808;-115;10:54:52.640885
1698;1814;-116;10:54:52.640885
1704;1822;-118;10:54:52.640885
1709;1831;-122;10:54:52.640885
1718;1839;-121;10:54:52.640885
1727;1847;-120;10:54:52.640885
1741;1861;-120;10:54:52.640885
1752;1872;-120;10:54:52.640885
1765;1884;-119;10:54:52.640885
1780;1900;-120;10:54:52.640885
1789;1917;-128;10:54:52.640885
1800;1930;-130;10:54:52.640885
1816;1944;-128;10:54:52.640885
1829;1957;-128;10:54:52.640885
1838;1961;-123;10:54:52.640885
1847;1966;-119;10:54:52.640885
1854;1975;-121;10:54:52.640885
1855;1982;-127;10:54:52.640885
1862;1982;-120;10:54:52.640885
1870;1987;-117;10:54:52.640885
1874;1988;-114;10:54:52.640885
1876;1986;-110;10:54:52.640885
1879;1980;-101;10:54:52.640885
1877;1977;-100;10:54:52.640885
1871;1969;-98;10:54:52.640885
1867;1964;-97;10:54:52.640885
1862;1956;-94;10:54:52.640885
1851;1947;-96;10:54:52.640885
1845;1937;-92;10:54:52.640885
1837;1932;-95;10:54:52.640885
1826;1924;-98;10:54:52.640885
1824;1916;-92;10:54:52.640885
1822;1910;-88;10:54:52.640885
1814;1903;-89;10:54:52.640885
1811;1898;-87;10:54:52.640885
1811;1896;-85;10:54:52.640885
1807;1897;-90;10:54:52.640885
1809;1896;-87;10:54:52.640885
1809;1897;-88;10:54:52.640885
1812;1906;-94;10:54:52.640885
1815;1919;-104;10:54:52.640885
1823;1926;-103;10:54:52.640885
1830;1934;-104;10:54:52.640885
1835;1946;-111;10:54:52.640885
1844;1953;-109;10:54:52.640885
1856;1955;-99;10:54:52.640885
1862;1960;-98;10:54:52.640885
1866;1967;-101;10:54:52.640885
1869;1971;-102;10:54:52.640885
1877;1973;-96;10:54:52.640885
1879;1975;-96;10:54:52.640885
1877;1974;-97;10:54:52.640885
1879;1971;-92;10:54:52.640885
1880;1970;-90;10:54:52.640885
1879;1965;-86;10:54:52.640885
1873;1960;-87;10:54:52.640885
1870;1951;-81;10:54:52.640885
1858;1945;-87;10:54:52.640885
1851;1933;-82;10:54:52.640885
1844;1924;-80;10:54:52.640885
1835;1916;-81;10:54:52.640885
1823;1905;-82;10:54:52.640885
1812;1897;-85;10:54:52.640885
1806;1891;-85;10:54:52.640885
1796;1880;-84;10:54:52.640885
1787;1875;-88;10:54:52.640885
1779;1865;-86;10:54:52.640885
1774;1862;-88;10:54:52.640885
1769;1855;-86;10:54:52.640885
1762;1849;-87;10:54:52.640885
1760;1849;-89;10:54:52.640885
1757;1847;-90;10:54:52.640885
1753;1848;-95;10:54:52.640885
1748;1851;-103;10:54:52.640885
1748;1853;-105;10:54:52.640885
1750;1859;-109;10:54:52.640885
1756;1862;-106;10:54:52.640885
1757;1864;-107;10:54:52.640885
1764;1872;-108;10:54:52.640885
1767;1876;-109;10:54:52.640885
1768;1877;-109;10:54:52.640885
1769;1879;-110;10:54:52.640885
1774;1882;-108;10:54:52.640885
1775;1887;-112;10:54:52.640885
1772;1890;-118;10:54:52.640885
1776;1887;-111;10:54:52.640885
1778;1888;-110;10:54:52.640885
1776;1889;-113;10:54:52.640885
1774;1885;-111;10:54:52.640885
1769;1883;-114;10:54:52.640885
1771;1885;-114;10:54:52.640885
1770;1879;-109;10:54:52.640885
1766;1879;-113;10:54:52.640885
1762;1876;-114;10:54:52.640885
1761;1874;-113;10:54:52.640885
1756;1874;-118;10:54:52.640885
1756;1876;-120;10:54:52.640885
1755;1870;-115;10:54:52.640885
1752;1866;-114;10:54:52.640885
1750;1857;-107;10:54:52.640885
1751;1853;-102;10:54:52.640885
1748;1852;-104;10:54:52.640885
1745;1849;-104;10:54:52.640885
1746;1853;-107;10:54:52.640885
1751;1850;-99;10:54:52.640885
1753;1853;-100;10:54:52.640885
1752;1853;-101;10:54:52.640885
1756;1860;-104;10:54:52.640885
1758;1866;-108;10:54:52.640885
1761;1871;-110;10:54:52.640885
1765;1874;-109;10:54:52.640885
1770;1882;-112;10:54:52.640885
1776;1885;-109;10:54:52.640885
1776;1886;-110;10:54:52.640885
1776;1889;-113;10:54:52.640885
1775;1892;-117;10:54:52.640885
1773;1892;-119;10:54:52.640885
1773;1886;-113;10:54:52.640885
1768;1885;-117;10:54:52.640885
1764;1881;-117;10:54:52.640885
1756;1877;-121;10:54:52.640885
1748;1868;-120;10:54:52.640885
1741;1860;-119;10:54:52.640885
1732;1850;-118;10:54:52.640885
1725;1840;-115;10:54:52.640885
1713;1830;-117;10:54:52.640885
1701;1821;-120;10:54:52.640885
1696;1815;-119;10:54:52.640885
1690;1803;-113;10:54:52.640885
1684;1793;-109;10:54:52.640885
1670;1782;-112;10:54:52.640885
1665;1771;-106;10:54:52.640885
1656;1762;-106;10:54:52.640885
1643;1755;-112;10:54:52.640885
1641;1749;-108;10:54:52.640885
1636;1742;-106;10:54:52.640885
1632;1738;-106;10:54:52.640885
1625;1740;-115;10:54:52.640885
1622;1738;-116;10:54:52.640885
1625;1738;-113;10:54:52.640885
1624;1737;-113;10:54:52.640885
1623;1746;-123;10:54:52.640885
1625;1747;-122;10:54:52.640885
1628;1752;-124;10:54:52.640885
1632;1753;-121;10:54:52.640885
1636;1759;-123;10:54:52.640885
1637;1763;-126;10:54:52.640885
1637;1765;-128;10:54:52.640885
1644;1773;-129;10:54:52.640885
1652;1785;-133;10:54:52.640885
1658;1793;-135;10:54:52.640885
1663;1798;-135;10:54:52.640885
1672;1807;-135;10:54:52.640885
1677;1813;-136;10:54:52.640885
1681;1819;-138;10:54:52.640885
1684;1823;-139;10:54:52.640885
1689;1829;-140;10:54:52.640885
1690;1832;-142;10:54:52.640885
1696;1839;-143;10:54:52.640885
1700;1838;-138;10:54:52.640885
1701;1841;-140;10:54:52.640885
1710;1843;-133;10:54:52.640885
1714;1842;-128;10:54:52.640885
1716;1838;-122;10:54:52.640885
1718;1835;-117;10:54:52.640885
1715;1831;-116;10:54:52.640885
1715;1826;-111;10:54:52.640885
1714;1827;-113;10:54:52.640885
1716;1827;-111;10:54:52.640885
1718;1824;-106;10:54:52.640885
1716;1822;-106;10:54:52.640885
1716;1823;-107;10:54:52.640885
1716;1827;-111;10:54:52.640885
1715;1825;-110;10:54:52.640885
1717;1830;-113;10:54:52.640885
1724;1830;-106;10:54:52.640885
1731;1838;-107;10:54:52.640885
1734;1842;-108;10:54:52.640885
1742;1850;-108;10:54:52.640885
1751;1859;-108;10:54:52.640885
1751;1868;-117;10:54:52.640885
1755;1879;-124;10:54:52.640885
1770;1896;-126;10:54:52.640885
1779;1909;-130;10:54:52.640885
1785;1920;-135;10:54:52.640885
1802;1932;-130;10:54:52.640885
1815;1943;-128;10:54:52.640885
1821;1945;-124;10:54:52.640885
1825;1949;-124;10:54:52.640885
1834;1951;-117;10:54:52.640885
1837;1956;-119;10:54:52.640885
1840;1959;-119;10:54:52.640885
1845;1964;-119;10:54:52.640885
1849;1961;-112;10:54:52.640885
1852;1961;-109;10:54:52.640885
1852;1957;-105;10:54:52.640885
1853;1953;-100;10:54:52.640885
1852;1952;-100;10:54:52.640885
1846;1945;-99;10:54:52.640885
1842;1943;-101;10:54:52.640885
1837;1936;-99;10:54:52.640885
1832;1930;-98;10:54:52.640885
1830;1926;-96;10:54:52.640885
1823;1923;-100;10:54:52.640885
1816;1919;-103;10:54:52.640885
1817;1918;-101;10:54:52.640885
1815;1911;-96;10:54:52.640885
1814;1905;-91;10:54:52.640885
1809;1903;-94;10:54:52.640885
1813;1902;-89;10:54:52.640885
1811;1900;-89;10:54:52.640885
1811;1904;-93;10:54:52.640885
1813;1906;-93;10:54:52.640885
1814;1907;-93;10:54:52.640885
1817;1913;-96;10:54:52.640885
1823;1922;-99;10:54:52.640885
1830;1926;-96;10:54:52.640885
1833;1934;-101;10:54:52.640885
1841;1944;-103;10:54:52.640885
1847;1946;-99;10:54:52.640885
1851;1947;-96;10:54:52.640885
1853;1950;-97;10:54:52.640885
1854;1956;-102;10:54:52.640885
1857;1958;-101;10:54:52.640885
1859;1955;-96;10:54:52.640885
1862;1955;-93;10:54:52.640885
1862;1958;-96;10:54:52.640885
1860;1952;-92;10:54:52.640885
1854;1950;-96;10:54:52.640885
1848;1943;-95;10:54:52.640885
1838;1936;-98;10:54:52.640885
1828;1924;-96;10:54:52.640885
1824;1919;-95;10:54:52.640885
1816;1906;-90;10:54:52.640885
1806;1898;-92;10:54:52.640885
1800;1890;-90;10:54:52.640885
1796;1882;-86;10:54:52.640885
1791;1874;-83;10:54:52.640885
1780;1867;-87;10:54:52.640885
1773;1863;-90;10:54:52.640885
1765;1858;-93;10:54:52.640885
1754;1854;-100;10:54:52.640885
1753;1848;-95;10:54:52.640885
1748;1844;-96;10:54:52.640885
1745;1843;-98;10:54:52.640885
1743;1842;-99;10:54:52.640885
1737;1843;-106;10:54:52.640885
1742;1847;-105;10:54:52.640885
1744;1849;-105;10:54:52.640885
1748;1849;-101;10:54:52.640885
1748;1857;-109;10:54:52.640885
1750;1862;-112;10:54:52.640885
1754;1867;-113;10:54:52.640885
1752;1867;-115;10:54:52.640885
1755;1872;-117;10:54:52.640885
1757;1873;-116;10:54:52.640885
1758;1877;-119;10:54:52.640885
1761;1881;-120;10:54:52.640885
1764;1881;-117;10:54:52.640885
1770;1888;-118;10:54:52.640885
1773;1888;-115;10:54:52.640885
1772;1889;-117;10:54:52.640885
1774;1889;-115;10:54:52.640885
1773;1881;-108;10:54:52.640885
1774;1883;-109;10:54:52.640885
1770;1882;-112;10:54:52.640885
1768;1879;-111;10:54:52.640885
1768;1875;-107;10:54:52.640885
1768;1876;-108;10:54:52.640885
1764;1870;-106;10:54:52.640885
1760;1868;-108;10:54:52.640885
1757;1868;-111;10:54:52.640885
1754;1862;-108;10:54:52.640885
1752;1861;-109;10:54:52.640885
1751;1860;-109;10:54:52.640885
1747;1860;-113;10:54:52.640885
1743;1857;-114;10:54:52.640885
1740;1856;-116;10:54:52.640885
1739;1854;-115;10:54:52.640885
1743;1851;-108;10:54:52.640885
1743;1851;-108;10:54:52.640885
1748;1857;-109;10:54:52.640885
1752;1859;-107;10:54:52.640885
1755;1859;-104;10:54:52.640885
1758;1863;-105;10:54:52.640885
1757;1864;-107;10:54:52.640885
1756;1866;-110;10:54:52.640885
1759;1866;-107;10:54:52.640885
1760;1865;-105;10:54:52.640885
1757;1867;-110;10:54:52.640885
1752;1867;-115;10:54:52.640885
1757;1868;-111;10:54:52.640885
1750;1864;-114;10:54:52.640885
1747;1861;-114;10:54:52.640885
1743;1856;-113;10:54:52.640885
1736;1850;-114;10:54:52.640885
1726;1843;-117;10:54:52.640885
1719;1835;-116;10:54:52.640885
1713;1828;-115;10:54:52.640885
1702;1815;-113;10:54:52.640885
1691;1810;-119;10:54:52.640885
1682;1799;-117;10:54:52.640885
1674;1785;-111;10:54:52.640885
1661;1775;-114;10:54:52.640885
1647;1765;-118;10:54:52.640885
1639;1757;-118;10:54:52.640885
1628;1748;-120;10:54:52.640885
1624;1742;-118;10:54:52.640885
1619;1737;-118;10:54:52.640885
1618;1736;-118;10:54:52.640885
1620;1734;-114;10:54:52.640885
1619;1734;-115;10:54:52.640885
1621;1743;-122;10:54:52.640885
1627;1740;-113;10:54:52.640885
1631;1749;-118;10:54:52.640885
1635;1758;-123;10:54:52.640885
1640;1764;-124;10:54:52.640885
1647;1770;-123;10:54:52.640885
1652;1775;-123;10:54:52.640885
1660;1783;-123;10:54:52.640885
1666;1788;-122;10:54:52.640885
1671;1798;-127;10:54:52.640885
1676;1800;-124;10:54:52.640885
1683;1809;-126;10:54:52.640885
1688;1819;-131;10:54:52.640885
1693;1824;-131;10:54:52.640885
1701;1829;-128;10:54:52.640885
1703;1833;-130;10:54:52.640885
1705;1834;-129;10:54:52.640885
1706;1838;-132;10:54:52.640885
1706;1832;-126;10:54:52.640885
1707;1834;-127;10:54:52.640885
1704;1836;-132;10:54:52.640885
1709;1834;-125;10:54:52.735631
1705;1833;-128;10:54:52.735631
1712;1831;-119;10:54:52.735631
1710;1829;-119;10:54:52.735631
1711;1828;-117;10:54:52.735631
1719;1832;-113;10:54:52.735631
1716;1826;-110;10:54:52.735631
1716;1830;-114;10:54:52.735631
1719;1836;-117;10:54:52.735631
1724;1840;-116;10:54:52.735631
1728;1841;-113;10:54:52.735631
1729;1843;-114;10:54:52.735631
1734;1848;-114;10:54:52.735631
1740;1852;-112;10:54:52.735631
1748;1856;-108;10:54:52.735631
1753;1865;-112;10:54:52.735631
1757;1871;-114;10:54:52.735631
1766;1880;-114;10:54:52.735631
1776;1882;-106;10:54:52.735631
1779;1885;-106;10:54:52.735631
1778;1895;-117;10:54:52.735631
1783;1903;-120;10:54:52.735631
1793;1912;-119;10:54:52.735631
1802;1914;-112;10:54:52.735631
1809;1925;-116;10:54:52.735631
1811;1935;-124;10:54:52.735631
1819;1938;-119;10:54:52.735631
1822;1940;-118;10:54:52.735631
1823;1946;-123;10:54:52.735631
1827;1944;-117;10:54:52.735631
1832;1941;-109;10:54:52.735631
1833;1950;-117;10:54:52.735631
1837;1947;-110;10:54:52.735631
1837;1951;-114;10:54:52.735631
1839;1948;-109;10:54:52.735631
1841;1948;-107;10:54:52.735631
1841;1947;-106;10:54:52.735631
1834;1944;-110;10:54:52.735631
1837;1939;-102;10:54:52.735631
1836;1937;-101;10:54:52.735631
1836;1933;-97;10:54:52.735631
1834;1930;-96;10:54:52.735631
1836;1927;-91;10:54:52.735631
1831;1925;-94;10:54:52.735631
1826;1919;-93;10:54:52.735631
1826;1916;-90;10:54:52.735631
1822;1912;-90;10:54:52.735631
1823;1911;-88;10:54:52.735631
1820;1911;-91;10:54:52.735631
1821;1912;-91;10:54:52.735631
1820;1913;-93;10:54:52.735631
1822;1910;-88;10:54:52.735631
1821;1909;-88;10:54:52.735631
1822;1913;-91;10:54:52.735631
1822;1915;-93;10:54:52.735631
1823;1916;-93;10:54:52.735631
1828;1926;-98;10:54:52.735631
1832;1929;-97;10:54:52.735631
1835;1933;-98;10:54:52.735631
1839;1936;-97;10:54:52.735631
1846;1939;-93;10:54:52.735631
1849;1940;-91;10:54:52.735631
1847;1938;-91;10:54:52.735631
1850;1945;-95;10:54:52.735631
1850;1946;-96;10:54:52.735631
1849;1949;-100;10:54:52.735631
1851;1953;-102;10:54:52.735631
1847;1948;-101;10:54:52.735631
1847;1944;-97;10:54:52.735631
1845;1932;-87;10:54:52.735631
1839;1927;-88;10:54:52.735631
1831;1920;-89;10:54:52.735631
1824;1913;-89;10:54:52.735631
1818;1907;-89;10:54:52.735631
1811;1898;-87;10:54:52.735631
1802;1888;-86;10:54:52.735631
1797;1881;-84;10:54:52.735631
1792;1875;-83;10:54:52.735631
1785;1872;-87;10:54:52.735631
1773;1865;-92;10:54:52.735631
1766;1859;-93;10:54:52.735631
1764;1860;-96;10:54:52.735631
1761;1858;-97;10:54:52.735631
1757;1854;-97;10:54:52.735631
1753;1853;-100;10:54:52.735631
1750;1850;-100;10:54:52.735631
1749;1851;-102;10:54:52.735631
1749;1848;-99;10:54:52.735631
1748;1850;-102;10:54:52.735631
1753;1858;-105;10:54:52.735631
1755;1859;-104;10:54:52.735631
1760;1868;-108;10:54:52.735631
1761;1870;-109;10:54:52.735631
1766;1872;-106;10:54:52.735631
1769;1878;-109;10:54:52.735631
1769;1878;-109;10:54:52.735631
1775;1890;-115;10:54:52.735631
1779;1889;-110;10:54:52.735631
1783;1898;-115;10:54:52.735631
1792;1899;-107;10:54:52.735631
1792;1903;-111;10:54:52.735631
1794;1906;-112;10:54:52.735631
1796;1905;-109;10:54:52.735631
1796;1901;-105;10:54:52.735631
1793;1898;-105;10:54:52.735631
1789;1899;-110;10:54:52.735631
1789;1896;-107;10:54:52.735631
1785;1892;-107;10:54:52.735631
1786;1889;-103;10:54:52.735631
1783;1882;-99;10:54:52.735631
1779;1879;-100;10:54:52.735631
1771;1875;-104;10:54:52.735631
1769;1868;-99;10:54:52.735631
1761;1862;-101;10:54:52.735631
1753;1861;-108;10:54:52.735631
1753;1855;-102;10:54:52.735631
1748;1854;-106;10:54:52.735631
1743;1851;-108;10:54:52.735631
1744;1848;-104;10:54:52.735631
1739;1845;-106;10:54:52.735631
1739;1847;-108;10:54:52.735631
1740;1847;-107;10:54:52.735631
1739;1849;-110;10:54:52.735631
1741;1852;-111;10:54:52.735631
1747;1859;-112;10:54:52.735631
1745;1858;-113;10:54:52.735631
1747;1856;-109;10:54:52.735631
1754;1863;-109;10:54:52.735631
1750;1864;-114;10:54:52.735631
1750;1865;-115;10:54:52.735631
1754;1868;-114;10:54:52.735631
1753;1865;-112;10:54:52.735631
1755;1863;-108;10:54:52.735631
1749;1859;-110;10:54:52.735631
1745;1856;-111;10:54:52.735631
1741;1850;-109;10:54:52.735631
1735;1844;-109;10:54:52.735631
1725;1838;-113;10:54:52.735631
1718;1831;-113;10:54:52.735631
1707;1820;-113;10:54:52.735631
1696;1809;-113;10:54:52.735631
1689;1803;-114;10:54:52.735631
1680;1790;-110;10:54:52.735631
1668;1775;-107;10:54:52.735631
1659;1770;-111;10:54:52.735631
1651;1758;-107;10:54:52.735631
1639;1751;-112;10:54:52.735631
1630;1749;-119;10:54:52.735631
1624;1745;-121;10:54:52.735631
1619;1737;-118;10:54:52.735631
1619;1739;-120;10:54:52.735631
1619;1739;-120;10:54:52.735631
1623;1739;-116;10:54:52.735631
1625;1743;-118;10:54:52.735631
1629;1751;-122;10:54:52.735631
1635;1755;-120;10:54:52.735631
1641;1767;-126;10:54:52.735631
1645;1773;-128;10:54:52.735631
1650;1787;-137;10:54:52.735631
1657;1789;-132;10:54:52.735631
1666;1797;-131;10:54:52.735631
1677;1803;-126;10:54:52.735631
1683;1810;-127;10:54:52.735631
1689;1816;-127;10:54:52.735631
1699;1823;-124;10:54:52.735631
1703;1827;-124;10:54:52.735631
1706;1832;-126;10:54:52.735631
1712;1837;-125;10:54:52.735631
1716;1838;-122;10:54:52.735631
1715;1843;-128;10:54:52.735631
1717;1842;-125;10:54:52.735631
1716;1846;-130;10:54:52.735631
1716;1845;-129;10:54:52.735631
1717;1843;-126;10:54:52.735631
1719;1847;-128;10:54:52.735631
1720;1842;-122;10:54:52.735631
1717;1840;-123;10:54:52.735631
1718;1840;-122;10:54:52.735631
1717;1837;-120;10:54:52.735631
1718;1831;-113;10:54:52.735631
1714;1834;-120;10:54:52.735631
1713;1833;-120;10:54:52.735631
1718;1833;-115;10:54:52.735631
1722;1834;-112;10:54:52.735631
1725;1831;-106;10:54:52.735631
1726;1832;-106;10:54:52.735631
1723;1839;-116;10:54:52.735631
1728;1838;-110;10:54:52.735631
1732;1843;-111;10:54:52.735631
1736;1848;-112;10:54:52.735631
1740;1857;-117;10:54:52.735631
1750;1861;-111;10:54:52.735631
1756;1870;-114;10:54:52.735631
1765;1879;-114;10:54:52.735631
1773;1891;-118;10:54:52.735631
1779;1898;-119;10:54:52.735631
1790;1908;-118;10:54:52.735631
1799;1913;-114;10:54:52.735631
1808;1922;-114;10:54:52.735631
1815;1930;-115;10:54:52.735631
1818;1935;-117;10:54:52.735631
1822;1942;-120;10:54:52.735631
1824;1946;-122;10:54:52.735631
1829;1947;-118;10:54:52.735631
1831;1949;-118;10:54:52.735631
1833;1951;-118;10:54:52.735631
1835;1953;-118;10:54:52.735631
1836;1947;-111;10:54:52.735631
1836;1942;-106;10:54:52.735631
1839;1944;-105;10:54:52.735631
1840;1938;-98;10:54:52.735631
1836;1934;-98;10:54:52.735631
1835;1934;-99;10:54:52.735631
1832;1933;-101;10:54:52.735631
1828;1927;-99;10:54:52.735631
1829;1924;-95;10:54:52.735631
1828;1924;-96;10:54:52.735631
1828;1920;-92;10:54:52.735631
1827;1919;-92;10:54:52.735631
1828;1917;-89;10:54:52.735631
1827;1919;-92;10:54:52.735631
1827;1916;-89;10:54:52.735631
1826;1917;-91;10:54:52.735631
1827;1918;-91;10:54:52.735631
1825;1918;-93;10:54:52.735631
1824;1919;-95;10:54:52.735631
1825;1917;-92;10:54:52.735631
1826;1919;-93;10:54:52.735631
1825;1921;-96;10:54:52.735631
1828;1924;-96;10:54:52.735631
1826;1925;-99;10:54:52.735631
1831;1924;-93;10:54:52.735631
1831;1925;-94;10:54:52.735631
1831;1923;-92;10:54:52.735631
1830;1928;-98;10:54:52.735631
1829;1925;-96;10:54:52.735631
1828;1925;-97;10:54:52.735631
1831;1928;-97;10:54:52.735631
1833;1927;-94;10:54:52.735631
1831;1930;-99;10:54:52.735631
1834;1929;-95;10:54:52.735631
1837;1929;-92;10:54:52.735631
1838;1931;-93;10:54:52.735631
1831;1926;-95;10:54:52.735631
1833;1925;-92;10:54:52.735631
1830;1925;-95;10:54:52.735631
1820;1918;-98;10:54:52.735631
1815;1911;-96;10:54:52.735631
1810;1907;-97;10:54:52.735631
1805;1899;-94;10:54:52.735631
1799;1894;-95;10:54:52.735631
1794;1884;-90;10:54:52.735631
1793;1878;-85;10:54:52.735631
1784;1874;-90;10:54:52.735631
1780;1867;-87;10:54:52.735631
1772;1857;-85;10:54:52.753583
1762;1854;-92;10:54:52.753583
1757;1852;-95;10:54:52.753583
1753;1853;-100;10:54:52.753583
1748;1855;-107;10:54:52.753583
1751;1852;-101;10:54:52.753583
1751;1854;-103;10:54:52.753583
1754;1861;-107;10:54:52.753583
1752;1858;-106;10:54:52.753583
1756;1859;-103;10:54:52.753583
1761;1870;-109;10:54:52.753583
1761;1874;-113;10:54:52.753583
1767;1880;-113;10:54:52.753583
1770;1891;-121;10:54:52.753583
1774;1895;-121;10:54:52.753583
1782;1901;-119;10:54:52.753583
1789;1902;-113;10:54:52.753583
1793;1908;-115;10:54:52.753583
1798;1909;-111;10:54:52.753583
1806;1910;-104;10:54:52.753583
1805;1911;-106;10:54:52.753583
1806;1912;-106;10:54:52.753583
1809;1913;-104;10:54:52.753583
1800;1911;-111;10:54:52.753583
1794;1907;-113;10:54:52.753583
1797;1900;-103;10:54:52.753583
1799;1898;-99;10:54:52.753583
1795;1893;-98;10:54:52.753583
1789;1883;-94;10:54:52.753583
1784;1881;-97;10:54:52.753583
1778;1880;-102;10:54:52.753583
1767;1873;-106;10:54:52.753583
1765;1867;-102;10:54:52.753583
1764;1864;-100;10:54:52.753583
1756;1862;-106;10:54:52.753583
1751;1855;-104;10:54:52.753583
1748;1855;-107;10:54:52.753583
1741;1854;-113;10:54:52.753583
1744;1852;-108;10:54:52.753583
1744;1848;-104;10:54:52.753583
1739;1847;-108;10:54:52.753583
1735;1841;-106;10:54:52.753583
1734;1841;-107;10:54:52.753583
1730;1841;-111;10:54:52.753583
1723;1837;-114;10:54:52.753583
1729;1837;-108;10:54:52.753583
1726;1836;-110;10:54:52.753583
1722;1836;-114;10:54:52.753583
1722;1838;-116;10:54:52.753583
1725;1835;-110;10:54:52.753583
1720;1833;-113;10:54:52.753583
1715;1834;-119;10:54:52.753583
1714;1831;-117;10:54:52.753583
1711;1828;-117;10:54:52.753583
1705;1824;-119;10:54:52.753583
1704;1820;-116;10:54:52.753583
1701;1816;-115;10:54:52.753583
1695;1814;-119;10:54:52.753583
1690;1811;-121;10:54:52.753583
1688;1805;-117;10:54:52.753583
1683;1798;-115;10:54:52.753583
1674;1796;-122;10:54:52.753583
1668;1790;-122;10:54:52.753583
1661;1777;-116;10:54:52.753583
1653;1769;-116;10:54:52.753583
1651;1765;-114;10:54:52.753583
1645;1764;-119;10:54:52.753583
1642;1758;-116;10:54:52.753583
1635;1755;-120;10:54:52.753583
1636;1754;-118;10:54:52.753583
1637;1751;-114;10:54:52.753583
1639;1756;-117;10:54:52.753583
1643;1759;-116;10:54:52.753583
1640;1758;-118;10:54:52.753583
1645;1765;-120;10:54:52.753583
1653;1775;-122;10:54:52.753583
1658;1780;-122;10:54:52.753583
1665;1792;-127;10:54:52.753583
1671;1805;-134;10:54:52.753583
1683;1814;-131;10:54:52.753583
1692;1822;-130;10:54:52.753583
1705;1829;-124;10:54:52.753583
1713;1835;-122;10:54:52.753583
1717;1839;-122;10:54:52.753583
1727;1849;-122;10:54:52.753583
1728;1853;-125;10:54:52.753583
1735;1859;-124;10:54:52.753583
1738;1859;-121;10:54:52.753583
1741;1863;-122;10:54:52.753583
1741;1868;-127;10:54:52.753583
1741;1870;-129;10:54:52.753583
1743;1868;-125;10:54:52.753583
1747;1866;-119;10:54:52.753583
1748;1863;-115;10:54:52.753583
1750;1861;-111;10:54:52.753583
1749;1858;-109;10:54:52.753583
1746;1858;-112;10:54:52.753583
1741;1857;-116;10:54:52.753583
1744;1854;-110;10:54:52.753583
1742;1852;-110;10:54:52.753583
1740;1852;-112;10:54:52.753583
1739;1855;-116;10:54:52.753583
1740;1858;-118;10:54:52.753583
1744;1861;-117;10:54:52.753583
1748;1857;-109;10:54:52.753583
1750;1861;-111;10:54:52.753583
1752;1864;-112;10:54:52.753583
1756;1869;-113;10:54:52.753583
1759;1875;-116;10:54:52.753583
1764;1880;-116;10:54:52.753583
1771;1884;-113;10:54:52.753583
1777;1893;-116;10:54:52.753583
1784;1900;-116;10:54:52.753583
1787;1906;-119;10:54:52.753583
1793;1912;-119;10:54:52.753583
1803;1916;-113;10:54:52.753583
1810;1920;-110;10:54:52.753583
1813;1930;-117;10:54:52.753583
1822;1932;-110;10:54:52.753583
1824;1939;-115;10:54:52.753583
1828;1942;-114;10:54:52.753583
1833;1948;-115;10:54:52.753583
1839;1955;-116;10:54:52.753583
1839;1952;-113;10:54:52.753583
1841;1957;-116;10:54:52.753583
1842;1956;-114;10:54:52.753583
1842;1947;-105;10:54:52.753583
1840;1947;-107;10:54:52.753583
1840;1942;-102;10:54:52.753583
1838;1938;-100;10:54:52.753583
1836;1935;-99;10:54:52.753583
1831;1932;-101;10:54:52.753583
1828;1930;-102;10:54:52.753583
1825;1925;-100;10:54:52.753583
1825;1921;-96;10:54:52.753583
1822;1918;-96;10:54:52.753583
1818;1912;-94;10:54:52.753583
1823;1907;-84;10:54:52.753583
1817;1904;-87;10:54:52.753583
1812;1906;-94;10:54:52.753583
1815;1899;-84;10:54:52.753583
1817;1897;-80;10:54:52.753583
1814;1903;-89;10:54:52.753583
1811;1904;-93;10:54:52.753583
1816;1905;-89;10:54:52.753583
1817;1907;-90;10:54:52.753583
1820;1911;-91;10:54:52.753583
1817;1913;-96;10:54:52.753583
1822;1917;-95;10:54:52.753583
1825;1920;-95;10:54:52.753583
1821;1924;-103;10:54:52.753583
1825;1925;-100;10:54:52.753583
1829;1927;-98;10:54:52.753583
1827;1927;-100;10:54:52.753583
1825;1927;-102;10:54:52.753583
1823;1925;-102;10:54:52.753583
1819;1921;-102;10:54:52.753583
1817;1919;-102;10:54:52.753583
1815;1918;-103;10:54:52.753583
1814;1910;-96;10:54:52.753583
1808;1908;-100;10:54:52.753583
1808;1904;-96;10:54:52.753583
1804;1897;-93;10:54:52.753583
1794;1893;-99;10:54:52.753583
1794;1890;-96;10:54:52.753583
1791;1885;-94;10:54:52.753583
1785;1886;-101;10:54:52.753583
1784;1885;-101;10:54:52.753583
1783;1876;-93;10:54:52.753583
1777;1878;-101;10:54:52.753583
1772;1873;-101;10:54:52.753583
1773;1875;-102;10:54:52.753583
1770;1870;-100;10:54:52.753583
1765;1868;-103;10:54:52.753583
1765;1865;-100;10:54:52.753583
1765;1868;-103;10:54:52.753583
1765;1863;-98;10:54:52.753583
1764;1868;-104;10:54:52.753583
1762;1868;-106;10:54:52.753583
1763;1869;-106;10:54:52.753583
1763;1873;-110;10:54:52.753583
1763;1875;-112;10:54:52.753583
1767;1875;-108;10:54:52.753583
1771;1878;-107;10:54:52.753583
1770;1878;-108;10:54:52.753583
1771;1879;-108;10:54:52.753583
1779;1885;-106;10:54:52.753583
1777;1892;-115;10:54:52.753583
1778;1892;-114;10:54:52.753583
1780;1899;-119;10:54:52.753583
1785;1900;-115;10:54:52.753583
1788;1901;-113;10:54:52.753583
1789;1901;-112;10:54:52.753583
1789;1903;-114;10:54:52.753583
1786;1901;-115;10:54:52.753583
1788;1897;-109;10:54:52.753583
1785;1897;-112;10:54:52.753583
1785;1904;-119;10:54:52.753583
1785;1901;-116;10:54:52.753583
1783;1897;-114;10:54:52.753583
1784;1896;-112;10:54:52.753583
1777;1890;-113;10:54:52.753583
1779;1884;-105;10:54:52.753583
1777;1883;-106;10:54:52.753583
1769;1878;-109;10:54:52.753583
1770;1873;-103;10:54:52.753583
1765;1869;-104;10:54:52.753583
1759;1862;-103;10:54:52.753583
1755;1861;-106;10:54:52.753583
1750;1856;-106;10:54:52.753583
1747;1856;-109;10:54:52.753583
1739;1851;-112;10:54:52.753583
1737;1847;-110;10:54:52.753583
1734;1842;-108;10:54:52.753583
1731;1841;-110;10:54:52.753583
1729;1839;-110;10:54:52.753583
1726;1833;-107;10:54:52.753583
1725;1832;-107;10:54:52.753583
1717;1829;-112;10:54:52.753583
1715;1827;-112;10:54:52.753583
1711;1829;-118;10:54:52.753583
1705;1828;-123;10:54:52.753583
1704;1827;-123;10:54:52.753583
1704;1821;-117;10:54:52.753583
1699;1818;-119;10:54:52.753583
1698;1819;-121;10:54:52.753583
1699;1816;-117;10:54:52.753583
1696;1814;-118;10:54:52.753583
1693;1811;-118;10:54:52.753583
1689;1811;-122;10:54:52.753583
1687;1803;-116;10:54:52.753583
1680;1804;-124;10:54:52.753583
1676;1799;-123;10:54:52.753583
1670;1795;-125;10:54:52.753583
1667;1790;-123;10:54:52.753583
1664;1787;-123;10:54:52.753583
1658;1783;-125;10:54:52.753583
1658;1780;-122;10:54:52.753583
1657;1778;-121;10:54:52.753583
1657;1775;-118;10:54:52.753583
1652;1770;-118;10:54:52.753583
1647;1768;-121;10:54:52.753583
1646;1771;-125;10:54:52.753583
1648;1771;-123;10:54:52.753583
1651;1773;-122;10:54:52.753583
1652;1778;-126;10:54:52.753583
1655;1781;-126;10:54:52.753583
1657;1782;-125;10:54:52.753583
1662;1782;-120;10:54:52.753583
1666;1786;-120;10:54:52.753583
1668;1791;-123;10:54:52.753583
1675;1795;-120;10:54:52.753583
1681;1801;-120;10:54:52.753583
1684;1812;-128;10:54:52.753583
1689;1814;-125;10:54:52.753583
1699;1826;-127;10:54:52.753583
1704;1829;-125;10:54:52.753583
1710;1833;-123;10:54:52.753583
1716;1843;-127;10:54:52.753583
1722;1846;-124;10:54:52.753583
1728;1849;-121;10:54:52.753583
1730;1854;-124;10:54:52.753583
1731;1858;-127;10:54:52.753583
1733;1862;-129;10:54:52.753583
1736;1863;-127;10:54:52.753583
1738;1863;-125;10:54:52.753583
1737;1864;-127;10:54:52.753583
1743;1867;-124;10:54:52.753583
1743;1860;-117;10:54:52.753583
1742;1859;-117;10:54:52.753583
1741;1863;-122;10:54:52.753583
1741;1861;-120;10:54:52.753583
1740;1856;-116;10:54:52.753583
1741;1862;-121;10:54:52.753583
1742;1859;-117;10:54:52.753583
1740;1861;-121;10:54:52.753583
1742;1861;-119;10:54:52.753583
1746;1863;-117;10:54:52.753583
1750;1862;-112;10:54:52.753583
1755;1864;-109;10:54:52.753583
1759;1868;-109;10:54:52.753583
1764;1870;-106;10:54:52.753583
1769;1875;-106;10:54:52.753583
1772;1879;-107;10:54:52.753583
1778;1886;-108;10:54:52.753583
1784;1897;-113;10:54:52.753583
1791;1903;-112;10:54:52.753583
1798;1908;-110;10:54:52.753583
1801;1915;-114;10:54:52.753583
1810;1924;-114;10:54:52.753583
1820;1930;-110;10:54:52.753583
1822;1933;-111;10:54:52.753583
1823;1935;-112;10:54:52.753583
1830;1940;-110;10:54:52.753583
1833;1948;-115;10:54:52.753583
1834;1949;-115;10:54:52.753583
1841;1949;-108;10:54:52.753583
1842;1952;-110;10:54:52.753583
1843;1950;-107;10:54:52.753583
1840;1948;-108;10:54:52.753583
1841;1943;-102;10:54:52.753583
1842;1940;-98;10:54:52.753583
1836;1933;-97;10:54:52.753583
1834;1930;-96;10:54:52.753583
1826;1928;-102;10:54:52.753583
1820;1921;-101;10:54:52.753583
1816;1915;-99;10:54:52.753583
1817;1909;-92;10:54:52.753583
1815;1908;-93;10:54:52.753583
1809;1901;-92;10:54:52.753583
1808;1900;-92;10:54:52.753583
1801;1897;-96;10:54:52.753583
1804;1897;-93;10:54:52.753583
1807;1894;-87;10:54:52.753583
1804;1899;-95;10:54:52.753583
1802;1896;-94;10:54:52.753583
1808;1900;-92;10:54:52.753583
1811;1905;-94;10:54:52.753583
1813;1907;-94;10:54:52.753583
1816;1912;-96;10:54:52.753583
1816;1918;-102;10:54:52.753583
1820;1917;-97;10:54:52.753583
1821;1917;-96;10:54:52.753583
1822;1919;-97;10:54:52.753583
1822;1920;-98;10:54:52.753583
1822;1919;-97;10:54:52.753583
1825;1919;-94;10:54:52.753583
1821;1921;-100;10:54:52.753583
1819;1922;-103;10:54:52.753583
1816;1920;-104;10:54:52.753583
1816;1921;-105;10:54:52.753583
1816;1916;-100;10:54:52.753583
1810;1910;-100;10:54:52.753583
1809;1905;-96;10:54:52.753583
1806;1901;-95;10:54:52.753583
1800;1901;-101;10:54:52.753583
1799;1899;-100;10:54:52.753583
1793;1894;-101;10:54:52.753583
1789;1892;-103;10:54:52.753583
1784;1886;-102;10:54:52.753583
1780;1880;-100;10:54:52.753583
1776;1877;-101;10:54:52.753583
1774;1874;-100;10:54:52.753583
1773;1871;-98;10:54:52.753583
1769;1865;-96;10:54:52.753583
1768;1862;-94;10:54:52.753583
1761;1860;-99;10:54:52.753583
1759;1860;-101;10:54:52.753583
1761;1859;-98;10:54:52.753583
1756;1856;-100;10:54:52.753583
1757;1860;-103;10:54:52.753583
1757;1865;-108;10:54:52.753583
1758;1866;-108;10:54:52.753583
1761;1869;-108;10:54:52.753583
1767;1879;-112;10:54:52.753583
1767;1877;-110;10:54:52.753583
1768;1881;-113;10:54:52.753583
1774;1886;-112;10:54:52.753583
1775;1890;-115;10:54:52.753583
1781;1892;-111;10:54:52.753583
1787;1897;-110;10:54:52.753583
1787;1899;-112;10:54:52.753583
1788;1903;-115;10:54:52.753583
1791;1901;-110;10:54:52.753583
1792;1905;-113;10:54:52.753583
1796;1907;-111;10:54:52.753583
1797;1907;-110;10:54:52.753583
1795;1907;-112;10:54:52.753583
1794;1905;-111;10:54:52.753583
1798;1904;-106;10:54:52.753583
1795;1901;-106;10:54:52.753583
1788;1895;-107;10:54:52.753583
1788;1895;-107;10:54:52.753583
1788;1893;-105;10:54:52.753583
1780;1887;-107;10:54:52.753583
1775;1883;-108;10:54:52.753583
1776;1880;-104;10:54:52.753583
1767;1873;-106;10:54:52.753583
1761;1867;-106;10:54:52.753583
1758;1862;-104;10:54:52.753583
1750;1856;-106;10:54:52.753583
1745;1848;-103;10:54:52.753583
1742;1845;-103;10:54:52.753583
1734;1841;-107;10:54:52.753583
1729;1841;-112;10:54:52.753583
1726;1843;-117;10:54:52.753583
1722;1838;-116;10:54:52.753583
1722;1834;-112;10:54:52.753583
1719;1829;-110;10:54:52.753583
1713;1826;-113;10:54:52.753583
1710;1822;-112;10:54:52.753583
1706;1819;-113;10:54:52.753583
1708;1819;-111;10:54:52.753583
1704;1821;-117;10:54:52.753583
1700;1820;-120;10:54:52.753583
1698;1818;-120;10:54:52.753583
1696;1819;-123;10:54:52.753583
1693;1815;-122;10:54:52.753583
1688;1814;-126;10:54:52.753583
1689;1811;-122;10:54:52.753583
1688;1809;-121;10:54:52.753583
1688;1805;-117;10:54:52.753583
1684;1804;-120;10:54:52.753583
1681;1803;-122;10:54:52.753583
1678;1803;-125;10:54:52.753583
1678;1797;-119;10:54:52.753583
1677;1796;-119;10:54:52.753583
1674;1793;-119;10:54:52.753583
1669;1791;-122;10:54:52.753583
1669;1794;-125;10:54:52.753583
1673;1789;-116;10:54:52.753583
1670;1787;-117;10:54:52.753583
1667;1784;-117;10:54:52.753583
1666;1783;-117;10:54:52.753583
1663;1780;-117;10:54:52.753583
1657;1784;-127;10:54:52.753583
1662;1787;-125;10:54:52.753583
1659;1790;-131;10:54:52.753583
1663;1788;-125;10:54:52.753583
1666;1791;-125;10:54:52.753583
1668;1791;-123;10:54:52.753583
1671;1792;-121;10:54:52.753583
1676;1795;-119;10:54:52.753583
1677;1799;-122;10:54:52.753583
1682;1806;-124;10:54:52.753583
1691;1810;-119;10:54:52.753583
1695;1817;-122;10:54:52.753583
1700;1822;-122;10:54:52.753583
1706;1831;-125;10:54:52.753583
1712;1840;-128;10:54:52.753583
1716;1843;-127;10:54:52.753583
1723;1845;-122;10:54:52.753583
1729;1851;-122;10:54:52.753583
1736;1858;-122;10:54:52.753583
1740;1863;-123;10:54:52.753583
1740;1867;-127;10:54:52.753583
1744;1868;-124;10:54:52.753583
1745;1869;-124;10:54:52.753583
1748;1869;-121;10:54:52.753583
1747;1871;-124;10:54:52.753583
1750;1868;-118;10:54:52.753583
1750;1868;-118;10:54:52.753583
1751;1869;-118;10:54:52.753583
1750;1865;-115;10:54:52.753583
1751;1865;-114;10:54:52.753583
1748;1865;-117;10:54:52.753583
1748;1862;-114;10:54:52.753583
1749;1863;-114;10:54:52.753583
1753;1868;-115;10:54:52.753583
1756;1870;-114;10:54:52.753583
1758;1876;-118;10:54:52.753583
1761;1878;-117;10:54:52.753583
1766;1879;-113;10:54:52.753583
1770;1884;-114;10:54:52.753583
1770;1880;-110;10:54:52.753583
1772;1885;-113;10:54:52.753583
1777;1890;-113;10:54:52.753583
1781;1892;-111;10:54:52.753583
1783;1896;-113;10:54:52.753583
1790;1904;-114;10:54:52.753583
1793;1905;-112;10:54:52.753583
1798;1911;-113;10:54:52.753583
1804;1914;-110;10:54:52.753583
1807;1918;-111;10:54:52.753583
1810;1923;-113;10:54:52.753583
1818;1926;-108;10:54:52.753583
1822;1931;-109;10:54:52.753583
1823;1935;-112;10:54:52.753583
1827;1939;-112;10:54:52.753583
1828;1938;-110;10:54:52.753583
1830;1942;-112;10:54:52.753583
1833;1941;-108;10:54:52.753583
1832;1943;-111;10:54:52.753583
1835;1941;-106;10:54:52.753583
1837;1938;-101;10:54:52.753583
1835;1938;-103;10:54:52.753583
1837;1934;-97;10:54:52.753583
1835;1932;-97;10:54:52.753583
1832;1930;-98;10:54:52.753583
1825;1925;-100;10:54:52.753583
1821;1919;-98;10:54:52.753583
1819;1914;-95;10:54:52.753583
1817;1912;-95;10:54:52.753583
1811;1906;-95;10:54:52.753583
1808;1899;-91;10:54:52.753583
1810;1894;-84;10:54:52.753583
1802;1891;-89;10:54:52.753583
1799;1887;-88;10:54:52.753583
1796;1883;-87;10:54:52.753583
1794;1883;-89;10:54:52.753583
1793;1883;-90;10:54:52.753583
1794;1883;-89;10:54:52.753583
1794;1886;-92;10:54:52.753583
1793;1890;-97;10:54:52.753583
1795;1895;-100;10:54:52.753583
1794;1897;-103;10:54:52.753583
1794;1895;-101;10:54:52.753583
1799;1901;-102;10:54:52.753583
1798;1905;-107;10:54:52.753583
1798;1904;-106;10:54:52.753583
1801;1909;-108;10:54:52.753583
1802;1910;-108;10:54:52.753583
1803;1910;-107;10:54:52.753583
1806;1912;-106;10:54:52.753583
1806;1912;-106;10:54:52.753583
1809;1913;-104;10:54:52.753583
1808;1912;-104;10:54:52.753583
1801;1912;-111;10:54:52.753583
1802;1912;-110;10:54:52.753583
1799;1906;-107;10:54:52.753583
1793;1897;-104;10:54:52.753583
1791;1891;-100;10:54:52.753583
1786;1888;-102;10:54:52.753583
1784;1883;-99;10:54:52.753583
1779;1878;-99;10:54:52.753583
1776;1877;-101;10:54:52.753583
1776;1875;-99;10:54:52.753583
1771;1872;-101;10:54:52.753583
1767;1872;-105;10:54:52.753583
1767;1870;-103;10:54:52.753583
1765;1871;-106;10:54:52.753583
1760;1867;-107;10:54:52.753583
1761;1869;-108;10:54:52.753583
1765;1872;-107;10:54:52.753583
1764;1873;-109;10:54:52.753583
1762;1875;-113;10:54:52.753583
1763;1876;-113;10:54:52.753583
1768;1883;-115;10:54:52.753583
1770;1881;-111;10:54:52.753583
1772;1884;-112;10:54:52.753583
1774;1886;-112;10:54:52.753583
1778;1888;-110;10:54:52.753583
1779;1892;-113;10:54:52.753583
1781;1896;-115;10:54:52.753583
1782;1903;-121;10:54:52.753583
1785;1904;-119;10:54:52.753583
1789;1909;-120;10:54:52.753583
1792;1907;-115;10:54:52.753583
1790;1910;-120;10:54:52.753583
1791;1910;-119;10:54:52.753583
1793;1910;-117;10:54:52.753583
1794;1908;-114;10:54:52.753583
1792;1906;-114;10:54:52.753583
1794;1902;-108;10:54:52.753583
1792;1896;-104;10:54:52.753583
1787;1891;-104;10:54:52.753583
1780;1887;-107;10:54:52.753583
1775;1883;-108;10:54:52.753583
1769;1874;-105;10:54:52.753583
1765;1868;-103;10:54:52.753583
1758;1861;-103;10:54:52.753583
1746;1858;-112;10:54:52.753583
1740;1850;-110;10:54:52.753583
1735;1844;-109;10:54:52.753583
1726;1832;-106;10:54:52.753583
1721;1827;-106;10:54:52.753583
1715;1824;-109;10:54:52.753583
1707;1818;-111;10:54:52.753583
1705;1815;-110;10:54:52.753583
1701;1810;-109;10:54:52.753583
1695;1811;-116;10:54:52.753583
1692;1806;-114;10:54:52.753583
1689;1803;-114;10:54:52.753583
1683;1802;-119;10:54:52.753583
1681;1803;-122;10:54:52.753583
1677;1801;-124;10:54:52.753583
1679;1802;-123;10:54:52.753583
1676;1803;-127;10:54:52.753583
1677;1801;-124;10:54:52.753583
1678;1803;-125;10:54:52.753583
1673;1804;-131;10:54:52.753583
1675;1804;-129;10:54:52.753583
1678;1801;-123;10:54:52.753583
1677;1801;-124;10:54:52.753583
1671;1797;-126;10:54:52.753583
1671;1794;-123;10:54:52.753583
1670;1794;-124;10:54:52.753583
1670;1785;-115;10:54:52.753583
1663;1786;-123;10:54:52.753583
1665;1785;-120;10:54:52.753583
1662;1784;-122;10:54:52.753583
1664;1784;-120;10:54:52.753583
1666;1785;-119;10:54:52.753583
1663;1784;-121;10:54:52.753583
1665;1783;-118;10:54:52.753583
1669;1785;-116;10:54:52.753583
1670;1787;-117;10:54:52.753583
1670;1787;-117;10:54:52.753583
1668;1788;-120;10:54:52.753583
1670;1793;-123;10:54:52.753583
1671;1795;-124;10:54:52.753583
1672;1798;-126;10:54:52.753583
1677;1800;-123;10:54:52.753583
1678;1804;-126;10:54:52.753583
1679;1804;-125;10:54:52.753583
1680;1806;-126;10:54:52.753583
1682;1811;-129;10:54:52.753583
1685;1811;-126;10:54:52.753583
1692;1816;-124;10:54:52.753583
1697;1819;-122;10:54:52.753583
1701;1824;-123;10:54:52.753583
1709;1829;-120;10:54:52.753583
1715;1832;-117;10:54:52.753583
1717;1837;-120;10:54:52.753583
1723;1844;-121;10:54:52.753583
1729;1849;-120;10:54:52.753583
1731;1854;-123;10:54:52.753583
1737;1860;-123;10:54:52.753583
1743;1863;-120;10:54:52.753583
1747;1868;-121;10:54:52.753583
1750;1869;-119;10:54:52.753583
1755;1872;-117;10:54:52.753583
1752;1873;-121;10:54:52.753583
1756;1874;-118;10:54:52.753583
1759;1873;-114;10:54:52.753583
1760;1878;-118;10:54:52.753583
1761;1877;-116;10:54:52.753583
1761;1879;-118;10:54:52.753583
1764;1882;-118;10:54:52.753583
1765;1882;-117;10:54:52.753583
1765;1880;-115;10:54:52.753583
1769;1880;-111;10:54:52.753583
1773;1881;-108;10:54:52.753583
1774;1881;-107;10:54:52.753583
1775;1881;-106;10:54:52.753583
1776;1886;-110;10:54:52.753583
1776;1888;-112;10:54:52.753583
1781;1888;-107;10:54:52.753583
1783;1892;-109;10:54:52.753583
1784;1894;-110;10:54:52.753583
1787;1895;-108;10:54:52.753583
1792;1900;-108;10:54:52.753583
1797;1902;-105;10:54:52.753583
1799;1904;-105;10:54:52.753583
1807;1911;-104;10:54:52.753583
1814;1917;-103;10:54:52.753583
1813;1921;-108;10:54:52.753583
1814;1925;-111;10:54:52.753583
1819;1931;-112;10:54:52.753583
1822;1931;-109;10:54:52.753583
1823;1932;-109;10:54:52.753583
1827;1932;-105;10:54:52.753583
1829;1933;-104;10:54:52.753583
1827;1936;-109;10:54:52.753583
1831;1936;-105;10:54:52.753583
1830;1935;-105;10:54:52.753583
1830;1932;-102;10:54:52.753583
1831;1934;-103;10:54:52.753583
1830;1928;-98;10:54:52.753583
1827;1926;-99;10:54:52.753583
1829;1925;-96;10:54:52.753583
1828;1922;-94;10:54:52.753583
1824;1919;-95;10:54:52.753583
1822;1915;-93;10:54:52.753583
1818;1912;-94;10:54:52.753583
1814;1910;-96;10:54:52.753583
1815;1905;-90;10:54:52.753583
1810;1904;-94;10:54:52.753583
1810;1900;-90;10:54:52.753583
1811;1900;-89;10:54:52.753583
1809;1898;-89;10:54:52.753583
1808;1897;-89;10:54:52.753583
1804;1895;-91;10:54:52.753583
1804;1896;-92;10:54:52.753583
1806;1899;-93;10:54:52.753583
1806;1898;-92;10:54:52.753583
1805;1897;-92;10:54:52.753583
1803;1895;-92;10:54:52.753583
1805;1898;-93;10:54:52.753583
1804;1898;-94;10:54:52.753583
1803;1899;-96;10:54:52.753583
1806;1899;-93;10:54:52.753583
1805;1898;-93;10:54:52.753583
1801;1899;-98;10:54:52.753583
1799;1900;-101;10:54:52.753583
1800;1902;-102;10:54:52.753583
1798;1901;-103;10:54:52.753583
1801;1901;-100;10:54:52.753583
1799;1902;-103;10:54:52.753583
1797;1902;-105;10:54:52.753583
1796;1905;-109;10:54:52.753583
1795;1902;-107;10:54:52.753583
1793;1904;-111;10:54:52.753583
1792;1901;-109;10:54:52.753583
1793;1899;-106;10:54:52.753583
1789;1895;-106;10:54:52.753583
1786;1894;-108;10:54:52.753583
1783;1887;-104;10:54:52.753583
1784;1885;-101;10:54:52.753583
1786;1884;-98;10:54:52.753583
1784;1883;-99;10:54:52.753583
1784;1881;-97;10:54:52.753583
1782;1883;-101;10:54:52.753583
1780;1881;-101;10:54:52.753583
1779;1882;-103;10:54:52.753583
1778;1880;-102;10:54:52.753583
1777;1879;-102;10:54:52.753583
1776;1876;-100;10:54:52.753583
1780;1875;-95;10:54:52.753583
1779;1877;-98;10:54:52.753583
1778;1875;-97;10:54:52.753583
1777;1879;-102;10:54:52.753583
1775;1879;-104;10:54:52.753583
1774;1881;-107;10:54:52.753583
1772;1883;-111;10:54:52.753583
1774;1888;-114;10:54:52.753583
1774;1890;-116;10:54:52.753583
1776;1891;-115;10:54:52.753583
1777;1890;-113;10:54:52.753583
1776;1890;-114;10:54:52.753583
1782;1893;-111;10:54:52.753583
1782;1897;-115;10:54:52.753583
1779;1896;-117;10:54:52.753583
1780;1896;-116;10:54:52.753583
1779;1897;-118;10:54:52.753583
1778;1892;-114;10:54:52.753583
1778;1890;-112;10:54:52.753583
1774;1889;-115;10:54:52.753583
1774;1884;-110;10:54:52.753583
1771;1884;-113;10:54:52.753583
1770;1881;-111;10:54:52.753583
1770;1878;-108;10:54:52.753583
1766;1874;-108;10:54:52.753583
1763;1868;-105;10:54:52.753583
1763;1864;-101;10:54:52.753583
1756;1860;-104;10:54:52.753583
1748;1853;-105;10:54:52.753583
1741;1852;-111;10:54:52.753583
1737;1844;-107;10:54:52.753583
1735;1841;-106;10:54:52.753583
1730;1832;-102;10:54:52.753583
1726;1829;-103;10:54:52.753583
1720;1828;-108;10:54:52.753583
1715;1823;-108;10:54:52.753583
1709;1819;-110;10:54:52.753583
1706;1815;-109;10:54:52.753583
1700;1814;-114;10:54:52.753583
1695;1810;-115;10:54:52.753583
1690;1808;-118;10:54:52.753583
1683;1806;-123;10:54:52.753583
1681;1804;-123;10:54:52.753583
1682;1803;-121;10:54:52.753583
1683;1805;-122;10:54:52.753583
1685;1801;-116;10:54:52.753583
1679;1801;-122;10:54:52.753583
1683;1801;-118;10:54:52.753583
1682;1806;-124;10:54:52.753583
1683;1806;-123;10:54:52.753583
1683;1806;-123;10:54:52.753583
1682;1807;-125;10:54:52.753583
1682;1809;-127;10:54:52.753583
1684;1808;-124;10:54:52.753583
1684;1810;-126;10:54:52.753583
1687;1810;-123;10:54:52.753583
1688;1810;-122;10:54:52.753583
1691;1809;-118;10:54:52.753583
1692;1807;-115;10:54:52.753583
1690;1810;-120;10:54:52.753583
1692;1811;-119;10:54:52.753583
1691;1810;-119;10:54:52.753583
1690;1809;-119;10:54:52.753583
1693;1808;-115;10:54:52.753583
1692;1805;-113;10:54:52.753583
1693;1806;-113;10:54:52.753583
1691;1807;-116;10:54:52.753583
1697;1810;-113;10:54:52.856729
1694;1811;-117;10:54:52.856729
1694;1814;-120;10:54:52.856729
1695;1817;-122;10:54:52.856729
1699;1821;-122;10:54:52.856729
1701;1824;-123;10:54:52.856729
1706;1827;-121;10:54:52.856729
1711;1830;-119;10:54:52.856729
1714;1833;-119;10:54:52.856729
1721;1838;-117;10:54:52.856729
1727;1846;-119;10:54:52.856729
1728;1848;-120;10:54:52.856729
1733;1855;-122;10:54:52.856729
1738;1860;-122;10:54:52.856729
1743;1862;-119;10:54:52.856729
1747;1866;-119;10:54:52.856729
1751;1869;-118;10:54:52.856729
1755;1872;-117;10:54:52.856729
1755;1871;-116;10:54:52.856729
1755;1870;-115;10:54:52.856729
1757;1872;-115;10:54:52.856729
1758;1873;-115;10:54:52.856729
1756;1873;-117;10:54:52.856729
1757;1874;-117;10:54:52.856729
1758;1872;-114;10:54:52.856729
1762;1874;-112;10:54:52.856729
1761;1872;-111;10:54:52.856729
1763;1874;-111;10:54:52.856729
1764;1876;-112;10:54:52.856729
1763;1878;-115;10:54:52.856729
1763;1879;-116;10:54:52.856729
1768;1882;-114;10:54:52.856729
1772;1885;-113;10:54:52.856729
1775;1888;-113;10:54:52.856729
1778;1892;-114;10:54:52.856729
1783;1894;-111;10:54:52.856729
1789;1897;-108;10:54:52.856729
1790;1902;-112;10:54:52.856729
1791;1904;-113;10:54:52.856729
1798;1908;-110;10:54:52.856729
1803;1913;-110;10:54:52.856729
1808;1914;-106;10:54:52.856729
1812;1917;-105;10:54:52.856729
1815;1919;-104;10:54:52.856729
1818;1922;-104;10:54:52.856729
1819;1924;-105;10:54:52.856729
1821;1927;-106;10:54:52.856729
1819;1928;-109;10:54:52.856729
1819;1927;-108;10:54:52.856729
1819;1926;-107;10:54:52.856729
1817;1923;-106;10:54:52.856729
1816;1920;-104;10:54:52.856729
1818;1923;-105;10:54:52.856729
1818;1921;-103;10:54:52.856729
1819;1919;-100;10:54:52.856729
1820;1918;-98;10:54:52.856729
1816;1920;-104;10:54:52.856729
1815;1914;-99;10:54:52.856729
1814;1914;-100;10:54:52.856729
1810;1910;-100;10:54:52.856729
1807;1906;-99;10:54:52.856729
1806;1904;-98;10:54:52.856729
1804;1905;-101;10:54:52.856729
1802;1902;-100;10:54:52.856729
1801;1899;-98;10:54:52.856729
1803;1898;-95;10:54:52.856729
1805;1897;-92;10:54:52.856729
1802;1897;-95;10:54:52.856729
1802;1894;-92;10:54:52.856729
1802;1897;-95;10:54:52.856729
1799;1893;-94;10:54:52.856729
1800;1893;-93;10:54:52.856729
1800;1893;-93;10:54:52.856729
1799;1894;-95;10:54:52.856729
1801;1892;-91;10:54:52.856729
1798;1894;-96;10:54:52.856729
1797;1894;-97;10:54:52.856729
1795;1893;-98;10:54:52.856729
1795;1896;-101;10:54:52.856729
1793;1894;-101;10:54:52.856729
1792;1893;-101;10:54:52.856729
1792;1896;-104;10:54:52.856729
1793;1896;-103;10:54:52.856729
1796;1895;-99;10:54:52.856729
1796;1896;-100;10:54:52.856729
1794;1896;-102;10:54:52.856729
1792;1896;-104;10:54:52.856729
1790;1899;-109;10:54:52.856729
1791;1895;-104;10:54:52.856729
1786;1896;-110;10:54:52.856729
1783;1892;-109;10:54:52.856729
1783;1891;-108;10:54:52.856729
1780;1890;-110;10:54:52.856729
1776;1889;-113;10:54:52.856729
1775;1887;-112;10:54:52.856729
1774;1887;-113;10:54:52.856729
1772;1882;-110;10:54:52.856729
1772;1879;-107;10:54:52.856729
1771;1880;-109;10:54:52.856729
1775;1880;-105;10:54:52.856729
1774;1880;-106;10:54:52.856729
1772;1881;-109;10:54:52.856729
1773;1882;-109;10:54:52.856729
1775;1884;-109;10:54:52.856729
1775;1884;-109;10:54:52.856729
1778;1887;-109;10:54:52.856729
1782;1890;-108;10:54:52.856729
1783;1888;-105;10:54:52.856729
1788;1888;-100;10:54:52.856729
1790;1890;-100;10:54:52.856729
1790;1890;-100;10:54:52.856729
1789;1890;-101;10:54:52.856729
1790;1894;-104;10:54:52.856729
1791;1894;-103;10:54:52.856729
1789;1896;-107;10:54:52.856729
1787;1895;-108;10:54:52.856729
1789;1895;-106;10:54:52.856729
1788;1891;-103;10:54:52.856729
1784;1891;-107;10:54:52.856729
1780;1892;-112;10:54:52.856729
1782;1892;-110;10:54:52.856729
1781;1890;-109;10:54:52.856729
1777;1889;-112;10:54:52.856729
1775;1885;-110;10:54:52.856729
1774;1883;-109;10:54:52.856729
1770;1881;-111;10:54:52.856729
1770;1874;-104;10:54:52.856729
1762;1875;-113;10:54:52.856729
1762;1872;-110;10:54:52.856729
1759;1870;-111;10:54:52.856729
1755;1863;-108;10:54:52.856729
1749;1858;-109;10:54:52.856729
1748;1856;-108;10:54:52.856729
1741;1849;-108;10:54:52.856729
1737;1842;-105;10:54:52.856729
1733;1841;-108;10:54:52.856729
1728;1835;-107;10:54:52.856729
1722;1828;-106;10:54:52.856729
1720;1824;-104;10:54:52.856729
1716;1820;-104;10:54:52.856729
1713;1816;-103;10:54:52.856729
1711;1816;-105;10:54:52.856729
1705;1813;-108;10:54:52.856729
1704;1812;-108;10:54:52.856729
1701;1811;-110;10:54:52.856729
1699;1812;-113;10:54:52.856729
1698;1811;-113;10:54:52.856729
1699;1813;-114;10:54:52.856729
1695;1813;-118;10:54:52.856729
1692;1812;-120;10:54:52.856729
1693;1810;-117;10:54:52.856729
1693;1813;-120;10:54:52.856729
1692;1811;-119;10:54:52.856729
1690;1814;-124;10:54:52.856729
1692;1811;-119;10:54:52.856729
1692;1815;-123;10:54:52.856729
1690;1814;-124;10:54:52.856729
1690;1811;-121;10:54:52.856729
1686;1810;-124;10:54:52.856729
1684;1810;-126;10:54:52.856729
1689;1811;-122;10:54:52.856729
1689;1808;-119;10:54:52.856729
1690;1810;-120;10:54:52.856729
1691;1804;-113;10:54:52.856729
1692;1806;-114;10:54:52.856729
1693;1805;-112;10:54:52.856729
1692;1807;-115;10:54:52.856729
1690;1808;-118;10:54:52.856729
1692;1809;-117;10:54:52.856729
1692;1812;-120;10:54:52.856729
1695;1814;-119;10:54:52.856729
1697;1817;-120;10:54:52.856729
1698;1818;-120;10:54:52.856729
1704;1816;-112;10:54:52.856729
1704;1818;-114;10:54:52.856729
1705;1820;-115;10:54:52.856729
1707;1823;-116;10:54:52.856729
1708;1828;-120;10:54:52.856729
1708;1830;-122;10:54:52.856729
1710;1830;-120;10:54:52.856729
1717;1834;-117;10:54:52.856729
1718;1836;-118;10:54:52.856729
1719;1838;-119;10:54:52.856729
1722;1843;-121;10:54:52.856729
1728;1849;-121;10:54:52.856729
1730;1849;-119;10:54:52.856729
1732;1854;-122;10:54:52.856729
1740;1861;-121;10:54:52.856729
1744;1865;-121;10:54:52.856729
1743;1868;-125;10:54:52.856729
1752;1871;-119;10:54:52.856729
1759;1875;-116;10:54:52.856729
1762;1877;-115;10:54:52.856729
1764;1881;-117;10:54:52.856729
1766;1883;-117;10:54:52.856729
1768;1882;-114;10:54:52.856729
1772;1886;-114;10:54:52.856729
1772;1887;-115;10:54:52.856729
1772;1885;-113;10:54:52.856729
1775;1888;-113;10:54:52.856729
1773;1888;-115;10:54:52.856729
1774;1888;-114;10:54:52.856729
1775;1888;-113;10:54:52.856729
1778;1889;-111;10:54:52.856729
1777;1888;-111;10:54:52.856729
1775;1885;-110;10:54:52.856729
1776;1885;-109;10:54:52.856729
1776;1887;-111;10:54:52.856729
1775;1886;-111;10:54:52.856729
1779;1890;-111;10:54:52.856729
1782;1889;-107;10:54:52.856729
1784;1889;-105;10:54:52.856729
1785;1892;-107;10:54:52.856729
1786;1896;-110;10:54:52.856729
1790;1901;-111;10:54:52.856729
1791;1905;-114;10:54:52.856729
1797;1910;-113;10:54:52.856729
1806;1916;-110;10:54:52.856729
1813;1921;-108;10:54:52.856729
1816;1924;-108;10:54:52.856729
1818;1926;-108;10:54:52.856729
1821;1931;-110;10:54:52.856729
1824;1929;-105;10:54:52.856729
1825;1929;-104;10:54:52.856729
1829;1932;-103;10:54:52.856729
1829;1931;-102;10:54:52.856729
1833;1932;-99;10:54:52.856729
1831;1930;-99;10:54:52.856729
1830;1925;-95;10:54:52.856729
1831;1923;-92;10:54:52.856729
1824;1917;-93;10:54:52.856729
1819;1913;-94;10:54:52.856729
1814;1910;-96;10:54:52.856729
1810;1908;-98;10:54:52.856729
1803;1902;-99;10:54:52.856729
1801;1898;-97;10:54:52.856729
1800;1896;-96;10:54:52.856729
1796;1895;-99;10:54:52.856729
1792;1892;-100;10:54:52.856729
1788;1890;-102;10:54:52.856729
1787;1888;-101;10:54:52.856729
1789;1889;-100;10:54:52.856729
1788;1889;-101;10:54:52.856729
1789;1890;-101;10:54:52.856729
1790;1894;-104;10:54:52.856729
1790;1896;-106;10:54:52.856729
1791;1896;-105;10:54:52.856729
1791;1897;-106;10:54:52.856729
1792;1896;-104;10:54:52.856729
1797;1898;-101;10:54:52.856729
1798;1898;-100;10:54:52.856729
1798;1901;-103;10:54:52.856729
1797;1901;-104;10:54:52.856729
1798;1906;-108;10:54:52.856729
1802;1905;-103;10:54:52.856729
1808;1909;-101;10:54:52.873651
1810;1911;-101;10:54:52.873651
1812;1913;-101;10:54:52.873651
1814;1917;-103;10:54:52.873651
1814;1915;-101;10:54:52.873651
1813;1917;-104;10:54:52.873651
1813;1914;-101;10:54:52.873651
1810;1913;-103;10:54:52.873651
1807;1911;-104;10:54:52.873651
1805;1908;-103;10:54:52.873651
1801;1910;-109;10:54:52.873651
1801;1908;-107;10:54:52.873651
1797;1905;-108;10:54:52.873651
1795;1901;-106;10:54:52.873651
1793;1901;-108;10:54:52.873651
1790;1898;-108;10:54:52.873651
1790;1893;-103;10:54:52.873651
1786;1890;-104;10:54:52.873651
1783;1887;-104;10:54:52.873651
1782;1886;-104;10:54:52.873651
1782;1885;-103;10:54:52.873651
1781;1884;-103;10:54:52.873651
1781;1886;-105;10:54:52.873651
1783;1888;-105;10:54:52.873651
1784;1889;-105;10:54:52.873651
1783;1887;-104;10:54:52.873651
1786;1891;-105;10:54:52.873651
1789;1893;-104;10:54:52.873651
1793;1896;-103;10:54:52.873651
1797;1900;-103;10:54:52.873651
1798;1901;-103;10:54:52.873651
1798;1905;-107;10:54:52.873651
1799;1907;-108;10:54:52.873651
1800;1907;-107;10:54:52.873651
1801;1907;-106;10:54:52.873651
1798;1906;-108;10:54:52.873651
1797;1906;-109;10:54:52.873651
1794;1907;-113;10:54:52.873651
1795;1903;-108;10:54:52.873651
1793;1898;-105;10:54:52.873651
1789;1897;-108;10:54:52.873651
1784;1893;-109;10:54:52.873651
1783;1887;-104;10:54:52.873651
1778;1883;-105;10:54:52.873651
1771;1878;-107;10:54:52.873651
1763;1875;-112;10:54:52.873651
1757;1869;-112;10:54:52.873651
1756;1865;-109;10:54:52.873651
1751;1857;-106;10:54:52.873651
1747;1850;-103;10:54:52.873651
1743;1845;-102;10:54:52.873651
1736;1843;-107;10:54:52.873651
1731;1839;-108;10:54:52.873651
1726;1836;-110;10:54:52.873651
1723;1833;-110;10:54:52.873651
1718;1830;-112;10:54:52.873651
1716;1829;-113;10:54:52.873651
1713;1825;-112;10:54:52.873651
1711;1821;-110;10:54:52.873651
1709;1817;-108;10:54:52.873651
1705;1817;-112;10:54:52.873651
1703;1813;-110;10:54:52.873651
1702;1811;-109;10:54:52.873651
1700;1809;-109;10:54:52.873651
1696;1807;-111;10:54:52.873651
1693;1807;-114;10:54:52.873651
1692;1805;-113;10:54:52.873651
1690;1807;-117;10:54:52.873651
1689;1807;-118;10:54:52.873651
1692;1808;-116;10:54:52.873651
1691;1810;-119;10:54:52.873651
1690;1810;-120;10:54:52.873651
1691;1812;-121;10:54:52.873651
1694;1813;-119;10:54:52.873651
1693;1817;-124;10:54:52.873651
1694;1817;-123;10:54:52.873651
1696;1820;-124;10:54:52.873651
1699;1821;-122;10:54:52.873651
1702;1822;-120;10:54:52.873651
1705;1823;-118;10:54:52.873651
1706;1823;-117;10:54:52.873651
1706;1821;-115;10:54:52.873651
1707;1819;-112;10:54:52.873651
1705;1818;-113;10:54:52.873651
1705;1816;-111;10:54:52.873651
1705;1820;-115;10:54:52.873651
1707;1821;-114;10:54:52.873651
1707;1819;-112;10:54:52.873651
1708;1819;-111;10:54:52.873651
1709;1818;-109;10:54:52.873651
1707;1818;-111;10:54:52.873651
1707;1817;-110;10:54:52.873651
1708;1816;-108;10:54:52.873651
1707;1818;-111;10:54:52.873651
1707;1817;-110;10:54:52.873651
1710;1822;-112;10:54:52.873651
1710;1824;-114;10:54:52.873651
1713;1827;-114;10:54:52.873651
1714;1829;-115;10:54:52.873651
1715;1833;-118;10:54:52.873651
1720;1838;-118;10:54:52.873651
1724;1842;-118;10:54:52.873651
1727;1848;-121;10:54:52.873651
1732;1851;-119;10:54:52.873651
1738;1857;-119;10:54:52.873651
1740;1861;-121;10:54:52.873651
1743;1863;-120;10:54:52.873651
1749;1869;-120;10:54:52.873651
1755;1872;-117;10:54:52.873651
1757;1875;-118;10:54:52.873651
1758;1876;-118;10:54:52.873651
1763;1878;-115;10:54:52.873651
1770;1882;-112;10:54:52.873651
1771;1881;-110;10:54:52.873651
1776;1885;-109;10:54:52.873651
1779;1885;-106;10:54:52.873651
1780;1887;-107;10:54:52.873651
1786;1888;-102;10:54:52.873651
1784;1891;-107;10:54:52.873651
1783;1891;-108;10:54:52.873651
1787;1892;-105;10:54:52.873651
1788;1894;-106;10:54:52.873651
1788;1896;-108;10:54:52.873651
1789;1895;-106;10:54:52.873651
1789;1897;-108;10:54:52.873651
1790;1896;-106;10:54:52.873651
1791;1892;-101;10:54:52.873651
1792;1892;-100;10:54:52.873651
1791;1893;-102;10:54:52.873651
1789;1892;-103;10:54:52.873651
1790;1893;-103;10:54:52.873651
1792;1896;-104;10:54:52.873651
1797;1899;-102;10:54:52.873651
1798;1899;-101;10:54:52.873651
1802;1901;-99;10:54:52.873651
1802;1903;-101;10:54:52.873651
1800;1904;-104;10:54:52.873651
1804;1906;-102;10:54:52.873651
1806;1910;-104;10:54:52.873651
1807;1911;-104;10:54:52.873651
1808;1915;-107;10:54:52.873651
1812;1920;-108;10:54:52.873651
1813;1922;-109;10:54:52.873651
1818;1924;-106;10:54:52.873651
1822;1926;-104;10:54:52.873651
1823;1929;-106;10:54:52.873651
1824;1924;-100;10:54:52.873651
1827;1924;-97;10:54:52.873651
1828;1924;-96;10:54:52.873651
1826;1921;-95;10:54:52.873651
1825;1918;-93;10:54:52.873651
1824;1917;-93;10:54:52.873651
1819;1913;-94;10:54:52.873651
1814;1912;-98;10:54:52.873651
1812;1910;-98;10:54:52.873651
1810;1909;-99;10:54:52.873651
1808;1905;-97;10:54:52.873651
1807;1902;-95;10:54:52.873651
1803;1899;-96;10:54:52.873651
1800;1893;-93;10:54:52.873651
1795;1888;-93;10:54:52.873651
1793;1887;-94;10:54:52.873651
1790;1886;-96;10:54:52.873651
1787;1884;-97;10:54:52.873651
1785;1884;-99;10:54:52.873651
1782;1885;-103;10:54:52.873651
1780;1883;-103;10:54:52.873651
1780;1886;-106;10:54:52.873651
1778;1886;-108;10:54:52.873651
1779;1885;-106;10:54:52.873651
1782;1890;-108;10:54:52.873651
1784;1890;-106;10:54:52.873651
1785;1892;-107;10:54:52.873651
1789;1895;-106;10:54:52.873651
1791;1897;-106;10:54:52.873651
1790;1898;-108;10:54:52.873651
1793;1899;-106;10:54:52.873651
1797;1901;-104;10:54:52.873651
1796;1903;-107;10:54:52.873651
1793;1903;-110;10:54:52.873651
1798;1905;-107;10:54:52.873651
1800;1907;-107;10:54:52.873651
1800;1906;-106;10:54:52.873651
1799;1904;-105;10:54:52.873651
1799;1902;-103;10:54:52.873651
1796;1904;-108;10:54:52.873651
1794;1901;-107;10:54:52.873651
1794;1899;-105;10:54:52.873651
1792;1900;-108;10:54:52.873651
1791;1897;-106;10:54:52.873651
1787;1893;-106;10:54:52.873651
1785;1890;-105;10:54:52.873651
1783;1889;-106;10:54:52.873651
1781;1884;-103;10:54:52.873651
1777;1883;-106;10:54:52.873651
1775;1883;-108;10:54:52.873651
1773;1881;-108;10:54:52.873651
1770;1881;-111;10:54:52.873651
1769;1881;-112;10:54:52.873651
1771;1881;-110;10:54:52.873651
1772;1882;-110;10:54:52.873651
1775;1881;-106;10:54:52.873651
1777;1880;-103;10:54:52.873651
1780;1879;-99;10:54:52.873651
1780;1881;-101;10:54:52.873651
1779;1882;-103;10:54:52.873651
1778;1883;-105;10:54:52.873651
1777;1884;-107;10:54:52.873651
1777;1884;-107;10:54:52.873651
1774;1884;-110;10:54:52.873651
1775;1884;-109;10:54:52.873651
1774;1886;-112;10:54:52.873651
1769;1887;-118;10:54:52.873651
1768;1883;-115;10:54:52.873651
1769;1882;-113;10:54:52.873651
1766;1878;-112;10:54:52.873651
1758;1873;-115;10:54:52.873651
1756;1869;-113;10:54:52.873651
1753;1867;-114;10:54:52.873651
1748;1861;-113;10:54:52.873651
1745;1854;-109;10:54:52.873651
1736;1848;-112;10:54:52.873651
1732;1845;-113;10:54:52.873651
1730;1842;-112;10:54:52.873651
1726;1834;-108;10:54:52.873651
1720;1828;-108;10:54:52.873651
1714;1826;-112;10:54:52.873651
1713;1823;-110;10:54:52.873651
1706;1817;-111;10:54:52.873651
1701;1815;-114;10:54:52.873651
1700;1812;-112;10:54:52.873651
1699;1809;-110;10:54:52.873651
1696;1808;-112;10:54:52.873651
1696;1805;-109;10:54:52.873651
1694;1805;-111;10:54:52.873651
1693;1802;-109;10:54:52.873651
1694;1802;-108;10:54:52.873651
1692;1800;-108;10:54:52.873651
1689;1802;-113;10:54:52.873651
1685;1805;-120;10:54:52.873651
1685;1807;-122;10:54:52.873651
1684;1806;-122;10:54:52.873651
1684;1804;-120;10:54:52.873651
1683;1807;-124;10:54:52.873651
1685;1808;-123;10:54:52.873651
1685;1808;-123;10:54:52.873651
1684;1810;-126;10:54:52.873651
1687;1809;-122;10:54:52.873651
1690;1808;-118;10:54:52.873651
1688;1810;-122;10:54:52.873651
1686;1813;-127;10:54:52.873651
1687;1813;-126;10:54:52.873651
1689;1815;-126;10:54:52.873651
1690;1816;-126;10:54:52.873651
1691;1816;-125;10:54:52.873651
1698;1817;-119;10:54:52.873651
1696;1817;-121;10:54:52.873651
1700;1819;-119;10:54:52.873651
1702;1821;-119;10:54:52.873651
1704;1824;-120;10:54:52.873651
1708;1825;-117;10:54:52.873651
1708;1826;-118;10:54:52.873651
1710;1828;-118;10:54:52.873651
1714;1829;-115;10:54:52.873651
1720;1833;-113;10:54:52.873651
1722;1832;-110;10:54:52.873651
1723;1837;-114;10:54:52.873651
1725;1838;-113;10:54:52.873651
1726;1840;-114;10:54:52.873651
1727;1843;-116;10:54:52.873651
1725;1847;-122;10:54:52.873651
1730;1847;-117;10:54:52.873651
1734;1850;-116;10:54:52.873651
1733;1851;-118;10:54:52.873651
1734;1853;-119;10:54:52.873651
1738;1856;-118;10:54:52.873651
1738;1856;-118;10:54:52.873651
1741;1855;-114;10:54:52.873651
1740;1858;-118;10:54:52.873651
1745;1862;-117;10:54:52.873651
1751;1863;-112;10:54:52.873651
1751;1867;-116;10:54:52.873651
1752;1872;-120;10:54:52.873651
1754;1876;-122;10:54:52.873651
1759;1879;-120;10:54:52.873651
1763;1883;-120;10:54:52.873651
1766;1884;-118;10:54:52.873651
1770;1886;-116;10:54:52.873651
1771;1891;-120;10:54:52.873651
1777;1891;-114;10:54:52.873651
1777;1891;-114;10:54:52.873651
1783;1894;-111;10:54:52.873651
1787;1897;-110;10:54:52.873651
1788;1899;-111;10:54:52.873651
1790;1901;-111;10:54:52.873651
1792;1902;-110;10:54:52.873651
1794;1901;-107;10:54:52.873651
1799;1906;-107;10:54:52.873651
1801;1907;-106;10:54:52.873651
1800;1906;-106;10:54:52.873651
1800;1906;-106;10:54:52.873651
1801;1908;-107;10:54:52.873651
1802;1905;-103;10:54:52.873651
1800;1904;-104;10:54:52.873651
1802;1905;-103;10:54:52.873651
1800;1904;-104;10:54:52.873651
1803;1906;-103;10:54:52.873651
1802;1904;-102;10:54:52.873651
1803;1905;-102;10:54:52.873651
1804;1907;-103;10:54:52.873651
1802;1907;-105;10:54:52.873651
1800;1903;-103;10:54:52.873651
1800;1906;-106;10:54:52.873651
1803;1908;-105;10:54:52.873651
1803;1909;-106;10:54:52.873651
1804;1909;-105;10:54:52.873651
1807;1913;-106;10:54:52.873651
1808;1913;-105;10:54:52.873651
1809;1911;-102;10:54:52.873651
1809;1912;-103;10:54:52.873651
1810;1912;-102;10:54:52.873651
1810;1911;-101;10:54:52.873651
1810;1909;-99;10:54:52.873651
1808;1904;-96;10:54:52.873651
1809;1903;-94;10:54:52.873651
1806;1902;-96;10:54:52.873651
1805;1903;-98;10:54:52.873651
1805;1900;-95;10:54:52.873651
1802;1900;-98;10:54:52.873651
1804;1900;-96;10:54:52.873651
1802;1899;-97;10:54:52.873651
1799;1898;-99;10:54:52.873651
1798;1896;-98;10:54:52.873651
1798;1897;-99;10:54:52.873651
1801;1897;-96;10:54:52.873651
1797;1894;-97;10:54:52.873651
1796;1897;-101;10:54:52.873651
1797;1899;-102;10:54:52.873651
1798;1899;-101;10:54:52.873651
1796;1899;-103;10:54:52.873651
1799;1899;-100;10:54:52.873651
1800;1898;-98;10:54:52.873651
1800;1902;-102;10:54:52.873651
1801;1901;-100;10:54:52.873651
1800;1899;-99;10:54:52.873651
1800;1901;-101;10:54:52.873651
1802;1903;-101;10:54:52.873651
1804;1905;-101;10:54:52.873651
1800;1905;-105;10:54:52.873651
1800;1907;-107;10:54:52.873651
1800;1906;-106;10:54:52.873651
1797;1906;-109;10:54:52.873651
1800;1906;-106;10:54:52.873651
1803;1908;-105;10:54:52.873651
1805;1908;-103;10:54:52.873651
1805;1907;-102;10:54:52.873651
1804;1905;-101;10:54:52.873651
1803;1902;-99;10:54:52.873651
1802;1898;-96;10:54:52.873651
1800;1899;-99;10:54:52.873651
1797;1900;-103;10:54:52.873651
1794;1899;-105;10:54:52.873651
1792;1897;-105;10:54:52.873651
1789;1896;-107;10:54:52.873651
1786;1893;-107;10:54:52.873651
1786;1889;-103;10:54:52.873651
1783;1886;-103;10:54:52.873651
1781;1886;-105;10:54:52.873651
1778;1880;-102;10:54:52.873651
1776;1877;-101;10:54:52.873651
1774;1878;-104;10:54:52.873651
1773;1880;-107;10:54:52.873651
1772;1879;-107;10:54:52.873651
1773;1880;-107;10:54:52.873651
1775;1880;-105;10:54:52.873651
1775;1881;-106;10:54:52.873651
1775;1880;-105;10:54:52.873651
1778;1881;-103;10:54:52.873651
1777;1882;-105;10:54:52.873651
1777;1882;-105;10:54:52.873651
1775;1884;-109;10:54:52.873651
1773;1885;-112;10:54:52.873651
1772;1883;-111;10:54:52.873651
1769;1880;-111;10:54:52.873651
1769;1878;-109;10:54:52.873651
1764;1873;-109;10:54:52.873651
1761;1867;-106;10:54:52.873651
1759;1863;-104;10:54:52.873651
1753;1860;-107;10:54:52.873651
1748;1853;-105;10:54:52.873651
1744;1849;-105;10:54:52.873651
1738;1844;-106;10:54:52.873651
1730;1839;-109;10:54:52.873651
1724;1832;-108;10:54:52.873651
1716;1827;-111;10:54:52.873651
1712;1822;-110;10:54:52.873651
1709;1817;-108;10:54:52.873651
1705;1812;-107;10:54:52.873651
1700;1807;-107;10:54:52.873651
1695;1805;-110;10:54:52.873651
1693;1803;-110;10:54:52.873651
1686;1800;-114;10:54:52.873651
1685;1796;-111;10:54:52.873651
1684;1796;-112;10:54:52.873651
1684;1793;-109;10:54:52.873651
1685;1791;-106;10:54:52.873651
1682;1792;-110;10:54:52.873651
1684;1792;-108;10:54:52.873651
1688;1794;-106;10:54:52.873651
1689;1793;-104;10:54:52.873651
1688;1798;-110;10:54:52.873651
1688;1801;-113;10:54:52.873651
1687;1803;-116;10:54:52.873651
1691;1804;-113;10:54:52.873651
1695;1805;-110;10:54:52.873651
1694;1805;-111;10:54:52.873651
1695;1805;-110;10:54:52.873651
1695;1808;-113;10:54:52.873651
1695;1810;-115;10:54:52.873651
1692;1805;-113;10:54:52.873651
1691;1802;-111;10:54:52.873651
1691;1802;-111;10:54:52.873651
1692;1802;-110;10:54:52.873651
1692;1799;-107;10:54:52.873651
1689;1798;-109;10:54:52.873651
1690;1797;-107;10:54:52.873651
1691;1800;-109;10:54:52.873651
1692;1802;-110;10:54:52.873651
1692;1806;-114;10:54:52.873651
1693;1807;-114;10:54:52.873651
1693;1808;-115;10:54:52.873651
1693;1808;-115;10:54:52.873651
1698;1806;-108;10:54:52.873651
1700;1808;-108;10:54:52.873651
1700;1810;-110;10:54:52.873651
1701;1813;-112;10:54:52.873651
1706;1817;-111;10:54:52.873651
1712;1820;-108;10:54:52.873651
1714;1821;-107;10:54:52.873651
1715;1827;-112;10:54:52.873651
1718;1831;-113;10:54:52.873651
1721;1834;-113;10:54:52.873651
1726;1837;-111;10:54:52.873651
1729;1840;-111;10:54:52.873651
1732;1844;-112;10:54:52.873651
1739;1852;-113;10:54:52.873651
1740;1855;-115;10:54:52.873651
1743;1856;-113;10:54:52.873651
1747;1859;-112;10:54:52.873651
1751;1863;-112;10:54:52.873651
1755;1864;-109;10:54:52.873651
1757;1865;-108;10:54:52.873651
1760;1865;-105;10:54:52.873651
1758;1868;-110;10:54:52.873651
1763;1867;-104;10:54:52.873651
1761;1866;-105;10:54:52.873651
1761;1869;-108;10:54:52.873651
1762;1872;-110;10:54:52.873651
1764;1874;-110;10:54:52.873651
1766;1874;-108;10:54:52.873651
1768;1877;-109;10:54:52.873651
1770;1877;-107;10:54:52.873651
1774;1877;-103;10:54:52.873651
1773;1878;-105;10:54:52.873651
1776;1879;-103;10:54:52.873651
1778;1881;-103;10:54:52.873651
1778;1885;-107;10:54:52.873651
1780;1883;-103;10:54:52.873651
1781;1886;-105;10:54:52.873651
1783;1887;-104;10:54:52.873651
1785;1891;-106;10:54:52.873651
1788;1891;-103;10:54:52.873651
1792;1895;-103;10:54:52.873651
1793;1897;-104;10:54:52.873651
1793;1900;-107;10:54:52.873651
1795;1902;-107;10:54:52.873651
1800;1903;-103;10:54:52.873651
1801;1903;-102;10:54:52.873651
1804;1907;-103;10:54:52.873651
1809;1907;-98;10:54:52.873651
1806;1907;-101;10:54:52.873651
1807;1908;-101;10:54:52.873651
1809;1912;-103;10:54:52.873651
1812;1913;-101;10:54:52.873651
1813;1911;-98;10:54:52.873651
1811;1911;-100;10:54:52.873651
1810;1909;-99;10:54:52.873651
1809;1908;-99;10:54:52.873651
1810;1908;-98;10:54:52.873651
1812;1909;-97;10:54:52.873651
1811;1909;-98;10:54:52.873651
1814;1910;-96;10:54:52.873651
1813;1908;-95;10:54:52.873651
1809;1906;-97;10:54:52.873651
1807;1905;-98;10:54:52.873651
1804;1906;-102;10:54:52.873651
1801;1905;-104;10:54:52.873651
1799;1902;-103;10:54:52.873651
1798;1897;-99;10:54:52.873651
1796;1896;-100;10:54:52.873651
1795;1895;-100;10:54:52.873651
1795;1894;-99;10:54:52.873651
1791;1891;-100;10:54:52.873651
1788;1888;-100;10:54:52.873651
1785;1886;-101;10:54:52.873651
1784;1885;-101;10:54:52.873651
1781;1884;-103;10:54:52.873651
1780;1884;-104;10:54:52.873651
1778;1884;-106;10:54:52.873651
1776;1882;-106;10:54:52.873651
1773;1880;-107;10:54:52.873651
1773;1883;-110;10:54:52.873651
1775;1885;-110;10:54:52.873651
1777;1888;-111;10:54:52.873651
1781;1892;-111;10:54:52.873651
1783;1893;-110;10:54:52.873651
1787;1892;-105;10:54:52.873651
1790;1893;-103;10:54:52.873651
1794;1899;-105;10:54:52.873651
1795;1900;-105;10:54:52.873651
1796;1901;-105;10:54:52.873651
1798;1902;-104;10:54:52.873651
1799;1903;-104;10:54:52.873651
1799;1901;-102;10:54:52.873651
1797;1904;-107;10:54:52.873651
1797;1903;-106;10:54:52.873651
1796;1901;-105;10:54:52.873651
1795;1899;-104;10:54:52.873651
1793;1896;-103;10:54:52.873651
1789;1891;-102;10:54:52.873651
1786;1889;-103;10:54:52.873651
1782;1887;-105;10:54:52.873651
1781;1885;-104;10:54:52.873651
1777;1882;-105;10:54:52.873651
1774;1882;-108;10:54:52.873651
1775;1882;-107;10:54:52.873651
1774;1884;-110;10:54:52.873651
1773;1887;-114;10:54:52.873651
1772;1884;-112;10:54:52.873651
1772;1884;-112;10:54:52.873651
1771;1880;-109;10:54:52.873651
1770;1879;-109;10:54:52.873651
1772;1880;-108;10:54:52.873651
1768;1878;-110;10:54:52.873651
1767;1879;-112;10:54:52.873651
1768;1879;-111;10:54:52.873651
1765;1880;-115;10:54:52.873651
1765;1878;-113;10:54:52.873651
1763;1878;-115;10:54:52.873651
1763;1878;-115;10:54:52.873651
1764;1877;-113;10:54:52.873651
1765;1875;-110;10:54:52.873651
1765;1873;-108;10:54:52.873651
1767;1871;-104;10:54:52.873651
1766;1871;-105;10:54:52.873651
1765;1870;-105;10:54:52.873651
1765;1869;-104;10:54:52.873651
1761;1869;-108;10:54:52.873651
1756;1867;-111;10:54:52.873651
1753;1865;-112;10:54:52.873651
1751;1861;-110;10:54:52.873651
1745;1856;-111;10:54:52.873651
1741;1853;-112;10:54:52.873651
1736;1845;-109;10:54:52.873651
1731;1843;-112;10:54:52.873651
1726;1838;-112;10:54:52.873651
1721;1835;-114;10:54:52.873651
1714;1833;-119;10:54:52.873651
1708;1829;-121;10:54:52.873651
1708;1825;-117;10:54:52.873651
1702;1820;-118;10:54:52.873651
1698;1814;-116;10:54:52.873651
1695;1807;-112;10:54:52.873651
1693;1804;-111;10:54:52.873651
1689;1802;-113;10:54:52.873651
1685;1797;-112;10:54:52.873651
1681;1797;-116;10:54:52.873651
1679;1796;-117;10:54:52.873651
1678;1796;-118;10:54:52.873651
1680;1799;-119;10:54:52.873651
1680;1798;-118;10:54:52.873651
1680;1799;-119;10:54:52.873651
1682;1802;-120;10:54:52.873651
1682;1803;-121;10:54:52.873651
1684;1807;-123;10:54:52.873651
1688;1807;-119;10:54:52.873651
1692;1811;-119;10:54:52.873651
1693;1814;-121;10:54:52.873651
1697;1817;-120;10:54:52.873651
1700;1820;-120;10:54:52.873651
1701;1822;-121;10:54:52.873651
1704;1824;-120;10:54:52.873651
1710;1828;-118;10:54:52.873651
1714;1828;-114;10:54:52.873651
1712;1830;-118;10:54:52.873651
1715;1830;-115;10:54:52.873651
1716;1831;-115;10:54:52.873651
1714;1834;-120;10:54:52.873651
1715;1835;-120;10:54:52.873651
1714;1834;-120;10:54:52.873651
1716;1835;-119;10:54:52.873651
1716;1834;-118;10:54:52.873651
1717;1835;-118;10:54:52.873651
1718;1836;-118;10:54:52.873651
1720;1836;-116;10:54:52.873651
1718;1834;-116;10:54:52.873651
1718;1836;-118;10:54:52.873651
1719;1834;-115;10:54:52.873651
1717;1836;-119;10:54:52.873651
1720;1838;-118;10:54:52.873651
1725;1840;-115;10:54:52.873651
1725;1843;-118;10:54:52.873651
1726;1843;-117;10:54:52.873651
1729;1848;-119;10:54:52.873651
1732;1849;-117;10:54:52.873651
1732;1851;-119;10:54:52.873651
1736;1851;-115;10:54:52.873651
1740;1854;-114;10:54:52.873651
1744;1856;-112;10:54:52.873651
1746;1859;-113;10:54:52.873651
1747;1861;-114;10:54:52.873651
1749;1867;-118;10:54:52.873651
1754;1869;-115;10:54:52.873651
1754;1871;-117;10:54:52.873651
1757;1871;-114;10:54:52.873651
1761;1874;-113;10:54:52.873651
1761;1876;-115;10:54:52.873651
1763;1877;-114;10:54:52.873651
1766;1878;-112;10:54:52.873651
1770;1880;-110;10:54:52.873651
1769;1881;-112;10:54:52.873651
1770;1884;-114;10:54:52.873651
1772;1889;-117;10:54:52.873651
1775;1891;-116;10:54:52.873651
1776;1893;-117;10:54:52.873651
1779;1892;-113;10:54:52.873651
1781;1894;-113;10:54:52.873651
1784;1894;-110;10:54:52.873651
1787;1894;-107;10:54:52.873651
1787;1895;-108;10:54:52.873651
1786;1895;-109;10:54:52.873651
1785;1894;-109;10:54:52.873651
1787;1896;-109;10:54:52.873651
1789;1895;-106;10:54:52.873651
1791;1897;-106;10:54:52.873651
1793;1897;-104;10:54:52.873651
1797;1900;-103;10:54:52.873651
1796;1901;-105;10:54:52.873651
1798;1897;-99;10:54:52.873651
1798;1900;-102;10:54:52.873651
1798;1901;-103;10:54:52.873651
1797;1902;-105;10:54:52.873651
1795;1903;-108;10:54:52.873651
1794;1905;-111;10:54:52.873651
1797;1906;-109;10:54:52.873651
1802;1909;-107;10:54:52.873651
1804;1908;-104;10:54:52.873651
1807;1906;-99;10:54:52.873651
1805;1906;-101;10:54:52.873651
1805;1906;-101;10:54:52.873651
1806;1908;-102;10:54:52.873651
1806;1906;-100;10:54:52.873651
1806;1908;-102;10:54:52.873651
1806;1906;-100;10:54:52.873651
1807;1906;-99;10:54:52.873651
1806;1905;-99;10:54:52.873651
1805;1907;-102;10:54:52.873651
1802;1908;-106;10:54:52.873651
1806;1909;-103;10:54:52.873651
1807;1908;-101;10:54:52.873651
1803;1906;-103;10:54:52.873651
1803;1904;-101;10:54:52.873651
1801;1903;-102;10:54:52.873651
1802;1903;-101;10:54:52.873651
1799;1899;-100;10:54:52.873651
1801;1898;-97;10:54:52.873651
1802;1900;-98;10:54:52.873651
1805;1901;-96;10:54:52.873651
1802;1900;-98;10:54:52.873651
1800;1900;-100;10:54:52.873651
1799;1900;-101;10:54:52.873651
1800;1899;-99;10:54:52.873651
1797;1897;-100;10:54:52.873651
1793;1896;-103;10:54:52.873651
1793;1896;-103;10:54:52.873651
1793;1898;-105;10:54:52.873651
1795;1898;-103;10:54:52.873651
1796;1899;-103;10:54:52.873651
1795;1902;-107;10:54:52.873651
1794;1904;-110;10:54:52.873651
1797;1901;-104;10:54:52.873651
1797;1902;-105;10:54:52.873651
1797;1903;-106;10:54:52.873651
1797;1903;-106;10:54:52.873651
1798;1905;-107;10:54:52.873651
1803;1907;-104;10:54:52.873651
1801;1908;-107;10:54:52.873651
1804;1909;-105;10:54:52.873651
1806;1912;-106;10:54:52.873651
1806;1912;-106;10:54:52.873651
1807;1913;-106;10:54:52.873651
1808;1915;-107;10:54:52.873651
1809;1914;-105;10:54:52.873651
1809;1912;-103;10:54:52.873651
1808;1913;-105;10:54:52.873651
1807;1911;-104;10:54:52.873651
1802;1908;-106;10:54:52.873651
1803;1908;-105;10:54:52.873651
1801;1904;-103;10:54:52.873651
1798;1901;-103;10:54:52.873651
1798;1900;-102;10:54:52.873651
1795;1900;-105;10:54:52.873651
1792;1896;-104;10:54:52.873651
1787;1891;-104;10:54:52.873651
1783;1886;-103;10:54:52.873651
1777;1882;-105;10:54:52.873651
1772;1878;-106;10:54:52.873651
1768;1875;-107;10:54:52.873651
1764;1872;-108;10:54:52.873651
1760;1869;-109;10:54:52.873651
1760;1865;-105;10:54:52.873651
1756;1862;-106;10:54:52.873651
1753;1862;-109;10:54:52.873651
1752;1860;-108;10:54:52.873651
1748;1860;-112;10:54:52.873651
1747;1860;-113;10:54:52.873651
1747;1861;-114;10:54:52.873651
1750;1860;-110;10:54:52.873651
1751;1860;-109;10:54:52.873651
1749;1859;-110;10:54:52.873651
1747;1855;-108;10:54:52.873651
1746;1855;-109;10:54:52.873651
1742;1853;-111;10:54:52.873651
1740;1852;-112;10:54:52.873651
1736;1852;-116;10:54:52.873651
1736;1851;-115;10:54:52.873651
1735;1851;-116;10:54:52.873651
1735;1845;-110;10:54:52.873651
1733;1842;-109;10:54:52.873651
1729;1838;-109;10:54:52.873651
1728;1833;-105;10:54:52.873651
1725;1830;-105;10:54:52.873651
1720;1829;-109;10:54:52.873651
1717;1830;-113;10:54:52.873651
1714;1829;-115;10:54:52.873651
1710;1822;-112;10:54:52.873651
1704;1819;-115;10:54:52.873651
1701;1818;-117;10:54:52.873651
1700;1814;-114;10:54:52.873651
1696;1812;-116;10:54:52.873651
1696;1810;-114;10:54:52.873651
1694;1810;-116;10:54:52.873651
1694;1811;-117;10:54:52.873651
1696;1810;-114;10:54:52.873651
1693;1808;-115;10:54:52.873651
1691;1805;-114;10:54:52.873651
1688;1805;-117;10:54:52.873651
1688;1804;-116;10:54:52.873651
1687;1803;-116;10:54:52.873651
1688;1802;-114;10:54:52.873651
1689;1804;-115;10:54:52.873651
1685;1805;-120;10:54:52.873651
1688;1808;-120;10:54:52.873651
1689;1808;-119;10:54:52.873651
1691;1810;-119;10:54:52.873651
1694;1816;-122;10:54:52.874651
1698;1820;-122;10:54:52.874651
1703;1824;-121;10:54:52.874651
1705;1828;-123;10:54:52.874651
1708;1831;-123;10:54:52.874651
1708;1833;-125;10:54:52.874651
1711;1835;-124;10:54:52.874651
1716;1839;-123;10:54:52.874651
1716;1842;-126;10:54:52.874651
1720;1845;-125;10:54:52.874651
1721;1846;-125;10:54:52.874651
1726;1846;-120;10:54:52.874651
1728;1848;-120;10:54:52.874651
1729;1847;-118;10:54:52.874651
1732;1848;-116;10:54:52.874651
1733;1847;-114;10:54:52.874651
1736;1848;-112;10:54:52.874651
1737;1848;-111;10:54:52.874651
1735;1849;-114;10:54:52.874651
1737;1852;-115;10:54:52.874651
1739;1853;-114;10:54:52.874651
1740;1855;-115;10:54:52.874651
1741;1856;-115;10:54:52.874651
1745;1856;-111;10:54:52.874651
1747;1858;-111;10:54:52.874651
1747;1858;-111;10:54:52.874651
1746;1861;-115;10:54:52.874651
1751;1863;-112;10:54:52.874651
1754;1865;-111;10:54:52.874651
1757;1870;-113;10:54:52.874651
1760;1873;-113;10:54:52.874651
1763;1877;-114;10:54:52.874651
1764;1881;-117;10:54:52.874651
1767;1884;-117;10:54:52.874651
1771;1887;-116;10:54:52.874651
1772;1891;-119;10:54:52.874651
1778;1894;-116;10:54:52.874651
1782;1894;-112;10:54:52.874651
1782;1893;-111;10:54:52.874651
1788;1896;-108;10:54:52.874651
1792;1899;-107;10:54:52.874651
1794;1902;-108;10:54:52.874651
1791;1904;-113;10:54:52.874651
1791;1904;-113;10:54:52.874651
1793;1906;-113;10:54:52.874651
1794;1902;-108;10:54:52.874651
1794;1900;-106;10:54:52.874651
1794;1901;-107;10:54:52.874651
1795;1901;-106;10:54:52.874651
1797;1904;-107;10:54:52.874651
1797;1901;-104;10:54:52.874651
1796;1900;-104;10:54:52.874651
1796;1902;-106;10:54:52.874651
1797;1903;-106;10:54:52.874651
1799;1903;-104;10:54:52.874651
1798;1901;-103;10:54:52.874651
1799;1900;-101;10:54:52.874651
1801;1900;-99;10:54:52.874651
1800;1899;-99;10:54:52.874651
1800;1898;-98;10:54:52.874651
1798;1899;-101;10:54:52.874651
1795;1899;-104;10:54:52.874651
1792;1899;-107;10:54:52.874651
1793;1898;-105;10:54:52.874651
1795;1898;-103;10:54:52.874651
1790;1897;-107;10:54:52.874651
1789;1899;-110;10:54:52.874651
1789;1900;-111;10:54:52.874651
1787;1900;-113;10:54:52.874651
1788;1897;-109;10:54:52.874651
1787;1896;-109;10:54:52.874651
1787;1894;-107;10:54:52.874651
1786;1895;-109;10:54:52.874651
1784;1896;-112;10:54:52.874651
1784;1895;-111;10:54:52.874651
1784;1892;-108;10:54:52.874651
1785;1896;-111;10:54:52.874651
1787;1898;-111;10:54:52.874651
1783;1898;-115;10:54:52.874651
1782;1898;-116;10:54:52.874651
1782;1898;-116;10:54:52.874651
1785;1895;-110;10:54:52.874651
1786;1893;-107;10:54:52.874651
1787;1892;-105;10:54:52.874651
1784;1890;-106;10:54:52.874651
1784;1890;-106;10:54:52.874651
1788;1890;-102;10:54:52.874651
1788;1891;-103;10:54:52.874651
1787;1890;-103;10:54:52.874651
1785;1891;-106;10:54:52.874651
1783;1894;-111;10:54:52.874651
1781;1891;-110;10:54:52.874651
1781;1890;-109;10:54:52.874651
1783;1892;-109;10:54:52.874651
1784;1891;-107;10:54:52.874651
1786;1894;-108;10:54:52.874651
1787;1893;-106;10:54:52.874651
1785;1894;-109;10:54:52.874651
1783;1894;-111;10:54:52.874651
1786;1895;-109;10:54:52.874651
1786;1893;-107;10:54:52.874651
1786;1896;-110;10:54:52.874651
1787;1897;-110;10:54:52.874651
1787;1896;-109;10:54:52.874651
1791;1899;-108;10:54:52.874651
1792;1898;-106;10:54:52.874651
1795;1901;-106;10:54:52.874651
1793;1901;-108;10:54:52.874651
1795;1902;-107;10:54:52.874651
1796;1906;-110;10:54:52.874651
1796;1905;-109;10:54:52.874651
1796;1906;-110;10:54:52.874651
1798;1904;-106;10:54:52.874651
1798;1903;-105;10:54:52.874651
1795;1899;-104;10:54:52.874651
1795;1899;-104;10:54:52.874651
1794;1899;-105;10:54:52.874651
1794;1901;-107;10:54:52.874651
1791;1898;-107;10:54:52.874651
1788;1895;-107;10:54:52.874651
1787;1896;-109;10:54:52.874651
1787;1894;-107;10:54:52.874651
1785;1894;-109;10:54:52.874651
1785;1890;-105;10:54:52.874651
1780;1890;-110;10:54:52.874651
1778;1889;-111;10:54:52.874651
1776;1887;-111;10:54:52.874651
1773;1885;-112;10:54:52.874651
1774;1883;-109;10:54:52.874651
1774;1882;-108;10:54:52.874651
1772;1878;-106;10:54:52.874651
1772;1876;-104;10:54:52.874651
1772;1875;-103;10:54:52.874651
1767;1873;-106;10:54:52.874651
1763;1872;-109;10:54:52.874651
1757;1871;-114;10:54:52.874651
1753;1867;-114;10:54:52.874651
1749;1864;-115;10:54:52.874651
1747;1860;-113;10:54:52.874651
1744;1858;-114;10:54:52.874651
1741;1855;-114;10:54:52.874651
1739;1854;-115;10:54:52.874651
1737;1852;-115;10:54:52.874651
1738;1847;-109;10:54:52.874651
1734;1847;-113;10:54:52.874651
1731;1843;-112;10:54:52.874651
1725;1842;-117;10:54:52.874651
1725;1839;-114;10:54:52.874651
1725;1835;-110;10:54:52.874651
1721;1831;-110;10:54:52.874651
1715;1826;-111;10:54:52.874651
1714;1823;-109;10:54:52.874651
1712;1822;-110;10:54:52.874651
1707;1820;-113;10:54:52.874651
1703;1817;-114;10:54:52.874651
1697;1818;-121;10:54:52.874651
1696;1817;-121;10:54:52.874651
1696;1813;-117;10:54:52.874651
1693;1811;-118;10:54:52.874651
1691;1810;-119;10:54:52.874651
1691;1808;-117;10:54:52.874651
1692;1809;-117;10:54:52.874651
1693;1809;-116;10:54:52.874651
1692;1808;-116;10:54:52.874651
1691;1811;-120;10:54:52.874651
1692;1812;-120;10:54:52.874651
1690;1809;-119;10:54:52.874651
1691;1810;-119;10:54:52.874651
1690;1813;-123;10:54:52.874651
1692;1814;-122;10:54:52.874651
1696;1814;-118;10:54:52.874651
1699;1816;-117;10:54:52.874651
1700;1817;-117;10:54:52.874651
1699;1819;-120;10:54:52.874651
1702;1821;-119;10:54:52.874651
1705;1824;-119;10:54:52.874651
1709;1827;-118;10:54:52.874651
1712;1830;-118;10:54:52.874651
1712;1831;-119;10:54:52.874651
1713;1832;-119;10:54:52.874651
1714;1834;-120;10:54:52.874651
1716;1836;-120;10:54:52.874651
1715;1837;-122;10:54:52.874651
1715;1836;-121;10:54:52.874651
1715;1837;-122;10:54:52.874651
1714;1837;-123;10:54:52.874651
1715;1837;-122;10:54:52.874651
1719;1837;-118;10:54:52.874651
1720;1839;-119;10:54:52.874651
1721;1840;-119;10:54:52.874651
1721;1843;-122;10:54:52.874651
1725;1844;-119;10:54:52.874651
1727;1846;-119;10:54:52.874651
1730;1846;-116;10:54:52.874651
1736;1849;-113;10:54:52.874651
1737;1851;-114;10:54:52.874651
1739;1853;-114;10:54:52.874651
1740;1857;-117;10:54:52.874651
1742;1857;-115;10:54:52.874651
1745;1860;-115;10:54:52.874651
1749;1863;-114;10:54:52.874651
1751;1864;-113;10:54:52.874651
1752;1866;-114;10:54:52.874651
1755;1867;-112;10:54:52.874651
1756;1872;-116;10:54:52.874651
1758;1874;-116;10:54:52.874651
1763;1873;-110;10:54:52.874651
1764;1877;-113;10:54:52.874651
1763;1878;-115;10:54:52.874651
1763;1877;-114;10:54:52.874651
1767;1880;-113;10:54:52.874651
1769;1881;-112;10:54:52.874651
1768;1883;-115;10:54:52.874651
1770;1887;-117;10:54:52.874651
1774;1888;-114;10:54:52.874651
1778;1889;-111;10:54:52.874651
1782;1894;-112;10:54:52.874651
1786;1897;-111;10:54:52.874651
1785;1896;-111;10:54:52.874651
1787;1898;-111;10:54:52.874651
1791;1899;-108;10:54:52.874651
1792;1901;-109;10:54:52.874651
1792;1901;-109;10:54:52.874651
1794;1901;-107;10:54:52.874651
1794;1903;-109;10:54:52.874651
1798;1903;-105;10:54:52.874651
1798;1902;-104;10:54:52.874651
1800;1903;-103;10:54:52.874651
1800;1900;-100;10:54:52.874651
1796;1900;-104;10:54:52.874651
1798;1902;-104;10:54:52.874651
1798;1903;-105;10:54:52.874651
1797;1903;-106;10:54:52.874651
1800;1904;-104;10:54:52.874651
1800;1905;-105;10:54:52.874651
1801;1904;-103;10:54:52.874651
1802;1903;-101;10:54:52.874651
1800;1903;-103;10:54:52.874651
1800;1903;-103;10:54:52.874651
1800;1905;-105;10:54:52.874651
1801;1905;-104;10:54:52.874651
1798;1906;-108;10:54:52.874651
1798;1907;-109;10:54:52.874651
1799;1906;-107;10:54:52.874651
1800;1905;-105;10:54:52.874651
1801;1904;-103;10:54:52.874651
1799;1904;-105;10:54:52.874651
1799;1905;-106;10:54:52.874651
1798;1906;-108;10:54:52.874651
1797;1902;-105;10:54:52.874651
1796;1902;-106;10:54:52.874651
1796;1901;-105;10:54:52.874651
1794;1899;-105;10:54:52.874651
1794;1898;-104;10:54:52.874651
1792;1897;-105;10:54:52.874651
1789;1895;-106;10:54:52.968487
1788;1895;-107;10:54:52.968487
1789;1891;-102;10:54:52.968487
1787;1893;-106;10:54:52.968487
1786;1891;-105;10:54:52.968487
1786;1891;-105;10:54:52.968487
1786;1893;-107;10:54:52.968487
1785;1894;-109;10:54:52.968487
1783;1894;-111;10:54:52.968487
1783;1896;-113;10:54:52.968487
1784;1898;-114;10:54:52.968487
1783;1898;-115;10:54:52.968487
1784;1899;-115;10:54:52.968487
1781;1895;-114;10:54:52.968487
1783;1893;-110;10:54:52.968487
1785;1894;-109;10:54:52.968487
1784;1893;-109;10:54:52.968487
1784;1894;-110;10:54:52.968487
1784;1895;-111;10:54:52.968487
1783;1895;-112;10:54:52.968487
1783;1896;-113;10:54:52.968487
1785;1897;-112;10:54:52.968487
1785;1898;-113;10:54:52.968487
1784;1898;-114;10:54:52.968487
1786;1899;-113;10:54:52.968487
1785;1898;-113;10:54:52.968487
1786;1896;-110;10:54:52.968487
1786;1897;-111;10:54:52.968487
1783;1895;-112;10:54:52.968487
1781;1894;-113;10:54:52.968487
1779;1895;-116;10:54:52.968487
1779;1892;-113;10:54:52.968487
1775;1887;-112;10:54:52.968487
1772;1885;-113;10:54:52.968487
1774;1882;-108;10:54:52.968487
1771;1879;-108;10:54:52.968487
1769;1877;-108;10:54:52.968487
1768;1876;-108;10:54:52.968487
1765;1875;-110;10:54:52.968487
1763;1875;-112;10:54:52.968487
1759;1871;-112;10:54:52.968487
1758;1870;-112;10:54:52.968487
1756;1870;-114;10:54:52.968487
1752;1869;-117;10:54:52.968487
1751;1866;-115;10:54:52.968487
1750;1863;-113;10:54:52.968487
1749;1860;-111;10:54:52.968487
1750;1859;-109;10:54:52.968487
1747;1857;-110;10:54:52.968487
1743;1857;-114;10:54:52.968487
1742;1857;-115;10:54:52.968487
1742;1856;-114;10:54:52.968487
1740;1855;-115;10:54:52.968487
1739;1854;-115;10:54:52.968487
1737;1855;-118;10:54:52.968487
1734;1855;-121;10:54:52.968487
1736;1853;-117;10:54:52.968487
1737;1852;-115;10:54:52.968487
1735;1848;-113;10:54:52.968487
1733;1846;-113;10:54:52.968487
1733;1844;-111;10:54:52.968487
1733;1842;-109;10:54:52.968487
1729;1841;-112;10:54:52.968487
1728;1842;-114;10:54:52.968487
1726;1841;-115;10:54:52.968487
1724;1840;-116;10:54:52.968487
1725;1836;-111;10:54:52.968487
1723;1834;-111;10:54:52.968487
1719;1832;-113;10:54:52.968487
1718;1831;-113;10:54:52.968487
1716;1829;-113;10:54:52.968487
1713;1826;-113;10:54:52.968487
1711;1824;-113;10:54:52.968487
1710;1823;-113;10:54:52.968487
1705;1822;-117;10:54:52.968487
1703;1822;-119;10:54:52.968487
1705;1820;-115;10:54:52.968487
1704;1818;-114;10:54:52.968487
1700;1819;-119;10:54:52.968487
1701;1816;-115;10:54:52.968487
1702;1817;-115;10:54:52.968487
1702;1818;-116;10:54:52.968487
1702;1818;-116;10:54:52.968487
1703;1822;-119;10:54:52.968487
1706;1823;-117;10:54:52.968487
1704;1823;-119;10:54:52.968487
1704;1825;-121;10:54:52.968487
1706;1829;-123;10:54:52.968487
1709;1830;-121;10:54:52.968487
1715;1829;-114;10:54:52.968487
1718;1828;-110;10:54:52.968487
1719;1831;-112;10:54:52.968487
1723;1834;-111;10:54:52.968487
1724;1837;-113;10:54:52.968487
1723;1839;-116;10:54:52.968487
1725;1841;-116;10:54:52.968487
1728;1845;-117;10:54:52.968487
1730;1844;-114;10:54:52.968487
1729;1846;-117;10:54:52.968487
1727;1850;-123;10:54:52.968487
1730;1852;-122;10:54:52.968487
1733;1851;-118;10:54:52.968487
1734;1852;-118;10:54:52.968487
1732;1850;-118;10:54:52.968487
1730;1848;-118;10:54:52.968487
1729;1849;-120;10:54:52.968487
1731;1848;-117;10:54:52.968487
1732;1848;-116;10:54:52.968487
1731;1847;-116;10:54:52.968487
1733;1850;-117;10:54:52.968487
1734;1853;-119;10:54:52.968487
1736;1852;-116;10:54:52.968487
1737;1854;-117;10:54:52.968487
1736;1856;-120;10:54:52.968487
1739;1858;-119;10:54:52.968487
1745;1858;-113;10:54:52.968487
1744;1862;-118;10:54:52.968487
1745;1866;-121;10:54:52.968487
1750;1870;-120;10:54:52.968487
1753;1873;-120;10:54:52.968487
1755;1872;-117;10:54:52.968487
1758;1875;-117;10:54:52.968487
1763;1878;-115;10:54:52.968487
1765;1881;-116;10:54:52.968487
1767;1882;-115;10:54:52.968487
1772;1884;-112;10:54:52.968487
1772;1886;-114;10:54:52.968487
1775;1885;-110;10:54:52.968487
1775;1887;-112;10:54:52.968487
1774;1889;-115;10:54:52.968487
1774;1892;-118;10:54:52.968487
1775;1892;-117;10:54:52.968487
1776;1893;-117;10:54:52.968487
1776;1891;-115;10:54:52.968487
1780;1890;-110;10:54:52.968487
1781;1889;-108;10:54:52.968487
1780;1890;-110;10:54:52.968487
1779;1890;-111;10:54:52.968487
1781;1889;-108;10:54:52.968487
1782;1888;-106;10:54:52.968487
1780;1888;-108;10:54:52.968487
1779;1889;-110;10:54:52.968487
1779;1889;-110;10:54:52.968487
1779;1886;-107;10:54:52.968487
1780;1882;-102;10:54:52.968487
1779;1882;-103;10:54:52.968487
1778;1880;-102;10:54:52.968487
1776;1879;-103;10:54:52.968487
1777;1881;-104;10:54:52.968487
1779;1884;-105;10:54:52.968487
1780;1886;-106;10:54:52.968487
1781;1885;-104;10:54:52.968487
1781;1889;-108;10:54:52.968487
1780;1888;-108;10:54:52.968487
1781;1886;-105;10:54:52.968487
1780;1887;-107;10:54:52.968487
1780;1887;-107;10:54:52.968487
1780;1886;-106;10:54:52.968487
1782;1885;-103;10:54:52.968487
1779;1885;-106;10:54:52.968487
1778;1885;-107;10:54:52.968487
1777;1885;-108;10:54:52.968487
1776;1889;-113;10:54:52.968487
1776;1886;-110;10:54:52.968487
1777;1885;-108;10:54:52.968487
1777;1885;-108;10:54:52.968487
1779;1885;-106;10:54:52.968487
1779;1885;-106;10:54:52.968487
1781;1887;-106;10:54:52.968487
1781;1889;-108;10:54:52.968487
1781;1891;-110;10:54:52.968487
1785;1892;-107;10:54:52.968487
1786;1892;-106;10:54:52.968487
1786;1890;-104;10:54:52.968487
1788;1890;-102;10:54:52.968487
1789;1891;-102;10:54:52.968487
1786;1889;-103;10:54:52.968487
1785;1891;-106;10:54:52.968487
1785;1889;-104;10:54:52.968487
1787;1890;-103;10:54:52.968487
1789;1889;-100;10:54:52.968487
1789;1888;-99;10:54:52.968487
1788;1887;-99;10:54:52.968487
1786;1888;-102;10:54:52.968487
1787;1889;-102;10:54:52.968487
1785;1889;-104;10:54:52.968487
1785;1890;-105;10:54:52.968487
1786;1892;-106;10:54:52.968487
1787;1892;-105;10:54:52.968487
1788;1892;-104;10:54:52.968487
1788;1893;-105;10:54:52.968487
1792;1893;-101;10:54:52.968487
1790;1895;-105;10:54:52.968487
1790;1895;-105;10:54:52.968487
1790;1895;-105;10:54:52.968487
1789;1900;-111;10:54:52.968487
1788;1900;-112;10:54:52.968487
1790;1901;-111;10:54:52.968487
1791;1902;-111;10:54:52.968487
1794;1904;-110;10:54:52.968487
1798;1902;-104;10:54:52.968487
1799;1899;-100;10:54:52.968487
1799;1901;-102;10:54:52.968487
1799;1900;-101;10:54:52.968487
1799;1900;-101;10:54:52.968487
1799;1901;-102;10:54:52.968487
1797;1901;-104;10:54:52.968487
1798;1901;-103;10:54:52.968487
1795;1901;-106;10:54:52.968487
1794;1899;-105;10:54:52.968487
1791;1899;-108;10:54:52.968487
1794;1897;-103;10:54:52.968487
1794;1894;-100;10:54:52.968487
1792;1892;-100;10:54:52.968487
1791;1888;-97;10:54:52.968487
1784;1887;-103;10:54:52.968487
1774;1884;-110;10:54:52.968487
1770;1882;-112;10:54:52.968487
1766;1876;-110;10:54:52.968487
1760;1871;-111;10:54:52.968487
1757;1865;-108;10:54:52.968487
1755;1863;-108;10:54:52.968487
1750;1859;-109;10:54:52.968487
1743;1856;-113;10:54:52.968487
1738;1850;-112;10:54:52.968487
1735;1848;-113;10:54:52.968487
1731;1846;-115;10:54:52.968487
1727;1845;-118;10:54:52.968487
1722;1842;-120;10:54:52.968487
1721;1840;-119;10:54:52.968487
1721;1836;-115;10:54:52.968487
1720;1832;-112;10:54:52.968487
1719;1831;-112;10:54:52.968487
1720;1832;-112;10:54:52.968487
1720;1836;-116;10:54:52.968487
1720;1834;-114;10:54:52.968487
1716;1835;-119;10:54:52.968487
1715;1836;-121;10:54:52.968487
1717;1835;-118;10:54:52.968487
1715;1834;-119;10:54:52.968487
1715;1835;-120;10:54:52.968487
1716;1832;-116;10:54:52.968487
1712;1832;-120;10:54:52.968487
1710;1830;-120;10:54:52.968487
1708;1826;-118;10:54:52.968487
1705;1825;-120;10:54:52.968487
1702;1819;-117;10:54:52.968487
1701;1815;-114;10:54:52.968487
1700;1813;-113;10:54:52.968487
1696;1807;-111;10:54:52.968487
1691;1805;-114;10:54:52.968487
1688;1804;-116;10:54:52.968487
1685;1805;-120;10:54:52.968487
1681;1803;-122;10:54:52.968487
1682;1802;-120;10:54:52.968487
1682;1804;-122;10:54:52.987012
1680;1805;-125;10:54:52.987012
1682;1807;-125;10:54:52.987012
1686;1809;-123;10:54:52.987012
1688;1812;-124;10:54:52.987012
1692;1813;-121;10:54:52.987012
1695;1814;-119;10:54:52.987012
1700;1816;-116;10:54:52.987012
1706;1819;-113;10:54:52.987012
1705;1824;-119;10:54:52.987012
1706;1829;-123;10:54:52.987012
1710;1834;-124;10:54:52.987012
1715;1835;-120;10:54:52.987012
1716;1835;-119;10:54:52.987012
1719;1838;-119;10:54:52.987012
1723;1842;-119;10:54:52.987012
1723;1845;-122;10:54:52.987012
1725;1846;-121;10:54:52.987012
1730;1849;-119;10:54:52.987012
1729;1850;-121;10:54:52.987012
1733;1848;-115;10:54:52.987012
1734;1851;-117;10:54:52.987012
1738;1852;-114;10:54:52.987012
1739;1852;-113;10:54:52.987012
1740;1852;-112;10:54:52.987012
1740;1853;-113;10:54:52.987012
1737;1854;-117;10:54:52.987012
1740;1857;-117;10:54:52.987012
1742;1858;-116;10:54:52.987012
1740;1859;-119;10:54:52.987012
1743;1860;-117;10:54:52.987012
1747;1861;-114;10:54:52.987012
1749;1862;-113;10:54:52.987012
1748;1864;-116;10:54:52.987012
1748;1867;-119;10:54:52.987012
1750;1868;-118;10:54:52.987012
1754;1871;-117;10:54:52.987012
1762;1873;-111;10:54:52.987012
1764;1877;-113;10:54:52.987012
1764;1880;-116;10:54:52.987012
1769;1882;-113;10:54:52.987012
1773;1883;-110;10:54:52.987012
1771;1884;-113;10:54:52.987012
1774;1887;-113;10:54:52.987012
1777;1887;-110;10:54:52.987012
1778;1889;-111;10:54:52.987012
1781;1890;-109;10:54:52.987012
1780;1894;-114;10:54:52.987012
1782;1895;-113;10:54:52.987012
1787;1898;-111;10:54:52.987012
1790;1901;-111;10:54:52.987012
1789;1902;-113;10:54:52.987012
1791;1902;-111;10:54:52.987012
1791;1903;-112;10:54:52.987012
1792;1904;-112;10:54:52.987012
1795;1903;-108;10:54:52.987012
1795;1902;-107;10:54:52.987012
1795;1902;-107;10:54:52.987012
1795;1902;-107;10:54:52.987012
1795;1901;-106;10:54:52.987012
1795;1901;-106;10:54:52.987012
1796;1901;-105;10:54:52.987012
1795;1899;-104;10:54:52.987012
1796;1897;-101;10:54:52.987012
1793;1899;-106;10:54:52.987012
1791;1896;-105;10:54:52.987012
1790;1893;-103;10:54:52.987012
1790;1894;-104;10:54:52.987012
1790;1893;-103;10:54:52.987012
1790;1895;-105;10:54:52.987012
1792;1894;-102;10:54:52.987012
1791;1896;-105;10:54:52.987012
1789;1898;-109;10:54:52.987012
1793;1901;-108;10:54:52.987012
1794;1904;-110;10:54:52.987012
1793;1902;-109;10:54:52.987012
1794;1902;-108;10:54:52.987012
1796;1903;-107;10:54:52.987012
1795;1901;-106;10:54:52.987012
1793;1901;-108;10:54:52.987012
1793;1900;-107;10:54:52.987012
1792;1900;-108;10:54:52.987012
1791;1900;-109;10:54:52.987012
1790;1899;-109;10:54:52.987012
1792;1901;-109;10:54:52.987012
1792;1899;-107;10:54:52.987012
1788;1897;-109;10:54:52.987012
1787;1896;-109;10:54:52.987012
1785;1890;-105;10:54:52.987012
1782;1892;-110;10:54:52.987012
1779;1893;-114;10:54:52.987012
1778;1892;-114;10:54:52.987012
1778;1889;-111;10:54:52.987012
1783;1891;-108;10:54:52.987012
1783;1890;-107;10:54:52.987012
1780;1890;-110;10:54:52.987012
1783;1892;-109;10:54:52.987012
1785;1893;-108;10:54:52.987012
1785;1893;-108;10:54:52.987012
1785;1895;-110;10:54:52.987012
1787;1893;-106;10:54:52.987012
1788;1897;-109;10:54:52.987012
1787;1897;-110;10:54:52.987012
1787;1896;-109;10:54:52.987012
1786;1897;-111;10:54:52.987012
1785;1894;-109;10:54:52.987012
1787;1895;-108;10:54:52.987012
1785;1896;-111;10:54:52.987012
1785;1894;-109;10:54:52.987012
1785;1891;-106;10:54:52.987012
1783;1889;-106;10:54:52.987012
1779;1888;-109;10:54:52.987012
1780;1888;-108;10:54:52.987012
1783;1887;-104;10:54:52.987012
1781;1889;-108;10:54:52.987012
1777;1887;-110;10:54:52.987012
1778;1889;-111;10:54:52.987012
1777;1890;-113;10:54:52.987012
1776;1887;-111;10:54:52.987012
1775;1887;-112;10:54:52.987012
1775;1886;-111;10:54:52.987012
1773;1885;-112;10:54:52.987012
1773;1883;-110;10:54:52.987012
1775;1884;-109;10:54:52.987012
1771;1881;-110;10:54:52.987012
1772;1880;-108;10:54:52.987012
1772;1877;-105;10:54:52.987012
1770;1878;-108;10:54:52.987012
1766;1874;-108;10:54:52.987012
1768;1875;-107;10:54:52.987012
1768;1872;-104;10:54:52.987012
1769;1872;-103;10:54:52.987012
1769;1870;-101;10:54:52.987012
1768;1871;-103;10:54:52.987012
1762;1870;-108;10:54:52.987012
1764;1867;-103;10:54:52.987012
1763;1865;-102;10:54:52.987012
1758;1865;-107;10:54:52.987012
1757;1865;-108;10:54:52.987012
1757;1864;-107;10:54:52.987012
1756;1860;-104;10:54:52.987012
1756;1858;-102;10:54:52.987012
1753;1856;-103;10:54:52.987012
1750;1855;-105;10:54:52.987012
1747;1853;-106;10:54:52.987012
1747;1850;-103;10:54:52.987012
1743;1849;-106;10:54:52.987012
1744;1850;-106;10:54:52.987012
1741;1849;-108;10:54:52.987012
1739;1851;-112;10:54:52.987012
1738;1853;-115;10:54:52.987012
1738;1852;-114;10:54:52.987012
1740;1853;-113;10:54:52.987012
1740;1849;-109;10:54:52.987012
1740;1850;-110;10:54:52.987012
1740;1852;-112;10:54:52.987012
1738;1852;-114;10:54:52.987012
1738;1849;-111;10:54:52.987012
1738;1850;-112;10:54:52.987012
1738;1849;-111;10:54:52.987012
1737;1850;-113;10:54:52.987012
1737;1847;-110;10:54:52.987012
1734;1844;-110;10:54:52.987012
1735;1841;-106;10:54:52.987012
1734;1839;-105;10:54:52.987012
1734;1840;-106;10:54:52.987012
1733;1842;-109;10:54:52.987012
1731;1842;-111;10:54:52.987012
1733;1839;-106;10:54:52.987012
1733;1839;-106;10:54:52.987012
1730;1839;-109;10:54:52.987012
1725;1838;-113;10:54:52.987012
1725;1837;-112;10:54:52.987012
1722;1835;-113;10:54:52.987012
1718;1835;-117;10:54:52.987012
1718;1837;-119;10:54:52.987012
1719;1838;-119;10:54:52.987012
1715;1832;-117;10:54:52.987012
1718;1832;-114;10:54:52.987012
1718;1832;-114;10:54:52.987012
1715;1829;-114;10:54:52.987012
1712;1827;-115;10:54:52.987012
1711;1826;-115;10:54:52.987012
1710;1824;-114;10:54:52.987012
1712;1825;-113;10:54:52.987012
1712;1828;-116;10:54:52.987012
1709;1829;-120;10:54:52.987012
1712;1832;-120;10:54:52.987012
1715;1833;-118;10:54:52.987012
1715;1834;-119;10:54:52.987012
1715;1835;-120;10:54:52.987012
1716;1834;-118;10:54:52.987012
1717;1835;-118;10:54:52.987012
1714;1833;-119;10:54:52.987012
1713;1833;-120;10:54:52.987012
1713;1834;-121;10:54:52.987012
1716;1833;-117;10:54:52.987012
1716;1836;-120;10:54:52.987012
1715;1833;-118;10:54:52.987012
1714;1836;-122;10:54:52.987012
1716;1837;-121;10:54:52.987012
1718;1835;-117;10:54:52.987012
1717;1837;-120;10:54:52.987012
1718;1835;-117;10:54:52.987012
1719;1837;-118;10:54:52.987012
1721;1838;-117;10:54:52.987012
1724;1839;-115;10:54:52.987012
1723;1840;-117;10:54:52.987012
1730;1842;-112;10:54:52.987012
1732;1843;-111;10:54:52.987012
1732;1846;-114;10:54:52.987012
1734;1849;-115;10:54:52.987012
1738;1852;-114;10:54:52.987012
1741;1854;-113;10:54:52.987012
1747;1858;-111;10:54:52.987012
1749;1863;-114;10:54:52.987012
1750;1866;-116;10:54:52.987012
1751;1867;-116;10:54:52.987012
1754;1868;-114;10:54:52.987012
1757;1868;-111;10:54:52.987012
1756;1868;-112;10:54:52.987012
1758;1870;-112;10:54:52.987012
1761;1870;-109;10:54:52.987012
1759;1869;-110;10:54:52.987012
1761;1869;-108;10:54:52.987012
1758;1869;-111;10:54:52.987012
1760;1868;-108;10:54:52.987012
1761;1867;-106;10:54:52.987012
1760;1866;-106;10:54:52.987012
1759;1866;-107;10:54:52.987012
1757;1867;-110;10:54:52.987012
1761;1869;-108;10:54:52.987012
1764;1868;-104;10:54:52.987012
1761;1869;-108;10:54:52.987012
1763;1871;-108;10:54:52.987012
1765;1874;-109;10:54:52.987012
1767;1874;-107;10:54:52.987012
1771;1877;-106;10:54:52.987012
1772;1883;-111;10:54:52.987012
1773;1884;-111;10:54:52.987012
1777;1888;-111;10:54:52.987012
1782;1890;-108;10:54:52.987012
1787;1891;-104;10:54:52.987012
1789;1892;-103;10:54:52.987012
1790;1894;-104;10:54:52.987012
1791;1897;-106;10:54:52.987012
1794;1900;-106;10:54:52.987012
1796;1900;-104;10:54:52.987012
1797;1901;-104;10:54:52.987012
1798;1903;-105;10:54:52.987012
1798;1904;-106;10:54:52.987012
1799;1904;-105;10:54:52.987012
1799;1905;-106;10:54:52.987012
1802;1904;-102;10:54:52.987012
1806;1904;-98;10:54:52.987012
1806;1906;-100;10:54:52.988009
1808;1908;-100;10:54:52.988009
1809;1909;-100;10:54:52.988009
1808;1907;-99;10:54:52.988009
1809;1911;-102;10:54:52.988009
1809;1912;-103;10:54:52.988009
1807;1913;-106;10:54:52.988009
1807;1914;-107;10:54:52.988009
1807;1911;-104;10:54:52.988009
1807;1909;-102;10:54:52.988009
1806;1911;-105;10:54:52.988009
1805;1912;-107;10:54:52.988009
1804;1910;-106;10:54:52.988009
1804;1908;-104;10:54:52.988009
1803;1908;-105;10:54:52.988009
1802;1906;-104;10:54:52.988009
1803;1906;-103;10:54:52.988009
1802;1904;-102;10:54:52.988009
1801;1906;-105;10:54:52.988009
1801;1906;-105;10:54:52.988009
1802;1907;-105;10:54:52.988009
1806;1908;-102;10:54:52.988009
1808;1912;-104;10:54:52.988009
1810;1915;-105;10:54:52.988009
1813;1918;-105;10:54:52.988009
1812;1922;-110;10:54:52.988009
1817;1923;-106;10:54:52.988009
1821;1928;-107;10:54:52.988009
1824;1927;-103;10:54:52.988009
1825;1925;-100;10:54:52.988009
1823;1923;-100;10:54:52.988009
1826;1922;-96;10:54:52.988009
1824;1921;-97;10:54:52.988009
1820;1919;-99;10:54:52.988009
1818;1916;-98;10:54:52.988009
1816;1915;-99;10:54:52.988009
1812;1912;-100;10:54:52.988009
1808;1906;-98;10:54:52.988009
1800;1901;-101;10:54:52.988009
1794;1897;-103;10:54:52.988009
1790;1894;-104;10:54:52.988009
1784;1892;-108;10:54:52.988009
1781;1887;-106;10:54:52.988009
1778;1885;-107;10:54:52.988009
1774;1884;-110;10:54:52.988009
1771;1880;-109;10:54:52.988009
1768;1876;-108;10:54:52.988009
1766;1876;-110;10:54:52.988009
1764;1873;-109;10:54:52.988009
1759;1870;-111;10:54:52.988009
1758;1868;-110;10:54:52.988009
1754;1865;-111;10:54:52.988009
1751;1863;-112;10:54:52.988009
1749;1861;-112;10:54:52.988009
1746;1858;-112;10:54:52.988009
1744;1856;-112;10:54:52.988009
1741;1856;-115;10:54:52.988009
1739;1853;-114;10:54:52.988009
1736;1852;-116;10:54:52.988009
1734;1849;-115;10:54:52.988009
1734;1846;-112;10:54:52.988009
1733;1841;-108;10:54:52.988009
1729;1837;-108;10:54:52.988009
1726;1834;-108;10:54:52.988009
1723;1833;-110;10:54:52.988009
1722;1832;-110;10:54:52.988009
1717;1829;-112;10:54:52.988009
1716;1830;-114;10:54:52.988009
1715;1829;-114;10:54:52.988009
1712;1825;-113;10:54:52.988009
1712;1825;-113;10:54:52.988009
1710;1824;-114;10:54:52.988009
1707;1821;-114;10:54:52.988009
1707;1822;-115;10:54:52.988009
1702;1823;-121;10:54:52.988009
1699;1818;-119;10:54:52.988009
1700;1817;-117;10:54:52.988009
1701;1814;-113;10:54:52.988009
1696;1812;-116;10:54:52.988009
1695;1808;-113;10:54:52.988009
1695;1809;-114;10:54:52.988009
1696;1810;-114;10:54:52.988009
1695;1807;-112;10:54:52.988009
1697;1808;-111;10:54:52.988009
1699;1810;-111;10:54:52.988009
1699;1810;-111;10:54:52.988009
1700;1812;-112;10:54:52.988009
1700;1813;-113;10:54:52.988009
1698;1815;-117;10:54:52.988009
1701;1816;-115;10:54:52.988009
1703;1817;-114;10:54:52.988009
1701;1814;-113;10:54:52.988009
1703;1816;-113;10:54:52.988009
1704;1820;-116;10:54:52.988009
1703;1820;-117;10:54:52.988009
1701;1819;-118;10:54:52.988009
1705;1824;-119;10:54:52.988009
1709;1827;-118;10:54:52.988009
1710;1828;-118;10:54:52.988009
1713;1830;-117;10:54:52.988009
1714;1832;-118;10:54:52.988009
1717;1832;-115;10:54:52.988009
1719;1835;-116;10:54:52.988009
1722;1839;-117;10:54:52.988009
1723;1842;-119;10:54:52.988009
1728;1844;-116;10:54:52.988009
1733;1847;-114;10:54:52.988009
1737;1849;-112;10:54:52.988009
1739;1851;-112;10:54:52.988009
1741;1855;-114;10:54:52.988009
1748;1857;-109;10:54:52.988009
1748;1859;-111;10:54:52.988009
1752;1860;-108;10:54:52.988009
1757;1863;-106;10:54:52.988009
1759;1868;-109;10:54:52.988009
1760;1871;-111;10:54:52.988009
1761;1875;-114;10:54:52.988009
1764;1876;-112;10:54:52.988009
1769;1882;-113;10:54:52.988009
1769;1881;-112;10:54:52.988009
1771;1882;-111;10:54:52.988009
1772;1883;-111;10:54:52.988009
1773;1883;-110;10:54:52.988009
1773;1883;-110;10:54:52.988009
1771;1883;-112;10:54:52.988009
1771;1881;-110;10:54:52.988009
1769;1880;-111;10:54:52.988009
1768;1879;-111;10:54:52.988009
1767;1879;-112;10:54:52.988009
1769;1881;-112;10:54:52.988009
1772;1880;-108;10:54:52.988009
1771;1879;-108;10:54:52.988009
1773;1879;-106;10:54:52.988009
1775;1881;-106;10:54:52.988009
1774;1882;-108;10:54:52.988009
1777;1884;-107;10:54:52.988009
1781;1890;-109;10:54:52.988009
1781;1892;-111;10:54:52.988009
1781;1894;-113;10:54:52.988009
1786;1895;-109;10:54:52.988009
1786;1897;-111;10:54:52.988009
1786;1897;-111;10:54:52.988009
1787;1898;-111;10:54:52.988009
1787;1897;-110;10:54:52.988009
1786;1898;-112;10:54:52.988009
1788;1897;-109;10:54:52.988009
1787;1898;-111;10:54:52.988009
1787;1895;-108;10:54:52.988009
1784;1893;-109;10:54:52.988009
1785;1892;-107;10:54:52.988009
1783;1889;-106;10:54:52.988009
1785;1887;-102;10:54:52.988009
1784;1887;-103;10:54:52.988009
1779;1884;-105;10:54:52.988009
1777;1882;-105;10:54:52.988009
1777;1883;-106;10:54:52.988009
1772;1879;-107;10:54:52.988009
1769;1876;-107;10:54:52.988009
1768;1875;-107;10:54:52.988009
1766;1873;-107;10:54:52.988009
1762;1870;-108;10:54:52.988009
1761;1873;-112;10:54:52.988009
1766;1875;-109;10:54:52.988009
1764;1874;-110;10:54:52.988009
1764;1876;-112;10:54:52.988009
1770;1880;-110;10:54:52.988009
1772;1885;-113;10:54:52.988009
1775;1888;-113;10:54:52.988009
1778;1890;-112;10:54:52.988009
1781;1892;-111;10:54:52.988009
1784;1892;-108;10:54:52.988009
1786;1893;-107;10:54:52.988009
1788;1896;-108;10:54:52.988009
1789;1898;-109;10:54:52.988009
1793;1899;-106;10:54:52.988009
1797;1903;-106;10:54:52.988009
1798;1903;-105;10:54:52.988009
1797;1903;-106;10:54:52.988009
1800;1905;-105;10:54:52.988009
1799;1904;-105;10:54:52.988009
1800;1901;-101;10:54:52.988009
1799;1901;-102;10:54:52.988009
1798;1901;-103;10:54:52.988009
1796;1898;-102;10:54:52.988009
1792;1896;-104;10:54:52.988009
1791;1898;-107;10:54:52.988009
1792;1898;-106;10:54:52.988009
1792;1894;-102;10:54:52.988009
1791;1894;-103;10:54:52.988009
1790;1890;-100;10:54:52.988009
1788;1893;-105;10:54:52.988009
1789;1893;-104;10:54:52.988009
1790;1892;-102;10:54:52.988009
1787;1892;-105;10:54:52.988009
1789;1893;-104;10:54:52.988009
1790;1894;-104;10:54:52.988009
1792;1896;-104;10:54:52.988009
1793;1896;-103;10:54:52.988009
1793;1902;-109;10:54:52.988009
1794;1903;-109;10:54:52.988009
1795;1900;-105;10:54:52.988009
1794;1900;-106;10:54:52.988009
1794;1899;-105;10:54:52.988009
1794;1899;-105;10:54:52.988009
1792;1900;-108;10:54:52.988009
1791;1897;-106;10:54:52.988009
1788;1896;-108;10:54:52.988009
1789;1892;-103;10:54:52.988009
1789;1894;-105;10:54:52.988009
1786;1893;-107;10:54:52.988009
1784;1892;-108;10:54:52.988009
1783;1891;-108;10:54:52.988009
1781;1889;-108;10:54:52.988009
1780;1888;-108;10:54:52.988009
1782;1887;-105;10:54:52.988009
1783;1886;-103;10:54:52.988009
1779;1883;-104;10:54:52.988009
1776;1880;-104;10:54:52.988009
1775;1877;-102;10:54:52.988009
1769;1876;-107;10:54:52.988009
1766;1874;-108;10:54:52.988009
1760;1872;-112;10:54:52.988009
1757;1868;-111;10:54:52.988009
1755;1866;-111;10:54:52.988009
1754;1864;-110;10:54:52.988009
1755;1861;-106;10:54:52.988009
1754;1861;-107;10:54:52.988009
1754;1858;-104;10:54:52.988009
1750;1859;-109;10:54:52.988009
1747;1857;-110;10:54:52.988009
1746;1857;-111;10:54:52.988009
1746;1853;-107;10:54:52.988009
1747;1853;-106;10:54:52.988009
1745;1850;-105;10:54:52.988009
1743;1853;-110;10:54:52.988009
1740;1853;-113;10:54:52.988009
1739;1852;-113;10:54:52.988009
1741;1853;-112;10:54:52.988009
1740;1853;-113;10:54:52.988009
1735;1848;-113;10:54:52.988009
1737;1848;-111;10:54:52.988009
1737;1849;-112;10:54:52.988009
1735;1850;-115;10:54:52.988009
1733;1846;-113;10:54:52.988009
1735;1847;-112;10:54:52.988009
1733;1847;-114;10:54:52.988009
1729;1843;-114;10:54:52.988009
1730;1843;-113;10:54:52.988009
1731;1842;-111;10:54:52.988009
1728;1838;-110;10:54:52.988009
1724;1837;-113;10:54:52.988009
1722;1836;-114;10:54:52.988009
1725;1836;-111;10:54:52.988009
1718;1830;-112;10:54:52.988009
1717;1833;-116;10:54:52.988009
1713;1827;-114;10:54:52.988009
1714;1828;-114;10:54:52.988009
1714;1832;-118;10:54:52.988009
1709;1827;-118;10:54:52.988009
1704;1825;-121;10:54:52.988009
1705;1827;-122;10:54:52.988009
1706;1822;-116;10:54:52.988009
1704;1821;-117;10:54:52.988009
1706;1823;-117;10:54:52.988009
1708;1824;-116;10:54:52.988009
1707;1825;-118;10:54:52.988009
1710;1828;-118;10:54:52.988009
1707;1830;-123;10:54:52.988009
1706;1828;-122;10:54:52.988009
1712;1828;-116;10:54:52.988009
1713;1829;-116;10:54:52.988009
1712;1829;-117;10:54:52.988009
1716;1829;-113;10:54:52.988009
1714;1827;-113;10:54:52.988009
1715;1832;-117;10:54:52.988009
1720;1834;-114;10:54:52.988009
1720;1838;-118;10:54:52.988009
1720;1841;-121;10:54:52.988009
1725;1842;-117;10:54:52.988009
1725;1843;-118;10:54:52.988009
1727;1846;-119;10:54:52.988009
1727;1847;-120;10:54:52.988009
1728;1846;-118;10:54:52.988009
1730;1844;-114;10:54:52.988009
1729;1845;-116;10:54:52.988009
1731;1845;-114;10:54:52.988009
1732;1847;-115;10:54:52.988009
1731;1847;-116;10:54:52.988009
1731;1847;-116;10:54:52.988009
1736;1851;-115;10:54:52.988009
1737;1850;-113;10:54:52.988009
1734;1851;-117;10:54:52.988009
1735;1852;-117;10:54:52.988009
1740;1853;-113;10:54:52.988009
1743;1855;-112;10:54:52.988009
1743;1852;-109;10:54:52.988009
1744;1856;-112;10:54:52.988009
1745;1860;-115;10:54:52.988009
1746;1861;-115;10:54:52.988009
1748;1861;-113;10:54:52.988009
1750;1863;-113;10:54:52.988009
1753;1864;-111;10:54:52.988009
1753;1866;-113;10:54:52.988009
1756;1869;-113;10:54:52.988009
1758;1872;-114;10:54:52.988009
1760;1873;-113;10:54:52.988009
1764;1876;-112;10:54:52.988009
1771;1876;-105;10:54:52.988009
1773;1875;-102;10:54:52.988009
1773;1879;-106;10:54:52.988009
1774;1881;-107;10:54:52.988009
1775;1881;-106;10:54:52.988009
1777;1883;-106;10:54:52.988009
1779;1887;-108;10:54:52.988009
1781;1890;-109;10:54:52.988009
1783;1891;-108;10:54:52.988009
1786;1894;-108;10:54:52.988009
1789;1896;-107;10:54:52.988009
1795;1898;-103;10:54:52.988009
1800;1900;-100;10:54:52.988009
1800;1901;-101;10:54:52.988009
1802;1903;-101;10:54:52.988009
1803;1909;-106;10:54:52.988009
1803;1908;-105;10:54:52.988009
1803;1907;-104;10:54:52.988009
1806;1909;-103;10:54:52.988009
1808;1911;-103;10:54:52.988009
1811;1910;-99;10:54:52.988009
1808;1909;-101;10:54:52.988009
1809;1908;-99;10:54:52.988009
1804;1909;-105;10:54:52.988009
1805;1906;-101;10:54:52.988009
1803;1905;-102;10:54:52.988009
1800;1903;-103;10:54:52.988009
1795;1900;-105;10:54:52.988009
1795;1900;-105;10:54:52.988009
1797;1903;-106;10:54:52.988009
1799;1903;-104;10:54:52.988009
1802;1903;-101;10:54:52.988009
1804;1904;-100;10:54:52.988009
1801;1904;-103;10:54:52.988009
1803;1904;-101;10:54:52.988009
1803;1907;-104;10:54:52.988009
1802;1911;-109;10:54:52.988009
1802;1912;-110;10:54:52.988009
1802;1913;-111;10:54:52.988009
1803;1913;-110;10:54:52.988009
1806;1912;-106;10:54:52.988009
1810;1913;-103;10:54:52.988009
1809;1915;-106;10:54:52.988009
1807;1917;-110;10:54:52.988009
1812;1914;-102;10:54:52.988009
1807;1914;-107;10:54:52.988009
1807;1914;-107;10:54:52.988009
1809;1914;-105;10:54:52.988009
1808;1914;-106;10:54:52.988009
1807;1912;-105;10:54:52.988009
1808;1913;-105;10:54:52.988009
1809;1911;-102;10:54:52.988009
1810;1914;-104;10:54:52.988009
1810;1912;-102;10:54:52.988009
1812;1911;-99;10:54:52.988009
1807;1912;-105;10:54:52.988009
1805;1910;-105;10:54:52.988009
1805;1911;-106;10:54:52.988009
1804;1910;-106;10:54:52.988009
1805;1907;-102;10:54:52.988009
1801;1906;-105;10:54:52.988009
1801;1906;-105;10:54:52.988009
1799;1906;-107;10:54:52.988009
1796;1899;-103;10:54:52.988009
1795;1895;-100;10:54:52.988009
1792;1894;-102;10:54:52.988009
1788;1893;-105;10:54:52.988009
1784;1891;-107;10:54:52.988009
1782;1887;-105;10:54:52.988009
1780;1884;-104;10:54:52.988009
1776;1883;-107;10:54:52.988009
1773;1881;-108;10:54:52.988009
1771;1882;-111;10:54:52.988009
1768;1880;-112;10:54:52.988009
1768;1879;-111;10:54:52.988009
1768;1876;-108;10:54:52.988009
1766;1875;-109;10:54:52.988009
1765;1870;-105;10:54:52.988009
1759;1870;-111;10:54:52.988009
1755;1867;-112;10:54:52.988009
1753;1862;-109;10:54:52.988009
1751;1856;-105;10:54:52.988009
1747;1855;-108;10:54:52.988009
1745;1851;-106;10:54:52.988009
1746;1847;-101;10:54:52.988009
1742;1846;-104;10:54:52.988009
1740;1846;-106;10:54:52.988009
1740;1846;-106;10:54:52.988009
1738;1845;-107;10:54:52.988009
1733;1846;-113;10:54:52.988009
1735;1846;-111;10:54:52.988009
1736;1847;-111;10:54:52.988009
1732;1845;-113;10:54:52.988009
1731;1842;-111;10:54:52.988009
1735;1845;-110;10:54:52.988009
1735;1844;-109;10:54:52.988009
1736;1842;-106;10:54:52.988009
1737;1843;-106;10:54:52.988009
1737;1844;-107;10:54:52.988009
1734;1842;-108;10:54:52.988009
1732;1840;-108;10:54:52.988009
1727;1840;-113;10:54:52.988009
1724;1837;-113;10:54:52.988009
1723;1833;-110;10:54:52.988009
1721;1833;-112;10:54:52.988009
1719;1830;-111;10:54:52.988009
1718;1825;-107;10:54:52.988009
1716;1823;-107;10:54:52.988009
1715;1821;-106;10:54:52.988009
1714;1819;-105;10:54:52.988009
1715;1823;-108;10:54:52.988009
1713;1824;-111;10:54:52.988009
1713;1827;-114;10:54:52.988009
1713;1827;-114;10:54:52.988009
1715;1827;-112;10:54:52.988009
1717;1828;-111;10:54:52.988009
1717;1827;-110;10:54:52.988009
1719;1831;-112;10:54:52.988009
1715;1835;-120;10:54:52.988009
1718;1834;-116;10:54:52.988009
1719;1836;-117;10:54:52.988009
1723;1836;-113;10:54:52.988009
1723;1837;-114;10:54:52.988009
1725;1837;-112;10:54:52.988009
1726;1838;-112;10:54:52.988009
1726;1839;-113;10:54:52.988009
1727;1836;-109;10:54:52.988009
1727;1837;-110;10:54:52.988009
1726;1837;-111;10:54:52.988009
1725;1838;-113;10:54:52.988009
1726;1840;-114;10:54:52.988009
1728;1841;-113;10:54:52.988009
1729;1841;-112;10:54:52.988009
1734;1843;-109;10:54:52.988009
1729;1845;-116;10:54:52.988009
1728;1850;-122;10:54:52.988009
1737;1850;-113;10:54:52.988009
1731;1846;-115;10:54:52.988009
1728;1850;-122;10:54:52.988009
1730;1855;-125;10:54:52.988009
1732;1848;-116;10:54:52.988009
1735;1850;-115;10:54:52.988009
1742;1853;-111;10:54:52.988009
1743;1851;-108;10:54:52.988009
1741;1855;-114;10:54:52.988009
1745;1858;-113;10:54:52.988009
1748;1858;-110;10:54:52.988009
1746;1860;-114;10:54:52.988009
1749;1863;-114;10:54:52.988009
1750;1862;-112;10:54:52.988009
1748;1866;-118;10:54:52.988009
1751;1871;-120;10:54:52.988009
1753;1870;-117;10:54:52.988009
1755;1872;-117;10:54:52.988009
1756;1874;-118;10:54:52.988009
1759;1872;-113;10:54:52.988009
1761;1874;-113;10:54:52.988009
1762;1874;-112;10:54:52.988009
1762;1875;-113;10:54:52.988009
1765;1877;-112;10:54:52.988009
1768;1879;-111;10:54:52.988009
1767;1881;-114;10:54:52.988009
1768;1884;-116;10:54:52.988009
1768;1885;-117;10:54:52.988009
1771;1885;-114;10:54:52.988009
1774;1888;-114;10:54:52.988009
1773;1887;-114;10:54:52.988009
1775;1885;-110;10:54:52.988009
1782;1885;-103;10:54:52.988009
1784;1888;-104;10:54:52.988009
1784;1888;-104;10:54:52.988009
1783;1891;-108;10:54:52.988009
1785;1888;-103;10:54:52.988009
1783;1889;-106;10:54:52.988009
1778;1886;-108;10:54:52.988009
1778;1887;-109;10:54:52.988009
1778;1887;-109;10:54:52.988009
1775;1888;-113;10:54:52.988009
1776;1887;-111;10:54:52.988009
1778;1888;-110;10:54:52.988009
1774;1887;-113;10:54:52.988009
1770;1884;-114;10:54:52.988009
1773;1883;-110;10:54:52.988009
1774;1883;-109;10:54:52.988009
1773;1881;-108;10:54:52.988009
1777;1880;-103;10:54:52.988009
1778;1879;-101;10:54:52.988009
1777;1879;-102;10:54:52.988009
1776;1878;-102;10:54:52.988009
1775;1879;-104;10:54:52.988009
1774;1880;-106;10:54:52.988009
1774;1879;-105;10:54:52.988009
1772;1878;-106;10:54:52.988009
1769;1877;-108;10:54:52.988009
1766;1875;-109;10:54:52.988009
1770;1875;-105;10:54:52.988009
1771;1875;-104;10:54:52.988009
1771;1874;-103;10:54:52.988009
1772;1874;-102;10:54:52.988009
1771;1874;-103;10:54:52.988009
1769;1876;-107;10:54:52.988009
1769;1878;-109;10:54:52.988009
1770;1879;-109;10:54:52.988009
1776;1876;-100;10:54:53.038994
1775;1876;-101;10:54:53.038994
1776;1876;-100;10:54:53.038994
1775;1880;-105;10:54:53.038994
1777;1882;-105;10:54:53.038994
1778;1883;-105;10:54:53.038994
1780;1884;-104;10:54:53.038994
1779;1889;-110;10:54:53.038994
1782;1890;-108;10:54:53.038994
1785;1891;-106;10:54:53.038994
1787;1891;-104;10:54:53.038994
1793;1894;-101;10:54:53.038994
1797;1894;-97;10:54:53.038994
1797;1895;-98;10:54:53.038994
1800;1898;-98;10:54:53.038994
1802;1902;-100;10:54:53.038994
1802;1903;-101;10:54:53.038994
1801;1904;-103;10:54:53.038994
1803;1906;-103;10:54:53.038994
1800;1908;-108;10:54:53.038994
1800;1907;-107;10:54:53.038994
1802;1906;-104;10:54:53.038994
1806;1905;-99;10:54:53.038994
1802;1904;-102;10:54:53.038994
1804;1904;-100;10:54:53.038994
1809;1907;-98;10:54:53.038994
1808;1907;-99;10:54:53.038994
1807;1907;-100;10:54:53.038994
1809;1910;-101;10:54:53.038994
1812;1911;-99;10:54:53.038994
1812;1910;-98;10:54:53.038994
1812;1912;-100;10:54:53.038994
1815;1917;-102;10:54:53.038994
1817;1919;-102;10:54:53.038994
1816;1920;-104;10:54:53.038994
1817;1918;-101;10:54:53.038994
1820;1919;-99;10:54:53.038994
1821;1917;-96;10:54:53.038994
1821;1916;-95;10:54:53.038994
1816;1914;-98;10:54:53.038994
1813;1913;-100;10:54:53.038994
1812;1911;-99;10:54:53.038994
1813;1908;-95;10:54:53.038994
1809;1905;-96;10:54:53.038994
1807;1901;-94;10:54:53.038994
1802;1901;-99;10:54:53.038994
1796;1897;-101;10:54:53.038994
1790;1894;-104;10:54:53.038994
1788;1893;-105;10:54:53.038994
1783;1891;-108;10:54:53.038994
1778;1887;-109;10:54:53.038994
1777;1884;-107;10:54:53.038994
1771;1879;-108;10:54:53.038994
1764;1876;-112;10:54:53.038994
1763;1870;-107;10:54:53.038994
1760;1866;-106;10:54:53.038994
1753;1862;-109;10:54:53.038994
1752;1859;-107;10:54:53.038994
1749;1853;-104;10:54:53.038994
1742;1850;-108;10:54:53.038994
1742;1847;-105;10:54:53.038994
1737;1842;-105;10:54:53.038994
1726;1840;-114;10:54:53.038994
1726;1839;-113;10:54:53.038994
1723;1835;-112;10:54:53.038994
1717;1833;-116;10:54:53.038994
1716;1829;-113;10:54:53.038994
1715;1828;-113;10:54:53.038994
1710;1826;-116;10:54:53.038994
1710;1827;-117;10:54:53.038994
1708;1825;-117;10:54:53.038994
1707;1826;-119;10:54:53.038994
1707;1824;-117;10:54:53.038994
1707;1821;-114;10:54:53.038994
1702;1821;-119;10:54:53.038994
1700;1820;-120;10:54:53.038994
1697;1815;-118;10:54:53.038994
1694;1816;-122;10:54:53.038994
1692;1813;-121;10:54:53.038994
1692;1812;-120;10:54:53.038994
1693;1812;-119;10:54:53.038994
1696;1812;-116;10:54:53.038994
1693;1812;-119;10:54:53.038994
1692;1814;-122;10:54:53.038994
1693;1814;-121;10:54:53.038994
1690;1816;-126;10:54:53.038994
1693;1819;-126;10:54:53.038994
1695;1821;-126;10:54:53.038994
1698;1821;-123;10:54:53.038994
1704;1821;-117;10:54:53.038994
1706;1822;-116;10:54:53.038994
1706;1823;-117;10:54:53.038994
1705;1824;-119;10:54:53.038994
1705;1825;-120;10:54:53.038994
1706;1826;-120;10:54:53.038994
1707;1828;-121;10:54:53.038994
1708;1828;-120;10:54:53.038994
1710;1828;-118;10:54:53.038994
1709;1827;-118;10:54:53.038994
1707;1830;-123;10:54:53.038994
1708;1832;-124;10:54:53.038994
1711;1829;-118;10:54:53.038994
1710;1830;-120;10:54:53.038994
1714;1831;-117;10:54:53.038994
1718;1831;-113;10:54:53.038994
1718;1832;-114;10:54:53.038994
1720;1834;-114;10:54:53.038994
1724;1836;-112;10:54:53.038994
1724;1838;-114;10:54:53.038994
1725;1839;-114;10:54:53.038994
1728;1845;-117;10:54:53.038994
1728;1848;-120;10:54:53.038994
1731;1849;-118;10:54:53.038994
1733;1848;-115;10:54:53.038994
1736;1850;-114;10:54:53.038994
1739;1852;-113;10:54:53.038994
1742;1853;-111;10:54:53.038994
1742;1857;-115;10:54:53.038994
1746;1860;-114;10:54:53.038994
1745;1861;-116;10:54:53.038994
1745;1862;-117;10:54:53.038994
1745;1861;-116;10:54:53.038994
1746;1860;-114;10:54:53.038994
1748;1861;-113;10:54:53.038994
1748;1861;-113;10:54:53.038994
1751;1862;-111;10:54:53.038994
1751;1865;-114;10:54:53.038994
1757;1868;-111;10:54:53.038994
1759;1867;-108;10:54:53.038994
1760;1868;-108;10:54:53.038994
1763;1874;-111;10:54:53.038994
1761;1873;-112;10:54:53.038994
1763;1871;-108;10:54:53.038994
1766;1874;-108;10:54:53.038994
1766;1875;-109;10:54:53.038994
1768;1878;-110;10:54:53.038994
1768;1881;-113;10:54:53.038994
1768;1881;-113;10:54:53.038994
1768;1883;-115;10:54:53.038994
1770;1884;-114;10:54:53.038994
1771;1884;-113;10:54:53.038994
1768;1881;-113;10:54:53.038994
1768;1881;-113;10:54:53.038994
1770;1885;-115;10:54:53.038994
1770;1885;-115;10:54:53.038994
1774;1885;-111;10:54:53.038994
1776;1888;-112;10:54:53.038994
1773;1890;-117;10:54:53.038994
1775;1891;-116;10:54:53.038994
1776;1892;-116;10:54:53.038994
1778;1896;-118;10:54:53.038994
1781;1894;-113;10:54:53.038994
1787;1896;-109;10:54:53.038994
1787;1895;-108;10:54:53.038994
1785;1893;-108;10:54:53.038994
1785;1893;-108;10:54:53.038994
1787;1890;-103;10:54:53.038994
1784;1888;-104;10:54:53.038994
1778;1884;-106;10:54:53.038994
1780;1885;-105;10:54:53.038994
1779;1883;-104;10:54:53.038994
1776;1883;-107;10:54:53.038994
1773;1879;-106;10:54:53.038994
1769;1877;-108;10:54:53.038994
1768;1878;-110;10:54:53.038994
1768;1876;-108;10:54:53.038994
1769;1876;-107;10:54:53.038994
1765;1876;-111;10:54:53.038994
1767;1876;-109;10:54:53.038994
1768;1877;-109;10:54:53.038994
1768;1876;-108;10:54:53.038994
1769;1878;-109;10:54:53.038994
1768;1880;-112;10:54:53.038994
1771;1884;-113;10:54:53.038994
1771;1884;-113;10:54:53.038994
1771;1890;-119;10:54:53.038994
1773;1890;-117;10:54:53.038994
1778;1891;-113;10:54:53.038994
1781;1894;-113;10:54:53.038994
1786;1896;-110;10:54:53.038994
1788;1898;-110;10:54:53.038994
1788;1900;-112;10:54:53.038994
1791;1903;-112;10:54:53.038994
1793;1906;-113;10:54:53.038994
1799;1907;-108;10:54:53.038994
1798;1906;-108;10:54:53.038994
1801;1907;-106;10:54:53.038994
1795;1904;-109;10:54:53.038994
1790;1901;-111;10:54:53.038994
1791;1901;-110;10:54:53.038994
1791;1897;-106;10:54:53.038994
1789;1893;-104;10:54:53.038994
1785;1895;-110;10:54:53.038994
1783;1897;-114;10:54:53.038994
1782;1894;-112;10:54:53.038994
1778;1890;-112;10:54:53.038994
1775;1888;-113;10:54:53.038994
1774;1887;-113;10:54:53.038994
1776;1884;-108;10:54:53.038994
1774;1882;-108;10:54:53.038994
1772;1880;-108;10:54:53.038994
1772;1880;-108;10:54:53.038994
1774;1880;-106;10:54:53.038994
1772;1880;-108;10:54:53.038994
1770;1881;-111;10:54:53.038994
1770;1882;-112;10:54:53.038994
1769;1880;-111;10:54:53.038994
1768;1881;-113;10:54:53.038994
1770;1878;-108;10:54:53.038994
1774;1881;-107;10:54:53.038994
1772;1881;-109;10:54:53.038994
1771;1885;-114;10:54:53.038994
1773;1884;-111;10:54:53.038994
1773;1887;-114;10:54:53.038994
1775;1886;-111;10:54:53.038994
1775;1887;-112;10:54:53.038994
1776;1890;-114;10:54:53.038994
1775;1892;-117;10:54:53.038994
1774;1888;-114;10:54:53.038994
1773;1885;-112;10:54:53.038994
1773;1880;-107;10:54:53.038994
1772;1878;-106;10:54:53.038994
1770;1874;-104;10:54:53.038994
1767;1873;-106;10:54:53.038994
1763;1871;-108;10:54:53.038994
1760;1868;-108;10:54:53.038994
1758;1864;-106;10:54:53.038994
1756;1858;-102;10:54:53.038994
1752;1854;-102;10:54:53.038994
1748;1850;-102;10:54:53.038994
1744;1848;-104;10:54:53.038994
1741;1846;-105;10:54:53.038994
1737;1845;-108;10:54:53.038994
1735;1842;-107;10:54:53.038994
1731;1841;-110;10:54:53.038994
1730;1846;-116;10:54:53.038994
1728;1844;-116;10:54:53.038994
1726;1844;-118;10:54:53.038994
1727;1846;-119;10:54:53.038994
1730;1847;-117;10:54:53.038994
1729;1846;-117;10:54:53.038994
1731;1847;-116;10:54:53.038994
1734;1848;-114;10:54:53.038994
1736;1847;-111;10:54:53.038994
1737;1849;-112;10:54:53.038994
1741;1850;-109;10:54:53.038994
1743;1853;-110;10:54:53.038994
1744;1859;-115;10:54:53.038994
1745;1861;-116;10:54:53.038994
1745;1861;-116;10:54:53.038994
1749;1864;-115;10:54:53.038994
1752;1864;-112;10:54:53.038994
1754;1862;-108;10:54:53.038994
1757;1863;-106;10:54:53.038994
1755;1866;-111;10:54:53.038994
1755;1870;-115;10:54:53.062885
1754;1871;-117;10:54:53.062885
1753;1872;-119;10:54:53.062885
1751;1872;-121;10:54:53.062885
1752;1868;-116;10:54:53.062885
1753;1866;-113;10:54:53.062885
1751;1862;-111;10:54:53.062885
1749;1858;-109;10:54:53.062885
1750;1856;-106;10:54:53.062885
1750;1851;-101;10:54:53.062885
1746;1849;-103;10:54:53.062885
1742;1851;-109;10:54:53.062885
1739;1853;-114;10:54:53.062885
1735;1852;-117;10:54:53.062885
1737;1849;-112;10:54:53.062885
1740;1850;-110;10:54:53.062885
1740;1849;-109;10:54:53.062885
1742;1850;-108;10:54:53.062885
1741;1852;-111;10:54:53.062885
1740;1853;-113;10:54:53.062885
1740;1855;-115;10:54:53.062885
1738;1856;-118;10:54:53.062885
1738;1858;-120;10:54:53.062885
1739;1860;-121;10:54:53.062885
1741;1863;-122;10:54:53.062885
1741;1864;-123;10:54:53.062885
1742;1864;-122;10:54:53.062885
1742;1863;-121;10:54:53.062885
1744;1863;-119;10:54:53.062885
1747;1865;-118;10:54:53.062885
1749;1866;-117;10:54:53.062885
1752;1865;-113;10:54:53.062885
1753;1865;-112;10:54:53.062885
1752;1867;-115;10:54:53.062885
1755;1865;-110;10:54:53.062885
1755;1864;-109;10:54:53.062885
1753;1862;-109;10:54:53.062885
1752;1861;-109;10:54:53.062885
1752;1861;-109;10:54:53.062885
1753;1863;-110;10:54:53.062885
1752;1864;-112;10:54:53.062885
1750;1865;-115;10:54:53.062885
1749;1862;-113;10:54:53.062885
1748;1861;-113;10:54:53.062885
1748;1860;-112;10:54:53.062885
1748;1859;-111;10:54:53.062885
1747;1857;-110;10:54:53.062885
1747;1858;-111;10:54:53.062885
1744;1860;-116;10:54:53.062885
1742;1859;-117;10:54:53.062885
1741;1856;-115;10:54:53.062885
1741;1854;-113;10:54:53.062885
1740;1857;-117;10:54:53.062885
1739;1856;-117;10:54:53.062885
1745;1855;-110;10:54:53.062885
1751;1854;-103;10:54:53.062885
1752;1856;-104;10:54:53.062885
1753;1860;-107;10:54:53.062885
1757;1870;-113;10:54:53.062885
1759;1872;-113;10:54:53.062885
1761;1877;-116;10:54:53.062885
1767;1880;-113;10:54:53.062885
1769;1881;-112;10:54:53.062885
1771;1883;-112;10:54:53.062885
1774;1884;-110;10:54:53.062885
1776;1885;-109;10:54:53.062885
1778;1887;-109;10:54:53.062885
1777;1887;-110;10:54:53.062885
1777;1886;-109;10:54:53.062885
1772;1885;-113;10:54:53.062885
1770;1883;-113;10:54:53.062885
1773;1883;-110;10:54:53.062885
1772;1881;-109;10:54:53.062885
1773;1881;-108;10:54:53.062885
1773;1879;-106;10:54:53.062885
1773;1877;-104;10:54:53.062885
1771;1874;-103;10:54:53.062885
1770;1873;-103;10:54:53.062885
1770;1873;-103;10:54:53.062885
1770;1873;-103;10:54:53.062885
1771;1872;-101;10:54:53.062885
1769;1871;-102;10:54:53.062885
1766;1868;-102;10:54:53.062885
1765;1868;-103;10:54:53.062885
1768;1868;-100;10:54:53.062885
1767;1866;-99;10:54:53.062885
1764;1864;-100;10:54:53.062885
1762;1867;-105;10:54:53.062885
1758;1868;-110;10:54:53.062885
1760;1873;-113;10:54:53.062885
1764;1876;-112;10:54:53.062885
1769;1880;-111;10:54:53.062885
1770;1883;-113;10:54:53.062885
1774;1888;-114;10:54:53.062885
1776;1893;-117;10:54:53.062885
1783;1895;-112;10:54:53.062885
1787;1898;-111;10:54:53.062885
1792;1899;-107;10:54:53.062885
1798;1902;-104;10:54:53.062885
1798;1906;-108;10:54:53.062885
1801;1909;-108;10:54:53.062885
1806;1913;-107;10:54:53.062885
1807;1916;-109;10:54:53.062885
1806;1921;-115;10:54:53.062885
1810;1920;-110;10:54:53.062885
1810;1918;-108;10:54:53.062885
1808;1913;-105;10:54:53.062885
1808;1910;-102;10:54:53.062885
1809;1909;-100;10:54:53.062885
1809;1907;-98;10:54:53.062885
1810;1905;-95;10:54:53.062885
1807;1905;-98;10:54:53.062885
1805;1902;-97;10:54:53.062885
1803;1903;-100;10:54:53.062885
1801;1903;-102;10:54:53.062885
1797;1901;-104;10:54:53.062885
1794;1899;-105;10:54:53.062885
1794;1898;-104;10:54:53.062885
1791;1895;-104;10:54:53.062885
1790;1893;-103;10:54:53.062885
1789;1895;-106;10:54:53.062885
1788;1894;-106;10:54:53.062885
1783;1893;-110;10:54:53.062885
1782;1896;-114;10:54:53.062885
1782;1896;-114;10:54:53.062885
1780;1897;-117;10:54:53.062885
1783;1894;-111;10:54:53.062885
1785;1895;-110;10:54:53.062885
1786;1893;-107;10:54:53.062885
1785;1892;-107;10:54:53.062885
1785;1890;-105;10:54:53.062885
1782;1889;-107;10:54:53.062885
1780;1891;-111;10:54:53.062885
1780;1892;-112;10:54:53.062885
1779;1892;-113;10:54:53.062885
1777;1889;-112;10:54:53.062885
1774;1887;-113;10:54:53.062885
1770;1884;-114;10:54:53.062885
1767;1880;-113;10:54:53.062885
1762;1876;-114;10:54:53.062885
1759;1873;-114;10:54:53.062885
1756;1867;-111;10:54:53.062885
1754;1863;-109;10:54:53.062885
1750;1862;-112;10:54:53.062885
1747;1857;-110;10:54:53.062885
1744;1851;-107;10:54:53.062885
1740;1850;-110;10:54:53.062885
1737;1847;-110;10:54:53.062885
1733;1843;-110;10:54:53.062885
1729;1841;-112;10:54:53.062885
1727;1842;-115;10:54:53.062885
1726;1840;-114;10:54:53.062885
1724;1837;-113;10:54:53.062885
1723;1837;-114;10:54:53.062885
1720;1835;-115;10:54:53.062885
1721;1834;-113;10:54:53.062885
1721;1836;-115;10:54:53.062885
1723;1836;-113;10:54:53.062885
1724;1837;-113;10:54:53.062885
1724;1838;-114;10:54:53.062885
1722;1840;-118;10:54:53.062885
1722;1842;-120;10:54:53.062885
1724;1843;-119;10:54:53.062885
1724;1842;-118;10:54:53.062885
1721;1841;-120;10:54:53.062885
1724;1842;-118;10:54:53.062885
1726;1842;-116;10:54:53.062885
1725;1837;-112;10:54:53.062885
1721;1839;-118;10:54:53.062885
1723;1841;-118;10:54:53.062885
1727;1841;-114;10:54:53.062885
1732;1841;-109;10:54:53.062885
1731;1843;-112;10:54:53.062885
1731;1843;-112;10:54:53.062885
1734;1846;-112;10:54:53.062885
1736;1847;-111;10:54:53.062885
1739;1849;-110;10:54:53.062885
1741;1848;-107;10:54:53.062885
1741;1851;-110;10:54:53.062885
1739;1856;-117;10:54:53.062885
1739;1858;-119;10:54:53.062885
1740;1857;-117;10:54:53.062885
1746;1858;-112;10:54:53.062885
1748;1860;-112;10:54:53.062885
1748;1858;-110;10:54:53.062885
1749;1858;-109;10:54:53.062885
1747;1861;-114;10:54:53.062885
1747;1863;-116;10:54:53.062885
1747;1863;-116;10:54:53.062885
1749;1861;-112;10:54:53.062885
1749;1863;-114;10:54:53.062885
1750;1862;-112;10:54:53.062885
1751;1862;-111;10:54:53.062885
1750;1862;-112;10:54:53.062885
1749;1863;-114;10:54:53.062885
1753;1863;-110;10:54:53.062885
1753;1865;-112;10:54:53.062885
1755;1865;-110;10:54:53.062885
1757;1867;-110;10:54:53.062885
1759;1867;-108;10:54:53.062885
1761;1871;-110;10:54:53.062885
1764;1872;-108;10:54:53.062885
1765;1875;-110;10:54:53.062885
1767;1881;-114;10:54:53.062885
1772;1884;-112;10:54:53.062885
1776;1889;-113;10:54:53.062885
1779;1889;-110;10:54:53.062885
1780;1889;-109;10:54:53.062885
1782;1891;-109;10:54:53.062885
1782;1891;-109;10:54:53.062885
1778;1893;-115;10:54:53.062885
1778;1894;-116;10:54:53.062885
1780;1893;-113;10:54:53.062885
1781;1890;-109;10:54:53.062885
1779;1887;-108;10:54:53.062885
1778;1885;-107;10:54:53.062885
1777;1885;-108;10:54:53.062885
1776;1885;-109;10:54:53.062885
1776;1886;-110;10:54:53.062885
1773;1886;-113;10:54:53.062885
1773;1884;-111;10:54:53.062885
1770;1885;-115;10:54:53.062885
1770;1883;-113;10:54:53.062885
1770;1884;-114;10:54:53.062885
1770;1882;-112;10:54:53.062885
1770;1881;-111;10:54:53.062885
1769;1884;-115;10:54:53.062885
1773;1882;-109;10:54:53.062885
1776;1882;-106;10:54:53.062885
1775;1881;-106;10:54:53.062885
1771;1879;-108;10:54:53.062885
1769;1877;-108;10:54:53.062885
1765;1875;-110;10:54:53.062885
1762;1875;-113;10:54:53.062885
1761;1876;-115;10:54:53.062885
1765;1874;-109;10:54:53.062885
1767;1878;-111;10:54:53.062885
1765;1876;-111;10:54:53.062885
1763;1879;-116;10:54:53.062885
1762;1879;-117;10:54:53.062885
1762;1877;-115;10:54:53.062885
1764;1878;-114;10:54:53.062885
1763;1877;-114;10:54:53.062885
1765;1880;-115;10:54:53.062885
1764;1882;-118;10:54:53.062885
1764;1884;-120;10:54:53.062885
1766;1884;-118;10:54:53.062885
1767;1883;-116;10:54:53.062885
1767;1880;-113;10:54:53.062885
1762;1876;-114;10:54:53.062885
1762;1875;-113;10:54:53.062885
1766;1872;-106;10:54:53.062885
1767;1871;-104;10:54:53.062885
1764;1872;-108;10:54:53.062885
1763;1874;-111;10:54:53.062885
1764;1878;-114;10:54:53.170593
1767;1879;-112;10:54:53.170593
1766;1879;-113;10:54:53.170593
1766;1881;-115;10:54:53.170593
1766;1884;-118;10:54:53.170593
1768;1883;-115;10:54:53.170593
1767;1878;-111;10:54:53.170593
1769;1879;-110;10:54:53.170593
1772;1880;-108;10:54:53.170593
1768;1880;-112;10:54:53.170593
1777;1881;-104;10:54:53.170593
1781;1883;-102;10:54:53.170593
1776;1887;-111;10:54:53.170593
1781;1890;-109;10:54:53.170593
1784;1888;-104;10:54:53.170593
1780;1885;-105;10:54:53.170593
1783;1893;-110;10:54:53.170593
1785;1887;-102;10:54:53.170593
1783;1885;-102;10:54:53.170593
1785;1891;-106;10:54:53.170593
1787;1890;-103;10:54:53.170593
1785;1889;-104;10:54:53.170593
1788;1897;-109;10:54:53.170593
1789;1896;-107;10:54:53.170593
1789;1894;-105;10:54:53.170593
1792;1897;-105;10:54:53.170593
1796;1894;-98;10:54:53.170593
1796;1890;-94;10:54:53.170593
1795;1895;-100;10:54:53.170593
1796;1893;-97;10:54:53.170593
1792;1893;-101;10:54:53.170593
1792;1896;-104;10:54:53.170593
1793;1895;-102;10:54:53.170593
1794;1891;-97;10:54:53.170593
1798;1897;-99;10:54:53.170593
1798;1897;-99;10:54:53.170593
1793;1895;-102;10:54:53.170593
1793;1895;-102;10:54:53.170593
1794;1895;-101;10:54:53.170593
1793;1895;-102;10:54:53.170593
1794;1896;-102;10:54:53.170593
1793;1896;-103;10:54:53.170593
1795;1895;-100;10:54:53.170593
1794;1893;-99;10:54:53.170593
1789;1892;-103;10:54:53.170593
1787;1894;-107;10:54:53.170593
1786;1892;-106;10:54:53.170593
1783;1887;-104;10:54:53.170593
1782;1888;-106;10:54:53.170593
1781;1884;-103;10:54:53.170593
1779;1886;-107;10:54:53.170593
1776;1885;-109;10:54:53.170593
1777;1882;-105;10:54:53.170593
1776;1880;-104;10:54:53.170593
1773;1880;-107;10:54:53.170593
1769;1875;-106;10:54:53.170593
1767;1873;-106;10:54:53.170593
1765;1871;-106;10:54:53.170593
1762;1868;-106;10:54:53.170593
1760;1865;-105;10:54:53.170593
1757;1861;-104;10:54:53.170593
1753;1858;-105;10:54:53.170593
1752;1856;-104;10:54:53.170593
1749;1855;-106;10:54:53.170593
1746;1852;-106;10:54:53.170593
1742;1851;-109;10:54:53.170593
1738;1849;-111;10:54:53.170593
1736;1848;-112;10:54:53.170593
1735;1845;-110;10:54:53.170593
1731;1843;-112;10:54:53.170593
1729;1842;-113;10:54:53.170593
1733;1841;-108;10:54:53.170593
1732;1839;-107;10:54:53.170593
1729;1842;-113;10:54:53.170593
1727;1843;-116;10:54:53.170593
1730;1843;-113;10:54:53.170593
1729;1842;-113;10:54:53.170593
1729;1839;-110;10:54:53.170593
1731;1839;-108;10:54:53.170593
1729;1837;-108;10:54:53.170593
1728;1835;-107;10:54:53.170593
1727;1838;-111;10:54:53.170593
1723;1838;-115;10:54:53.170593
1723;1840;-117;10:54:53.170593
1723;1837;-114;10:54:53.170593
1720;1838;-118;10:54:53.170593
1720;1835;-115;10:54:53.170593
1720;1837;-117;10:54:53.170593
1717;1837;-120;10:54:53.170593
1718;1835;-117;10:54:53.170593
1718;1836;-118;10:54:53.170593
1717;1837;-120;10:54:53.170593
1714;1835;-121;10:54:53.170593
1713;1831;-118;10:54:53.170593
1712;1831;-119;10:54:53.170593
1713;1828;-115;10:54:53.170593
1712;1828;-116;10:54:53.170593
1710;1827;-117;10:54:53.170593
1708;1829;-121;10:54:53.170593
1708;1825;-117;10:54:53.170593
1707;1826;-119;10:54:53.170593
1706;1826;-120;10:54:53.170593
1705;1826;-121;10:54:53.170593
1702;1828;-126;10:54:53.170593
1701;1826;-125;10:54:53.170593
1704;1826;-122;10:54:53.170593
1703;1826;-123;10:54:53.170593
1703;1825;-122;10:54:53.170593
1702;1825;-123;10:54:53.170593
1702;1825;-123;10:54:53.170593
1701;1824;-123;10:54:53.170593
1702;1818;-116;10:54:53.170593
1703;1819;-116;10:54:53.170593
1704;1821;-117;10:54:53.170593
1708;1824;-116;10:54:53.170593
1710;1826;-116;10:54:53.170593
1714;1829;-115;10:54:53.170593
1718;1832;-114;10:54:53.170593
1721;1836;-115;10:54:53.170593
1727;1840;-113;10:54:53.170593
1729;1845;-116;10:54:53.170593
1731;1848;-117;10:54:53.170593
1734;1849;-115;10:54:53.170593
1735;1851;-116;10:54:53.170593
1738;1855;-117;10:54:53.170593
1742;1858;-116;10:54:53.170593
1742;1860;-118;10:54:53.170593
1745;1861;-116;10:54:53.170593
1749;1863;-114;10:54:53.170593
1746;1863;-117;10:54:53.170593
1746;1865;-119;10:54:53.170593
1749;1870;-121;10:54:53.170593
1754;1871;-117;10:54:53.170593
1758;1867;-109;10:54:53.170593
1760;1866;-106;10:54:53.170593
1762;1869;-107;10:54:53.170593
1764;1870;-106;10:54:53.170593
1765;1870;-105;10:54:53.170593
1766;1872;-106;10:54:53.170593
1768;1877;-109;10:54:53.170593
1773;1878;-105;10:54:53.170593
1774;1880;-106;10:54:53.170593
1774;1885;-111;10:54:53.170593
1778;1889;-111;10:54:53.170593
1781;1891;-110;10:54:53.170593
1783;1893;-110;10:54:53.170593
1790;1895;-105;10:54:53.170593
1791;1896;-105;10:54:53.170593
1790;1897;-107;10:54:53.170593
1793;1896;-103;10:54:53.170593
1794;1896;-102;10:54:53.170593
1794;1896;-102;10:54:53.170593
1794;1900;-106;10:54:53.170593
1794;1902;-108;10:54:53.170593
1793;1904;-111;10:54:53.170593
1791;1904;-113;10:54:53.170593
1795;1902;-107;10:54:53.170593
1799;1900;-101;10:54:53.170593
1798;1897;-99;10:54:53.170593
1798;1897;-99;10:54:53.170593
1796;1899;-103;10:54:53.170593
1796;1900;-104;10:54:53.170593
1799;1898;-99;10:54:53.170593
1799;1900;-101;10:54:53.170593
1797;1903;-106;10:54:53.170593
1798;1901;-103;10:54:53.170593
1798;1901;-103;10:54:53.170593
1796;1899;-103;10:54:53.170593
1792;1899;-107;10:54:53.170593
1791;1899;-108;10:54:53.170593
1791;1898;-107;10:54:53.170593
1790;1898;-108;10:54:53.170593
1788;1896;-108;10:54:53.170593
1790;1897;-107;10:54:53.170593
1788;1900;-112;10:54:53.170593
1788;1900;-112;10:54:53.170593
1788;1900;-112;10:54:53.170593
1785;1896;-111;10:54:53.170593
1783;1892;-109;10:54:53.170593
1781;1891;-110;10:54:53.170593
1784;1892;-108;10:54:53.170593
1784;1891;-107;10:54:53.170593
1783;1887;-104;10:54:53.170593
1781;1888;-107;10:54:53.170593
1778;1891;-113;10:54:53.170593
1779;1892;-113;10:54:53.170593
1779;1892;-113;10:54:53.170593
1776;1893;-117;10:54:53.170593
1775;1894;-119;10:54:53.170593
1777;1894;-117;10:54:53.170593
1778;1892;-114;10:54:53.170593
1778;1893;-115;10:54:53.170593
1776;1891;-115;10:54:53.170593
1778;1892;-114;10:54:53.170593
1779;1891;-112;10:54:53.170593
1779;1890;-111;10:54:53.170593
1779;1889;-110;10:54:53.170593
1776;1888;-112;10:54:53.170593
1778;1889;-111;10:54:53.170593
1781;1889;-108;10:54:53.170593
1784;1888;-104;10:54:53.170593
1780;1887;-107;10:54:53.170593
1780;1889;-109;10:54:53.170593
1783;1893;-110;10:54:53.170593
1783;1893;-110;10:54:53.170593
1781;1892;-111;10:54:53.170593
1780;1894;-114;10:54:53.170593
1784;1895;-111;10:54:53.170593
1783;1893;-110;10:54:53.170593
1780;1892;-112;10:54:53.170593
1779;1894;-115;10:54:53.170593
1778;1894;-116;10:54:53.170593
1776;1889;-113;10:54:53.170593
1774;1885;-111;10:54:53.170593
1775;1882;-107;10:54:53.170593
1772;1879;-107;10:54:53.170593
1772;1877;-105;10:54:53.170593
1769;1878;-109;10:54:53.170593
1768;1878;-110;10:54:53.170593
1764;1879;-115;10:54:53.170593
1762;1877;-115;10:54:53.170593
1760;1876;-116;10:54:53.170593
1761;1876;-115;10:54:53.170593
1762;1878;-116;10:54:53.170593
1761;1878;-117;10:54:53.170593
1762;1878;-116;10:54:53.170593
1762;1877;-115;10:54:53.170593
1761;1874;-113;10:54:53.170593
1760;1872;-112;10:54:53.170593
1760;1869;-109;10:54:53.170593
1756;1865;-109;10:54:53.170593
1750;1862;-112;10:54:53.170593
1747;1862;-115;10:54:53.170593
1745;1860;-115;10:54:53.170593
1742;1854;-112;10:54:53.170593
1740;1858;-118;10:54:53.170593
1737;1852;-115;10:54:53.170593
1737;1847;-110;10:54:53.170593
1737;1846;-109;10:54:53.170593
1733;1844;-111;10:54:53.170593
1727;1841;-114;10:54:53.170593
1726;1841;-115;10:54:53.170593
1727;1842;-115;10:54:53.170593
1724;1835;-111;10:54:53.170593
1722;1831;-109;10:54:53.170593
1720;1830;-110;10:54:53.170593
1716;1826;-110;10:54:53.170593
1710;1824;-114;10:54:53.170593
1710;1827;-117;10:54:53.170593
1711;1828;-117;10:54:53.170593
1708;1830;-122;10:54:53.170593
1706;1830;-124;10:54:53.170593
1704;1830;-126;10:54:53.170593
1704;1829;-125;10:54:53.170593
1709;1829;-120;10:54:53.170593
1712;1830;-118;10:54:53.188549
1716;1831;-115;10:54:53.188549
1720;1836;-116;10:54:53.188549
1719;1835;-116;10:54:53.188549
1718;1835;-117;10:54:53.188549
1719;1839;-120;10:54:53.188549
1721;1839;-118;10:54:53.188549
1718;1841;-123;10:54:53.188549
1720;1843;-123;10:54:53.188549
1723;1844;-121;10:54:53.188549
1726;1847;-121;10:54:53.188549
1727;1846;-119;10:54:53.188549
1730;1846;-116;10:54:53.188549
1727;1846;-119;10:54:53.188549
1724;1842;-118;10:54:53.188549
1723;1843;-120;10:54:53.188549
1723;1841;-118;10:54:53.188549
1722;1837;-115;10:54:53.188549
1721;1836;-115;10:54:53.188549
1721;1833;-112;10:54:53.188549
1715;1831;-116;10:54:53.188549
1714;1828;-114;10:54:53.188549
1715;1829;-114;10:54:53.188549
1713;1828;-115;10:54:53.188549
1712;1827;-115;10:54:53.188549
1713;1826;-113;10:54:53.188549
1711;1831;-120;10:54:53.188549
1707;1832;-125;10:54:53.188549
1711;1834;-123;10:54:53.188549
1713;1834;-121;10:54:53.188549
1715;1840;-125;10:54:53.188549
1720;1839;-119;10:54:53.188549
1720;1837;-117;10:54:53.188549
1720;1848;-128;10:54:53.188549
1725;1845;-120;10:54:53.188549
1724;1845;-121;10:54:53.188549
1730;1846;-116;10:54:53.188549
1735;1845;-110;10:54:53.188549
1734;1845;-111;10:54:53.188549
1730;1847;-117;10:54:53.188549
1728;1846;-118;10:54:53.188549
1733;1842;-109;10:54:53.188549
1734;1847;-113;10:54:53.188549
1734;1848;-114;10:54:53.188549
1734;1848;-114;10:54:53.188549
1735;1851;-116;10:54:53.188549
1740;1855;-115;10:54:53.188549
1740;1854;-114;10:54:53.188549
1741;1856;-115;10:54:53.188549
1741;1855;-114;10:54:53.188549
1742;1851;-109;10:54:53.188549
1743;1857;-114;10:54:53.188549
1745;1860;-115;10:54:53.188549
1746;1858;-112;10:54:53.188549
1745;1858;-113;10:54:53.188549
1744;1859;-115;10:54:53.188549
1745;1857;-112;10:54:53.188549
1746;1858;-112;10:54:53.188549
1745;1856;-111;10:54:53.188549
1744;1857;-113;10:54:53.188549
1744;1854;-110;10:54:53.188549
1744;1855;-111;10:54:53.188549
1745;1858;-113;10:54:53.188549
1749;1860;-111;10:54:53.188549
1750;1862;-112;10:54:53.188549
1751;1866;-115;10:54:53.188549
1754;1869;-115;10:54:53.188549
1756;1870;-114;10:54:53.188549
1759;1873;-114;10:54:53.188549
1761;1875;-114;10:54:53.188549
1763;1877;-114;10:54:53.188549
1764;1880;-116;10:54:53.188549
1766;1884;-118;10:54:53.188549
1771;1887;-116;10:54:53.188549
1772;1888;-116;10:54:53.188549
1773;1891;-118;10:54:53.188549
1775;1889;-114;10:54:53.188549
1778;1887;-109;10:54:53.188549
1780;1888;-108;10:54:53.188549
1781;1889;-108;10:54:53.188549
1781;1886;-105;10:54:53.188549
1784;1888;-104;10:54:53.188549
1788;1888;-100;10:54:53.188549
1790;1888;-98;10:54:53.188549
1788;1890;-102;10:54:53.188549
1786;1887;-101;10:54:53.188549
1784;1885;-101;10:54:53.188549
1786;1889;-103;10:54:53.188549
1790;1892;-102;10:54:53.188549
1790;1892;-102;10:54:53.188549
1789;1895;-106;10:54:53.188549
1789;1897;-108;10:54:53.188549
1790;1899;-109;10:54:53.188549
1793;1899;-106;10:54:53.188549
1795;1901;-106;10:54:53.188549
1794;1904;-110;10:54:53.188549
1793;1905;-112;10:54:53.188549
1796;1908;-112;10:54:53.188549
1800;1905;-105;10:54:53.188549
1800;1902;-102;10:54:53.188549
1801;1902;-101;10:54:53.188549
1806;1907;-101;10:54:53.188549
1805;1906;-101;10:54:53.188549
1805;1904;-99;10:54:53.188549
1806;1906;-100;10:54:53.188549
1807;1906;-99;10:54:53.188549
1807;1906;-99;10:54:53.188549
1806;1907;-101;10:54:53.188549
1810;1908;-98;10:54:53.188549
1809;1913;-104;10:54:53.188549
1808;1915;-107;10:54:53.188549
1811;1916;-105;10:54:53.188549
1810;1917;-107;10:54:53.188549
1812;1919;-107;10:54:53.188549
1817;1920;-103;10:54:53.188549
1819;1921;-102;10:54:53.188549
1818;1924;-106;10:54:53.188549
1822;1930;-108;10:54:53.188549
1823;1932;-109;10:54:53.188549
1824;1934;-110;10:54:53.188549
1827;1933;-106;10:54:53.188549
1826;1932;-106;10:54:53.188549
1824;1932;-108;10:54:53.188549
1827;1930;-103;10:54:53.188549
1830;1928;-98;10:54:53.188549
1829;1925;-96;10:54:53.188549
1831;1922;-91;10:54:53.188549
1831;1920;-89;10:54:53.188549
1825;1918;-93;10:54:53.188549
1819;1914;-95;10:54:53.188549
1816;1910;-94;10:54:53.188549
1815;1908;-93;10:54:53.188549
1812;1905;-93;10:54:53.188549
1806;1904;-98;10:54:53.188549
1804;1903;-99;10:54:53.188549
1801;1901;-100;10:54:53.188549
1798;1899;-101;10:54:53.188549
1798;1899;-101;10:54:53.188549
1798;1897;-99;10:54:53.188549
1795;1894;-99;10:54:53.188549
1792;1895;-103;10:54:53.188549
1787;1895;-108;10:54:53.188549
1782;1890;-108;10:54:53.188549
1781;1887;-106;10:54:53.188549
1776;1883;-107;10:54:53.188549
1769;1878;-109;10:54:53.188549
1765;1872;-107;10:54:53.188549
1760;1867;-107;10:54:53.188549
1755;1864;-109;10:54:53.188549
1754;1858;-104;10:54:53.188549
1750;1857;-107;10:54:53.188549
1744;1854;-110;10:54:53.188549
1739;1849;-110;10:54:53.188549
1739;1846;-107;10:54:53.188549
1735;1846;-111;10:54:53.188549
1736;1846;-110;10:54:53.188549
1737;1847;-110;10:54:53.188549
1737;1847;-110;10:54:53.188549
1735;1843;-108;10:54:53.188549
1731;1840;-109;10:54:53.188549
1729;1838;-109;10:54:53.188549
1729;1838;-109;10:54:53.188549
1725;1835;-110;10:54:53.188549
1720;1831;-111;10:54:53.188549
1718;1830;-112;10:54:53.188549
1715;1828;-113;10:54:53.188549
1714;1827;-113;10:54:53.188549
1711;1824;-113;10:54:53.188549
1705;1822;-117;10:54:53.188549
1707;1819;-112;10:54:53.188549
1707;1818;-111;10:54:53.188549
1706;1818;-112;10:54:53.188549
1708;1819;-111;10:54:53.188549
1708;1821;-113;10:54:53.188549
1703;1820;-117;10:54:53.188549
1706;1823;-117;10:54:53.188549
1706;1823;-117;10:54:53.188549
1708;1826;-118;10:54:53.188549
1710;1828;-118;10:54:53.188549
1713;1827;-114;10:54:53.188549
1709;1828;-119;10:54:53.188549
1710;1830;-120;10:54:53.188549
1714;1829;-115;10:54:53.188549
1710;1829;-119;10:54:53.188549
1708;1831;-123;10:54:53.188549
1709;1828;-119;10:54:53.188549
1711;1831;-120;10:54:53.188549
1713;1827;-114;10:54:53.188549
1713;1826;-113;10:54:53.188549
1713;1825;-112;10:54:53.188549
1714;1825;-111;10:54:53.188549
1713;1822;-109;10:54:53.188549
1714;1824;-110;10:54:53.188549
1716;1829;-113;10:54:53.188549
1713;1830;-117;10:54:53.188549
1715;1833;-118;10:54:53.188549
1719;1834;-115;10:54:53.188549
1721;1834;-113;10:54:53.188549
1724;1834;-110;10:54:53.188549
1726;1835;-109;10:54:53.188549
1724;1837;-113;10:54:53.188549
1725;1839;-114;10:54:53.188549
1729;1841;-112;10:54:53.188549
1732;1844;-112;10:54:53.188549
1731;1847;-116;10:54:53.188549
1731;1846;-115;10:54:53.188549
1735;1847;-112;10:54:53.188549
1737;1849;-112;10:54:53.188549
1736;1846;-110;10:54:53.188549
1737;1851;-114;10:54:53.188549
1735;1855;-120;10:54:53.188549
1740;1856;-116;10:54:53.188549
1741;1856;-115;10:54:53.188549
1743;1856;-113;10:54:53.188549
1745;1857;-112;10:54:53.188549
1745;1859;-114;10:54:53.188549
1747;1860;-113;10:54:53.188549
1747;1861;-114;10:54:53.188549
1753;1861;-108;10:54:53.188549
1753;1861;-108;10:54:53.188549
1751;1860;-109;10:54:53.188549
1754;1864;-110;10:54:53.188549
1755;1862;-107;10:54:53.188549
1755;1865;-110;10:54:53.188549
1757;1868;-111;10:54:53.188549
1758;1866;-108;10:54:53.188549
1759;1868;-109;10:54:53.188549
1759;1869;-110;10:54:53.188549
1761;1868;-107;10:54:53.188549
1760;1867;-107;10:54:53.188549
1758;1870;-112;10:54:53.188549
1756;1871;-115;10:54:53.188549
1758;1874;-116;10:54:53.188549
1758;1874;-116;10:54:53.188549
1760;1873;-113;10:54:53.188549
1764;1874;-110;10:54:53.188549
1763;1872;-109;10:54:53.188549
1763;1873;-110;10:54:53.188549
1767;1875;-108;10:54:53.188549
1769;1877;-108;10:54:53.188549
1772;1879;-107;10:54:53.188549
1773;1880;-107;10:54:53.188549
1771;1880;-109;10:54:53.188549
1770;1880;-110;10:54:53.188549
1773;1880;-107;10:54:53.188549
1776;1881;-105;10:54:53.188549
1774;1880;-106;10:54:53.188549
1775;1881;-106;10:54:53.188549
1776;1882;-106;10:54:53.188549
1775;1882;-107;10:54:53.188549
1771;1883;-112;10:54:53.188549
1773;1885;-112;10:54:53.188549
1772;1886;-114;10:54:53.188549
1772;1884;-112;10:54:53.188549
1771;1884;-113;10:54:53.188549
1774;1885;-111;10:54:53.189542
1770;1885;-115;10:54:53.189542
1769;1884;-115;10:54:53.189542
1770;1883;-113;10:54:53.189542
1771;1884;-113;10:54:53.189542
1773;1886;-113;10:54:53.189542
1774;1885;-111;10:54:53.189542
1773;1885;-112;10:54:53.189542
1773;1885;-112;10:54:53.189542
1774;1883;-109;10:54:53.189542
1772;1878;-106;10:54:53.189542
1769;1878;-109;10:54:53.189542
1771;1878;-107;10:54:53.189542
1771;1878;-107;10:54:53.189542
1767;1877;-110;10:54:53.189542
1768;1878;-110;10:54:53.189542
1769;1880;-111;10:54:53.189542
1768;1879;-111;10:54:53.189542
1771;1882;-111;10:54:53.189542
1774;1883;-109;10:54:53.189542
1775;1884;-109;10:54:53.189542
1779;1885;-106;10:54:53.189542
1781;1887;-106;10:54:53.189542
1781;1891;-110;10:54:53.189542
1783;1892;-109;10:54:53.189542
1787;1896;-109;10:54:53.189542
1791;1898;-107;10:54:53.189542
1791;1898;-107;10:54:53.189542
1793;1899;-106;10:54:53.189542
1795;1901;-106;10:54:53.189542
1792;1899;-107;10:54:53.189542
1793;1899;-106;10:54:53.189542
1796;1901;-105;10:54:53.189542
1795;1897;-102;10:54:53.189542
1791;1897;-106;10:54:53.189542
1789;1899;-110;10:54:53.189542
1791;1901;-110;10:54:53.189542
1791;1900;-109;10:54:53.189542
1788;1899;-111;10:54:53.189542
1788;1899;-111;10:54:53.189542
1791;1899;-108;10:54:53.189542
1792;1900;-108;10:54:53.189542
1791;1898;-107;10:54:53.189542
1790;1896;-106;10:54:53.189542
1791;1897;-106;10:54:53.189542
1793;1896;-103;10:54:53.189542
1792;1896;-104;10:54:53.189542
1790;1896;-106;10:54:53.189542
1790;1898;-108;10:54:53.189542
1789;1899;-110;10:54:53.189542
1790;1896;-106;10:54:53.189542
1790;1896;-106;10:54:53.189542
1792;1897;-105;10:54:53.189542
1792;1898;-106;10:54:53.189542
1794;1896;-102;10:54:53.189542
1794;1892;-98;10:54:53.189542
1795;1892;-97;10:54:53.189542
1791;1891;-100;10:54:53.189542
1789;1891;-102;10:54:53.189542
1787;1888;-101;10:54:53.189542
1783;1887;-104;10:54:53.189542
1784;1886;-102;10:54:53.189542
1781;1886;-105;10:54:53.189542
1779;1882;-103;10:54:53.189542
1775;1878;-103;10:54:53.189542
1772;1876;-104;10:54:53.189542
1768;1875;-107;10:54:53.189542
1764;1870;-106;10:54:53.189542
1763;1870;-107;10:54:53.189542
1760;1867;-107;10:54:53.189542
1760;1868;-108;10:54:53.189542
1760;1867;-107;10:54:53.189542
1759;1864;-105;10:54:53.189542
1757;1865;-108;10:54:53.189542
1757;1867;-110;10:54:53.189542
1758;1868;-110;10:54:53.189542
1755;1866;-111;10:54:53.189542
1756;1865;-109;10:54:53.189542
1756;1868;-112;10:54:53.189542
1751;1869;-118;10:54:53.189542
1751;1867;-116;10:54:53.189542
1753;1868;-115;10:54:53.189542
1753;1865;-112;10:54:53.189542
1753;1863;-110;10:54:53.189542
1753;1862;-109;10:54:53.189542
1753;1862;-109;10:54:53.189542
1752;1860;-108;10:54:53.189542
1752;1855;-103;10:54:53.189542
1749;1854;-105;10:54:53.189542
1745;1851;-106;10:54:53.189542
1738;1848;-110;10:54:53.189542
1735;1845;-110;10:54:53.189542
1731;1842;-111;10:54:53.189542
1728;1839;-111;10:54:53.189542
1727;1839;-112;10:54:53.189542
1725;1839;-114;10:54:53.189542
1722;1840;-118;10:54:53.189542
1719;1840;-121;10:54:53.189542
1720;1839;-119;10:54:53.189542
1718;1837;-119;10:54:53.189542
1722;1835;-113;10:54:53.189542
1723;1836;-113;10:54:53.189542
1724;1838;-114;10:54:53.189542
1724;1839;-115;10:54:53.189542
1725;1841;-116;10:54:53.189542
1724;1840;-116;10:54:53.189542
1720;1837;-117;10:54:53.189542
1718;1836;-118;10:54:53.189542
1720;1834;-114;10:54:53.189542
1716;1833;-117;10:54:53.189542
1715;1831;-116;10:54:53.189542
1714;1830;-116;10:54:53.189542
1715;1831;-116;10:54:53.189542
1713;1832;-119;10:54:53.189542
1709;1833;-124;10:54:53.189542
1711;1835;-124;10:54:53.189542
1713;1833;-120;10:54:53.189542
1716;1833;-117;10:54:53.189542
1716;1832;-116;10:54:53.189542
1716;1833;-117;10:54:53.189542
1718;1834;-116;10:54:53.189542
1724;1836;-112;10:54:53.189542
1723;1839;-116;10:54:53.189542
1721;1840;-119;10:54:53.189542
1723;1843;-120;10:54:53.189542
1725;1843;-118;10:54:53.189542
1725;1841;-116;10:54:53.189542
1723;1840;-117;10:54:53.189542
1725;1841;-116;10:54:53.189542
1726;1843;-117;10:54:53.189542
1728;1841;-113;10:54:53.189542
1728;1840;-112;10:54:53.189542
1727;1840;-113;10:54:53.189542
1729;1842;-113;10:54:53.189542
1731;1844;-113;10:54:53.189542
1729;1843;-114;10:54:53.189542
1730;1840;-110;10:54:53.189542
1731;1842;-111;10:54:53.189542
1728;1843;-115;10:54:53.189542
1727;1845;-118;10:54:53.189542
1727;1849;-122;10:54:53.189542
1728;1850;-122;10:54:53.189542
1730;1850;-120;10:54:53.189542
1732;1850;-118;10:54:53.189542
1735;1852;-117;10:54:53.189542
1737;1853;-116;10:54:53.189542
1739;1857;-118;10:54:53.189542
1742;1861;-119;10:54:53.189542
1746;1861;-115;10:54:53.189542
1748;1865;-117;10:54:53.189542
1748;1866;-118;10:54:53.189542
1750;1869;-119;10:54:53.189542
1754;1871;-117;10:54:53.189542
1755;1871;-116;10:54:53.189542
1753;1868;-115;10:54:53.189542
1756;1866;-110;10:54:53.189542
1758;1865;-107;10:54:53.189542
1758;1863;-105;10:54:53.189542
1759;1865;-106;10:54:53.189542
1759;1868;-109;10:54:53.189542
1761;1868;-107;10:54:53.189542
1759;1870;-111;10:54:53.189542
1758;1870;-112;10:54:53.189542
1760;1873;-113;10:54:53.189542
1764;1873;-109;10:54:53.189542
1767;1875;-108;10:54:53.189542
1767;1876;-109;10:54:53.189542
1768;1878;-110;10:54:53.189542
1767;1882;-115;10:54:53.189542
1768;1882;-114;10:54:53.189542
1768;1886;-118;10:54:53.189542
1771;1891;-120;10:54:53.189542
1773;1892;-119;10:54:53.189542
1775;1894;-119;10:54:53.189542
1778;1894;-116;10:54:53.189542
1781;1895;-114;10:54:53.189542
1788;1897;-109;10:54:53.189542
1789;1899;-110;10:54:53.189542
1792;1902;-110;10:54:53.189542
1790;1904;-114;10:54:53.189542
1792;1905;-113;10:54:53.189542
1792;1906;-114;10:54:53.189542
1795;1905;-110;10:54:53.189542
1796;1907;-111;10:54:53.189542
1795;1905;-110;10:54:53.189542
1797;1907;-110;10:54:53.189542
1797;1906;-109;10:54:53.189542
1798;1906;-108;10:54:53.189542
1798;1907;-109;10:54:53.189542
1800;1903;-103;10:54:53.189542
1800;1904;-104;10:54:53.189542
1797;1907;-110;10:54:53.189542
1798;1907;-109;10:54:53.189542
1802;1908;-106;10:54:53.189542
1802;1912;-110;10:54:53.189542
1804;1910;-106;10:54:53.189542
1806;1910;-104;10:54:53.189542
1804;1908;-104;10:54:53.189542
1802;1908;-106;10:54:53.189542
1802;1908;-106;10:54:53.189542
1803;1907;-104;10:54:53.189542
1798;1906;-108;10:54:53.189542
1799;1906;-107;10:54:53.189542
1803;1907;-104;10:54:53.189542
1804;1908;-104;10:54:53.189542
1803;1907;-104;10:54:53.189542
1801;1907;-106;10:54:53.189542
1800;1907;-107;10:54:53.189542
1801;1910;-109;10:54:53.189542
1802;1907;-105;10:54:53.189542
1799;1906;-107;10:54:53.189542
1800;1906;-106;10:54:53.189542
1803;1903;-100;10:54:53.189542
1803;1908;-105;10:54:53.189542
1798;1906;-108;10:54:53.189542
1794;1909;-115;10:54:53.189542
1793;1910;-117;10:54:53.189542
1794;1907;-113;10:54:53.189542
1794;1903;-109;10:54:53.189542
1793;1900;-107;10:54:53.189542
1792;1896;-104;10:54:53.189542
1786;1892;-106;10:54:53.189542
1780;1889;-109;10:54:53.189542
1778;1886;-108;10:54:53.189542
1776;1882;-106;10:54:53.189542
1775;1881;-106;10:54:53.189542
1774;1877;-103;10:54:53.189542
1770;1874;-104;10:54:53.189542
1764;1873;-109;10:54:53.189542
1761;1873;-112;10:54:53.189542
1759;1869;-110;10:54:53.189542
1759;1868;-109;10:54:53.189542
1756;1868;-112;10:54:53.189542
1753;1866;-113;10:54:53.189542
1749;1863;-114;10:54:53.189542
1745;1861;-116;10:54:53.189542
1742;1862;-120;10:54:53.189542
1742;1860;-118;10:54:53.189542
1743;1858;-115;10:54:53.189542
1746;1857;-111;10:54:53.189542
1746;1857;-111;10:54:53.189542
1747;1858;-111;10:54:53.189542
1746;1857;-111;10:54:53.189542
1744;1858;-114;10:54:53.189542
1742;1856;-114;10:54:53.189542
1746;1855;-109;10:54:53.189542
1742;1853;-111;10:54:53.189542
1737;1853;-116;10:54:53.189542
1736;1854;-118;10:54:53.189542
1739;1852;-113;10:54:53.189542
1741;1847;-106;10:54:53.189542
1736;1848;-112;10:54:53.189542
1731;1847;-116;10:54:53.189542
1729;1846;-117;10:54:53.189542
1727;1845;-118;10:54:53.189542
1727;1843;-116;10:54:53.189542
1727;1842;-115;10:54:53.189542
1727;1840;-113;10:54:53.189542
1725;1837;-112;10:54:53.189542
1724;1835;-111;10:54:53.189542
1723;1835;-112;10:54:53.189542
1723;1838;-115;10:54:53.189542
1722;1839;-117;10:54:53.189542
1723;1839;-116;10:54:53.189542
1721;1837;-116;10:54:53.189542
1719;1838;-119;10:54:53.189542
1719;1838;-119;10:54:53.189542
1722;1837;-115;10:54:53.189542
1722;1839;-117;10:54:53.189542
1721;1839;-118;10:54:53.189542
1724;1835;-111;10:54:53.189542
1725;1836;-111;10:54:53.189542
1725;1835;-110;10:54:53.189542
1725;1836;-111;10:54:53.189542
1725;1836;-111;10:54:53.189542
1723;1837;-114;10:54:53.189542
1722;1837;-115;10:54:53.189542
1720;1838;-118;10:54:53.189542
1722;1840;-118;10:54:53.189542
1724;1845;-121;10:54:53.189542
1728;1846;-118;10:54:53.189542
1729;1848;-119;10:54:53.189542
1730;1852;-122;10:54:53.189542
1732;1854;-122;10:54:53.189542
1737;1858;-121;10:54:53.189542
1740;1858;-118;10:54:53.189542
1743;1859;-116;10:54:53.189542
1745;1859;-114;10:54:53.189542
1744;1861;-117;10:54:53.189542
1743;1859;-116;10:54:53.189542
1744;1860;-116;10:54:53.189542
1746;1861;-115;10:54:53.189542
1744;1861;-117;10:54:53.189542
1746;1859;-113;10:54:53.189542
1749;1857;-108;10:54:53.189542
1744;1853;-109;10:54:53.189542
1741;1852;-111;10:54:53.189542
1741;1853;-112;10:54:53.189542
1740;1855;-115;10:54:53.189542
1740;1858;-118;10:54:53.189542
1743;1859;-116;10:54:53.189542
1745;1861;-116;10:54:53.189542
1746;1860;-114;10:54:53.189542
1748;1863;-115;10:54:53.189542
1754;1866;-112;10:54:53.189542
1756;1870;-114;10:54:53.189542
1757;1873;-116;10:54:53.189542
1760;1876;-116;10:54:53.189542
1763;1877;-114;10:54:53.189542
1765;1877;-112;10:54:53.189542
1765;1880;-115;10:54:53.189542
1766;1879;-113;10:54:53.189542
1767;1879;-112;10:54:53.189542
1768;1881;-113;10:54:53.189542
1769;1880;-111;10:54:53.189542
1767;1881;-114;10:54:53.189542
1769;1881;-112;10:54:53.189542
1771;1881;-110;10:54:53.189542
1771;1877;-106;10:54:53.189542
1771;1876;-105;10:54:53.189542
1773;1876;-103;10:54:53.189542
1770;1877;-107;10:54:53.189542
1768;1877;-109;10:54:53.189542
1771;1879;-108;10:54:53.189542
1774;1882;-108;10:54:53.189542
1773;1881;-108;10:54:53.189542
1772;1880;-108;10:54:53.189542
1770;1881;-111;10:54:53.189542
1768;1879;-111;10:54:53.189542
1769;1878;-109;10:54:53.189542
1771;1879;-108;10:54:53.189542
1770;1879;-109;10:54:53.189542
1766;1879;-113;10:54:53.189542
1768;1880;-112;10:54:53.189542
1769;1879;-110;10:54:53.189542
1770;1877;-107;10:54:53.189542
1771;1878;-107;10:54:53.189542
1773;1878;-105;10:54:53.189542
1774;1881;-107;10:54:53.189542
1774;1883;-109;10:54:53.189542
1777;1886;-109;10:54:53.189542
1778;1889;-111;10:54:53.189542
1781;1891;-110;10:54:53.189542
1783;1896;-113;10:54:53.189542
1785;1897;-112;10:54:53.189542
1787;1901;-114;10:54:53.189542
1788;1903;-115;10:54:53.189542
1790;1905;-115;10:54:53.189542
1792;1904;-112;10:54:53.189542
1795;1903;-108;10:54:53.189542
1798;1898;-100;10:54:53.189542
1797;1898;-101;10:54:53.189542
1795;1896;-101;10:54:53.189542
1794;1896;-102;10:54:53.189542
1791;1895;-104;10:54:53.189542
1788;1895;-107;10:54:53.189542
1784;1897;-113;10:54:53.189542
1784;1895;-111;10:54:53.189542
1786;1894;-108;10:54:53.189542
1784;1893;-109;10:54:53.189542
1783;1895;-112;10:54:53.189542
1785;1895;-110;10:54:53.189542
1786;1896;-110;10:54:53.189542
1786;1896;-110;10:54:53.189542
1784;1896;-112;10:54:53.189542
1783;1895;-112;10:54:53.189542
1782;1894;-112;10:54:53.189542
1781;1892;-111;10:54:53.189542
1781;1890;-109;10:54:53.189542
1781;1889;-108;10:54:53.189542
1784;1891;-107;10:54:53.189542
1785;1888;-103;10:54:53.189542
1782;1886;-104;10:54:53.189542
1777;1885;-108;10:54:53.189542
1772;1884;-112;10:54:53.189542
1771;1884;-113;10:54:53.189542
1771;1884;-113;10:54:53.189542
1772;1882;-110;10:54:53.189542
1772;1882;-110;10:54:53.189542
1770;1884;-114;10:54:53.189542
1770;1880;-110;10:54:53.189542
1770;1880;-110;10:54:53.189542
1772;1882;-110;10:54:53.189542
1772;1883;-111;10:54:53.189542
1771;1882;-111;10:54:53.189542
1770;1883;-113;10:54:53.189542
1774;1885;-111;10:54:53.189542
1775;1887;-112;10:54:53.189542
1775;1883;-108;10:54:53.189542
1773;1883;-110;10:54:53.189542
1769;1881;-112;10:54:53.189542
1770;1877;-107;10:54:53.189542
1765;1874;-109;10:54:53.189542
1761;1871;-110;10:54:53.189542
1758;1868;-110;10:54:53.189542
1758;1865;-107;10:54:53.189542
1755;1858;-103;10:54:53.189542
1749;1852;-103;10:54:53.189542
1747;1848;-101;10:54:53.189542
1746;1846;-100;10:54:53.189542
1742;1844;-102;10:54:53.189542
1739;1844;-105;10:54:53.189542
1738;1847;-109;10:54:53.189542
1736;1847;-111;10:54:53.189542
1733;1846;-113;10:54:53.189542
1736;1847;-111;10:54:53.189542
1736;1848;-112;10:54:53.189542
1736;1847;-111;10:54:53.189542
1734;1846;-112;10:54:53.189542
1735;1847;-112;10:54:53.189542
1739;1849;-110;10:54:53.189542
1741;1851;-110;10:54:53.189542
1744;1851;-107;10:54:53.189542
1742;1854;-112;10:54:53.189542
1744;1854;-110;10:54:53.189542
1744;1855;-111;10:54:53.189542
1744;1853;-109;10:54:53.189542
1745;1855;-110;10:54:53.189542
1745;1856;-111;10:54:53.189542
1742;1859;-117;10:54:53.189542
1737;1857;-120;10:54:53.189542
1736;1854;-118;10:54:53.189542
1740;1851;-111;10:54:53.189542
1739;1850;-111;10:54:53.189542
1735;1846;-111;10:54:53.189542
1735;1843;-108;10:54:53.189542
1734;1842;-108;10:54:53.189542
1733;1839;-106;10:54:53.189542
1730;1838;-108;10:54:53.189542
1727;1836;-109;10:54:53.189542
1723;1835;-112;10:54:53.189542
1723;1836;-113;10:54:53.189542
1725;1833;-108;10:54:53.189542
1725;1834;-109;10:54:53.189542
1724;1833;-109;10:54:53.189542
1721;1836;-115;10:54:53.189542
1720;1836;-116;10:54:53.189542
1720;1836;-116;10:54:53.189542
1723;1837;-114;10:54:53.189542
1721;1836;-115;10:54:53.189542
1721;1836;-115;10:54:53.189542
1721;1838;-117;10:54:53.189542
1722;1838;-116;10:54:53.189542
1725;1838;-113;10:54:53.189542
1725;1837;-112;10:54:53.189542
1728;1840;-112;10:54:53.189542
1727;1841;-114;10:54:53.189542
1727;1844;-117;10:54:53.189542
1729;1848;-119;10:54:53.189542
1733;1849;-116;10:54:53.189542
1731;1851;-120;10:54:53.189542
1733;1852;-119;10:54:53.189542
1735;1855;-120;10:54:53.189542
1740;1859;-119;10:54:53.189542
1743;1859;-116;10:54:53.189542
1742;1860;-118;10:54:53.189542
1741;1861;-120;10:54:53.189542
1740;1862;-122;10:54:53.189542
1743;1862;-119;10:54:53.189542
1743;1863;-120;10:54:53.189542
1741;1864;-123;10:54:53.189542
1746;1862;-116;10:54:53.189542
1746;1861;-115;10:54:53.189542
1745;1860;-115;10:54:53.189542
1751;1860;-109;10:54:53.189542
1755;1861;-106;10:54:53.189542
1755;1860;-105;10:54:53.189542
1755;1862;-107;10:54:53.189542
1753;1865;-112;10:54:53.189542
1751;1864;-113;10:54:53.189542
1754;1863;-109;10:54:53.189542
1759;1865;-106;10:54:53.189542
1768;1872;-104;10:54:53.189542
1768;1878;-110;10:54:53.189542
1762;1884;-122;10:54:53.189542
1757;1887;-130;10:54:53.189542
1757;1883;-126;10:54:53.189542
1761;1874;-113;10:54:53.189542
1768;1868;-100;10:54:53.189542
1767;1866;-99;10:54:53.189542
1761;1868;-107;10:54:53.189542
1760;1872;-112;10:54:53.189542
1764;1877;-113;10:54:53.189542
1767;1877;-110;10:54:53.189542
1777;1877;-100;10:54:53.189542
1780;1883;-103;10:54:53.189542
1786;1886;-100;10:54:53.189542
1791;1891;-100;10:54:53.189542
1796;1900;-104;10:54:53.189542
1800;1908;-108;10:54:53.189542
1801;1911;-110;10:54:53.189542
1805;1914;-109;10:54:53.189542
1809;1917;-108;10:54:53.189542
1810;1919;-109;10:54:53.189542
1816;1921;-105;10:54:53.189542
1824;1921;-97;10:54:53.189542
1821;1921;-100;10:54:53.189542
1819;1917;-98;10:54:53.189542
1816;1917;-101;10:54:53.189542
1811;1914;-103;10:54:53.189542
1807;1912;-105;10:54:53.189542
1803;1909;-106;10:54:53.189542
1802;1902;-100;10:54:53.189542
1800;1894;-94;10:54:53.189542
1794;1892;-98;10:54:53.189542
1787;1890;-103;10:54:53.189542
1778;1890;-112;10:54:53.189542
1776;1884;-108;10:54:53.189542
1778;1880;-102;10:54:53.189542
1782;1876;-94;10:54:53.189542
1789;1894;-105;10:54:53.189542
1783;1903;-120;10:54:53.189542
1776;1904;-128;10:54:53.189542
1775;1902;-127;10:54:53.189542
1780;1901;-121;10:54:53.189542
1788;1891;-103;10:54:53.189542
1788;1884;-96;10:54:53.189542
1780;1880;-100;10:54:53.189542
1770;1877;-107;10:54:53.189542
1768;1873;-105;10:54:53.189542
1772;1874;-102;10:54:53.189542
1775;1876;-101;10:54:53.189542
1772;1879;-107;10:54:53.189542
1764;1880;-116;10:54:53.189542
1754;1877;-123;10:54:53.189542
1755;1872;-117;10:54:53.189542
1759;1871;-112;10:54:53.189542
1761;1867;-106;10:54:53.189542
1761;1870;-109;10:54:53.189542
1761;1873;-112;10:54:53.189542
1761;1873;-112;10:54:53.189542
1757;1868;-111;10:54:53.189542
1757;1864;-107;10:54:53.189542
1754;1863;-109;10:54:53.189542
1742;1858;-116;10:54:53.189542
1730;1851;-121;10:54:53.189542
1725;1856;-131;10:54:53.189542
1733;1854;-121;10:54:53.189542
1746;1856;-110;10:54:53.189542
1749;1853;-104;10:54:53.189542
1744;1851;-107;10:54:53.189542
1736;1849;-113;10:54:53.189542
1725;1850;-125;10:54:53.189542
1724;1853;-129;10:54:53.189542
1728;1856;-128;10:54:53.189542
1738;1854;-116;10:54:53.189542
1736;1847;-111;10:54:53.189542
1729;1843;-114;10:54:53.189542
1731;1844;-113;10:54:53.189542
1733;1849;-116;10:54:53.189542
1739;1857;-118;10:54:53.189542
1740;1864;-124;10:54:53.189542
1742;1866;-124;10:54:53.189542
1746;1867;-121;10:54:53.189542
1750;1862;-112;10:54:53.189542
1750;1858;-108;10:54:53.189542
1757;1856;-99;10:54:53.189542
1757;1858;-101;10:54:53.189542
1752;1861;-109;10:54:53.189542
1750;1859;-109;10:54:53.189542
1752;1865;-113;10:54:53.189542
1755;1869;-114;10:54:53.189542
1760;1876;-116;10:54:53.189542
1763;1878;-115;10:54:53.189542
1763;1876;-113;10:54:53.189542
1763;1870;-107;10:54:53.189542
1763;1869;-106;10:54:53.189542
1758;1863;-105;10:54:53.189542
1757;1860;-103;10:54:53.189542
1758;1867;-109;10:54:53.189542
1765;1875;-110;10:54:53.189542
1780;1885;-105;10:54:53.189542
1798;1894;-96;10:54:53.189542
1797;1895;-98;10:54:53.189542
1781;1878;-97;10:54:53.189542
1763;1861;-98;10:54:53.189542
1754;1849;-95;10:54:53.189542
1747;1851;-104;10:54:53.189542
1752;1858;-106;10:54:53.189542
1757;1861;-104;10:54:53.189542
1756;1860;-104;10:54:53.189542
1758;1855;-97;10:54:53.189542
1756;1854;-98;10:54:53.189542
1752;1857;-105;10:54:53.189542
1750;1864;-114;10:54:53.189542
1751;1861;-110;10:54:53.189542
1757;1856;-99;10:54:53.189542
1767;1856;-89;10:54:53.189542
1775;1865;-90;10:54:53.189542
1772;1865;-93;10:54:53.189542
1764;1861;-97;10:54:53.189542
1757;1861;-104;10:54:53.189542
1753;1872;-119;10:54:53.189542
1752;1879;-127;10:54:53.189542
1748;1884;-136;10:54:53.189542
1746;1883;-137;10:54:53.189542
1750;1880;-130;10:54:53.189542
1756;1880;-124;10:54:53.189542
1766;1878;-112;10:54:53.189542
1772;1881;-109;10:54:53.189542
1774;1886;-112;10:54:53.189542
1773;1888;-115;10:54:53.189542
1765;1884;-119;10:54:53.189542
1768;1870;-102;10:54:53.189542
1774;1861;-87;10:54:53.189542
1777;1861;-84;10:54:53.189542
1780;1872;-92;10:54:53.189542
1779;1882;-103;10:54:53.189542
1779;1889;-110;10:54:53.189542
1768;1885;-117;10:54:53.189542
1754;1874;-120;10:54:53.189542
1749;1860;-111;10:54:53.189542
1753;1856;-103;10:54:53.189542
1748;1858;-110;10:54:53.189542
1742;1857;-115;10:54:53.189542
1739;1855;-116;10:54:53.189542
1735;1844;-109;10:54:53.189542
1721;1836;-115;10:54:53.189542
1710;1824;-114;10:54:53.189542
1707;1812;-105;10:54:53.189542
1710;1813;-103;10:54:53.189542
1711;1818;-107;10:54:53.189542
1704;1824;-120;10:54:53.189542
1699;1821;-122;10:54:53.189542
1695;1821;-126;10:54:53.189542
1692;1825;-133;10:54:53.189542
1691;1824;-133;10:54:53.189542
1696;1816;-120;10:54:53.189542
1704;1810;-106;10:54:53.189542
1699;1811;-112;10:54:53.189542
1698;1822;-124;10:54:53.189542
1700;1832;-132;10:54:53.189542
1706;1831;-125;10:54:53.189542
1717;1830;-113;10:54:53.189542
1728;1821;-93;10:54:53.189542
1731;1822;-91;10:54:53.189542
1729;1833;-104;10:54:53.189542
1720;1849;-129;10:54:53.189542
1722;1864;-142;10:54:53.189542
1727;1856;-129;10:54:53.189542
1741;1852;-111;10:54:53.189542
1748;1858;-110;10:54:53.189542
1746;1862;-116;10:54:53.189542
1747;1866;-119;10:54:53.189542
1754;1868;-114;10:54:53.189542
1764;1874;-110;10:54:53.189542
1769;1872;-103;10:54:53.189542
1767;1867;-100;10:54:53.189542
1759;1867;-108;10:54:53.189542
1748;1868;-120;10:54:53.189542
1740;1869;-129;10:54:53.189542
1736;1863;-127;10:54:53.189542
1738;1851;-113;10:54:53.189542
1751;1856;-105;10:54:53.189542
1767;1872;-105;10:54:53.189542
1785;1893;-108;10:54:53.189542
1802;1906;-104;10:54:53.189542
1815;1901;-86;10:54:53.189542
1814;1901;-87;10:54:53.189542
1798;1906;-108;10:54:53.189542
1783;1906;-123;10:54:53.189542
1776;1897;-121;10:54:53.189542
1789;1899;-110;10:54:53.189542
1809;1908;-99;10:54:53.189542
1820;1907;-87;10:54:53.189542
1811;1899;-88;10:54:53.189542
1791;1900;-109;10:54:53.189542
1777;1897;-120;10:54:53.189542
1779;1893;-114;10:54:53.189542
1790;1899;-109;10:54:53.189542
1800;1902;-102;10:54:53.189542
1795;1903;-108;10:54:53.189542
1782;1890;-108;10:54:53.189542
1772;1876;-104;10:54:53.189542
1778;1873;-95;10:54:53.189542
1794;1884;-90;10:54:53.189542
1789;1897;-108;10:54:53.189542
1780;1900;-120;10:54:53.189542
1781;1908;-127;10:54:53.189542
1784;1906;-122;10:54:53.189542
1795;1917;-122;10:54:53.189542
1815;1929;-114;10:54:53.189542
1825;1935;-110;10:54:53.189542
1824;1926;-102;10:54:53.189542
1814;1913;-99;10:54:53.189542
1803;1903;-100;10:54:53.189542
1796;1901;-105;10:54:53.189542
1803;1917;-114;10:54:53.189542
1818;1925;-107;10:54:53.189542
1829;1923;-94;10:54:53.189542
1835;1908;-73;10:54:53.189542
1841;1907;-66;10:54:53.189542
1829;1908;-79;10:54:53.189542
1809;1912;-103;10:54:53.189542
1798;1912;-114;10:54:53.189542
1794;1894;-100;10:54:53.189542
1801;1881;-80;10:54:53.189542
1795;1877;-82;10:54:53.189542
1791;1889;-98;10:54:53.189542
1786;1897;-111;10:54:53.189542
1785;1899;-114;10:54:53.189542
1781;1892;-111;10:54:53.189542
1777;1881;-104;10:54:53.189542
1777;1876;-99;10:54:53.189542
1764;1866;-102;10:54:53.189542
1757;1857;-100;10:54:53.189542
1760;1866;-106;10:54:53.189542
1763;1874;-111;10:54:53.189542
1765;1877;-112;10:54:53.189542
1762;1887;-125;10:54:53.189542
1753;1883;-130;10:54:53.189542
1746;1872;-126;10:54:53.189542
1741;1867;-126;10:54:53.189542
1743;1868;-125;10:54:53.189542
1745;1866;-121;10:54:53.189542
1754;1857;-103;10:54:53.189542
1764;1865;-101;10:54:53.189542
1765;1866;-101;10:54:53.189542
1769;1866;-97;10:54:53.189542
1762;1862;-100;10:54:53.189542
1750;1868;-118;10:54:53.189542
1743;1876;-133;10:54:53.189542
1743;1882;-139;10:54:53.189542
1758;1879;-121;10:54:53.189542
1785;1883;-98;10:54:53.189542
1792;1881;-89;10:54:53.189542
1781;1877;-96;10:54:53.189542
1752;1871;-119;10:54:53.189542
1739;1873;-134;10:54:53.189542
1744;1873;-129;10:54:53.189542
1761;1872;-111;10:54:53.189542
1769;1871;-102;10:54:53.189542
1749;1860;-111;10:54:53.189542
1725;1837;-112;10:54:53.189542
1708;1824;-116;10:54:53.189542
1704;1825;-121;10:54:53.189542
1718;1834;-116;10:54:53.189542
1729;1843;-114;10:54:53.189542
1728;1855;-127;10:54:53.189542
1721;1855;-134;10:54:53.189542
1722;1850;-128;10:54:53.189542
1731;1838;-107;10:54:53.189542
1734;1837;-103;10:54:53.189542
1717;1831;-114;10:54:53.189542
1698;1823;-125;10:54:53.189542
1691;1829;-138;10:54:53.189542
1709;1845;-136;10:54:53.189542
1730;1859;-129;10:54:53.189542
1738;1856;-118;10:54:53.189542
1733;1853;-120;10:54:53.189542
1716;1843;-127;10:54:53.189542
1706;1833;-127;10:54:53.189542
1711;1830;-119;10:54:53.189542
1717;1833;-116;10:54:53.189542
1727;1836;-109;10:54:53.189542
1727;1823;-96;10:54:53.189542
1723;1805;-82;10:54:53.189542
1712;1796;-84;10:54:53.189542
1699;1799;-100;10:54:53.189542
1699;1807;-108;10:54:53.189542
1698;1816;-118;10:54:53.189542
1702;1819;-117;10:54:53.189542
1700;1829;-129;10:54:53.189542
1700;1827;-127;10:54:53.189542
1709;1831;-122;10:54:53.189542
1726;1827;-101;10:54:53.189542
1730;1825;-95;10:54:53.189542
1724;1823;-99;10:54:53.189542
1721;1823;-102;10:54:53.189542
1722;1837;-115;10:54:53.189542
1730;1847;-117;10:54:53.189542
1739;1847;-108;10:54:53.189542
1734;1839;-105;10:54:53.189542
1731;1831;-100;10:54:53.189542
1733;1836;-103;10:54:53.189542
1736;1846;-110;10:54:53.189542
1726;1854;-128;10:54:53.189542
1719;1855;-136;10:54:53.189542
1721;1856;-135;10:54:53.189542
1732;1851;-119;10:54:53.189542
1747;1847;-100;10:54:53.189542
1759;1856;-97;10:54:53.189542
1763;1868;-105;10:54:53.189542
1759;1872;-113;10:54:53.189542
1751;1875;-124;10:54:53.189542
1746;1870;-124;10:54:53.189542
1749;1865;-116;10:54:53.189542
1754;1867;-113;10:54:53.189542
1755;1866;-111;10:54:53.189542
1753;1869;-116;10:54:53.189542
1744;1867;-123;10:54:53.189542
1747;1873;-126;10:54:53.189542
1747;1878;-131;10:54:53.189542
1745;1872;-127;10:54:53.189542
1735;1861;-126;10:54:53.189542
1738;1855;-117;10:54:53.189542
1752;1857;-105;10:54:53.189542
1760;1862;-102;10:54:53.189542
1759;1870;-111;10:54:53.189542
1761;1878;-117;10:54:53.189542
1758;1877;-119;10:54:53.189542
1751;1869;-118;10:54:53.189542
1743;1867;-124;10:54:53.189542
1744;1866;-122;10:54:53.189542
1758;1871;-113;10:54:53.189542
1769;1875;-106;10:54:53.189542
1772;1887;-115;10:54:53.189542
1774;1894;-120;10:54:53.189542
1776;1899;-123;10:54:53.189542
1790;1898;-108;10:54:53.189542
1802;1903;-101;10:54:53.189542
1810;1907;-97;10:54:53.189542
1807;1905;-98;10:54:53.189542
1800;1905;-105;10:54:53.189542
1802;1907;-105;10:54:53.189542
1807;1914;-107;10:54:53.189542
1808;1916;-108;10:54:53.189542
1808;1918;-110;10:54:53.189542
1801;1916;-115;10:54:53.189542
1792;1907;-115;10:54:53.189542
1792;1907;-115;10:54:53.189542
1797;1910;-113;10:54:53.189542
1802;1915;-113;10:54:53.189542
1799;1925;-126;10:54:53.189542
1799;1922;-123;10:54:53.189542
1799;1917;-118;10:54:53.189542
1799;1899;-100;10:54:53.189542
1802;1891;-89;10:54:53.189542
1799;1890;-91;10:54:53.189542
1796;1890;-94;10:54:53.189542
1793;1898;-105;10:54:53.189542
1790;1902;-112;10:54:53.189542
1782;1898;-116;10:54:53.189542
1777;1898;-121;10:54:53.189542
1774;1892;-118;10:54:53.189542
1774;1882;-108;10:54:53.189542
1774;1877;-103;10:54:53.189542
1771;1881;-110;10:54:53.189542
1759;1886;-127;10:54:53.189542
1749;1882;-133;10:54:53.189542
1750;1869;-119;10:54:53.189542
1750;1857;-107;10:54:53.189542
1758;1855;-97;10:54:53.189542
1766;1859;-93;10:54:53.189542
1770;1866;-96;10:54:53.189542
1769;1863;-94;10:54:53.189542
1764;1858;-94;10:54:53.189542
1756;1855;-99;10:54:53.189542
1742;1860;-118;10:54:53.189542
1736;1861;-125;10:54:53.189542
1739;1853;-114;10:54:53.189542
1742;1850;-108;10:54:53.189542
1752;1853;-101;10:54:53.189542
1763;1857;-94;10:54:53.189542
1763;1867;-104;10:54:53.189542
1755;1873;-118;10:54:53.189542
1751;1882;-131;10:54:53.189542
1749;1875;-126;10:54:53.189542
1745;1869;-124;10:54:53.189542
1745;1871;-126;10:54:53.189542
1749;1873;-124;10:54:53.189542
1755;1875;-120;10:54:53.189542
1761;1872;-111;10:54:53.189542
1760;1861;-101;10:54:53.189542
1752;1846;-94;10:54:53.189542
1738;1832;-94;10:54:53.189542
1729;1827;-98;10:54:53.189542
1727;1826;-99;10:54:53.189542
1727;1833;-106;10:54:53.189542
1726;1838;-112;10:54:53.189542
1724;1843;-119;10:54:53.189542
1719;1846;-127;10:54:53.189542
1716;1839;-123;10:54:53.189542
1715;1841;-126;10:54:53.189542
1724;1847;-123;10:54:53.189542
1737;1852;-115;10:54:53.189542
1752;1862;-110;10:54:53.189542
1756;1867;-111;10:54:53.189542
1755;1871;-116;10:54:53.189542
1754;1869;-115;10:54:53.189542
1752;1872;-120;10:54:53.189542
1766;1877;-111;10:54:53.189542
1787;1878;-91;10:54:53.189542
1798;1885;-87;10:54:53.189542
1793;1896;-103;10:54:53.189542
1781;1899;-118;10:54:53.189542
1769;1889;-120;10:54:53.189542
1778;1885;-107;10:54:53.189542
1793;1883;-90;10:54:53.189542
1799;1882;-83;10:54:53.189542
1795;1888;-93;10:54:53.189542
1787;1896;-109;10:54:53.189542
1783;1901;-118;10:54:53.189542
1788;1900;-112;10:54:53.189542
1792;1901;-109;10:54:53.189542
1801;1903;-102;10:54:53.189542
1801;1899;-98;10:54:53.189542
1790;1895;-105;10:54:53.189542
1783;1895;-112;10:54:53.189542
1788;1901;-113;10:54:53.189542
1802;1903;-101;10:54:53.189542
1812;1908;-96;10:54:53.189542
1807;1911;-104;10:54:53.189542
1792;1903;-111;10:54:53.189542
1786;1892;-106;10:54:53.189542
1780;1885;-105;10:54:53.189542
1783;1879;-96;10:54:53.189542
1778;1872;-94;10:54:53.189542
1770;1864;-94;10:54:53.189542
1766;1856;-90;10:54:53.189542
1764;1858;-94;10:54:53.189542
1761;1861;-100;10:54:53.189542
1764;1872;-108;10:54:53.189542
1762;1878;-116;10:54:53.189542
1753;1882;-129;10:54:53.189542
1743;1882;-139;10:54:53.189542
1743;1877;-134;10:54:53.189542
1748;1869;-121;10:54:53.189542
1752;1865;-113;10:54:53.189542
1756;1865;-109;10:54:53.189542
1752;1863;-111;10:54:53.189542
1748;1857;-109;10:54:53.189542
1748;1850;-102;10:54:53.189542
1750;1854;-104;10:54:53.189542
1756;1861;-105;10:54:53.189542
1751;1857;-106;10:54:53.189542
1745;1853;-108;10:54:53.189542
1751;1847;-96;10:54:53.189542
1751;1855;-104;10:54:53.189542
1750;1854;-104;10:54:53.189542
1745;1859;-114;10:54:53.189542
1740;1859;-119;10:54:53.189542
1735;1852;-117;10:54:53.189542
1741;1851;-110;10:54:53.189542
1750;1854;-104;10:54:53.189542
1761;1861;-100;10:54:53.189542
1758;1867;-109;10:54:53.189542
1751;1872;-121;10:54:53.189542
1746;1881;-135;10:54:53.189542
1747;1883;-136;10:54:53.189542
1749;1876;-127;10:54:53.189542
1750;1869;-119;10:54:53.189542
1748;1864;-116;10:54:53.189542
1744;1856;-112;10:54:53.189542
1743;1853;-110;10:54:53.189542
1744;1851;-107;10:54:53.189542
1745;1848;-103;10:54:53.189542
1742;1836;-94;10:54:53.189542
1733;1838;-105;10:54:53.189542
1727;1840;-113;10:54:53.189542
1725;1838;-113;10:54:53.189542
1730;1841;-111;10:54:53.189542
1738;1842;-104;10:54:53.189542
1744;1846;-102;10:54:53.189542
1749;1858;-109;10:54:53.189542
1751;1873;-122;10:54:53.189542
1760;1885;-125;10:54:53.189542
1771;1892;-121;10:54:53.189542
1773;1895;-122;10:54:53.189542
1776;1899;-123;10:54:53.189542
1774;1904;-130;10:54:53.189542
1779;1900;-121;10:54:53.189542
1779;1899;-120;10:54:53.189542
1774;1891;-117;10:54:53.189542
1768;1885;-117;10:54:53.189542
1757;1872;-115;10:54:53.189542
1756;1860;-104;10:54:53.189542
1760;1852;-92;10:54:53.189542
1757;1852;-95;10:54:53.189542
1748;1854;-106;10:54:53.189542
1740;1857;-117;10:54:53.189542
1739;1858;-119;10:54:53.189542
1736;1862;-126;10:54:53.189542
1736;1867;-131;10:54:53.189542
1740;1869;-129;10:54:53.189542
1742;1869;-127;10:54:53.189542
1742;1869;-127;10:54:53.189542
1744;1864;-120;10:54:53.189542
1748;1862;-114;10:54:53.189542
1755;1863;-108;10:54:53.189542
1756;1866;-110;10:54:53.189542
1767;1866;-99;10:54:53.189542
1775;1869;-94;10:54:53.189542
1770;1864;-94;10:54:53.189542
1763;1858;-95;10:54:53.189542
1752;1863;-111;10:54:53.189542
1743;1869;-126;10:54:53.189542
1739;1870;-131;10:54:53.189542
1742;1870;-128;10:54:53.189542
1743;1864;-121;10:54:53.189542
1743;1853;-110;10:54:53.189542
1737;1845;-108;10:54:53.189542
1733;1848;-115;10:54:53.189542
1735;1841;-106;10:54:53.189542
1743;1840;-97;10:54:53.189542
1748;1849;-101;10:54:53.189542
1749;1855;-106;10:54:53.189542
1747;1859;-112;10:54:53.189542
1745;1866;-121;10:54:53.189542
1744;1872;-128;10:54:53.189542
1750;1874;-124;10:54:53.189542
1760;1872;-112;10:54:53.189542
1765;1877;-112;10:54:53.189542
1769;1882;-113;10:54:53.189542
1771;1884;-113;10:54:53.189542
1771;1888;-117;10:54:53.189542
1777;1889;-112;10:54:53.189542
1779;1888;-109;10:54:53.189542
1780;1882;-102;10:54:53.189542
1783;1880;-97;10:54:53.189542
1789;1878;-89;10:54:53.189542
1793;1880;-87;10:54:53.189542
1798;1887;-89;10:54:53.189542
1793;1899;-106;10:54:53.189542
1786;1899;-113;10:54:53.189542
1779;1901;-122;10:54:53.189542
1783;1901;-118;10:54:53.189542
1793;1897;-104;10:54:53.189542
1792;1889;-97;10:54:53.189542
1781;1876;-95;10:54:53.189542
1761;1864;-103;10:54:53.294970
1756;1857;-101;10:54:53.294970
1756;1857;-101;10:54:53.294970
1760;1865;-105;10:54:53.294970
1757;1868;-111;10:54:53.294970
1752;1869;-117;10:54:53.294970
1747;1867;-120;10:54:53.294970
1746;1862;-116;10:54:53.294970
1747;1858;-111;10:54:53.294970
1749;1862;-113;10:54:53.294970
1751;1870;-119;10:54:53.294970
1750;1879;-129;10:54:53.294970
1753;1879;-126;10:54:53.294970
1763;1881;-118;10:54:53.294970
1774;1881;-107;10:54:53.294970
1774;1880;-106;10:54:53.294970
1769;1881;-112;10:54:53.294970
1769;1883;-114;10:54:53.294970
1769;1881;-112;10:54:53.294970
1768;1880;-112;10:54:53.294970
1772;1877;-105;10:54:53.294970
1771;1878;-107;10:54:53.294970
1765;1872;-107;10:54:53.294970
1761;1866;-105;10:54:53.294970
1762;1867;-105;10:54:53.294970
1765;1872;-107;10:54:53.294970
1764;1882;-118;10:54:53.294970
1764;1885;-121;10:54:53.294970
1759;1883;-124;10:54:53.294970
1754;1873;-119;10:54:53.294970
1749;1864;-115;10:54:53.294970
1742;1859;-117;10:54:53.294970
1746;1860;-114;10:54:53.294970
1744;1856;-112;10:54:53.294970
1738;1849;-111;10:54:53.294970
1736;1841;-105;10:54:53.294970
1730;1843;-113;10:54:53.294970
1721;1844;-123;10:54:53.294970
1720;1846;-126;10:54:53.294970
1718;1846;-128;10:54:53.294970
1717;1839;-122;10:54:53.294970
1719;1831;-112;10:54:53.294970
1719;1829;-110;10:54:53.294970
1712;1833;-121;10:54:53.294970
1707;1828;-121;10:54:53.294970
1708;1823;-115;10:54:53.294970
1709;1823;-114;10:54:53.294970
1717;1824;-107;10:54:53.294970
1727;1834;-107;10:54:53.294970
1740;1854;-114;10:54:53.294970
1748;1866;-118;10:54:53.294970
1756;1869;-113;10:54:53.294970
1765;1871;-106;10:54:53.294970
1769;1876;-107;10:54:53.294970
1768;1880;-112;10:54:53.294970
1764;1886;-122;10:54:53.294970
1762;1892;-130;10:54:53.294970
1766;1892;-126;10:54:53.294970
1774;1889;-115;10:54:53.294970
1780;1883;-103;10:54:53.294970
1778;1886;-108;10:54:53.294970
1779;1889;-110;10:54:53.294970
1781;1895;-114;10:54:53.294970
1788;1901;-113;10:54:53.294970
1802;1906;-104;10:54:53.294970
1818;1909;-91;10:54:53.294970
1822;1914;-92;10:54:53.294970
1818;1926;-108;10:54:53.294970
1813;1930;-117;10:54:53.294970
1806;1923;-117;10:54:53.294970
1802;1912;-110;10:54:53.294970
1799;1907;-108;10:54:53.294970
1800;1901;-101;10:54:53.294970
1803;1896;-93;10:54:53.294970
1801;1897;-96;10:54:53.294970
1796;1892;-96;10:54:53.294970
1793;1879;-86;10:54:53.294970
1792;1877;-85;10:54:53.294970
1795;1880;-85;10:54:53.294970
1793;1885;-92;10:54:53.294970
1787;1890;-103;10:54:53.294970
1782;1893;-111;10:54:53.294970
1785;1892;-107;10:54:53.294970
1790;1894;-104;10:54:53.294970
1789;1901;-112;10:54:53.294970
1791;1908;-117;10:54:53.294970
1792;1906;-114;10:54:53.294970
1793;1903;-110;10:54:53.294970
1797;1897;-100;10:54:53.294970
1798;1899;-101;10:54:53.294970
1800;1903;-103;10:54:53.294970
1801;1909;-108;10:54:53.294970
1798;1918;-120;10:54:53.294970
1795;1920;-125;10:54:53.294970
1793;1919;-126;10:54:53.294970
1797;1914;-117;10:54:53.294970
1803;1909;-106;10:54:53.294970
1802;1903;-101;10:54:53.294970
1796;1894;-98;10:54:53.294970
1786;1894;-108;10:54:53.294970
1780;1889;-109;10:54:53.294970
1782;1885;-103;10:54:53.294970
1790;1888;-98;10:54:53.294970
1798;1892;-94;10:54:53.294970
1797;1888;-91;10:54:53.294970
1786;1882;-96;10:54:53.294970
1771;1875;-104;10:54:53.294970
1765;1871;-106;10:54:53.294970
1768;1869;-101;10:54:53.294970
1770;1875;-105;10:54:53.294970
1773;1887;-114;10:54:53.294970
1777;1892;-115;10:54:53.294970
1781;1892;-111;10:54:53.294970
1783;1890;-107;10:54:53.294970
1774;1886;-112;10:54:53.294970
1759;1882;-123;10:54:53.294970
1747;1872;-125;10:54:53.294970
1745;1860;-115;10:54:53.294970
1744;1851;-107;10:54:53.294970
1739;1840;-101;10:54:53.294970
1731;1839;-108;10:54:53.294970
1722;1839;-117;10:54:53.294970
1717;1838;-121;10:54:53.294970
1712;1832;-120;10:54:53.294970
1708;1830;-122;10:54:53.294970
1707;1834;-127;10:54:53.294970
1714;1834;-120;10:54:53.294970
1720;1833;-113;10:54:53.294970
1723;1833;-110;10:54:53.294970
1729;1839;-110;10:54:53.294970
1732;1847;-115;10:54:53.294970
1733;1856;-123;10:54:53.294970
1732;1859;-127;10:54:53.294970
1730;1854;-124;10:54:53.294970
1729;1846;-117;10:54:53.294970
1720;1837;-117;10:54:53.294970
1717;1834;-117;10:54:53.294970
1715;1832;-117;10:54:53.294970
1717;1836;-119;10:54:53.294970
1717;1836;-119;10:54:53.294970
1717;1836;-119;10:54:53.294970
1721;1838;-117;10:54:53.294970
1717;1840;-123;10:54:53.294970
1717;1842;-125;10:54:53.294970
1726;1845;-119;10:54:53.294970
1735;1848;-113;10:54:53.294970
1740;1852;-112;10:54:53.294970
1737;1850;-113;10:54:53.294970
1743;1849;-106;10:54:53.294970
1738;1840;-102;10:54:53.294970
1732;1828;-96;10:54:53.294970
1724;1825;-101;10:54:53.294970
1709;1829;-120;10:54:53.294970
1705;1838;-133;10:54:53.294970
1709;1838;-129;10:54:53.294970
1719;1837;-118;10:54:53.294970
1725;1837;-112;10:54:53.294970
1726;1836;-110;10:54:53.294970
1722;1838;-116;10:54:53.294970
1717;1837;-120;10:54:53.294970
1715;1834;-119;10:54:53.294970
1716;1828;-112;10:54:53.294970
1717;1826;-109;10:54:53.294970
1718;1824;-106;10:54:53.294970
1717;1823;-106;10:54:53.294970
1717;1822;-105;10:54:53.294970
1719;1826;-107;10:54:53.294970
1727;1832;-105;10:54:53.294970
1726;1839;-113;10:54:53.294970
1722;1844;-122;10:54:53.294970
1721;1849;-128;10:54:53.294970
1719;1851;-132;10:54:53.294970
1716;1845;-129;10:54:53.294970
1712;1839;-127;10:54:53.294970
1715;1839;-124;10:54:53.294970
1722;1838;-116;10:54:53.294970
1729;1841;-112;10:54:53.294970
1732;1844;-112;10:54:53.294970
1731;1850;-119;10:54:53.294970
1733;1849;-116;10:54:53.294970
1735;1844;-109;10:54:53.294970
1737;1845;-108;10:54:53.294970
1740;1840;-100;10:54:53.294970
1740;1844;-104;10:54:53.294970
1743;1850;-107;10:54:53.294970
1749;1857;-108;10:54:53.294970
1754;1868;-114;10:54:53.294970
1758;1870;-112;10:54:53.294970
1765;1876;-111;10:54:53.294970
1766;1878;-112;10:54:53.294970
1769;1874;-105;10:54:53.294970
1769;1878;-109;10:54:53.294970
1772;1883;-111;10:54:53.294970
1776;1887;-111;10:54:53.294970
1783;1888;-105;10:54:53.294970
1788;1892;-104;10:54:53.294970
1785;1894;-109;10:54:53.294970
1782;1894;-112;10:54:53.294970
1779;1892;-113;10:54:53.294970
1778;1894;-116;10:54:53.294970
1784;1896;-112;10:54:53.294970
1793;1901;-108;10:54:53.294970
1799;1907;-108;10:54:53.294970
1804;1910;-106;10:54:53.294970
1816;1917;-101;10:54:53.294970
1827;1923;-96;10:54:53.294970
1836;1930;-94;10:54:53.294970
1841;1937;-96;10:54:53.294970
1840;1944;-104;10:54:53.294970
1839;1949;-110;10:54:53.294970
1839;1955;-116;10:54:53.294970
1843;1958;-115;10:54:53.294970
1848;1957;-109;10:54:53.294970
1852;1953;-101;10:54:53.294970
1851;1956;-105;10:54:53.294970
1847;1953;-106;10:54:53.294970
1847;1953;-106;10:54:53.294970
1850;1950;-100;10:54:53.294970
1847;1942;-95;10:54:53.294970
1847;1933;-86;10:54:53.294970
1847;1932;-85;10:54:53.294970
1838;1935;-97;10:54:53.294970
1833;1935;-102;10:54:53.294970
1836;1932;-96;10:54:53.294970
1839;1930;-91;10:54:53.294970
1836;1927;-91;10:54:53.294970
1827;1924;-97;10:54:53.294970
1822;1921;-99;10:54:53.294970
1815;1920;-105;10:54:53.294970
1815;1916;-101;10:54:53.294970
1821;1914;-93;10:54:53.294970
1818;1919;-101;10:54:53.294970
1811;1919;-108;10:54:53.294970
1801;1915;-114;10:54:53.294970
1796;1911;-115;10:54:53.294970
1800;1906;-106;10:54:53.294970
1800;1906;-106;10:54:53.294970
1803;1905;-102;10:54:53.294970
1802;1903;-101;10:54:53.294970
1799;1902;-103;10:54:53.294970
1793;1900;-107;10:54:53.294970
1789;1900;-111;10:54:53.294970
1789;1890;-101;10:54:53.294970
1790;1881;-91;10:54:53.294970
1782;1872;-90;10:54:53.294970
1773;1872;-99;10:54:53.294970
1767;1872;-105;10:54:53.294970
1759;1865;-106;10:54:53.294970
1755;1859;-104;10:54:53.294970
1755;1855;-100;10:54:53.294970
1749;1860;-111;10:54:53.294970
1742;1864;-122;10:54:53.294970
1738;1862;-124;10:54:53.294970
1740;1861;-121;10:54:53.294970
1745;1858;-113;10:54:53.294970
1751;1858;-107;10:54:53.314686
1752;1862;-110;10:54:53.314686
1753;1860;-107;10:54:53.314686
1751;1857;-106;10:54:53.314686
1749;1852;-103;10:54:53.314686
1748;1849;-101;10:54:53.314686
1747;1846;-99;10:54:53.314686
1751;1851;-100;10:54:53.314686
1742;1850;-108;10:54:53.314686
1730;1848;-118;10:54:53.314686
1732;1846;-114;10:54:53.314686
1736;1842;-106;10:54:53.314686
1732;1842;-110;10:54:53.314686
1740;1845;-105;10:54:53.314686
1739;1844;-105;10:54:53.314686
1734;1853;-119;10:54:53.314686
1733;1852;-119;10:54:53.314686
1732;1844;-112;10:54:53.314686
1737;1843;-106;10:54:53.314686
1745;1839;-94;10:54:53.314686
1748;1840;-92;10:54:53.314686
1743;1845;-102;10:54:53.314686
1740;1847;-107;10:54:53.314686
1736;1849;-113;10:54:53.314686
1733;1855;-122;10:54:53.314686
1740;1862;-122;10:54:53.314686
1745;1861;-116;10:54:53.314686
1744;1862;-118;10:54:53.314686
1748;1858;-110;10:54:53.314686
1748;1854;-106;10:54:53.314686
1748;1855;-107;10:54:53.314686
1748;1849;-101;10:54:53.314686
1742;1845;-103;10:54:53.314686
1740;1848;-108;10:54:53.314686
1741;1851;-110;10:54:53.314686
1739;1851;-112;10:54:53.314686
1735;1853;-118;10:54:53.314686
1729;1854;-125;10:54:53.314686
1723;1848;-125;10:54:53.314686
1724;1844;-120;10:54:53.314686
1729;1837;-108;10:54:53.314686
1732;1833;-101;10:54:53.314686
1734;1832;-98;10:54:53.314686
1732;1836;-104;10:54:53.314686
1729;1840;-111;10:54:53.314686
1730;1843;-113;10:54:53.314686
1732;1843;-111;10:54:53.314686
1731;1841;-110;10:54:53.314686
1726;1838;-112;10:54:53.314686
1718;1837;-119;10:54:53.314686
1712;1839;-127;10:54:53.314686
1709;1839;-130;10:54:53.314686
1710;1840;-130;10:54:53.314686
1712;1834;-122;10:54:53.314686
1714;1832;-118;10:54:53.314686
1719;1831;-112;10:54:53.314686
1722;1832;-110;10:54:53.314686
1726;1834;-108;10:54:53.314686
1731;1839;-108;10:54:53.314686
1733;1841;-108;10:54:53.314686
1735;1848;-113;10:54:53.314686
1735;1848;-113;10:54:53.314686
1730;1849;-119;10:54:53.314686
1726;1853;-127;10:54:53.314686
1730;1857;-127;10:54:53.314686
1733;1860;-127;10:54:53.314686
1737;1860;-123;10:54:53.314686
1740;1857;-117;10:54:53.314686
1745;1854;-109;10:54:53.314686
1746;1857;-111;10:54:53.314686
1741;1858;-117;10:54:53.314686
1733;1852;-119;10:54:53.314686
1726;1847;-121;10:54:53.314686
1726;1843;-117;10:54:53.314686
1735;1840;-105;10:54:53.314686
1742;1840;-98;10:54:53.314686
1743;1844;-101;10:54:53.314686
1737;1847;-110;10:54:53.314686
1733;1847;-114;10:54:53.314686
1732;1850;-118;10:54:53.314686
1733;1854;-121;10:54:53.314686
1740;1852;-112;10:54:53.314686
1745;1859;-114;10:54:53.314686
1748;1863;-115;10:54:53.314686
1746;1865;-119;10:54:53.314686
1748;1865;-117;10:54:53.314686
1749;1866;-117;10:54:53.314686
1752;1865;-113;10:54:53.314686
1755;1872;-117;10:54:53.314686
1758;1875;-117;10:54:53.314686
1761;1877;-116;10:54:53.314686
1767;1875;-108;10:54:53.314686
1773;1870;-97;10:54:53.314686
1776;1872;-96;10:54:53.314686
1775;1873;-98;10:54:53.314686
1771;1876;-105;10:54:53.314686
1770;1874;-104;10:54:53.314686
1765;1869;-104;10:54:53.314686
1762;1867;-105;10:54:53.314686
1761;1874;-113;10:54:53.314686
1764;1879;-115;10:54:53.314686
1765;1884;-119;10:54:53.314686
1765;1884;-119;10:54:53.314686
1769;1886;-117;10:54:53.314686
1774;1890;-116;10:54:53.314686
1781;1893;-112;10:54:53.314686
1783;1895;-112;10:54:53.314686
1787;1889;-102;10:54:53.314686
1791;1886;-95;10:54:53.314686
1788;1887;-99;10:54:53.314686
1785;1889;-104;10:54:53.314686
1778;1888;-110;10:54:53.314686
1779;1892;-113;10:54:53.314686
1784;1896;-112;10:54:53.314686
1786;1899;-113;10:54:53.314686
1787;1895;-108;10:54:53.314686
1788;1894;-106;10:54:53.314686
1786;1897;-111;10:54:53.314686
1790;1901;-111;10:54:53.314686
1792;1899;-107;10:54:53.314686
1795;1899;-104;10:54:53.314686
1798;1897;-99;10:54:53.314686
1799;1901;-102;10:54:53.314686
1797;1907;-110;10:54:53.314686
1794;1908;-114;10:54:53.314686
1792;1905;-113;10:54:53.314686
1789;1903;-114;10:54:53.314686
1786;1898;-112;10:54:53.314686
1790;1900;-110;10:54:53.314686
1793;1895;-102;10:54:53.314686
1791;1892;-101;10:54:53.314686
1793;1891;-98;10:54:53.314686
1794;1897;-103;10:54:53.314686
1790;1899;-109;10:54:53.314686
1790;1894;-104;10:54:53.314686
1791;1896;-105;10:54:53.314686
1795;1894;-99;10:54:53.314686
1796;1896;-100;10:54:53.314686
1793;1894;-101;10:54:53.314686
1794;1900;-106;10:54:53.314686
1793;1907;-114;10:54:53.314686
1796;1910;-114;10:54:53.314686
1798;1913;-115;10:54:53.314686
1802;1914;-112;10:54:53.314686
1808;1912;-104;10:54:53.314686
1812;1912;-100;10:54:53.314686
1815;1910;-95;10:54:53.314686
1811;1910;-99;10:54:53.314686
1805;1913;-108;10:54:53.314686
1799;1913;-114;10:54:53.314686
1798;1909;-111;10:54:53.314686
1803;1908;-105;10:54:53.314686
1805;1909;-104;10:54:53.314686
1805;1908;-103;10:54:53.314686
1804;1907;-103;10:54:53.314686
1798;1905;-107;10:54:53.314686
1795;1900;-105;10:54:53.314686
1793;1894;-101;10:54:53.314686
1796;1888;-92;10:54:53.314686
1795;1884;-89;10:54:53.314686
1789;1880;-91;10:54:53.314686
1780;1880;-100;10:54:53.314686
1773;1879;-106;10:54:53.314686
1771;1876;-105;10:54:53.314686
1772;1872;-100;10:54:53.314686
1774;1872;-98;10:54:53.314686
1771;1875;-104;10:54:53.314686
1768;1876;-108;10:54:53.314686
1769;1880;-111;10:54:53.314686
1769;1880;-111;10:54:53.314686
1772;1879;-107;10:54:53.314686
1774;1880;-106;10:54:53.314686
1771;1881;-110;10:54:53.314686
1768;1881;-113;10:54:53.314686
1770;1876;-106;10:54:53.314686
1770;1872;-102;10:54:53.314686
1765;1867;-102;10:54:53.314686
1757;1860;-103;10:54:53.314686
1751;1859;-108;10:54:53.314686
1748;1857;-109;10:54:53.314686
1745;1854;-109;10:54:53.314686
1737;1851;-114;10:54:53.314686
1732;1847;-115;10:54:53.314686
1733;1846;-113;10:54:53.314686
1736;1847;-111;10:54:53.314686
1738;1847;-109;10:54:53.314686
1740;1848;-108;10:54:53.314686
1738;1852;-114;10:54:53.314686
1735;1853;-118;10:54:53.314686
1733;1851;-118;10:54:53.314686
1734;1848;-114;10:54:53.314686
1736;1849;-113;10:54:53.314686
1737;1852;-115;10:54:53.314686
1738;1856;-118;10:54:53.314686
1737;1857;-120;10:54:53.314686
1733;1854;-121;10:54:53.314686
1735;1847;-112;10:54:53.314686
1735;1842;-107;10:54:53.314686
1729;1842;-113;10:54:53.314686
1722;1837;-115;10:54:53.314686
1720;1834;-114;10:54:53.314686
1716;1831;-115;10:54:53.314686
1713;1825;-112;10:54:53.314686
1710;1822;-112;10:54:53.314686
1706;1824;-118;10:54:53.314686
1702;1824;-122;10:54:53.314686
1702;1825;-123;10:54:53.314686
1704;1828;-124;10:54:53.314686
1710;1831;-121;10:54:53.314686
1715;1833;-118;10:54:53.314686
1713;1829;-116;10:54:53.314686
1709;1825;-116;10:54:53.314686
1706;1825;-119;10:54:53.314686
1707;1825;-118;10:54:53.314686
1708;1827;-119;10:54:53.314686
1707;1822;-115;10:54:53.314686
1705;1824;-119;10:54:53.314686
1705;1824;-119;10:54:53.314686
1708;1821;-113;10:54:53.314686
1705;1822;-117;10:54:53.314686
1708;1820;-112;10:54:53.314686
1707;1820;-113;10:54:53.314686
1706;1822;-116;10:54:53.314686
1701;1823;-122;10:54:53.314686
1703;1825;-122;10:54:53.314686
1706;1828;-122;10:54:53.314686
1711;1828;-117;10:54:53.314686
1714;1830;-116;10:54:53.314686
1721;1833;-112;10:54:53.314686
1729;1840;-111;10:54:53.314686
1737;1847;-110;10:54:53.314686
1740;1850;-110;10:54:53.314686
1737;1852;-115;10:54:53.314686
1737;1846;-109;10:54:53.314686
1739;1847;-108;10:54:53.314686
1739;1845;-106;10:54:53.314686
1741;1849;-108;10:54:53.314686
1746;1855;-109;10:54:53.314686
1749;1856;-107;10:54:53.314686
1743;1855;-112;10:54:53.314686
1744;1853;-109;10:54:53.314686
1748;1855;-107;10:54:53.314686
1746;1862;-116;10:54:53.314686
1744;1864;-120;10:54:53.314686
1743;1863;-120;10:54:53.314686
1745;1864;-119;10:54:53.314686
1750;1863;-113;10:54:53.314686
1751;1867;-116;10:54:53.314686
1757;1868;-111;10:54:53.314686
1766;1874;-108;10:54:53.314686
1774;1878;-104;10:54:53.314686
1776;1884;-108;10:54:53.314686
1773;1886;-113;10:54:53.314686
1775;1886;-111;10:54:53.314686
1776;1886;-110;10:54:53.314686
1779;1883;-104;10:54:53.412425
1781;1884;-103;10:54:53.412425
1773;1884;-111;10:54:53.412425
1772;1886;-114;10:54:53.412425
1774;1887;-113;10:54:53.412425
1777;1888;-111;10:54:53.412425
1780;1890;-110;10:54:53.412425
1783;1891;-108;10:54:53.412425
1782;1891;-109;10:54:53.412425
1781;1890;-109;10:54:53.412425
1781;1891;-110;10:54:53.412425
1779;1893;-114;10:54:53.412425
1780;1893;-113;10:54:53.412425
1782;1894;-112;10:54:53.412425
1785;1891;-106;10:54:53.412425
1784;1887;-103;10:54:53.412425
1788;1884;-96;10:54:53.412425
1787;1888;-101;10:54:53.412425
1790;1889;-99;10:54:53.412425
1791;1893;-102;10:54:53.412425
1793;1896;-103;10:54:53.412425
1794;1899;-105;10:54:53.412425
1793;1900;-107;10:54:53.412425
1790;1900;-110;10:54:53.412425
1786;1896;-110;10:54:53.412425
1787;1893;-106;10:54:53.412425
1788;1897;-109;10:54:53.412425
1791;1901;-110;10:54:53.412425
1787;1904;-117;10:54:53.412425
1789;1905;-116;10:54:53.412425
1790;1904;-114;10:54:53.412425
1789;1896;-107;10:54:53.412425
1789;1890;-101;10:54:53.412425
1788;1886;-98;10:54:53.412425
1788;1885;-97;10:54:53.412425
1785;1889;-104;10:54:53.412425
1787;1889;-102;10:54:53.412425
1789;1889;-100;10:54:53.412425
1788;1889;-101;10:54:53.412425
1785;1892;-107;10:54:53.412425
1783;1896;-113;10:54:53.412425
1782;1900;-118;10:54:53.412425
1779;1902;-123;10:54:53.412425
1780;1902;-122;10:54:53.412425
1782;1897;-115;10:54:53.412425
1780;1891;-111;10:54:53.412425
1779;1886;-107;10:54:53.412425
1780;1885;-105;10:54:53.412425
1782;1886;-104;10:54:53.412425
1786;1885;-99;10:54:53.412425
1784;1884;-100;10:54:53.412425
1780;1883;-103;10:54:53.412425
1779;1884;-105;10:54:53.412425
1778;1882;-104;10:54:53.412425
1779;1882;-103;10:54:53.412425
1779;1878;-99;10:54:53.412425
1777;1875;-98;10:54:53.412425
1773;1874;-101;10:54:53.412425
1770;1875;-105;10:54:53.412425
1775;1877;-102;10:54:53.412425
1777;1880;-103;10:54:53.412425
1774;1883;-109;10:54:53.412425
1778;1887;-109;10:54:53.412425
1780;1894;-114;10:54:53.412425
1781;1894;-113;10:54:53.412425
1781;1899;-118;10:54:53.412425
1787;1902;-115;10:54:53.412425
1788;1903;-115;10:54:53.412425
1788;1901;-113;10:54:53.412425
1789;1894;-105;10:54:53.412425
1785;1891;-106;10:54:53.412425
1784;1887;-103;10:54:53.412425
1782;1885;-103;10:54:53.412425
1782;1883;-101;10:54:53.412425
1780;1886;-106;10:54:53.412425
1781;1891;-110;10:54:53.412425
1785;1888;-103;10:54:53.412425
1786;1886;-100;10:54:53.412425
1784;1885;-101;10:54:53.412425
1779;1883;-104;10:54:53.412425
1771;1880;-109;10:54:53.412425
1769;1875;-106;10:54:53.412425
1768;1874;-106;10:54:53.412425
1769;1874;-105;10:54:53.412425
1772;1871;-99;10:54:53.412425
1769;1871;-102;10:54:53.412425
1771;1872;-101;10:54:53.412425
1767;1871;-104;10:54:53.412425
1767;1872;-105;10:54:53.412425
1766;1870;-104;10:54:53.412425
1763;1869;-106;10:54:53.412425
1757;1866;-109;10:54:53.412425
1753;1868;-115;10:54:53.412425
1749;1865;-116;10:54:53.412425
1746;1858;-112;10:54:53.412425
1743;1850;-107;10:54:53.412425
1741;1845;-104;10:54:53.412425
1738;1842;-104;10:54:53.412425
1737;1842;-105;10:54:53.412425
1739;1843;-104;10:54:53.412425
1742;1846;-104;10:54:53.412425
1744;1849;-105;10:54:53.412425
1747;1854;-107;10:54:53.412425
1748;1858;-110;10:54:53.412425
1749;1863;-114;10:54:53.412425
1750;1866;-116;10:54:53.412425
1754;1868;-114;10:54:53.412425
1752;1864;-112;10:54:53.412425
1748;1861;-113;10:54:53.412425
1745;1858;-113;10:54:53.412425
1745;1856;-111;10:54:53.412425
1745;1853;-108;10:54:53.412425
1743;1854;-111;10:54:53.412425
1741;1850;-109;10:54:53.412425
1735;1847;-112;10:54:53.412425
1733;1838;-105;10:54:53.412425
1732;1836;-104;10:54:53.412425
1733;1835;-102;10:54:53.412425
1732;1833;-101;10:54:53.412425
1731;1833;-102;10:54:53.412425
1728;1837;-109;10:54:53.412425
1727;1841;-114;10:54:53.412425
1730;1845;-115;10:54:53.412425
1734;1849;-115;10:54:53.412425
1733;1848;-115;10:54:53.412425
1729;1846;-117;10:54:53.412425
1726;1845;-119;10:54:53.412425
1727;1847;-120;10:54:53.412425
1730;1849;-119;10:54:53.412425
1734;1852;-118;10:54:53.412425
1733;1848;-115;10:54:53.412425
1734;1848;-114;10:54:53.412425
1736;1849;-113;10:54:53.412425
1738;1847;-109;10:54:53.412425
1737;1847;-110;10:54:53.412425
1736;1846;-110;10:54:53.412425
1738;1843;-105;10:54:53.412425
1736;1841;-105;10:54:53.412425
1728;1839;-111;10:54:53.412425
1725;1839;-114;10:54:53.412425
1727;1841;-114;10:54:53.412425
1728;1841;-113;10:54:53.412425
1724;1839;-115;10:54:53.412425
1721;1839;-118;10:54:53.412425
1721;1839;-118;10:54:53.412425
1724;1835;-111;10:54:53.412425
1728;1836;-108;10:54:53.412425
1732;1837;-105;10:54:53.412425
1735;1840;-105;10:54:53.412425
1736;1840;-104;10:54:53.412425
1731;1842;-111;10:54:53.412425
1727;1845;-118;10:54:53.412425
1724;1847;-123;10:54:53.412425
1726;1846;-120;10:54:53.412425
1732;1841;-109;10:54:53.412425
1736;1841;-105;10:54:53.412425
1739;1844;-105;10:54:53.412425
1737;1846;-109;10:54:53.412425
1738;1850;-112;10:54:53.412425
1738;1846;-108;10:54:53.412425
1734;1844;-110;10:54:53.412425
1731;1837;-106;10:54:53.412425
1729;1835;-106;10:54:53.412425
1724;1834;-110;10:54:53.412425
1720;1831;-111;10:54:53.412425
1728;1832;-104;10:54:53.412425
1735;1836;-101;10:54:53.412425
1736;1842;-106;10:54:53.412425
1735;1851;-116;10:54:53.412425
1733;1855;-122;10:54:53.412425
1731;1854;-123;10:54:53.412425
1730;1851;-121;10:54:53.412425
1732;1853;-121;10:54:53.412425
1735;1855;-120;10:54:53.412425
1740;1857;-117;10:54:53.412425
1740;1853;-113;10:54:53.412425
1743;1851;-108;10:54:53.412425
1746;1848;-102;10:54:53.412425
1746;1848;-102;10:54:53.412425
1744;1847;-103;10:54:53.412425
1742;1848;-106;10:54:53.412425
1745;1848;-103;10:54:53.412425
1746;1849;-103;10:54:53.412425
1746;1856;-110;10:54:53.412425
1746;1861;-115;10:54:53.412425
1748;1868;-120;10:54:53.412425
1751;1870;-119;10:54:53.412425
1758;1869;-111;10:54:53.412425
1761;1871;-110;10:54:53.412425
1763;1875;-112;10:54:53.412425
1766;1879;-113;10:54:53.412425
1773;1878;-105;10:54:53.412425
1779;1878;-99;10:54:53.412425
1782;1880;-98;10:54:53.412425
1788;1884;-96;10:54:53.412425
1789;1889;-100;10:54:53.412425
1788;1892;-104;10:54:53.412425
1791;1894;-103;10:54:53.412425
1794;1895;-101;10:54:53.412425
1798;1893;-95;10:54:53.412425
1800;1893;-93;10:54:53.412425
1797;1895;-98;10:54:53.412425
1799;1899;-100;10:54:53.412425
1804;1901;-97;10:54:53.412425
1810;1908;-98;10:54:53.412425
1810;1910;-100;10:54:53.412425
1804;1912;-108;10:54:53.412425
1798;1910;-112;10:54:53.412425
1799;1908;-109;10:54:53.412425
1798;1905;-107;10:54:53.412425
1801;1905;-104;10:54:53.412425
1803;1905;-102;10:54:53.412425
1802;1908;-106;10:54:53.412425
1803;1908;-105;10:54:53.412425
1805;1909;-104;10:54:53.412425
1813;1911;-98;10:54:53.412425
1821;1917;-96;10:54:53.412425
1824;1920;-96;10:54:53.412425
1825;1923;-98;10:54:53.412425
1828;1926;-98;10:54:53.412425
1828;1926;-98;10:54:53.412425
1828;1925;-97;10:54:53.412425
1827;1925;-98;10:54:53.412425
1827;1928;-101;10:54:53.412425
1823;1924;-101;10:54:53.412425
1818;1915;-97;10:54:53.412425
1812;1910;-98;10:54:53.412425
1807;1905;-98;10:54:53.412425
1800;1900;-100;10:54:53.412425
1795;1894;-99;10:54:53.412425
1791;1892;-101;10:54:53.412425
1790;1888;-98;10:54:53.412425
1787;1882;-95;10:54:53.412425
1783;1877;-94;10:54:53.412425
1780;1879;-99;10:54:53.412425
1776;1879;-103;10:54:53.412425
1772;1878;-106;10:54:53.412425
1771;1878;-107;10:54:53.412425
1766;1876;-110;10:54:53.412425
1767;1875;-108;10:54:53.412425
1768;1877;-109;10:54:53.412425
1768;1877;-109;10:54:53.412425
1768;1875;-107;10:54:53.412425
1769;1877;-108;10:54:53.412425
1771;1877;-106;10:54:53.412425
1770;1876;-106;10:54:53.412425
1772;1876;-104;10:54:53.412425
1771;1880;-109;10:54:53.412425
1769;1883;-114;10:54:53.412425
1767;1877;-110;10:54:53.412425
1762;1877;-115;10:54:53.412425
1758;1872;-114;10:54:53.412425
1755;1868;-113;10:54:53.412425
1751;1862;-111;10:54:53.412425
1743;1854;-111;10:54:53.412425
1732;1840;-108;10:54:53.431374
1730;1837;-107;10:54:53.431374
1724;1833;-109;10:54:53.431374
1723;1837;-114;10:54:53.431374
1723;1839;-116;10:54:53.431374
1726;1840;-114;10:54:53.431374
1726;1838;-112;10:54:53.431374
1723;1840;-117;10:54:53.431374
1719;1841;-122;10:54:53.431374
1716;1841;-125;10:54:53.431374
1718;1839;-121;10:54:53.431374
1717;1840;-123;10:54:53.431374
1721;1840;-119;10:54:53.431374
1721;1840;-119;10:54:53.431374
1721;1841;-120;10:54:53.431374
1719;1835;-116;10:54:53.431374
1720;1836;-116;10:54:53.431374
1722;1837;-115;10:54:53.431374
1724;1831;-107;10:54:53.431374
1722;1830;-108;10:54:53.431374
1720;1828;-108;10:54:53.431374
1721;1831;-110;10:54:53.431374
1720;1830;-110;10:54:53.431374
1722;1829;-107;10:54:53.431374
1724;1837;-113;10:54:53.431374
1727;1839;-112;10:54:53.431374
1729;1841;-112;10:54:53.431374
1732;1840;-108;10:54:53.431374
1733;1841;-108;10:54:53.431374
1735;1843;-108;10:54:53.431374
1737;1847;-110;10:54:53.431374
1737;1852;-115;10:54:53.431374
1735;1853;-118;10:54:53.431374
1736;1854;-118;10:54:53.431374
1733;1854;-121;10:54:53.431374
1733;1854;-121;10:54:53.431374
1732;1858;-126;10:54:53.431374
1731;1860;-129;10:54:53.431374
1734;1858;-124;10:54:53.431374
1734;1857;-123;10:54:53.431374
1736;1854;-118;10:54:53.431374
1740;1852;-112;10:54:53.431374
1740;1848;-108;10:54:53.431374
1741;1845;-104;10:54:53.431374
1740;1846;-106;10:54:53.431374
1738;1846;-108;10:54:53.431374
1737;1845;-108;10:54:53.431374
1733;1844;-111;10:54:53.431374
1732;1845;-113;10:54:53.431374
1731;1847;-116;10:54:53.431374
1732;1848;-116;10:54:53.431374
1734;1851;-117;10:54:53.431374
1732;1845;-113;10:54:53.431374
1732;1844;-112;10:54:53.431374
1734;1846;-112;10:54:53.431374
1738;1850;-112;10:54:53.431374
1741;1849;-108;10:54:53.431374
1744;1852;-108;10:54:53.431374
1749;1854;-105;10:54:53.431374
1752;1860;-108;10:54:53.431374
1757;1863;-106;10:54:53.431374
1754;1866;-112;10:54:53.431374
1751;1866;-115;10:54:53.431374
1755;1867;-112;10:54:53.431374
1754;1865;-111;10:54:53.431374
1753;1863;-110;10:54:53.431374
1752;1864;-112;10:54:53.431374
1754;1866;-112;10:54:53.431374
1755;1864;-109;10:54:53.431374
1755;1865;-110;10:54:53.431374
1754;1866;-112;10:54:53.431374
1752;1869;-117;10:54:53.431374
1756;1868;-112;10:54:53.431374
1757;1868;-111;10:54:53.431374
1758;1872;-114;10:54:53.431374
1760;1872;-112;10:54:53.431374
1761;1872;-111;10:54:53.431374
1763;1868;-105;10:54:53.431374
1763;1871;-108;10:54:53.431374
1761;1871;-110;10:54:53.431374
1759;1874;-115;10:54:53.431374
1756;1872;-116;10:54:53.431374
1757;1870;-113;10:54:53.431374
1760;1872;-112;10:54:53.431374
1763;1879;-116;10:54:53.431374
1764;1879;-115;10:54:53.431374
1763;1881;-118;10:54:53.431374
1765;1877;-112;10:54:53.431374
1768;1874;-106;10:54:53.431374
1772;1873;-101;10:54:53.431374
1774;1874;-100;10:54:53.431374
1773;1875;-102;10:54:53.431374
1771;1874;-103;10:54:53.431374
1768;1870;-102;10:54:53.431374
1764;1873;-109;10:54:53.431374
1764;1873;-109;10:54:53.431374
1768;1877;-109;10:54:53.431374
1771;1882;-111;10:54:53.431374
1772;1885;-113;10:54:53.431374
1773;1888;-115;10:54:53.431374
1774;1891;-117;10:54:53.431374
1777;1893;-116;10:54:53.431374
1781;1895;-114;10:54:53.431374
1787;1897;-110;10:54:53.431374
1791;1897;-106;10:54:53.431374
1789;1894;-105;10:54:53.431374
1788;1894;-106;10:54:53.431374
1785;1893;-108;10:54:53.431374
1784;1893;-109;10:54:53.431374
1785;1892;-107;10:54:53.431374
1786;1891;-105;10:54:53.431374
1786;1890;-104;10:54:53.431374
1785;1894;-109;10:54:53.431374
1784;1896;-112;10:54:53.431374
1783;1898;-115;10:54:53.431374
1789;1898;-109;10:54:53.431374
1791;1895;-104;10:54:53.431374
1788;1891;-103;10:54:53.431374
1787;1890;-103;10:54:53.431374
1783;1892;-109;10:54:53.431374
1784;1894;-110;10:54:53.431374
1789;1894;-105;10:54:53.431374
1794;1893;-99;10:54:53.431374
1796;1895;-99;10:54:53.431374
1792;1899;-107;10:54:53.431374
1789;1902;-113;10:54:53.431374
1785;1903;-118;10:54:53.431374
1786;1903;-117;10:54:53.431374
1787;1900;-113;10:54:53.431374
1783;1899;-116;10:54:53.431374
1777;1894;-117;10:54:53.431374
1772;1890;-118;10:54:53.431374
1771;1885;-114;10:54:53.431374
1774;1882;-108;10:54:53.431374
1776;1878;-102;10:54:53.431374
1776;1878;-102;10:54:53.431374
1773;1876;-103;10:54:53.431374
1776;1877;-101;10:54:53.431374
1780;1878;-98;10:54:53.431374
1780;1880;-100;10:54:53.431374
1781;1884;-103;10:54:53.431374
1783;1886;-103;10:54:53.431374
1784;1888;-104;10:54:53.431374
1783;1889;-106;10:54:53.431374
1787;1891;-104;10:54:53.431374
1789;1892;-103;10:54:53.431374
1785;1895;-110;10:54:53.431374
1783;1897;-114;10:54:53.431374
1781;1897;-116;10:54:53.431374
1783;1896;-113;10:54:53.431374
1784;1896;-112;10:54:53.431374
1783;1892;-109;10:54:53.431374
1785;1891;-106;10:54:53.431374
1786;1892;-106;10:54:53.431374
1784;1886;-102;10:54:53.431374
1782;1877;-95;10:54:53.431374
1780;1873;-93;10:54:53.431374
1776;1870;-94;10:54:53.431374
1769;1868;-99;10:54:53.431374
1764;1868;-104;10:54:53.431374
1758;1869;-111;10:54:53.431374
1758;1866;-108;10:54:53.431374
1762;1866;-104;10:54:53.431374
1760;1865;-105;10:54:53.431374
1754;1868;-114;10:54:53.431374
1751;1868;-117;10:54:53.431374
1751;1867;-116;10:54:53.431374
1751;1863;-112;10:54:53.431374
1749;1858;-109;10:54:53.431374
1743;1856;-113;10:54:53.431374
1741;1854;-113;10:54:53.431374
1743;1854;-111;10:54:53.431374
1745;1855;-110;10:54:53.431374
1744;1855;-111;10:54:53.431374
1741;1851;-110;10:54:53.431374
1740;1852;-112;10:54:53.431374
1738;1850;-112;10:54:53.431374
1740;1847;-107;10:54:53.431374
1743;1847;-104;10:54:53.431374
1745;1851;-106;10:54:53.431374
1747;1854;-107;10:54:53.431374
1749;1859;-110;10:54:53.431374
1745;1862;-117;10:54:53.431374
1743;1864;-121;10:54:53.431374
1749;1868;-119;10:54:53.431374
1752;1871;-119;10:54:53.431374
1754;1870;-116;10:54:53.431374
1752;1869;-117;10:54:53.431374
1750;1868;-118;10:54:53.431374
1744;1865;-121;10:54:53.431374
1744;1860;-116;10:54:53.431374
1743;1856;-113;10:54:53.431374
1743;1851;-108;10:54:53.431374
1737;1849;-112;10:54:53.431374
1733;1844;-111;10:54:53.431374
1730;1839;-109;10:54:53.431374
1727;1835;-108;10:54:53.431374
1725;1832;-107;10:54:53.431374
1726;1831;-105;10:54:53.431374
1726;1832;-106;10:54:53.431374
1726;1830;-104;10:54:53.431374
1730;1836;-106;10:54:53.431374
1727;1840;-113;10:54:53.431374
1728;1844;-116;10:54:53.431374
1732;1847;-115;10:54:53.431374
1735;1849;-114;10:54:53.431374
1736;1849;-113;10:54:53.431374
1739;1852;-113;10:54:53.431374
1737;1853;-116;10:54:53.431374
1733;1854;-121;10:54:53.431374
1732;1854;-122;10:54:53.431374
1729;1855;-126;10:54:53.431374
1727;1854;-127;10:54:53.431374
1727;1853;-126;10:54:53.431374
1728;1851;-123;10:54:53.431374
1727;1851;-124;10:54:53.431374
1725;1846;-121;10:54:53.431374
1726;1842;-116;10:54:53.431374
1723;1840;-117;10:54:53.431374
1725;1838;-113;10:54:53.431374
1728;1834;-106;10:54:53.431374
1732;1837;-105;10:54:53.431374
1734;1838;-104;10:54:53.431374
1733;1842;-109;10:54:53.431374
1735;1848;-113;10:54:53.431374
1738;1853;-115;10:54:53.431374
1740;1858;-118;10:54:53.431374
1744;1861;-117;10:54:53.431374
1745;1864;-119;10:54:53.431374
1748;1866;-118;10:54:53.431374
1751;1866;-115;10:54:53.431374
1754;1868;-114;10:54:53.431374
1756;1868;-112;10:54:53.431374
1753;1868;-115;10:54:53.431374
1753;1870;-117;10:54:53.431374
1750;1867;-117;10:54:53.431374
1747;1860;-113;10:54:53.431374
1750;1856;-106;10:54:53.431374
1749;1851;-102;10:54:53.431374
1745;1846;-101;10:54:53.431374
1744;1846;-102;10:54:53.431374
1743;1850;-107;10:54:53.431374
1742;1850;-108;10:54:53.431374
1744;1851;-107;10:54:53.431374
1749;1853;-104;10:54:53.431374
1748;1858;-110;10:54:53.431374
1748;1863;-115;10:54:53.431374
1750;1868;-118;10:54:53.431374
1751;1870;-119;10:54:53.431374
1754;1870;-116;10:54:53.431374
1760;1873;-113;10:54:53.431374
1760;1877;-117;10:54:53.431374
1759;1876;-117;10:54:53.431374
1761;1876;-115;10:54:53.431374
1764;1877;-113;10:54:53.431374
1763;1877;-114;10:54:53.431374
1764;1877;-113;10:54:53.431374
1767;1878;-111;10:54:53.431374
1771;1877;-106;10:54:53.431374
1774;1878;-104;10:54:53.431374
1778;1878;-100;10:54:53.431374
1783;1881;-98;10:54:53.431374
1786;1885;-99;10:54:53.431374
1785;1890;-105;10:54:53.431374
1785;1895;-110;10:54:53.431374
1787;1896;-109;10:54:53.431374
1791;1898;-107;10:54:53.431374
1789;1899;-110;10:54:53.431374
1786;1902;-116;10:54:53.431374
1788;1901;-113;10:54:53.431374
1789;1899;-110;10:54:53.431374
1791;1896;-105;10:54:53.431374
1791;1893;-102;10:54:53.431374
1792;1891;-99;10:54:53.431374
1788;1892;-104;10:54:53.431374
1784;1894;-110;10:54:53.431374
1784;1894;-110;10:54:53.431374
1783;1895;-112;10:54:53.431374
1781;1894;-113;10:54:53.431374
1780;1896;-116;10:54:53.431374
1783;1898;-115;10:54:53.431374
1784;1899;-115;10:54:53.431374
1786;1896;-110;10:54:53.431374
1787;1891;-104;10:54:53.431374
1785;1889;-104;10:54:53.431374
1784;1890;-106;10:54:53.431374
1786;1890;-104;10:54:53.431374
1786;1892;-106;10:54:53.431374
1786;1891;-105;10:54:53.431374
1790;1895;-105;10:54:53.431374
1788;1896;-108;10:54:53.431374
1787;1896;-109;10:54:53.431374
1787;1900;-113;10:54:53.431374
1789;1903;-114;10:54:53.431374
1789;1902;-113;10:54:53.431374
1790;1903;-113;10:54:53.431374
1789;1902;-113;10:54:53.431374
1784;1902;-118;10:54:53.431374
1781;1903;-122;10:54:53.431374
1780;1902;-122;10:54:53.431374
1778;1899;-121;10:54:53.431374
1780;1893;-113;10:54:53.431374
1781;1892;-111;10:54:53.431374
1780;1893;-113;10:54:53.431374
1778;1890;-112;10:54:53.431374
1779;1884;-105;10:54:53.431374
1781;1882;-101;10:54:53.431374
1777;1881;-104;10:54:53.431374
1774;1880;-106;10:54:53.431374
1771;1877;-106;10:54:53.431374
1766;1870;-104;10:54:53.431374
1761;1866;-105;10:54:53.431374
1758;1863;-105;10:54:53.431374
1756;1864;-108;10:54:53.431374
1758;1867;-109;10:54:53.431374
1756;1868;-112;10:54:53.431374
1757;1867;-110;10:54:53.431374
1758;1868;-110;10:54:53.431374
1756;1873;-117;10:54:53.431374
1759;1874;-115;10:54:53.431374
1759;1874;-115;10:54:53.431374
1763;1875;-112;10:54:53.431374
1764;1873;-109;10:54:53.431374
1765;1872;-107;10:54:53.431374
1764;1871;-107;10:54:53.431374
1761;1873;-112;10:54:53.431374
1759;1874;-115;10:54:53.431374
1757;1873;-116;10:54:53.431374
1757;1870;-113;10:54:53.431374
1755;1870;-115;10:54:53.431374
1755;1869;-114;10:54:53.431374
1753;1867;-114;10:54:53.431374
1746;1866;-120;10:54:53.431374
1744;1862;-118;10:54:53.431374
1743;1858;-115;10:54:53.431374
1743;1857;-114;10:54:53.431374
1743;1853;-110;10:54:53.431374
1738;1851;-113;10:54:53.431374
1735;1846;-111;10:54:53.431374
1736;1845;-109;10:54:53.431374
1739;1845;-106;10:54:53.431374
1737;1842;-105;10:54:53.431374
1733;1842;-109;10:54:53.431374
1731;1842;-111;10:54:53.431374
1733;1843;-110;10:54:53.431374
1734;1841;-107;10:54:53.431374
1734;1841;-107;10:54:53.431374
1734;1842;-108;10:54:53.431374
1735;1846;-111;10:54:53.431374
1735;1847;-112;10:54:53.431374
1732;1848;-116;10:54:53.431374
1735;1848;-113;10:54:53.431374
1733;1849;-116;10:54:53.431374
1733;1849;-116;10:54:53.431374
1734;1849;-115;10:54:53.431374
1732;1847;-115;10:54:53.431374
1732;1842;-110;10:54:53.431374
1733;1842;-109;10:54:53.431374
1731;1845;-114;10:54:53.431374
1731;1844;-113;10:54:53.431374
1734;1846;-112;10:54:53.431374
1734;1845;-111;10:54:53.431374
1734;1842;-108;10:54:53.431374
1733;1844;-111;10:54:53.431374
1732;1850;-118;10:54:53.431374
1731;1855;-124;10:54:53.431374
1735;1857;-122;10:54:53.431374
1736;1858;-122;10:54:53.431374
1738;1856;-118;10:54:53.431374
1742;1855;-113;10:54:53.431374
1743;1858;-115;10:54:53.431374
1743;1860;-117;10:54:53.431374
1743;1857;-114;10:54:53.431374
1744;1860;-116;10:54:53.431374
1744;1861;-117;10:54:53.431374
1744;1860;-116;10:54:53.431374
1745;1861;-116;10:54:53.431374
1748;1861;-113;10:54:53.431374
1751;1859;-108;10:54:53.431374
1748;1861;-113;10:54:53.431374
1745;1860;-115;10:54:53.431374
1748;1861;-113;10:54:53.431374
1750;1860;-110;10:54:53.431374
1752;1860;-108;10:54:53.431374
1750;1864;-114;10:54:53.431374
1751;1864;-113;10:54:53.431374
1753;1868;-115;10:54:53.431374
1756;1870;-114;10:54:53.431374
1758;1869;-111;10:54:53.431374
1760;1873;-113;10:54:53.431374
1762;1876;-114;10:54:53.431374
1765;1877;-112;10:54:53.431374
1763;1879;-116;10:54:53.431374
1766;1877;-111;10:54:53.431374
1769;1879;-110;10:54:53.431374
1770;1877;-107;10:54:53.431374
1765;1874;-109;10:54:53.431374
1764;1875;-111;10:54:53.431374
1762;1871;-109;10:54:53.431374
1761;1870;-109;10:54:53.431374
1762;1868;-106;10:54:53.431374
1760;1868;-108;10:54:53.431374
1760;1869;-109;10:54:53.431374
1761;1871;-110;10:54:53.431374
1761;1873;-112;10:54:53.431374
1766;1875;-109;10:54:53.431374
1769;1879;-110;10:54:53.431374
1770;1884;-114;10:54:53.431374
1769;1886;-117;10:54:53.431374
1772;1891;-119;10:54:53.431374
1778;1893;-115;10:54:53.431374
1779;1894;-115;10:54:53.431374
1781;1893;-112;10:54:53.431374
1783;1890;-107;10:54:53.431374
1782;1889;-107;10:54:53.431374
1779;1885;-106;10:54:53.431374
1777;1885;-108;10:54:53.431374
1779;1885;-106;10:54:53.431374
1781;1883;-102;10:54:53.431374
1776;1883;-107;10:54:53.431374
1770;1882;-112;10:54:53.431374
1765;1880;-115;10:54:53.431374
1764;1879;-115;10:54:53.431374
1766;1878;-112;10:54:53.431374
1762;1879;-117;10:54:53.431374
1762;1875;-113;10:54:53.431374
1762;1874;-112;10:54:53.431374
1763;1871;-108;10:54:53.431374
1764;1869;-105;10:54:53.431374
1763;1870;-107;10:54:53.431374
1763;1874;-111;10:54:53.431374
1762;1874;-112;10:54:53.431374
1764;1877;-113;10:54:53.431374
1767;1878;-111;10:54:53.431374
1767;1877;-110;10:54:53.431374
1767;1875;-108;10:54:53.431374
1768;1875;-107;10:54:53.431374
1768;1880;-112;10:54:53.431374
1769;1880;-111;10:54:53.431374
1772;1882;-110;10:54:53.431374
1772;1879;-107;10:54:53.431374
1772;1878;-106;10:54:53.431374
1772;1879;-107;10:54:53.431374
1770;1880;-110;10:54:53.431374
1764;1884;-120;10:54:53.431374
1769;1883;-114;10:54:53.431374
1774;1883;-109;10:54:53.431374
1773;1884;-111;10:54:53.431374
1773;1886;-113;10:54:53.431374
1773;1889;-116;10:54:53.431374
1773;1886;-113;10:54:53.431374
1774;1887;-113;10:54:53.431374
1773;1886;-113;10:54:53.431374
1772;1884;-112;10:54:53.431374
1771;1886;-115;10:54:53.431374
1768;1884;-116;10:54:53.431374
1772;1881;-109;10:54:53.431374
1771;1876;-105;10:54:53.431374
1773;1873;-100;10:54:53.431374
1774;1874;-100;10:54:53.431374
1772;1873;-101;10:54:53.431374
1771;1871;-100;10:54:53.431374
1769;1871;-102;10:54:53.431374
1766;1870;-104;10:54:53.431374
1766;1873;-107;10:54:53.431374
1766;1874;-108;10:54:53.431374
1769;1878;-109;10:54:53.431374
1770;1882;-112;10:54:53.431374
1768;1882;-114;10:54:53.431374
1770;1884;-114;10:54:53.431374
1772;1889;-117;10:54:53.431374
1775;1891;-116;10:54:53.431374
1776;1888;-112;10:54:53.431374
1776;1885;-109;10:54:53.431374
1775;1884;-109;10:54:53.431374
1775;1882;-107;10:54:53.431374
1778;1881;-103;10:54:53.431374
1777;1881;-104;10:54:53.431374
1775;1880;-105;10:54:53.431374
1777;1882;-105;10:54:53.431374
1776;1883;-107;10:54:53.431374
1774;1883;-109;10:54:53.431374
1775;1881;-106;10:54:53.431374
1774;1880;-106;10:54:53.431374
1774;1880;-106;10:54:53.431374
1771;1876;-105;10:54:53.431374
1768;1875;-107;10:54:53.431374
1767;1875;-108;10:54:53.431374
1768;1876;-108;10:54:53.431374
1768;1877;-109;10:54:53.431374
1765;1876;-111;10:54:53.431374
1765;1875;-110;10:54:53.431374
1767;1875;-108;10:54:53.431374
1766;1872;-106;10:54:53.431374
1764;1870;-106;10:54:53.431374
1762;1869;-107;10:54:53.431374
1760;1868;-108;10:54:53.431374
1758;1869;-111;10:54:53.431374
1755;1861;-106;10:54:53.431374
1752;1861;-109;10:54:53.431374
1748;1860;-112;10:54:53.431374
1746;1862;-116;10:54:53.431374
1743;1861;-118;10:54:53.431374
1745;1861;-116;10:54:53.431374
1745;1860;-115;10:54:53.431374
1743;1855;-112;10:54:53.431374
1743;1856;-113;10:54:53.431374
1746;1856;-110;10:54:53.431374
1746;1853;-107;10:54:53.431374
1744;1851;-107;10:54:53.431374
1734;1850;-116;10:54:53.431374
1732;1847;-115;10:54:53.431374
1730;1850;-120;10:54:53.431374
1729;1852;-123;10:54:53.431374
1733;1852;-119;10:54:53.431374
1736;1852;-116;10:54:53.431374
1738;1852;-114;10:54:53.431374
1740;1853;-113;10:54:53.431374
1744;1855;-111;10:54:53.431374
1748;1855;-107;10:54:53.431374
1749;1857;-108;10:54:53.431374
1751;1859;-108;10:54:53.431374
1750;1859;-109;10:54:53.431374
1746;1859;-113;10:54:53.431374
1745;1858;-113;10:54:53.431374
1745;1858;-113;10:54:53.431374
1741;1856;-115;10:54:53.431374
1740;1852;-112;10:54:53.431374
1737;1851;-114;10:54:53.431374
1737;1848;-111;10:54:53.431374
1736;1848;-112;10:54:53.431374
1735;1845;-110;10:54:53.431374
1733;1845;-112;10:54:53.431374
1731;1846;-115;10:54:53.431374
1733;1844;-111;10:54:53.431374
1733;1845;-112;10:54:53.431374
1733;1846;-113;10:54:53.431374
1734;1848;-114;10:54:53.431374
1734;1849;-115;10:54:53.431374
1734;1851;-117;10:54:53.431374
1737;1854;-117;10:54:53.431374
1740;1853;-113;10:54:53.431374
1742;1855;-113;10:54:53.431374
1742;1857;-115;10:54:53.431374
1741;1857;-116;10:54:53.431374
1738;1859;-121;10:54:53.431374
1736;1862;-126;10:54:53.431374
1739;1861;-122;10:54:53.431374
1741;1857;-116;10:54:53.431374
1741;1858;-117;10:54:53.431374
1742;1860;-118;10:54:53.431374
1745;1862;-117;10:54:53.431374
1748;1861;-113;10:54:53.431374
1747;1859;-112;10:54:53.431374
1748;1859;-111;10:54:53.431374
1748;1860;-112;10:54:53.431374
1749;1859;-110;10:54:53.431374
1752;1857;-105;10:54:53.431374
1756;1859;-103;10:54:53.431374
1756;1860;-104;10:54:53.431374
1756;1861;-105;10:54:53.431374
1753;1861;-108;10:54:53.431374
1749;1862;-113;10:54:53.431374
1751;1861;-110;10:54:53.431374
1749;1860;-111;10:54:53.431374
1744;1858;-114;10:54:53.431374
1743;1857;-114;10:54:53.431374
1746;1858;-112;10:54:53.431374
1745;1857;-112;10:54:53.431374
1749;1857;-108;10:54:53.431374
1751;1856;-105;10:54:53.431374
1748;1858;-110;10:54:53.431374
1750;1858;-108;10:54:53.431374
1749;1861;-112;10:54:53.431374
1751;1863;-112;10:54:53.431374
1752;1862;-110;10:54:53.431374
1750;1862;-112;10:54:53.431374
1753;1861;-108;10:54:53.431374
1758;1859;-101;10:54:53.431374
1758;1863;-105;10:54:53.431374
1757;1866;-109;10:54:53.431374
1761;1870;-109;10:54:53.431374
1765;1873;-108;10:54:53.431374
1766;1872;-106;10:54:53.431374
1767;1874;-107;10:54:53.431374
1762;1877;-115;10:54:53.431374
1763;1880;-117;10:54:53.431374
1765;1881;-116;10:54:53.431374
1765;1884;-119;10:54:53.431374
1770;1878;-108;10:54:53.431374
1770;1877;-107;10:54:53.431374
1765;1875;-110;10:54:53.431374
1768;1876;-108;10:54:53.431374
1769;1878;-109;10:54:53.431374
1767;1876;-109;10:54:53.431374
1768;1877;-109;10:54:53.431374
1767;1876;-109;10:54:53.431374
1764;1873;-109;10:54:53.431374
1766;1874;-108;10:54:53.431374
1765;1869;-104;10:54:53.431374
1761;1868;-107;10:54:53.431374
1761;1869;-108;10:54:53.431374
1764;1867;-103;10:54:53.431374
1765;1869;-104;10:54:53.431374
1768;1873;-105;10:54:53.431374
1772;1872;-100;10:54:53.431374
1773;1877;-104;10:54:53.431374
1773;1882;-109;10:54:53.431374
1769;1885;-116;10:54:53.431374
1771;1888;-117;10:54:53.431374
1774;1889;-115;10:54:53.431374
1776;1887;-111;10:54:53.431374
1776;1885;-109;10:54:53.431374
1776;1890;-114;10:54:53.431374
1776;1889;-113;10:54:53.431374
1777;1888;-111;10:54:53.431374
1776;1889;-113;10:54:53.431374
1777;1888;-111;10:54:53.431374
1777;1885;-108;10:54:53.431374
1776;1882;-106;10:54:53.431374
1775;1881;-106;10:54:53.431374
1771;1881;-110;10:54:53.431374
1773;1884;-111;10:54:53.431374
1774;1886;-112;10:54:53.431374
1775;1883;-108;10:54:53.431374
1782;1887;-105;10:54:53.431374
1785;1890;-105;10:54:53.431374
1784;1892;-108;10:54:53.431374
1784;1897;-113;10:54:53.431374
1787;1898;-111;10:54:53.431374
1787;1899;-112;10:54:53.431374
1788;1899;-111;10:54:53.431374
1789;1898;-109;10:54:53.431374
1788;1896;-108;10:54:53.431374
1785;1895;-110;10:54:53.431374
1784;1893;-109;10:54:53.431374
1785;1889;-104;10:54:53.431374
1788;1889;-101;10:54:53.431374
1787;1891;-104;10:54:53.431374
1786;1888;-102;10:54:53.431374
1784;1888;-104;10:54:53.431374
1784;1886;-102;10:54:53.431374
1782;1884;-102;10:54:53.431374
1777;1883;-106;10:54:53.431374
1776;1884;-108;10:54:53.431374
1772;1885;-113;10:54:53.431374
1768;1882;-114;10:54:53.431374
1770;1880;-110;10:54:53.431374
1774;1878;-104;10:54:53.431374
1777;1876;-99;10:54:53.431374
1777;1877;-100;10:54:53.431374
1775;1879;-104;10:54:53.431374
1777;1880;-103;10:54:53.431374
1774;1882;-108;10:54:53.431374
1772;1883;-111;10:54:53.431374
1773;1887;-114;10:54:53.431374
1772;1887;-115;10:54:53.431374
1770;1886;-116;10:54:53.431374
1768;1884;-116;10:54:53.431374
1766;1880;-114;10:54:53.431374
1765;1877;-112;10:54:53.431374
1764;1877;-113;10:54:53.431374
1765;1875;-110;10:54:53.431374
1763;1874;-111;10:54:53.431374
1759;1871;-112;10:54:53.431374
1758;1869;-111;10:54:53.431374
1758;1866;-108;10:54:53.431374
1759;1863;-104;10:54:53.431374
1756;1861;-105;10:54:53.431374
1755;1861;-106;10:54:53.431374
1750;1859;-109;10:54:53.431374
1750;1859;-109;10:54:53.431374
1751;1861;-110;10:54:53.431374
1751;1861;-110;10:54:53.431374
1750;1862;-112;10:54:53.431374
1751;1863;-112;10:54:53.431374
1749;1864;-115;10:54:53.431374
1745;1861;-116;10:54:53.431374
1742;1862;-120;10:54:53.431374
1743;1859;-116;10:54:53.431374
1743;1857;-114;10:54:53.431374
1742;1855;-113;10:54:53.431374
1741;1858;-117;10:54:53.431374
1740;1857;-117;10:54:53.431374
1740;1854;-114;10:54:53.431374
1743;1853;-110;10:54:53.431374
1744;1854;-110;10:54:53.431374
1746;1857;-111;10:54:53.431374
1745;1858;-113;10:54:53.431374
1745;1856;-111;10:54:53.431374
1748;1860;-112;10:54:53.431374
1752;1861;-109;10:54:53.431374
1756;1862;-106;10:54:53.431374
1756;1862;-106;10:54:53.431374
1759;1865;-106;10:54:53.431374
1759;1867;-108;10:54:53.431374
1756;1868;-112;10:54:53.431374
1758;1870;-112;10:54:53.431374
1759;1871;-112;10:54:53.431374
1759;1872;-113;10:54:53.431374
1754;1873;-119;10:54:53.431374
1753;1870;-117;10:54:53.431374
1750;1869;-119;10:54:53.431374
1748;1866;-118;10:54:53.431374
1752;1861;-109;10:54:53.431374
1750;1856;-106;10:54:53.431374
1749;1857;-108;10:54:53.431374
1749;1856;-107;10:54:53.431374
1747;1852;-105;10:54:53.431374
1746;1854;-108;10:54:53.431374
1745;1855;-110;10:54:53.431374
1745;1852;-107;10:54:53.431374
1741;1855;-114;10:54:53.431374
1740;1854;-114;10:54:53.431374
1743;1856;-113;10:54:53.431374
1741;1858;-117;10:54:53.431374
1744;1856;-112;10:54:53.431374
1746;1859;-113;10:54:53.431374
1747;1862;-115;10:54:53.431374
1746;1860;-114;10:54:53.431374
1742;1857;-115;10:54:53.431374
1745;1858;-113;10:54:53.431374
1750;1859;-109;10:54:53.431374
1748;1857;-109;10:54:53.431374
1748;1857;-109;10:54:53.431374
1747;1858;-111;10:54:53.431374
1745;1859;-114;10:54:53.431374
1748;1858;-110;10:54:53.431374
1750;1859;-109;10:54:53.431374
1752;1861;-109;10:54:53.431374
1750;1864;-114;10:54:53.431374
1750;1863;-113;10:54:53.431374
1749;1864;-115;10:54:53.431374
1752;1861;-109;10:54:53.431374
1750;1859;-109;10:54:53.431374
1745;1859;-114;10:54:53.431374
1748;1861;-113;10:54:53.431374
1751;1860;-109;10:54:53.431374
1747;1857;-110;10:54:53.431374
1743;1854;-111;10:54:53.431374
1744;1854;-110;10:54:53.431374
1747;1853;-106;10:54:53.431374
1746;1850;-104;10:54:53.431374
1743;1851;-108;10:54:53.431374
1739;1850;-111;10:54:53.431374
1741;1851;-110;10:54:53.431374
1743;1850;-107;10:54:53.431374
1744;1848;-104;10:54:53.431374
1744;1850;-106;10:54:53.431374
1742;1855;-113;10:54:53.431374
1739;1854;-115;10:54:53.431374
1741;1858;-117;10:54:53.431374
1741;1860;-119;10:54:53.431374
1747;1859;-112;10:54:53.431374
1753;1859;-106;10:54:53.431374
1753;1859;-106;10:54:53.431374
1754;1858;-104;10:54:53.431374
1753;1863;-110;10:54:53.431374
1756;1862;-106;10:54:53.431374
1757;1862;-105;10:54:53.431374
1757;1861;-104;10:54:53.431374
1759;1866;-107;10:54:53.431374
1759;1869;-110;10:54:53.431374
1760;1872;-112;10:54:53.431374
1765;1874;-109;10:54:53.431374
1762;1872;-110;10:54:53.431374
1761;1872;-111;10:54:53.431374
1764;1869;-105;10:54:53.431374
1766;1868;-102;10:54:53.431374
1766;1865;-99;10:54:53.431374
1764;1865;-101;10:54:53.431374
1763;1868;-105;10:54:53.431374
1762;1868;-106;10:54:53.431374
1764;1870;-106;10:54:53.431374
1761;1873;-112;10:54:53.431374
1759;1874;-115;10:54:53.431374
1761;1876;-115;10:54:53.431374
1763;1877;-114;10:54:53.431374
1765;1879;-114;10:54:53.431374
1766;1882;-116;10:54:53.431374
1765;1881;-116;10:54:53.431374
1765;1880;-115;10:54:53.431374
1769;1882;-113;10:54:53.431374
1776;1880;-104;10:54:53.431374
1778;1883;-105;10:54:53.431374
1781;1885;-104;10:54:53.431374
1782;1886;-104;10:54:53.431374
1779;1888;-109;10:54:53.431374
1778;1889;-111;10:54:53.431374
1781;1889;-108;10:54:53.431374
1782;1887;-105;10:54:53.431374
1785;1891;-106;10:54:53.431374
1786;1891;-105;10:54:53.431374
1782;1893;-111;10:54:53.431374
1778;1888;-110;10:54:53.431374
1777;1890;-113;10:54:53.431374
1778;1889;-111;10:54:53.431374
1781;1888;-107;10:54:53.431374
1782;1888;-106;10:54:53.431374
1785;1890;-105;10:54:53.431374
1784;1891;-107;10:54:53.431374
1785;1892;-107;10:54:53.431374
1786;1886;-100;10:54:53.431374
1785;1888;-103;10:54:53.431374
1782;1886;-104;10:54:53.431374
1783;1889;-106;10:54:53.431374
1782;1890;-108;10:54:53.431374
1778;1891;-113;10:54:53.431374
1778;1889;-111;10:54:53.431374
1778;1887;-109;10:54:53.431374
1780;1887;-107;10:54:53.431374
1783;1892;-109;10:54:53.431374
1784;1894;-110;10:54:53.431374
1788;1896;-108;10:54:53.431374
1788;1896;-108;10:54:53.431374
1790;1896;-106;10:54:53.431374
1791;1896;-105;10:54:53.431374
1793;1898;-105;10:54:53.431374
1795;1900;-105;10:54:53.431374
1796;1904;-108;10:54:53.431374
1794;1903;-109;10:54:53.431374
1793;1906;-113;10:54:53.431374
1791;1900;-109;10:54:53.431374
1789;1897;-108;10:54:53.431374
1785;1894;-109;10:54:53.431374
1787;1893;-106;10:54:53.431374
1787;1896;-109;10:54:53.431374
1784;1890;-106;10:54:53.431374
1778;1887;-109;10:54:53.431374
1781;1886;-105;10:54:53.431374
1781;1883;-102;10:54:53.431374
1776;1881;-105;10:54:53.431374
1775;1880;-105;10:54:53.431374
1772;1880;-108;10:54:53.431374
1774;1878;-104;10:54:53.431374
1777;1876;-99;10:54:53.431374
1776;1879;-103;10:54:53.431374
1772;1880;-108;10:54:53.431374
1771;1879;-108;10:54:53.431374
1766;1880;-114;10:54:53.431374
1764;1874;-110;10:54:53.431374
1766;1875;-109;10:54:53.431374
1763;1873;-110;10:54:53.431374
1761;1870;-109;10:54:53.431374
1756;1870;-114;10:54:53.431374
1758;1868;-110;10:54:53.431374
1760;1870;-110;10:54:53.431374
1761;1870;-109;10:54:53.431374
1764;1871;-107;10:54:53.431374
1763;1873;-110;10:54:53.431374
1762;1872;-110;10:54:53.431374
1757;1872;-115;10:54:53.431374
1758;1872;-114;10:54:53.431374
1757;1873;-116;10:54:53.431374
1758;1871;-113;10:54:53.431374
1757;1869;-112;10:54:53.431374
1756;1865;-109;10:54:53.431374
1752;1862;-110;10:54:53.431374
1750;1863;-113;10:54:53.431374
1751;1864;-113;10:54:53.431374
1751;1861;-110;10:54:53.431374
1749;1860;-111;10:54:53.431374
1749;1859;-110;10:54:53.431374
1748;1853;-105;10:54:53.431374
1743;1852;-109;10:54:53.431374
1741;1853;-112;10:54:53.431374
1736;1853;-117;10:54:53.431374
1735;1847;-112;10:54:53.431374
1733;1847;-114;10:54:53.431374
1728;1845;-117;10:54:53.431374
1729;1844;-115;10:54:53.431374
1730;1844;-114;10:54:53.431374
1732;1842;-110;10:54:53.431374
1733;1844;-111;10:54:53.431374
1735;1844;-109;10:54:53.431374
1735;1845;-110;10:54:53.431374
1736;1847;-111;10:54:53.431374
1734;1846;-112;10:54:53.431374
1732;1846;-114;10:54:53.431374
1733;1844;-111;10:54:53.431374
1731;1844;-113;10:54:53.431374
1729;1842;-113;10:54:53.431374
1729;1841;-112;10:54:53.431374
1729;1844;-115;10:54:53.431374
1729;1844;-115;10:54:53.431374
1729;1846;-117;10:54:53.431374
1725;1848;-123;10:54:53.431374
1730;1846;-116;10:54:53.431374
1733;1848;-115;10:54:53.431374
1728;1843;-115;10:54:53.431374
1726;1846;-120;10:54:53.431374
1723;1846;-123;10:54:53.431374
1725;1844;-119;10:54:53.431374
1725;1844;-119;10:54:53.431374
1728;1843;-115;10:54:53.431374
1733;1844;-111;10:54:53.431374
1732;1845;-113;10:54:53.431374
1734;1844;-110;10:54:53.431374
1733;1848;-115;10:54:53.431374
1734;1847;-113;10:54:53.431374
1734;1847;-113;10:54:53.431374
1737;1848;-111;10:54:53.431374
1739;1846;-107;10:54:53.431374
1735;1845;-110;10:54:53.431374
1735;1848;-113;10:54:53.431374
1738;1849;-111;10:54:53.431374
1737;1851;-114;10:54:53.431374
1738;1849;-111;10:54:53.431374
1740;1850;-110;10:54:53.431374
1738;1845;-107;10:54:53.431374
1735;1847;-112;10:54:53.431374
1734;1847;-113;10:54:53.431374
1735;1850;-115;10:54:53.431374
1735;1852;-117;10:54:53.431374
1734;1852;-118;10:54:53.431374
1731;1851;-120;10:54:53.431374
1734;1854;-120;10:54:53.431374
1741;1854;-113;10:54:53.431374
1741;1855;-114;10:54:53.431374
1741;1851;-110;10:54:53.431374
1743;1854;-111;10:54:53.431374
1743;1855;-112;10:54:53.431374
1739;1855;-116;10:54:53.431374
1741;1856;-115;10:54:53.431374
1744;1860;-116;10:54:53.431374
1744;1860;-116;10:54:53.431374
1744;1860;-116;10:54:53.431374
1749;1861;-112;10:54:53.431374
1750;1864;-114;10:54:53.431374
1751;1864;-113;10:54:53.431374
1753;1865;-112;10:54:53.431374
1756;1870;-114;10:54:53.431374
1758;1869;-111;10:54:53.431374
1761;1872;-111;10:54:53.431374
1764;1871;-107;10:54:53.431374
1762;1870;-108;10:54:53.431374
1761;1870;-109;10:54:53.431374
1763;1871;-108;10:54:53.431374
1763;1868;-105;10:54:53.431374
1766;1868;-102;10:54:53.431374
1772;1871;-99;10:54:53.431374
1772;1873;-101;10:54:53.431374
1772;1871;-99;10:54:53.431374
1770;1872;-102;10:54:53.431374
1768;1869;-101;10:54:53.431374
1769;1869;-100;10:54:53.431374
1766;1872;-106;10:54:53.431374
1766;1875;-109;10:54:53.431374
1766;1879;-113;10:54:53.431374
1770;1877;-107;10:54:53.431374
1773;1880;-107;10:54:53.431374
1776;1886;-110;10:54:53.431374
1775;1890;-115;10:54:53.431374
1776;1894;-118;10:54:53.431374
1780;1894;-114;10:54:53.431374
1784;1897;-113;10:54:53.431374
1788;1900;-112;10:54:53.431374
1789;1898;-109;10:54:53.431374
1785;1896;-111;10:54:53.431374
1786;1899;-113;10:54:53.431374
1791;1897;-106;10:54:53.431374
1794;1899;-105;10:54:53.431374
1794;1895;-101;10:54:53.431374
1796;1895;-99;10:54:53.431374
1798;1898;-100;10:54:53.431374
1801;1899;-98;10:54:53.431374
1802;1901;-99;10:54:53.431374
1805;1903;-98;10:54:53.431374
1801;1904;-103;10:54:53.431374
1803;1906;-103;10:54:53.431374
1805;1906;-101;10:54:53.431374
1800;1905;-105;10:54:53.431374
1801;1902;-101;10:54:53.431374
1799;1902;-103;10:54:53.431374
1797;1900;-103;10:54:53.431374
1794;1900;-106;10:54:53.431374
1794;1901;-107;10:54:53.431374
1794;1903;-109;10:54:53.431374
1796;1901;-105;10:54:53.431374
1796;1895;-99;10:54:53.431374
1795;1892;-97;10:54:53.431374
1791;1892;-101;10:54:53.431374
1790;1889;-99;10:54:53.431374
1788;1895;-107;10:54:53.431374
1789;1897;-108;10:54:53.431374
1793;1897;-104;10:54:53.431374
1794;1898;-104;10:54:53.431374
1797;1898;-101;10:54:53.431374
1796;1897;-101;10:54:53.431374
1795;1898;-103;10:54:53.431374
1795;1902;-107;10:54:53.431374
1794;1903;-109;10:54:53.431374
1797;1905;-108;10:54:53.431374
1799;1908;-109;10:54:53.431374
1796;1908;-112;10:54:53.431374
1793;1907;-114;10:54:53.431374
1794;1906;-112;10:54:53.431374
1796;1902;-106;10:54:53.431374
1793;1905;-112;10:54:53.431374
1795;1901;-106;10:54:53.431374
1795;1900;-105;10:54:53.431374
1792;1893;-101;10:54:53.431374
1792;1887;-95;10:54:53.431374
1791;1888;-97;10:54:53.431374
1783;1885;-102;10:54:53.431374
1782;1888;-106;10:54:53.431374
1779;1885;-106;10:54:53.431374
1775;1881;-106;10:54:53.431374
1771;1881;-110;10:54:53.431374
1766;1880;-114;10:54:53.431374
1764;1876;-112;10:54:53.431374
1761;1872;-111;10:54:53.431374
1760;1871;-111;10:54:53.431374
1756;1867;-111;10:54:53.431374
1751;1864;-113;10:54:53.431374
1751;1856;-105;10:54:53.431374
1747;1854;-107;10:54:53.431374
1745;1853;-108;10:54:53.431374
1742;1850;-108;10:54:53.431374
1743;1849;-106;10:54:53.431374
1739;1853;-114;10:54:53.432368
1743;1855;-112;10:54:53.432368
1747;1863;-116;10:54:53.432368
1748;1860;-112;10:54:53.432368
1747;1856;-109;10:54:53.432368
1747;1856;-109;10:54:53.432368
1745;1859;-114;10:54:53.432368
1745;1863;-118;10:54:53.432368
1747;1865;-118;10:54:53.432368
1744;1861;-117;10:54:53.432368
1748;1863;-115;10:54:53.432368
1753;1862;-109;10:54:53.432368
1750;1862;-112;10:54:53.432368
1749;1864;-115;10:54:53.432368
1752;1863;-111;10:54:53.432368
1753;1863;-110;10:54:53.432368
1753;1860;-107;10:54:53.432368
1753;1861;-108;10:54:53.432368
1751;1864;-113;10:54:53.432368
1747;1863;-116;10:54:53.432368
1745;1864;-119;10:54:53.432368
1746;1861;-115;10:54:53.432368
1745;1854;-109;10:54:53.432368
1741;1851;-110;10:54:53.432368
1739;1855;-116;10:54:53.432368
1740;1853;-113;10:54:53.432368
1744;1846;-102;10:54:53.432368
1738;1846;-108;10:54:53.432368
1739;1842;-103;10:54:53.432368
1732;1843;-111;10:54:53.432368
1730;1843;-113;10:54:53.432368
1728;1839;-111;10:54:53.432368
1728;1836;-108;10:54:53.432368
1729;1834;-105;10:54:53.432368
1728;1836;-108;10:54:53.432368
1726;1834;-108;10:54:53.432368
1723;1837;-114;10:54:53.432368
1722;1837;-115;10:54:53.432368
1725;1839;-114;10:54:53.432368
1724;1839;-115;10:54:53.432368
1725;1843;-118;10:54:53.432368
1730;1846;-116;10:54:53.432368
1728;1847;-119;10:54:53.432368
1730;1847;-117;10:54:53.432368
1734;1850;-116;10:54:53.432368
1730;1847;-117;10:54:53.432368
1730;1846;-116;10:54:53.432368
1737;1853;-116;10:54:53.432368
1738;1854;-116;10:54:53.432368
1734;1850;-116;10:54:53.432368
1736;1851;-115;10:54:53.432368
1736;1847;-111;10:54:53.432368
1736;1846;-110;10:54:53.432368
1737;1849;-112;10:54:53.432368
1741;1849;-108;10:54:53.432368
1741;1849;-108;10:54:53.432368
1742;1846;-104;10:54:53.432368
1746;1849;-103;10:54:53.432368
1742;1853;-111;10:54:53.432368
1741;1852;-111;10:54:53.432368
1743;1858;-115;10:54:53.432368
1744;1858;-114;10:54:53.432368
1748;1855;-107;10:54:53.432368
1746;1858;-112;10:54:53.432368
1743;1861;-118;10:54:53.432368
1744;1861;-117;10:54:53.432368
1748;1855;-107;10:54:53.432368
1745;1855;-110;10:54:53.432368
1744;1851;-107;10:54:53.432368
1739;1851;-112;10:54:53.432368
1737;1850;-113;10:54:53.432368
1735;1850;-115;10:54:53.432368
1733;1849;-116;10:54:53.432368
1734;1847;-113;10:54:53.432368
1732;1849;-117;10:54:53.432368
1733;1852;-119;10:54:53.432368
1736;1851;-115;10:54:53.432368
1740;1856;-116;10:54:53.432368
1742;1858;-116;10:54:53.432368
1742;1858;-116;10:54:53.432368
1744;1862;-118;10:54:53.432368
1746;1861;-115;10:54:53.432368
1745;1863;-118;10:54:53.432368
1747;1868;-121;10:54:53.432368
1750;1873;-123;10:54:53.432368
1752;1875;-123;10:54:53.432368
1754;1871;-117;10:54:53.432368
1755;1870;-115;10:54:53.432368
1758;1873;-115;10:54:53.432368
1761;1876;-115;10:54:53.432368
1762;1875;-113;10:54:53.432368
1765;1874;-109;10:54:53.432368
1766;1873;-107;10:54:53.432368
1768;1878;-110;10:54:53.432368
1768;1881;-113;10:54:53.432368
1769;1884;-115;10:54:53.432368
1774;1886;-112;10:54:53.432368
1778;1890;-112;10:54:53.432368
1781;1888;-107;10:54:53.432368
1786;1892;-106;10:54:53.432368
1790;1895;-105;10:54:53.432368
1787;1899;-112;10:54:53.432368
1788;1903;-115;10:54:53.432368
1791;1902;-111;10:54:53.432368
1789;1902;-113;10:54:53.432368
1792;1902;-110;10:54:53.432368
1796;1903;-107;10:54:53.432368
1795;1903;-108;10:54:53.432368
1795;1900;-105;10:54:53.432368
1795;1898;-103;10:54:53.432368
1793;1901;-108;10:54:53.432368
1791;1900;-109;10:54:53.432368
1789;1905;-116;10:54:53.432368
1787;1905;-118;10:54:53.432368
1784;1904;-120;10:54:53.432368
1787;1900;-113;10:54:53.432368
1787;1900;-113;10:54:53.432368
1782;1895;-113;10:54:53.432368
1781;1893;-112;10:54:53.432368
1782;1891;-109;10:54:53.432368
1785;1887;-102;10:54:53.432368
1784;1884;-100;10:54:53.432368
1783;1886;-103;10:54:53.432368
1784;1888;-104;10:54:53.432368
1783;1889;-106;10:54:53.432368
1783;1889;-106;10:54:53.432368
1787;1892;-105;10:54:53.432368
1786;1890;-104;10:54:53.432368
1784;1895;-111;10:54:53.432368
1785;1897;-112;10:54:53.432368
1783;1897;-114;10:54:53.432368
1781;1897;-116;10:54:53.432368
1786;1895;-109;10:54:53.432368
1786;1893;-107;10:54:53.432368
1782;1888;-106;10:54:53.432368
1780;1890;-110;10:54:53.432368
1778;1886;-108;10:54:53.432368
1781;1885;-104;10:54:53.432368
1778;1880;-102;10:54:53.432368
1774;1879;-105;10:54:53.432368
1774;1878;-104;10:54:53.432368
1770;1875;-105;10:54:53.432368
1767;1875;-108;10:54:53.432368
1771;1876;-105;10:54:53.432368
1768;1877;-109;10:54:53.432368
1770;1876;-106;10:54:53.432368
1771;1881;-110;10:54:53.432368
1771;1880;-109;10:54:53.432368
1773;1883;-110;10:54:53.432368
1773;1887;-114;10:54:53.432368
1775;1883;-108;10:54:53.432368
1774;1884;-110;10:54:53.432368
1776;1889;-113;10:54:53.432368
1779;1886;-107;10:54:53.432368
1775;1889;-114;10:54:53.432368
1775;1887;-112;10:54:53.432368
1772;1881;-109;10:54:53.432368
1771;1884;-113;10:54:53.432368
1771;1884;-113;10:54:53.432368
1767;1884;-117;10:54:53.432368
1767;1884;-117;10:54:53.432368
1768;1881;-113;10:54:53.432368
1771;1879;-108;10:54:53.432368
1773;1875;-102;10:54:53.432368
1773;1876;-103;10:54:53.432368
1773;1875;-102;10:54:53.432368
1772;1874;-102;10:54:53.432368
1769;1875;-106;10:54:53.432368
1770;1873;-103;10:54:53.432368
1769;1871;-102;10:54:53.432368
1771;1874;-103;10:54:53.432368
1771;1877;-106;10:54:53.432368
1767;1877;-110;10:54:53.432368
1766;1878;-112;10:54:53.432368
1766;1876;-110;10:54:53.432368
1767;1880;-113;10:54:53.432368
1768;1880;-112;10:54:53.432368
1773;1883;-110;10:54:53.432368
1774;1882;-108;10:54:53.432368
1772;1883;-111;10:54:53.432368
1774;1881;-107;10:54:53.432368
1774;1879;-105;10:54:53.432368
1775;1876;-101;10:54:53.432368
1774;1878;-104;10:54:53.432368
1773;1879;-106;10:54:53.432368
1771;1877;-106;10:54:53.432368
1769;1874;-105;10:54:53.432368
1769;1875;-106;10:54:53.432368
1767;1875;-108;10:54:53.432368
1763;1874;-111;10:54:53.432368
1760;1872;-112;10:54:53.432368
1755;1870;-115;10:54:53.432368
1756;1871;-115;10:54:53.432368
1756;1868;-112;10:54:53.432368
1754;1864;-110;10:54:53.432368
1751;1862;-111;10:54:53.432368
1748;1862;-114;10:54:53.432368
1747;1865;-118;10:54:53.432368
1746;1858;-112;10:54:53.432368
1744;1860;-116;10:54:53.432368
1743;1857;-114;10:54:53.432368
1744;1858;-114;10:54:53.432368
1743;1856;-113;10:54:53.432368
1740;1853;-113;10:54:53.432368
1737;1853;-116;10:54:53.432368
1738;1849;-111;10:54:53.432368
1740;1854;-114;10:54:53.432368
1736;1852;-116;10:54:53.432368
1739;1848;-109;10:54:53.432368
1733;1848;-115;10:54:53.432368
1733;1845;-112;10:54:53.432368
1730;1843;-113;10:54:53.432368
1732;1848;-116;10:54:53.432368
1731;1846;-115;10:54:53.432368
1730;1845;-115;10:54:53.432368
1727;1845;-118;10:54:53.432368
1727;1842;-115;10:54:53.432368
1726;1843;-117;10:54:53.432368
1727;1841;-114;10:54:53.432368
1724;1845;-121;10:54:53.432368
1721;1845;-124;10:54:53.432368
1722;1845;-123;10:54:53.432368
1720;1843;-123;10:54:53.432368
1724;1842;-118;10:54:53.432368
1725;1841;-116;10:54:53.432368
1723;1839;-116;10:54:53.432368
1723;1841;-118;10:54:53.432368
1724;1836;-112;10:54:53.432368
1723;1834;-111;10:54:53.432368
1723;1834;-111;10:54:53.432368
1722;1838;-116;10:54:53.432368
1719;1835;-116;10:54:53.432368
1717;1833;-116;10:54:53.432368
1715;1833;-118;10:54:53.432368
1719;1833;-114;10:54:53.432368
1720;1834;-114;10:54:53.432368
1717;1836;-119;10:54:53.432368
1718;1835;-117;10:54:53.432368
1720;1836;-116;10:54:53.432368
1723;1838;-115;10:54:53.432368
1728;1842;-114;10:54:53.432368
1734;1848;-114;10:54:53.432368
1731;1850;-119;10:54:53.432368
1735;1849;-114;10:54:53.432368
1738;1851;-113;10:54:53.432368
1738;1856;-118;10:54:53.432368
1737;1857;-120;10:54:53.432368
1741;1858;-117;10:54:53.432368
1743;1860;-117;10:54:53.432368
1744;1859;-115;10:54:53.432368
1746;1858;-112;10:54:53.432368
1748;1859;-111;10:54:53.432368
1747;1861;-114;10:54:53.432368
1750;1863;-113;10:54:53.432368
1752;1868;-116;10:54:53.432368
1754;1869;-115;10:54:53.432368
1757;1869;-112;10:54:53.432368
1760;1870;-110;10:54:53.432368
1761;1874;-113;10:54:53.432368
1762;1875;-113;10:54:53.432368
1763;1876;-113;10:54:53.432368
1764;1883;-119;10:54:53.432368
1768;1883;-115;10:54:53.432368
1772;1883;-111;10:54:53.432368
1776;1882;-106;10:54:53.432368
1779;1885;-106;10:54:53.432368
1782;1882;-100;10:54:53.432368
1780;1886;-106;10:54:53.432368
1778;1891;-113;10:54:53.432368
1780;1894;-114;10:54:53.432368
1784;1895;-111;10:54:53.432368
1785;1892;-107;10:54:53.432368
1787;1894;-107;10:54:53.432368
1787;1890;-103;10:54:53.432368
1785;1895;-110;10:54:53.432368
1785;1896;-111;10:54:53.432368
1785;1900;-115;10:54:53.432368
1792;1899;-107;10:54:53.432368
1792;1900;-108;10:54:53.432368
1796;1901;-105;10:54:53.432368
1797;1903;-106;10:54:53.432368
1796;1905;-109;10:54:53.432368
1800;1903;-103;10:54:53.432368
1801;1904;-103;10:54:53.432368
1805;1905;-100;10:54:53.432368
1802;1906;-104;10:54:53.432368
1805;1903;-98;10:54:53.432368
1803;1905;-102;10:54:53.432368
1802;1906;-104;10:54:53.432368
1809;1908;-99;10:54:53.432368
1810;1913;-103;10:54:53.432368
1811;1915;-104;10:54:53.432368
1814;1915;-101;10:54:53.432368
1812;1915;-103;10:54:53.432368
1814;1918;-104;10:54:53.432368
1813;1915;-102;10:54:53.432368
1815;1917;-102;10:54:53.432368
1815;1916;-101;10:54:53.432368
1817;1918;-101;10:54:53.432368
1816;1916;-100;10:54:53.432368
1812;1916;-104;10:54:53.432368
1812;1918;-106;10:54:53.432368
1812;1918;-106;10:54:53.432368
1811;1914;-103;10:54:53.432368
1812;1913;-101;10:54:53.432368
1813;1915;-102;10:54:53.432368
1814;1913;-99;10:54:53.432368
1814;1914;-100;10:54:53.432368
1812;1913;-101;10:54:53.432368
1809;1913;-104;10:54:53.432368
1812;1911;-99;10:54:53.432368
1812;1913;-101;10:54:53.432368
1810;1909;-99;10:54:53.432368
1808;1906;-98;10:54:53.432368
1803;1904;-101;10:54:53.432368
1802;1898;-96;10:54:53.432368
1804;1898;-94;10:54:53.432368
1803;1899;-96;10:54:53.432368
1801;1898;-97;10:54:53.432368
1801;1892;-91;10:54:53.432368
1795;1892;-97;10:54:53.432368
1790;1888;-98;10:54:53.432368
1785;1886;-101;10:54:53.432368
1780;1885;-105;10:54:53.432368
1784;1885;-101;10:54:53.432368
1781;1884;-103;10:54:53.432368
1774;1885;-111;10:54:53.432368
1772;1885;-113;10:54:53.432368
1771;1880;-109;10:54:53.432368
1771;1877;-106;10:54:53.432368
1771;1871;-100;10:54:53.432368
1771;1877;-106;10:54:53.432368
1770;1878;-108;10:54:53.432368
1764;1878;-114;10:54:53.432368
1764;1877;-113;10:54:53.432368
1769;1871;-102;10:54:53.432368
1769;1870;-101;10:54:53.432368
1767;1866;-99;10:54:53.432368
1764;1868;-104;10:54:53.432368
1758;1863;-105;10:54:53.432368
1753;1864;-111;10:54:53.432368
1750;1860;-110;10:54:53.432368
1745;1861;-116;10:54:53.432368
1742;1855;-113;10:54:53.432368
1742;1856;-114;10:54:53.432368
1737;1855;-118;10:54:53.432368
1736;1849;-113;10:54:53.432368
1734;1845;-111;10:54:53.432368
1731;1844;-113;10:54:53.432368
1733;1840;-107;10:54:53.432368
1729;1838;-109;10:54:53.432368
1725;1838;-113;10:54:53.432368
1726;1834;-108;10:54:53.432368
1726;1830;-104;10:54:53.432368
1724;1827;-103;10:54:53.432368
1718;1830;-112;10:54:53.432368
1718;1833;-115;10:54:53.432368
1717;1834;-117;10:54:53.432368
1719;1833;-114;10:54:53.432368
1719;1830;-111;10:54:53.432368
1718;1829;-111;10:54:53.432368
1715;1831;-116;10:54:53.432368
1715;1832;-117;10:54:53.432368
1713;1833;-120;10:54:53.432368
1711;1832;-121;10:54:53.432368
1712;1833;-121;10:54:53.432368
1715;1835;-120;10:54:53.432368
1715;1832;-117;10:54:53.432368
1713;1834;-121;10:54:53.432368
1714;1837;-123;10:54:53.432368
1720;1842;-122;10:54:53.432368
1726;1841;-115;10:54:53.432368
1731;1841;-110;10:54:53.432368
1732;1842;-110;10:54:53.432368
1739;1844;-105;10:54:53.432368
1741;1846;-105;10:54:53.432368
1739;1849;-110;10:54:53.432368
1740;1849;-109;10:54:53.432368
1745;1853;-108;10:54:53.432368
1746;1858;-112;10:54:53.432368
1746;1862;-116;10:54:53.432368
1748;1866;-118;10:54:53.432368
1747;1866;-119;10:54:53.432368
1751;1863;-112;10:54:53.432368
1754;1864;-110;10:54:53.432368
1756;1865;-109;10:54:53.432368
1759;1865;-106;10:54:53.432368
1756;1861;-105;10:54:53.432368
1755;1862;-107;10:54:53.432368
1749;1863;-114;10:54:53.432368
1751;1865;-114;10:54:53.432368
1752;1864;-112;10:54:53.432368
1752;1863;-111;10:54:53.432368
1754;1864;-110;10:54:53.432368
1761;1864;-103;10:54:53.432368
1756;1867;-111;10:54:53.432368
1758;1869;-111;10:54:53.432368
1757;1873;-116;10:54:53.432368
1761;1872;-111;10:54:53.432368
1763;1869;-106;10:54:53.432368
1761;1870;-109;10:54:53.432368
1761;1869;-108;10:54:53.432368
1761;1874;-113;10:54:53.432368
1758;1876;-118;10:54:53.432368
1759;1875;-116;10:54:53.432368
1755;1874;-119;10:54:53.432368
1753;1869;-116;10:54:53.432368
1753;1869;-116;10:54:53.432368
1751;1870;-119;10:54:53.432368
1752;1865;-113;10:54:53.432368
1750;1864;-114;10:54:53.432368
1750;1859;-109;10:54:53.432368
1748;1860;-112;10:54:53.432368
1747;1857;-110;10:54:53.432368
1746;1857;-111;10:54:53.432368
1747;1857;-110;10:54:53.432368
1749;1856;-107;10:54:53.432368
1752;1858;-106;10:54:53.432368
1751;1859;-108;10:54:53.432368
1750;1862;-112;10:54:53.432368
1749;1863;-114;10:54:53.432368
1750;1866;-116;10:54:53.432368
1751;1869;-118;10:54:53.432368
1754;1865;-111;10:54:53.432368
1760;1867;-107;10:54:53.432368
1761;1865;-104;10:54:53.432368
1758;1863;-105;10:54:53.432368
1752;1864;-112;10:54:53.432368
1752;1865;-113;10:54:53.432368
1750;1861;-111;10:54:53.432368
1751;1862;-111;10:54:53.432368
1748;1861;-113;10:54:53.432368
1747;1863;-116;10:54:53.432368
1747;1859;-112;10:54:53.432368
1748;1858;-110;10:54:53.432368
1750;1856;-106;10:54:53.432368
1753;1859;-106;10:54:53.432368
1755;1863;-108;10:54:53.432368
1749;1863;-114;10:54:53.432368
1745;1864;-119;10:54:53.432368
1746;1863;-117;10:54:53.432368
1746;1862;-116;10:54:53.432368
1750;1863;-113;10:54:53.432368
1749;1862;-113;10:54:53.432368
1748;1860;-112;10:54:53.432368
1747;1855;-108;10:54:53.432368
1746;1854;-108;10:54:53.432368
1748;1855;-107;10:54:53.432368
1746;1853;-107;10:54:53.432368
1744;1854;-110;10:54:53.432368
1742;1858;-116;10:54:53.432368
1743;1857;-114;10:54:53.432368
1741;1858;-117;10:54:53.432368
1745;1863;-118;10:54:53.432368
1750;1860;-110;10:54:53.432368
1751;1860;-109;10:54:53.432368
1749;1858;-109;10:54:53.432368
1751;1865;-114;10:54:53.432368
1752;1866;-114;10:54:53.432368
1755;1869;-114;10:54:53.432368
1763;1872;-109;10:54:53.432368
1768;1871;-103;10:54:53.432368
1768;1872;-104;10:54:53.432368
1768;1876;-108;10:54:53.432368
1771;1879;-108;10:54:53.432368
1773;1882;-109;10:54:53.432368
1775;1881;-106;10:54:53.432368
1776;1884;-108;10:54:53.432368
1778;1885;-107;10:54:53.432368
1781;1886;-105;10:54:53.432368
1783;1891;-108;10:54:53.432368
1785;1892;-107;10:54:53.432368
1787;1897;-110;10:54:53.432368
1785;1894;-109;10:54:53.432368
1787;1895;-108;10:54:53.432368
1787;1895;-108;10:54:53.432368
1789;1895;-106;10:54:53.432368
1790;1898;-108;10:54:53.432368
1787;1897;-110;10:54:53.432368
1788;1893;-105;10:54:53.432368
1792;1895;-103;10:54:53.432368
1789;1895;-106;10:54:53.432368
1788;1894;-106;10:54:53.432368
1787;1898;-111;10:54:53.432368
1787;1898;-111;10:54:53.432368
1785;1899;-114;10:54:53.432368
1789;1897;-108;10:54:53.432368
1790;1899;-109;10:54:53.432368
1791;1897;-106;10:54:53.432368
1796;1899;-103;10:54:53.432368
1791;1892;-101;10:54:53.432368
1788;1890;-102;10:54:53.432368
1783;1889;-106;10:54:53.432368
1783;1887;-104;10:54:53.432368
1785;1892;-107;10:54:53.432368
1785;1888;-103;10:54:53.432368
1785;1892;-107;10:54:53.432368
1782;1892;-110;10:54:53.432368
1784;1892;-108;10:54:53.432368
1787;1894;-107;10:54:53.432368
1787;1897;-110;10:54:53.432368
1790;1898;-108;10:54:53.432368
1794;1904;-110;10:54:53.432368
1797;1902;-105;10:54:53.432368
1794;1904;-110;10:54:53.432368
1791;1900;-109;10:54:53.432368
1792;1898;-106;10:54:53.432368
1790;1898;-108;10:54:53.432368
1789;1893;-104;10:54:53.432368
1790;1898;-108;10:54:53.432368
1788;1895;-107;10:54:53.483231
1783;1894;-111;10:54:53.483231
1781;1893;-112;10:54:53.483231
1780;1892;-112;10:54:53.483231
1780;1887;-107;10:54:53.483231
1780;1885;-105;10:54:53.483231
1773;1880;-107;10:54:53.483231
1774;1879;-105;10:54:53.483231
1774;1877;-103;10:54:53.483231
1771;1881;-110;10:54:53.483231
1770;1878;-108;10:54:53.483231
1770;1877;-107;10:54:53.483231
1768;1881;-113;10:54:53.483231
1769;1881;-112;10:54:53.483231
1766;1879;-113;10:54:53.483231
1768;1882;-114;10:54:53.483231
1766;1879;-113;10:54:53.483231
1766;1881;-115;10:54:53.483231
1767;1880;-113;10:54:53.483231
1758;1878;-120;10:54:53.483231
1760;1878;-118;10:54:53.483231
1760;1875;-115;10:54:53.483231
1757;1873;-116;10:54:53.483231
1755;1868;-113;10:54:53.483231
1755;1866;-111;10:54:53.483231
1748;1865;-117;10:54:53.483231
1748;1860;-112;10:54:53.483231
1748;1859;-111;10:54:53.483231
1745;1859;-114;10:54:53.483231
1745;1860;-115;10:54:53.483231
1744;1859;-115;10:54:53.483231
1744;1861;-117;10:54:53.483231
1743;1859;-116;10:54:53.483231
1742;1860;-118;10:54:53.483231
1746;1863;-117;10:54:53.483231
1746;1865;-119;10:54:53.483231
1741;1860;-119;10:54:53.483231
1744;1860;-116;10:54:53.483231
1744;1858;-114;10:54:53.483231
1739;1855;-116;10:54:53.483231
1734;1852;-118;10:54:53.483231
1730;1850;-120;10:54:53.483231
1725;1845;-120;10:54:53.483231
1720;1838;-118;10:54:53.483231
1718;1833;-115;10:54:53.483231
1717;1831;-114;10:54:53.483231
1716;1830;-114;10:54:53.483231
1712;1827;-115;10:54:53.483231
1711;1823;-112;10:54:53.483231
1708;1822;-114;10:54:53.483231
1708;1822;-114;10:54:53.483231
1709;1824;-115;10:54:53.483231
1708;1824;-116;10:54:53.483231
1709;1828;-119;10:54:53.483231
1712;1831;-119;10:54:53.483231
1710;1833;-123;10:54:53.483231
1710;1832;-122;10:54:53.483231
1714;1832;-118;10:54:53.483231
1716;1831;-115;10:54:53.483231
1714;1832;-118;10:54:53.483231
1715;1833;-118;10:54:53.483231
1715;1833;-118;10:54:53.483231
1715;1832;-117;10:54:53.483231
1715;1831;-116;10:54:53.483231
1712;1829;-117;10:54:53.483231
1710;1828;-118;10:54:53.483231
1707;1828;-121;10:54:53.483231
1708;1828;-120;10:54:53.483231
1709;1825;-116;10:54:53.483231
1709;1823;-114;10:54:53.483231
1710;1823;-113;10:54:53.483231
1711;1824;-113;10:54:53.483231
1712;1824;-112;10:54:53.483231
1712;1827;-115;10:54:53.483231
1711;1828;-117;10:54:53.483231
1714;1836;-122;10:54:53.483231
1719;1840;-121;10:54:53.483231
1723;1841;-118;10:54:53.483231
1725;1843;-118;10:54:53.483231
1727;1846;-119;10:54:53.483231
1730;1847;-117;10:54:53.483231
1732;1850;-118;10:54:53.483231
1733;1851;-118;10:54:53.483231
1734;1853;-119;10:54:53.483231
1738;1855;-117;10:54:53.483231
1738;1858;-120;10:54:53.483231
1741;1859;-118;10:54:53.483231
1743;1855;-112;10:54:53.483231
1742;1855;-113;10:54:53.483231
1746;1857;-111;10:54:53.483231
1744;1854;-110;10:54:53.483231
1745;1856;-111;10:54:53.483231
1742;1857;-115;10:54:53.483231
1743;1861;-118;10:54:53.483231
1747;1866;-119;10:54:53.483231
1749;1865;-116;10:54:53.483231
1754;1867;-113;10:54:53.483231
1757;1869;-112;10:54:53.483231
1761;1874;-113;10:54:53.483231
1764;1877;-113;10:54:53.483231
1765;1877;-112;10:54:53.483231
1767;1880;-113;10:54:53.483231
1770;1881;-111;10:54:53.483231
1770;1884;-114;10:54:53.483231
1771;1887;-116;10:54:53.483231
1773;1888;-115;10:54:53.483231
1774;1888;-114;10:54:53.483231
1775;1884;-109;10:54:53.483231
1775;1885;-110;10:54:53.483231
1774;1883;-109;10:54:53.483231
1777;1883;-106;10:54:53.483231
1776;1889;-113;10:54:53.483231
1780;1890;-110;10:54:53.483231
1779;1891;-112;10:54:53.483231
1780;1891;-111;10:54:53.483231
1782;1890;-108;10:54:53.483231
1783;1891;-108;10:54:53.483231
1785;1894;-109;10:54:53.483231
1787;1899;-112;10:54:53.483231
1788;1897;-109;10:54:53.483231
1790;1896;-106;10:54:53.483231
1792;1897;-105;10:54:53.483231
1788;1898;-110;10:54:53.483231
1787;1897;-110;10:54:53.483231
1788;1897;-109;10:54:53.483231
1788;1901;-113;10:54:53.483231
1789;1901;-112;10:54:53.483231
1792;1901;-109;10:54:53.483231
1794;1905;-111;10:54:53.483231
1801;1910;-109;10:54:53.483231
1801;1911;-110;10:54:53.483231
1800;1912;-112;10:54:53.483231
1805;1912;-107;10:54:53.483231
1807;1916;-109;10:54:53.483231
1809;1914;-105;10:54:53.483231
1812;1914;-102;10:54:53.483231
1810;1913;-103;10:54:53.483231
1806;1913;-107;10:54:53.483231
1803;1914;-111;10:54:53.483231
1805;1912;-107;10:54:53.483231
1803;1914;-111;10:54:53.483231
1798;1908;-110;10:54:53.483231
1794;1906;-112;10:54:53.483231
1787;1901;-114;10:54:53.483231
1786;1899;-113;10:54:53.483231
1786;1897;-111;10:54:53.483231
1788;1894;-106;10:54:53.483231
1788;1894;-106;10:54:53.483231
1789;1891;-102;10:54:53.483231
1785;1890;-105;10:54:53.483231
1783;1891;-108;10:54:53.483231
1783;1890;-107;10:54:53.483231
1783;1887;-104;10:54:53.483231
1782;1889;-107;10:54:53.483231
1780;1891;-111;10:54:53.483231
1779;1889;-110;10:54:53.483231
1777;1888;-111;10:54:53.483231
1775;1890;-115;10:54:53.483231
1774;1887;-113;10:54:53.483231
1773;1882;-109;10:54:53.483231
1769;1881;-112;10:54:53.483231
1765;1876;-111;10:54:53.483231
1764;1874;-110;10:54:53.483231
1762;1874;-112;10:54:53.483231
1765;1872;-107;10:54:53.483231
1768;1872;-104;10:54:53.483231
1764;1874;-110;10:54:53.483231
1764;1873;-109;10:54:53.483231
1762;1871;-109;10:54:53.483231
1762;1870;-108;10:54:53.483231
1761;1871;-110;10:54:53.483231
1760;1869;-109;10:54:53.483231
1758;1870;-112;10:54:53.483231
1757;1870;-113;10:54:53.483231
1755;1869;-114;10:54:53.483231
1751;1870;-119;10:54:53.483231
1754;1867;-113;10:54:53.483231
1756;1869;-113;10:54:53.483231
1758;1864;-106;10:54:53.483231
1759;1865;-106;10:54:53.483231
1757;1863;-106;10:54:53.483231
1753;1866;-113;10:54:53.483231
1754;1863;-109;10:54:53.483231
1757;1865;-108;10:54:53.483231
1755;1868;-113;10:54:53.483231
1752;1867;-115;10:54:53.483231
1752;1872;-120;10:54:53.483231
1754;1871;-117;10:54:53.483231
1755;1866;-111;10:54:53.483231
1755;1864;-109;10:54:53.483231
1756;1864;-108;10:54:53.483231
1755;1860;-105;10:54:53.483231
1755;1860;-105;10:54:53.483231
1751;1862;-111;10:54:53.483231
1752;1866;-114;10:54:53.483231
1752;1863;-111;10:54:53.483231
1755;1866;-111;10:54:53.483231
1753;1869;-116;10:54:53.483231
1755;1869;-114;10:54:53.483231
1756;1869;-113;10:54:53.483231
1755;1870;-115;10:54:53.483231
1755;1867;-112;10:54:53.483231
1759;1867;-108;10:54:53.483231
1759;1872;-113;10:54:53.483231
1761;1870;-109;10:54:53.483231
1763;1872;-109;10:54:53.483231
1762;1867;-105;10:54:53.483231
1760;1872;-112;10:54:53.483231
1761;1870;-109;10:54:53.483231
1765;1872;-107;10:54:53.483231
1765;1871;-106;10:54:53.483231
1762;1870;-108;10:54:53.483231
1761;1870;-109;10:54:53.483231
1758;1868;-110;10:54:53.483231
1756;1869;-113;10:54:53.483231
1756;1869;-113;10:54:53.483231
1754;1867;-113;10:54:53.483231
1754;1869;-115;10:54:53.483231
1754;1866;-112;10:54:53.483231
1752;1862;-110;10:54:53.483231
1751;1862;-111;10:54:53.483231
1751;1859;-108;10:54:53.483231
1748;1862;-114;10:54:53.483231
1749;1859;-110;10:54:53.483231
1745;1859;-114;10:54:53.483231
1739;1855;-116;10:54:53.483231
1738;1850;-112;10:54:53.483231
1739;1847;-108;10:54:53.483231
1735;1846;-111;10:54:53.483231
1731;1846;-115;10:54:53.483231
1728;1843;-115;10:54:53.483231
1724;1839;-115;10:54:53.483231
1722;1840;-118;10:54:53.483231
1725;1841;-116;10:54:53.483231
1728;1841;-113;10:54:53.483231
1730;1841;-111;10:54:53.483231
1729;1841;-112;10:54:53.483231
1728;1844;-116;10:54:53.483231
1729;1848;-119;10:54:53.483231
1732;1852;-120;10:54:53.483231
1731;1853;-122;10:54:53.483231
1734;1853;-119;10:54:53.483231
1737;1852;-115;10:54:53.483231
1732;1853;-121;10:54:53.483231
1734;1853;-119;10:54:53.483231
1731;1852;-121;10:54:53.483231
1732;1850;-118;10:54:53.483231
1737;1845;-108;10:54:53.483231
1735;1844;-109;10:54:53.483231
1730;1844;-114;10:54:53.483231
1730;1844;-114;10:54:53.483231
1734;1843;-109;10:54:53.483231
1736;1848;-112;10:54:53.483231
1735;1851;-116;10:54:53.483231
1735;1854;-119;10:54:53.483231
1742;1858;-116;10:54:53.500190
1741;1863;-122;10:54:53.500190
1747;1861;-114;10:54:53.500190
1750;1859;-109;10:54:53.500190
1744;1859;-115;10:54:53.500190
1743;1857;-114;10:54:53.500190
1741;1857;-116;10:54:53.500190
1740;1852;-112;10:54:53.500190
1741;1847;-106;10:54:53.500190
1740;1847;-107;10:54:53.500190
1735;1847;-112;10:54:53.500190
1734;1844;-110;10:54:53.500190
1734;1845;-111;10:54:53.500190
1732;1846;-114;10:54:53.500190
1731;1847;-116;10:54:53.500190
1731;1848;-117;10:54:53.500190
1733;1847;-114;10:54:53.500190
1733;1847;-114;10:54:53.500190
1735;1849;-114;10:54:53.500190
1737;1854;-117;10:54:53.500190
1740;1856;-116;10:54:53.500190
1747;1859;-112;10:54:53.500190
1752;1861;-109;10:54:53.500190
1758;1866;-108;10:54:53.500190
1762;1870;-108;10:54:53.500190
1763;1875;-112;10:54:53.500190
1766;1879;-113;10:54:53.500190
1767;1883;-116;10:54:53.500190
1769;1882;-113;10:54:53.500190
1774;1886;-112;10:54:53.500190
1777;1886;-109;10:54:53.500190
1780;1890;-110;10:54:53.500190
1782;1888;-106;10:54:53.500190
1783;1888;-105;10:54:53.500190
1779;1889;-110;10:54:53.500190
1780;1889;-109;10:54:53.500190
1785;1889;-104;10:54:53.500190
1782;1885;-103;10:54:53.500190
1780;1887;-107;10:54:53.500190
1783;1888;-105;10:54:53.500190
1785;1889;-104;10:54:53.500190
1783;1892;-109;10:54:53.500190
1785;1892;-107;10:54:53.500190
1786;1892;-106;10:54:53.500190
1784;1894;-110;10:54:53.500190
1784;1893;-109;10:54:53.500190
1782;1892;-110;10:54:53.500190
1780;1888;-108;10:54:53.500190
1781;1886;-105;10:54:53.500190
1779;1882;-103;10:54:53.500190
1779;1884;-105;10:54:53.500190
1778;1880;-102;10:54:53.500190
1776;1879;-103;10:54:53.500190
1769;1879;-110;10:54:53.500190
1768;1883;-115;10:54:53.500190
1770;1882;-112;10:54:53.500190
1769;1878;-109;10:54:53.500190
1769;1877;-108;10:54:53.500190
1769;1884;-115;10:54:53.500190
1772;1886;-114;10:54:53.500190
1772;1888;-116;10:54:53.500190
1773;1888;-115;10:54:53.500190
1777;1889;-112;10:54:53.500190
1780;1890;-110;10:54:53.500190
1783;1889;-106;10:54:53.500190
1785;1891;-106;10:54:53.500190
1786;1893;-107;10:54:53.500190
1790;1893;-103;10:54:53.500190
1788;1895;-107;10:54:53.500190
1789;1896;-107;10:54:53.500190
1788;1897;-109;10:54:53.500190
1786;1898;-112;10:54:53.500190
1790;1895;-105;10:54:53.500190
1788;1895;-107;10:54:53.500190
1787;1895;-108;10:54:53.500190
1784;1889;-105;10:54:53.500190
1782;1887;-105;10:54:53.500190
1778;1884;-106;10:54:53.500190
1779;1884;-105;10:54:53.500190
1778;1884;-106;10:54:53.500190
1778;1884;-106;10:54:53.500190
1780;1881;-101;10:54:53.500190
1775;1880;-105;10:54:53.500190
1773;1881;-108;10:54:53.500190
1776;1883;-107;10:54:53.500190
1779;1883;-104;10:54:53.500190
1777;1883;-106;10:54:53.500190
1776;1886;-110;10:54:53.500190
1781;1888;-107;10:54:53.500190
1780;1886;-106;10:54:53.500190
1777;1887;-110;10:54:53.500190
1774;1891;-117;10:54:53.500190
1777;1893;-116;10:54:53.500190
1780;1889;-109;10:54:53.500190
1779;1888;-109;10:54:53.500190
1780;1888;-108;10:54:53.500190
1783;1889;-106;10:54:53.500190
1786;1889;-103;10:54:53.500190
1787;1888;-101;10:54:53.500190
1783;1887;-104;10:54:53.500190
1780;1890;-110;10:54:53.500190
1781;1895;-114;10:54:53.500190
1784;1893;-109;10:54:53.500190
1787;1893;-106;10:54:53.500190
1790;1896;-106;10:54:53.500190
1791;1895;-104;10:54:53.500190
1789;1894;-105;10:54:53.500190
1785;1892;-107;10:54:53.500190
1782;1891;-109;10:54:53.500190
1786;1888;-102;10:54:53.500190
1783;1886;-103;10:54:53.500190
1781;1884;-103;10:54:53.500190
1777;1881;-104;10:54:53.500190
1772;1879;-107;10:54:53.500190
1765;1872;-107;10:54:53.500190
1761;1867;-106;10:54:53.500190
1757;1865;-108;10:54:53.500190
1759;1864;-105;10:54:53.500190
1756;1862;-106;10:54:53.500190
1753;1864;-111;10:54:53.500190
1751;1864;-113;10:54:53.500190
1752;1861;-109;10:54:53.500190
1752;1856;-104;10:54:53.500190
1751;1859;-108;10:54:53.500190
1748;1859;-111;10:54:53.500190
1747;1858;-111;10:54:53.500190
1743;1861;-118;10:54:53.500190
1741;1857;-116;10:54:53.500190
1738;1859;-121;10:54:53.500190
1738;1859;-121;10:54:53.500190
1740;1857;-117;10:54:53.500190
1738;1853;-115;10:54:53.500190
1737;1852;-115;10:54:53.500190
1739;1856;-117;10:54:53.500190
1740;1855;-115;10:54:53.500190
1740;1852;-112;10:54:53.500190
1742;1855;-113;10:54:53.500190
1740;1858;-118;10:54:53.500190
1742;1858;-116;10:54:53.500190
1745;1856;-111;10:54:53.500190
1748;1857;-109;10:54:53.500190
1749;1858;-109;10:54:53.500190
1748;1858;-110;10:54:53.500190
1747;1860;-113;10:54:53.500190
1744;1858;-114;10:54:53.500190
1746;1862;-116;10:54:53.500190
1748;1865;-117;10:54:53.500190
1751;1864;-113;10:54:53.500190
1749;1862;-113;10:54:53.500190
1748;1862;-114;10:54:53.500190
1750;1864;-114;10:54:53.500190
1746;1862;-116;10:54:53.500190
1745;1861;-116;10:54:53.500190
1743;1861;-118;10:54:53.500190
1742;1858;-116;10:54:53.500190
1743;1852;-109;10:54:53.500190
1742;1851;-109;10:54:53.500190
1743;1847;-104;10:54:53.500190
1742;1849;-107;10:54:53.500190
1737;1849;-112;10:54:53.500190
1737;1850;-113;10:54:53.500190
1733;1850;-117;10:54:53.500190
1736;1851;-115;10:54:53.500190
1737;1854;-117;10:54:53.500190
1734;1852;-118;10:54:53.500190
1734;1854;-120;10:54:53.500190
1733;1854;-121;10:54:53.500190
1734;1851;-117;10:54:53.500190
1731;1851;-120;10:54:53.500190
1735;1852;-117;10:54:53.500190
1739;1856;-117;10:54:53.500190
1739;1853;-114;10:54:53.500190
1737;1853;-116;10:54:53.500190
1737;1854;-117;10:54:53.500190
1739;1856;-117;10:54:53.500190
1742;1855;-113;10:54:53.500190
1744;1854;-110;10:54:53.500190
1744;1858;-114;10:54:53.500190
1748;1857;-109;10:54:53.500190
1746;1860;-114;10:54:53.500190
1745;1857;-112;10:54:53.500190
1742;1857;-115;10:54:53.500190
1744;1863;-119;10:54:53.500190
1743;1862;-119;10:54:53.500190
1741;1858;-117;10:54:53.500190
1747;1858;-111;10:54:53.500190
1748;1863;-115;10:54:53.500190
1745;1859;-114;10:54:53.500190
1746;1858;-112;10:54:53.500190
1743;1856;-113;10:54:53.500190
1743;1855;-112;10:54:53.500190
1744;1855;-111;10:54:53.500190
1744;1854;-110;10:54:53.500190
1740;1856;-116;10:54:53.500190
1740;1859;-119;10:54:53.500190
1743;1859;-116;10:54:53.500190
1744;1860;-116;10:54:53.500190
1744;1858;-114;10:54:53.500190
1746;1859;-113;10:54:53.500190
1746;1859;-113;10:54:53.500190
1748;1860;-112;10:54:53.500190
1747;1859;-112;10:54:53.500190
1750;1858;-108;10:54:53.500190
1752;1861;-109;10:54:53.500190
1748;1860;-112;10:54:53.500190
1747;1860;-113;10:54:53.500190
1745;1860;-115;10:54:53.500190
1745;1860;-115;10:54:53.500190
1749;1859;-110;10:54:53.500190
1753;1862;-109;10:54:53.500190
1753;1864;-111;10:54:53.500190
1756;1870;-114;10:54:53.500190
1758;1868;-110;10:54:53.500190
1757;1873;-116;10:54:53.500190
1760;1874;-114;10:54:53.500190
1761;1874;-113;10:54:53.500190
1763;1875;-112;10:54:53.500190
1767;1875;-108;10:54:53.500190
1766;1878;-112;10:54:53.500190
1766;1876;-110;10:54:53.500190
1766;1875;-109;10:54:53.500190
1766;1871;-105;10:54:53.500190
1763;1871;-108;10:54:53.500190
1762;1874;-112;10:54:53.500190
1758;1876;-118;10:54:53.500190
1760;1878;-118;10:54:53.500190
1764;1879;-115;10:54:53.500190
1767;1878;-111;10:54:53.500190
1771;1881;-110;10:54:53.500190
1768;1882;-114;10:54:53.500190
1767;1880;-113;10:54:53.500190
1768;1876;-108;10:54:53.500190
1769;1876;-107;10:54:53.500190
1771;1874;-103;10:54:53.500190
1774;1877;-103;10:54:53.500190
1775;1881;-106;10:54:53.500190
1771;1884;-113;10:54:53.500190
1772;1885;-113;10:54:53.500190
1775;1886;-111;10:54:53.500190
1774;1890;-116;10:54:53.500190
1770;1890;-120;10:54:53.500190
1772;1888;-116;10:54:53.500190
1772;1886;-114;10:54:53.500190
1771;1885;-114;10:54:53.500190
1769;1884;-115;10:54:53.500190
1769;1884;-115;10:54:53.500190
1769;1887;-118;10:54:53.500190
1772;1887;-115;10:54:53.500190
1773;1888;-115;10:54:53.500190
1777;1886;-109;10:54:53.500190
1777;1885;-108;10:54:53.500190
1777;1883;-106;10:54:53.500190
1774;1883;-109;10:54:53.500190
1775;1884;-109;10:54:53.500190
1777;1884;-107;10:54:53.500190
1777;1879;-102;10:54:53.501183
1776;1882;-106;10:54:53.501183
1777;1883;-106;10:54:53.501183
1774;1883;-109;10:54:53.501183
1776;1884;-108;10:54:53.501183
1780;1886;-106;10:54:53.501183
1781;1885;-104;10:54:53.501183
1779;1883;-104;10:54:53.501183
1776;1887;-111;10:54:53.501183
1779;1887;-108;10:54:53.501183
1777;1884;-107;10:54:53.501183
1777;1882;-105;10:54:53.501183
1776;1880;-104;10:54:53.501183
1778;1878;-100;10:54:53.501183
1774;1879;-105;10:54:53.501183
1767;1879;-112;10:54:53.501183
1763;1876;-113;10:54:53.501183
1763;1876;-113;10:54:53.501183
1765;1870;-105;10:54:53.501183
1763;1868;-105;10:54:53.501183
1758;1867;-109;10:54:53.501183
1757;1867;-110;10:54:53.501183
1755;1868;-113;10:54:53.501183
1755;1864;-109;10:54:53.501183
1755;1863;-108;10:54:53.501183
1757;1863;-106;10:54:53.501183
1751;1866;-115;10:54:53.501183
1752;1866;-114;10:54:53.501183
1751;1867;-116;10:54:53.501183
1755;1867;-112;10:54:53.501183
1756;1867;-111;10:54:53.501183
1754;1868;-114;10:54:53.501183
1753;1866;-113;10:54:53.501183
1756;1865;-109;10:54:53.501183
1757;1864;-107;10:54:53.501183
1758;1863;-105;10:54:53.501183
1758;1860;-102;10:54:53.501183
1759;1863;-104;10:54:53.501183
1761;1865;-104;10:54:53.501183
1757;1868;-111;10:54:53.501183
1753;1867;-114;10:54:53.501183
1759;1868;-109;10:54:53.501183
1762;1865;-103;10:54:53.501183
1759;1867;-108;10:54:53.501183
1756;1870;-114;10:54:53.501183
1755;1873;-118;10:54:53.501183
1756;1868;-112;10:54:53.501183
1754;1866;-112;10:54:53.501183
1754;1866;-112;10:54:53.501183
1751;1867;-116;10:54:53.501183
1754;1864;-110;10:54:53.501183
1755;1864;-109;10:54:53.501183
1756;1860;-104;10:54:53.501183
1754;1862;-108;10:54:53.501183
1754;1861;-107;10:54:53.501183
1755;1862;-107;10:54:53.501183
1753;1860;-107;10:54:53.501183
1753;1856;-103;10:54:53.501183
1754;1859;-105;10:54:53.501183
1750;1860;-110;10:54:53.501183
1748;1857;-109;10:54:53.501183
1748;1857;-109;10:54:53.501183
1750;1857;-107;10:54:53.501183
1750;1856;-106;10:54:53.501183
1749;1857;-108;10:54:53.501183
1748;1861;-113;10:54:53.501183
1750;1863;-113;10:54:53.501183
1752;1866;-114;10:54:53.501183
1754;1867;-113;10:54:53.501183
1758;1872;-114;10:54:53.501183
1758;1873;-115;10:54:53.501183
1760;1874;-114;10:54:53.501183
1760;1876;-116;10:54:53.501183
1761;1878;-117;10:54:53.501183
1765;1880;-115;10:54:53.501183
1769;1877;-108;10:54:53.501183
1770;1877;-107;10:54:53.501183
1771;1875;-104;10:54:53.501183
1770;1874;-104;10:54:53.501183
1766;1872;-106;10:54:53.501183
1763;1870;-107;10:54:53.501183
1762;1870;-108;10:54:53.501183
1760;1870;-110;10:54:53.501183
1756;1867;-111;10:54:53.501183
1755;1865;-110;10:54:53.501183
1753;1863;-110;10:54:53.501183
1749;1862;-113;10:54:53.501183
1746;1865;-119;10:54:53.501183
1748;1865;-117;10:54:53.501183
1746;1865;-119;10:54:53.501183
1749;1866;-117;10:54:53.501183
1751;1868;-117;10:54:53.501183
1750;1868;-118;10:54:53.501183
1750;1865;-115;10:54:53.501183
1751;1864;-113;10:54:53.501183
1749;1862;-113;10:54:53.501183
1748;1860;-112;10:54:53.501183
1749;1857;-108;10:54:53.501183
1747;1855;-108;10:54:53.501183
1747;1856;-109;10:54:53.501183
1747;1854;-107;10:54:53.501183
1747;1857;-110;10:54:53.501183
1743;1858;-115;10:54:53.501183
1743;1860;-117;10:54:53.501183
1747;1861;-114;10:54:53.501183
1746;1861;-115;10:54:53.501183
1750;1863;-113;10:54:53.501183
1751;1865;-114;10:54:53.501183
1752;1867;-115;10:54:53.501183
1754;1866;-112;10:54:53.501183
1756;1867;-111;10:54:53.501183
1755;1867;-112;10:54:53.501183
1757;1870;-113;10:54:53.501183
1759;1872;-113;10:54:53.501183
1757;1873;-116;10:54:53.501183
1758;1870;-112;10:54:53.501183
1757;1869;-112;10:54:53.501183
1755;1864;-109;10:54:53.501183
1753;1862;-109;10:54:53.501183
1753;1860;-107;10:54:53.501183
1756;1865;-109;10:54:53.501183
1753;1866;-113;10:54:53.501183
1752;1863;-111;10:54:53.501183
1751;1861;-110;10:54:53.501183
1753;1863;-110;10:54:53.501183
1752;1862;-110;10:54:53.501183
1748;1863;-115;10:54:53.501183
1745;1862;-117;10:54:53.501183
1744;1862;-118;10:54:53.501183
1745;1862;-117;10:54:53.501183
1748;1861;-113;10:54:53.501183
1748;1863;-115;10:54:53.501183
1748;1858;-110;10:54:53.501183
1749;1858;-109;10:54:53.501183
1749;1861;-112;10:54:53.501183
1748;1856;-108;10:54:53.501183
1747;1858;-111;10:54:53.501183
1750;1862;-112;10:54:53.501183
1747;1864;-117;10:54:53.501183
1743;1858;-115;10:54:53.501183
1746;1857;-111;10:54:53.501183
1751;1860;-109;10:54:53.501183
1752;1863;-111;10:54:53.501183
1752;1862;-110;10:54:53.501183
1755;1867;-112;10:54:53.501183
1751;1867;-116;10:54:53.501183
1757;1864;-107;10:54:53.501183
1757;1865;-108;10:54:53.501183
1758;1867;-109;10:54:53.501183
1762;1872;-110;10:54:53.501183
1762;1873;-111;10:54:53.501183
1762;1875;-113;10:54:53.501183
1764;1872;-108;10:54:53.501183
1765;1869;-104;10:54:53.501183
1765;1873;-108;10:54:53.501183
1767;1878;-111;10:54:53.501183
1769;1878;-109;10:54:53.501183
1768;1874;-106;10:54:53.501183
1766;1875;-109;10:54:53.501183
1769;1871;-102;10:54:53.501183
1767;1873;-106;10:54:53.501183
1767;1873;-106;10:54:53.501183
1767;1873;-106;10:54:53.501183
1768;1872;-104;10:54:53.501183
1768;1870;-102;10:54:53.501183
1763;1872;-109;10:54:53.501183
1760;1874;-114;10:54:53.501183
1761;1875;-114;10:54:53.501183
1763;1875;-112;10:54:53.501183
1761;1875;-114;10:54:53.501183
1759;1875;-116;10:54:53.501183
1759;1875;-116;10:54:53.501183
1758;1873;-115;10:54:53.501183
1758;1873;-115;10:54:53.501183
1760;1871;-111;10:54:53.501183
1763;1873;-110;10:54:53.501183
1767;1873;-106;10:54:53.501183
1767;1875;-108;10:54:53.501183
1769;1878;-109;10:54:53.501183
1770;1881;-111;10:54:53.501183
1770;1884;-114;10:54:53.501183
1772;1880;-108;10:54:53.501183
1773;1882;-109;10:54:53.501183
1772;1886;-114;10:54:53.501183
1773;1889;-116;10:54:53.501183
1777;1890;-113;10:54:53.501183
1781;1889;-108;10:54:53.501183
1779;1888;-109;10:54:53.501183
1779;1889;-110;10:54:53.501183
1774;1884;-110;10:54:53.501183
1774;1885;-111;10:54:53.501183
1773;1883;-110;10:54:53.501183
1776;1882;-106;10:54:53.501183
1778;1883;-105;10:54:53.501183
1779;1881;-102;10:54:53.501183
1780;1883;-103;10:54:53.501183
1778;1879;-101;10:54:53.501183
1775;1882;-107;10:54:53.501183
1773;1880;-107;10:54:53.501183
1776;1880;-104;10:54:53.501183
1775;1879;-104;10:54:53.501183
1772;1879;-107;10:54:53.501183
1768;1880;-112;10:54:53.501183
1764;1878;-114;10:54:53.501183
1760;1874;-114;10:54:53.501183
1759;1869;-110;10:54:53.501183
1757;1868;-111;10:54:53.501183
1756;1867;-111;10:54:53.501183
1752;1867;-115;10:54:53.501183
1749;1869;-120;10:54:53.501183
1750;1872;-122;10:54:53.501183
1748;1871;-123;10:54:53.501183
1752;1865;-113;10:54:53.501183
1751;1865;-114;10:54:53.501183
1751;1866;-115;10:54:53.501183
1756;1867;-111;10:54:53.501183
1756;1869;-113;10:54:53.501183
1757;1868;-111;10:54:53.501183
1760;1868;-108;10:54:53.501183
1759;1867;-108;10:54:53.501183
1757;1868;-111;10:54:53.501183
1755;1869;-114;10:54:53.501183
1751;1869;-118;10:54:53.501183
1749;1867;-118;10:54:53.501183
1751;1865;-114;10:54:53.501183
1750;1864;-114;10:54:53.501183
1747;1861;-114;10:54:53.501183
1748;1857;-109;10:54:53.501183
1747;1855;-108;10:54:53.501183
1744;1855;-111;10:54:53.501183
1745;1857;-112;10:54:53.501183
1747;1857;-110;10:54:53.501183
1749;1857;-108;10:54:53.501183
1750;1855;-105;10:54:53.501183
1747;1857;-110;10:54:53.501183
1747;1859;-112;10:54:53.501183
1751;1861;-110;10:54:53.501183
1749;1860;-111;10:54:53.501183
1750;1858;-108;10:54:53.501183
1752;1861;-109;10:54:53.501183
1752;1863;-111;10:54:53.501183
1748;1866;-118;10:54:53.501183
1749;1867;-118;10:54:53.501183
1752;1865;-113;10:54:53.501183
1754;1866;-112;10:54:53.501183
1750;1863;-113;10:54:53.501183
1750;1859;-109;10:54:53.501183
1748;1861;-113;10:54:53.501183
1747;1859;-112;10:54:53.501183
1747;1857;-110;10:54:53.501183
1749;1859;-110;10:54:53.501183
1751;1858;-107;10:54:53.501183
1753;1857;-104;10:54:53.501183
1754;1857;-103;10:54:53.501183
1752;1857;-105;10:54:53.501183
1754;1860;-106;10:54:53.501183
1756;1861;-105;10:54:53.501183
1757;1864;-107;10:54:53.501183
1755;1863;-108;10:54:53.501183
1755;1864;-109;10:54:53.501183
1756;1861;-105;10:54:53.501183
1758;1861;-103;10:54:53.501183
1753;1859;-106;10:54:53.501183
1752;1864;-112;10:54:53.501183
1753;1862;-109;10:54:53.501183
1756;1863;-107;10:54:53.501183
1756;1860;-104;10:54:53.501183
1759;1863;-104;10:54:53.501183
1759;1861;-102;10:54:53.501183
1757;1859;-102;10:54:53.501183
1756;1857;-101;10:54:53.501183
1752;1860;-108;10:54:53.501183
1751;1865;-114;10:54:53.501183
1753;1865;-112;10:54:53.501183
1755;1865;-110;10:54:53.501183
1756;1865;-109;10:54:53.501183
1757;1868;-111;10:54:53.501183
1758;1871;-113;10:54:53.501183
1760;1873;-113;10:54:53.501183
1763;1873;-110;10:54:53.501183
1767;1873;-106;10:54:53.501183
1767;1872;-105;10:54:53.501183
1767;1871;-104;10:54:53.501183
1769;1873;-104;10:54:53.501183
1766;1875;-109;10:54:53.501183
1765;1875;-110;10:54:53.501183
1767;1876;-109;10:54:53.501183
1766;1876;-110;10:54:53.501183
1763;1876;-113;10:54:53.501183
1766;1878;-112;10:54:53.501183
1765;1878;-113;10:54:53.501183
1767;1878;-111;10:54:53.501183
1769;1878;-109;10:54:53.501183
1771;1879;-108;10:54:53.501183
1770;1880;-110;10:54:53.501183
1771;1880;-109;10:54:53.501183
1772;1882;-110;10:54:53.501183
1774;1878;-104;10:54:53.501183
1773;1879;-106;10:54:53.501183
1776;1883;-107;10:54:53.501183
1776;1887;-111;10:54:53.501183
1777;1882;-105;10:54:53.501183
1774;1879;-105;10:54:53.501183
1771;1875;-104;10:54:53.501183
1771;1876;-105;10:54:53.501183
1768;1877;-109;10:54:53.501183
1767;1880;-113;10:54:53.501183
1764;1879;-115;10:54:53.501183
1763;1880;-117;10:54:53.501183
1764;1879;-115;10:54:53.501183
1764;1878;-114;10:54:53.501183
1765;1879;-114;10:54:53.501183
1765;1882;-117;10:54:53.501183
1767;1884;-117;10:54:53.501183
1767;1882;-115;10:54:53.501183
1770;1884;-114;10:54:53.501183
1775;1883;-108;10:54:53.501183
1778;1883;-105;10:54:53.501183
1775;1882;-107;10:54:53.501183
1773;1883;-110;10:54:53.501183
1773;1883;-110;10:54:53.501183
1774;1884;-110;10:54:53.501183
1774;1886;-112;10:54:53.501183
1774;1889;-115;10:54:53.501183
1772;1890;-118;10:54:53.501183
1773;1887;-114;10:54:53.501183
1772;1884;-112;10:54:53.501183
1771;1879;-108;10:54:53.501183
1769;1879;-110;10:54:53.501183
1768;1874;-106;10:54:53.501183
1766;1872;-106;10:54:53.501183
1759;1868;-109;10:54:53.501183
1759;1866;-107;10:54:53.501183
1759;1866;-107;10:54:53.501183
1759;1867;-108;10:54:53.501183
1757;1865;-108;10:54:53.501183
1760;1867;-107;10:54:53.501183
1757;1866;-109;10:54:53.501183
1757;1865;-108;10:54:53.501183
1755;1864;-109;10:54:53.501183
1750;1863;-113;10:54:53.501183
1753;1865;-112;10:54:53.501183
1754;1868;-114;10:54:53.501183
1753;1869;-116;10:54:53.501183
1755;1866;-111;10:54:53.501183
1751;1864;-113;10:54:53.501183
1753;1862;-109;10:54:53.501183
1754;1860;-106;10:54:53.501183
1750;1861;-111;10:54:53.501183
1751;1861;-110;10:54:53.501183
1747;1863;-116;10:54:53.501183
1747;1862;-115;10:54:53.501183
1746;1862;-116;10:54:53.501183
1742;1861;-119;10:54:53.501183
1736;1860;-124;10:54:53.501183
1739;1856;-117;10:54:53.501183
1744;1856;-112;10:54:53.501183
1745;1856;-111;10:54:53.501183
1742;1856;-114;10:54:53.501183
1742;1860;-118;10:54:53.501183
1744;1856;-112;10:54:53.501183
1747;1855;-108;10:54:53.501183
1752;1854;-102;10:54:53.501183
1753;1857;-104;10:54:53.501183
1750;1858;-108;10:54:53.501183
1746;1862;-116;10:54:53.501183
1745;1862;-117;10:54:53.501183
1747;1859;-112;10:54:53.501183
1749;1858;-109;10:54:53.501183
1750;1860;-110;10:54:53.501183
1748;1861;-113;10:54:53.501183
1747;1859;-112;10:54:53.501183
1747;1857;-110;10:54:53.501183
1743;1857;-114;10:54:53.501183
1742;1855;-113;10:54:53.501183
1743;1857;-114;10:54:53.501183
1741;1856;-115;10:54:53.501183
1740;1853;-113;10:54:53.501183
1739;1850;-111;10:54:53.501183
1743;1851;-108;10:54:53.501183
1745;1851;-106;10:54:53.501183
1744;1854;-110;10:54:53.501183
1743;1854;-111;10:54:53.501183
1742;1851;-109;10:54:53.501183
1743;1853;-110;10:54:53.501183
1742;1852;-110;10:54:53.501183
1742;1854;-112;10:54:53.501183
1739;1855;-116;10:54:53.501183
1740;1854;-114;10:54:53.501183
1743;1855;-112;10:54:53.501183
1746;1858;-112;10:54:53.501183
1749;1859;-110;10:54:53.501183
1754;1863;-109;10:54:53.501183
1752;1865;-113;10:54:53.501183
1753;1864;-111;10:54:53.501183
1757;1868;-111;10:54:53.501183
1759;1870;-111;10:54:53.501183
1764;1871;-107;10:54:53.501183
1766;1875;-109;10:54:53.501183
1767;1877;-110;10:54:53.501183
1767;1880;-113;10:54:53.501183
1770;1879;-109;10:54:53.501183
1775;1877;-102;10:54:53.501183
1772;1876;-104;10:54:53.501183
1769;1873;-104;10:54:53.501183
1766;1873;-107;10:54:53.501183
1762;1871;-109;10:54:53.501183
1760;1869;-109;10:54:53.501183
1761;1866;-105;10:54:53.501183
1758;1866;-108;10:54:53.501183
1752;1862;-110;10:54:53.501183
1749;1860;-111;10:54:53.501183
1751;1861;-110;10:54:53.501183
1754;1861;-107;10:54:53.501183
1754;1860;-106;10:54:53.501183
1753;1860;-107;10:54:53.501183
1751;1864;-113;10:54:53.501183
1753;1867;-114;10:54:53.501183
1756;1869;-113;10:54:53.501183
1760;1869;-109;10:54:53.501183
1760;1868;-108;10:54:53.501183
1758;1869;-111;10:54:53.501183
1757;1873;-116;10:54:53.501183
1758;1875;-117;10:54:53.501183
1758;1876;-118;10:54:53.501183
1763;1876;-113;10:54:53.501183
1766;1875;-109;10:54:53.501183
1765;1874;-109;10:54:53.501183
1762;1872;-110;10:54:53.501183
1760;1872;-112;10:54:53.501183
1761;1871;-110;10:54:53.501183
1762;1872;-110;10:54:53.501183
1761;1873;-112;10:54:53.501183
1760;1874;-114;10:54:53.501183
1762;1877;-115;10:54:53.501183
1762;1877;-115;10:54:53.501183
1765;1877;-112;10:54:53.501183
1764;1876;-112;10:54:53.501183
1765;1874;-109;10:54:53.501183
1765;1871;-106;10:54:53.501183
1761;1872;-111;10:54:53.501183
1761;1871;-110;10:54:53.501183
1764;1870;-106;10:54:53.501183
1764;1868;-104;10:54:53.501183
1762;1869;-107;10:54:53.501183
1761;1869;-108;10:54:53.501183
1758;1869;-111;10:54:53.501183
1759;1868;-109;10:54:53.501183
1759;1865;-106;10:54:53.501183
1757;1866;-109;10:54:53.501183
1758;1868;-110;10:54:53.501183
1758;1871;-113;10:54:53.501183
1758;1867;-109;10:54:53.501183
1756;1866;-110;10:54:53.501183
1755;1863;-108;10:54:53.501183
1752;1864;-112;10:54:53.501183
1749;1864;-115;10:54:53.501183
1751;1864;-113;10:54:53.501183
1751;1864;-113;10:54:53.501183
1753;1864;-111;10:54:53.501183
1755;1865;-110;10:54:53.501183
1757;1866;-109;10:54:53.501183
1754;1868;-114;10:54:53.501183
1758;1869;-111;10:54:53.501183
1761;1870;-109;10:54:53.501183
1761;1869;-108;10:54:53.501183
1764;1869;-105;10:54:53.501183
1764;1871;-107;10:54:53.501183
1762;1871;-109;10:54:53.501183
1762;1873;-111;10:54:53.501183
1763;1875;-112;10:54:53.501183
1761;1875;-114;10:54:53.501183
1758;1871;-113;10:54:53.501183
1760;1871;-111;10:54:53.501183
1766;1874;-108;10:54:53.501183
1768;1875;-107;10:54:53.501183
1767;1877;-110;10:54:53.501183
1770;1881;-111;10:54:53.501183
1772;1883;-111;10:54:53.501183
1772;1882;-110;10:54:53.501183
1776;1882;-106;10:54:53.501183
1775;1881;-106;10:54:53.501183
1772;1882;-110;10:54:53.501183
1772;1882;-110;10:54:53.501183
1774;1883;-109;10:54:53.501183
1772;1881;-109;10:54:53.501183
1768;1877;-109;10:54:53.501183
1767;1877;-110;10:54:53.501183
1769;1873;-104;10:54:53.501183
1767;1872;-105;10:54:53.501183
1764;1871;-107;10:54:53.501183
1760;1870;-110;10:54:53.501183
1754;1868;-114;10:54:53.501183
1754;1869;-115;10:54:53.501183
1753;1869;-116;10:54:53.501183
1751;1868;-117;10:54:53.501183
1751;1870;-119;10:54:53.501183
1753;1869;-116;10:54:53.501183
1750;1867;-117;10:54:53.501183
1752;1864;-112;10:54:53.501183
1754;1866;-112;10:54:53.501183
1753;1866;-113;10:54:53.501183
1753;1864;-111;10:54:53.501183
1755;1866;-111;10:54:53.501183
1756;1866;-110;10:54:53.501183
1757;1865;-108;10:54:53.501183
1757;1862;-105;10:54:53.501183
1757;1869;-112;10:54:53.501183
1760;1870;-110;10:54:53.501183
1763;1871;-108;10:54:53.501183
1764;1874;-110;10:54:53.606906
1766;1875;-109;10:54:53.606906
1770;1880;-110;10:54:53.606906
1773;1878;-105;10:54:53.606906
1775;1880;-105;10:54:53.606906
1776;1882;-106;10:54:53.606906
1777;1886;-109;10:54:53.606906
1776;1887;-111;10:54:53.606906
1777;1886;-109;10:54:53.606906
1780;1887;-107;10:54:53.606906
1780;1884;-104;10:54:53.606906
1780;1882;-102;10:54:53.606906
1779;1880;-101;10:54:53.606906
1774;1881;-107;10:54:53.606906
1768;1877;-109;10:54:53.606906
1765;1871;-106;10:54:53.606906
1764;1866;-102;10:54:53.606906
1762;1864;-102;10:54:53.606906
1758;1864;-106;10:54:53.606906
1756;1864;-108;10:54:53.606906
1753;1865;-112;10:54:53.606906
1751;1863;-112;10:54:53.606906
1751;1860;-109;10:54:53.606906
1750;1861;-111;10:54:53.606906
1751;1860;-109;10:54:53.606906
1752;1863;-111;10:54:53.606906
1753;1864;-111;10:54:53.606906
1753;1862;-109;10:54:53.606906
1753;1860;-107;10:54:53.606906
1754;1862;-108;10:54:53.606906
1751;1864;-113;10:54:53.606906
1751;1864;-113;10:54:53.606906
1751;1861;-110;10:54:53.606906
1750;1858;-108;10:54:53.606906
1748;1854;-106;10:54:53.606906
1742;1853;-111;10:54:53.606906
1740;1851;-111;10:54:53.606906
1737;1850;-113;10:54:53.606906
1737;1848;-111;10:54:53.606906
1734;1845;-111;10:54:53.606906
1731;1844;-113;10:54:53.606906
1729;1843;-114;10:54:53.606906
1729;1844;-115;10:54:53.606906
1730;1840;-110;10:54:53.606906
1734;1840;-106;10:54:53.606906
1737;1842;-105;10:54:53.606906
1737;1844;-107;10:54:53.606906
1735;1848;-113;10:54:53.606906
1736;1846;-110;10:54:53.606906
1736;1844;-108;10:54:53.606906
1736;1843;-107;10:54:53.606906
1734;1843;-109;10:54:53.606906
1733;1844;-111;10:54:53.606906
1734;1844;-110;10:54:53.606906
1729;1841;-112;10:54:53.606906
1725;1835;-110;10:54:53.606906
1721;1835;-114;10:54:53.606906
1720;1833;-113;10:54:53.606906
1720;1836;-116;10:54:53.606906
1718;1835;-117;10:54:53.606906
1716;1832;-116;10:54:53.606906
1717;1835;-118;10:54:53.606906
1716;1837;-121;10:54:53.606906
1718;1839;-121;10:54:53.606906
1719;1839;-120;10:54:53.606906
1720;1839;-119;10:54:53.606906
1721;1837;-116;10:54:53.606906
1720;1840;-120;10:54:53.606906
1723;1841;-118;10:54:53.606906
1724;1845;-121;10:54:53.606906
1728;1844;-116;10:54:53.606906
1733;1848;-115;10:54:53.606906
1735;1849;-114;10:54:53.606906
1735;1846;-111;10:54:53.606906
1733;1847;-114;10:54:53.606906
1735;1846;-111;10:54:53.606906
1735;1849;-114;10:54:53.606906
1737;1849;-112;10:54:53.606906
1738;1851;-113;10:54:53.606906
1740;1853;-113;10:54:53.606906
1741;1856;-115;10:54:53.606906
1743;1861;-118;10:54:53.606906
1745;1863;-118;10:54:53.606906
1751;1863;-112;10:54:53.606906
1755;1864;-109;10:54:53.606906
1756;1865;-109;10:54:53.606906
1756;1866;-110;10:54:53.606906
1758;1866;-108;10:54:53.606906
1761;1865;-104;10:54:53.606906
1760;1868;-108;10:54:53.606906
1765;1872;-107;10:54:53.606906
1763;1875;-112;10:54:53.606906
1760;1872;-112;10:54:53.606906
1761;1871;-110;10:54:53.606906
1763;1871;-108;10:54:53.606906
1764;1871;-107;10:54:53.606906
1765;1869;-104;10:54:53.606906
1764;1871;-107;10:54:53.606906
1763;1873;-110;10:54:53.606906
1763;1871;-108;10:54:53.606906
1764;1872;-108;10:54:53.606906
1760;1872;-112;10:54:53.606906
1760;1870;-110;10:54:53.606906
1762;1872;-110;10:54:53.606906
1765;1874;-109;10:54:53.606906
1764;1874;-110;10:54:53.606906
1766;1878;-112;10:54:53.606906
1765;1880;-115;10:54:53.606906
1764;1879;-115;10:54:53.606906
1767;1877;-110;10:54:53.606906
1771;1877;-106;10:54:53.606906
1771;1882;-111;10:54:53.606906
1774;1882;-108;10:54:53.606906
1778;1881;-103;10:54:53.606906
1776;1877;-101;10:54:53.606906
1776;1878;-102;10:54:53.606906
1778;1880;-102;10:54:53.606906
1779;1888;-109;10:54:53.606906
1778;1892;-114;10:54:53.606906
1780;1897;-117;10:54:53.606906
1785;1897;-112;10:54:53.606906
1790;1900;-110;10:54:53.606906
1791;1903;-112;10:54:53.606906
1793;1905;-112;10:54:53.606906
1794;1906;-112;10:54:53.606906
1795;1905;-110;10:54:53.606906
1796;1902;-106;10:54:53.606906
1796;1899;-103;10:54:53.606906
1796;1901;-105;10:54:53.606906
1792;1902;-110;10:54:53.606906
1790;1896;-106;10:54:53.606906
1786;1888;-102;10:54:53.606906
1784;1884;-100;10:54:53.606906
1785;1883;-98;10:54:53.606906
1782;1883;-101;10:54:53.606906
1779;1882;-103;10:54:53.606906
1778;1882;-104;10:54:53.606906
1777;1880;-103;10:54:53.606906
1775;1881;-106;10:54:53.606906
1774;1883;-109;10:54:53.606906
1775;1886;-111;10:54:53.606906
1777;1888;-111;10:54:53.606906
1778;1892;-114;10:54:53.606906
1779;1892;-113;10:54:53.606906
1783;1890;-107;10:54:53.606906
1784;1889;-105;10:54:53.606906
1785;1888;-103;10:54:53.606906
1787;1893;-106;10:54:53.606906
1787;1894;-107;10:54:53.606906
1787;1891;-104;10:54:53.606906
1789;1891;-102;10:54:53.606906
1782;1890;-108;10:54:53.606906
1781;1888;-107;10:54:53.606906
1778;1889;-111;10:54:53.606906
1776;1888;-112;10:54:53.606906
1774;1888;-114;10:54:53.606906
1776;1889;-113;10:54:53.606906
1774;1886;-112;10:54:53.606906
1772;1883;-111;10:54:53.606906
1773;1881;-108;10:54:53.606906
1775;1877;-102;10:54:53.606906
1775;1876;-101;10:54:53.606906
1771;1873;-102;10:54:53.606906
1774;1876;-102;10:54:53.606906
1773;1876;-103;10:54:53.606906
1771;1874;-103;10:54:53.606906
1771;1874;-103;10:54:53.606906
1772;1874;-102;10:54:53.606906
1769;1875;-106;10:54:53.606906
1767;1876;-109;10:54:53.606906
1765;1874;-109;10:54:53.606906
1760;1873;-113;10:54:53.606906
1762;1874;-112;10:54:53.606906
1763;1875;-112;10:54:53.606906
1761;1875;-114;10:54:53.606906
1759;1867;-108;10:54:53.606906
1761;1867;-106;10:54:53.606906
1759;1869;-110;10:54:53.606906
1759;1863;-104;10:54:53.606906
1757;1863;-106;10:54:53.606906
1756;1864;-108;10:54:53.606906
1754;1864;-110;10:54:53.606906
1751;1862;-111;10:54:53.606906
1749;1862;-113;10:54:53.606906
1750;1861;-111;10:54:53.606906
1751;1861;-110;10:54:53.606906
1750;1862;-112;10:54:53.606906
1748;1858;-110;10:54:53.606906
1750;1858;-108;10:54:53.606906
1748;1856;-108;10:54:53.606906
1751;1856;-105;10:54:53.606906
1750;1855;-105;10:54:53.606906
1750;1855;-105;10:54:53.606906
1748;1858;-110;10:54:53.606906
1747;1856;-109;10:54:53.606906
1748;1855;-107;10:54:53.606906
1752;1857;-105;10:54:53.606906
1752;1857;-105;10:54:53.606906
1751;1857;-106;10:54:53.606906
1754;1859;-105;10:54:53.606906
1753;1861;-108;10:54:53.606906
1749;1861;-112;10:54:53.606906
1750;1862;-112;10:54:53.606906
1750;1862;-112;10:54:53.606906
1749;1859;-110;10:54:53.606906
1750;1863;-113;10:54:53.606906
1751;1862;-111;10:54:53.606906
1752;1857;-105;10:54:53.606906
1751;1854;-103;10:54:53.606906
1750;1852;-102;10:54:53.606906
1746;1849;-103;10:54:53.606906
1742;1850;-108;10:54:53.606906
1741;1853;-112;10:54:53.606906
1743;1856;-113;10:54:53.606906
1745;1854;-109;10:54:53.606906
1744;1853;-109;10:54:53.606906
1742;1851;-109;10:54:53.606906
1741;1849;-108;10:54:53.606906
1743;1854;-111;10:54:53.606906
1746;1857;-111;10:54:53.606906
1749;1859;-110;10:54:53.606906
1751;1859;-108;10:54:53.606906
1754;1863;-109;10:54:53.606906
1753;1862;-109;10:54:53.606906
1752;1861;-109;10:54:53.606906
1755;1860;-105;10:54:53.606906
1754;1865;-111;10:54:53.606906
1753;1863;-110;10:54:53.606906
1755;1865;-110;10:54:53.606906
1756;1866;-110;10:54:53.606906
1760;1866;-106;10:54:53.606906
1761;1867;-106;10:54:53.606906
1763;1867;-104;10:54:53.606906
1764;1866;-102;10:54:53.606906
1764;1866;-102;10:54:53.606906
1764;1869;-105;10:54:53.606906
1764;1870;-106;10:54:53.606906
1763;1869;-106;10:54:53.606906
1765;1871;-106;10:54:53.606906
1766;1874;-108;10:54:53.606906
1767;1873;-106;10:54:53.606906
1765;1873;-108;10:54:53.606906
1761;1872;-111;10:54:53.606906
1757;1871;-114;10:54:53.606906
1754;1866;-112;10:54:53.606906
1755;1864;-109;10:54:53.606906
1754;1860;-106;10:54:53.606906
1751;1858;-107;10:54:53.606906
1751;1855;-104;10:54:53.606906
1747;1854;-107;10:54:53.606906
1742;1853;-111;10:54:53.606906
1741;1854;-113;10:54:53.606906
1745;1856;-111;10:54:53.606906
1743;1852;-109;10:54:53.606906
1742;1851;-109;10:54:53.606906
1744;1854;-110;10:54:53.627849
1746;1854;-108;10:54:53.627849
1746;1854;-108;10:54:53.627849
1745;1853;-108;10:54:53.627849
1747;1855;-108;10:54:53.627849
1748;1856;-108;10:54:53.627849
1748;1858;-110;10:54:53.627849
1747;1862;-115;10:54:53.627849
1747;1862;-115;10:54:53.627849
1749;1858;-109;10:54:53.627849
1747;1854;-107;10:54:53.627849
1746;1855;-109;10:54:53.627849
1746;1857;-111;10:54:53.627849
1745;1858;-113;10:54:53.627849
1745;1856;-111;10:54:53.627849
1748;1856;-108;10:54:53.627849
1749;1855;-106;10:54:53.627849
1749;1855;-106;10:54:53.627849
1749;1856;-107;10:54:53.627849
1748;1855;-107;10:54:53.627849
1744;1856;-112;10:54:53.627849
1748;1856;-108;10:54:53.627849
1751;1858;-107;10:54:53.627849
1753;1858;-105;10:54:53.627849
1754;1859;-105;10:54:53.627849
1750;1858;-108;10:54:53.627849
1751;1859;-108;10:54:53.627849
1752;1860;-108;10:54:53.627849
1756;1861;-105;10:54:53.627849
1754;1859;-105;10:54:53.627849
1754;1859;-105;10:54:53.627849
1752;1858;-106;10:54:53.627849
1753;1860;-107;10:54:53.627849
1751;1859;-108;10:54:53.627849
1751;1858;-107;10:54:53.627849
1753;1860;-107;10:54:53.627849
1758;1863;-105;10:54:53.627849
1761;1864;-103;10:54:53.627849
1760;1868;-108;10:54:53.627849
1760;1869;-109;10:54:53.627849
1762;1871;-109;10:54:53.627849
1764;1871;-107;10:54:53.627849
1766;1872;-106;10:54:53.627849
1766;1874;-108;10:54:53.627849
1766;1877;-111;10:54:53.627849
1768;1875;-107;10:54:53.627849
1770;1875;-105;10:54:53.627849
1770;1876;-106;10:54:53.627849
1767;1876;-109;10:54:53.627849
1767;1875;-108;10:54:53.627849
1765;1877;-112;10:54:53.627849
1769;1877;-108;10:54:53.627849
1773;1878;-105;10:54:53.627849
1776;1879;-103;10:54:53.627849
1776;1880;-104;10:54:53.627849
1781;1880;-99;10:54:53.627849
1784;1883;-99;10:54:53.627849
1784;1883;-99;10:54:53.627849
1783;1881;-98;10:54:53.627849
1782;1883;-101;10:54:53.627849
1783;1885;-102;10:54:53.627849
1784;1890;-106;10:54:53.627849
1782;1892;-110;10:54:53.627849
1781;1889;-108;10:54:53.627849
1780;1888;-108;10:54:53.627849
1779;1888;-109;10:54:53.627849
1778;1890;-112;10:54:53.627849
1779;1890;-111;10:54:53.627849
1782;1891;-109;10:54:53.627849
1781;1888;-107;10:54:53.627849
1777;1884;-107;10:54:53.627849
1775;1885;-110;10:54:53.627849
1777;1886;-109;10:54:53.627849
1779;1886;-107;10:54:53.627849
1779;1886;-107;10:54:53.627849
1778;1888;-110;10:54:53.627849
1780;1885;-105;10:54:53.627849
1781;1884;-103;10:54:53.627849
1783;1881;-98;10:54:53.627849
1780;1882;-102;10:54:53.627849
1777;1881;-104;10:54:53.627849
1776;1881;-105;10:54:53.627849
1773;1881;-108;10:54:53.627849
1770;1881;-111;10:54:53.627849
1772;1883;-111;10:54:53.627849
1771;1884;-113;10:54:53.627849
1772;1882;-110;10:54:53.627849
1771;1880;-109;10:54:53.627849
1772;1883;-111;10:54:53.627849
1774;1887;-113;10:54:53.627849
1779;1886;-107;10:54:53.627849
1782;1889;-107;10:54:53.627849
1781;1887;-106;10:54:53.627849
1782;1886;-104;10:54:53.627849
1783;1885;-102;10:54:53.627849
1779;1888;-109;10:54:53.627849
1776;1885;-109;10:54:53.627849
1775;1885;-110;10:54:53.627849
1777;1885;-108;10:54:53.627849
1775;1884;-109;10:54:53.627849
1771;1879;-108;10:54:53.627849
1768;1881;-113;10:54:53.627849
1766;1878;-112;10:54:53.627849
1765;1876;-111;10:54:53.627849
1763;1876;-113;10:54:53.627849
1763;1870;-107;10:54:53.627849
1765;1868;-103;10:54:53.627849
1761;1870;-109;10:54:53.627849
1760;1869;-109;10:54:53.627849
1759;1870;-111;10:54:53.627849
1758;1869;-111;10:54:53.627849
1760;1871;-111;10:54:53.627849
1758;1869;-111;10:54:53.627849
1754;1868;-114;10:54:53.627849
1754;1867;-113;10:54:53.627849
1753;1867;-114;10:54:53.627849
1755;1865;-110;10:54:53.627849
1755;1863;-108;10:54:53.627849
1753;1862;-109;10:54:53.627849
1748;1860;-112;10:54:53.627849
1745;1857;-112;10:54:53.627849
1747;1857;-110;10:54:53.627849
1745;1854;-109;10:54:53.627849
1745;1854;-109;10:54:53.627849
1743;1854;-111;10:54:53.627849
1739;1855;-116;10:54:53.627849
1739;1854;-115;10:54:53.627849
1741;1854;-113;10:54:53.627849
1745;1853;-108;10:54:53.627849
1746;1857;-111;10:54:53.627849
1746;1858;-112;10:54:53.627849
1744;1858;-114;10:54:53.627849
1744;1861;-117;10:54:53.627849
1747;1858;-111;10:54:53.627849
1747;1856;-109;10:54:53.627849
1743;1858;-115;10:54:53.627849
1743;1857;-114;10:54:53.627849
1743;1854;-111;10:54:53.627849
1740;1851;-111;10:54:53.627849
1736;1851;-115;10:54:53.627849
1736;1850;-114;10:54:53.627849
1735;1847;-112;10:54:53.627849
1731;1846;-115;10:54:53.627849
1732;1844;-112;10:54:53.627849
1732;1842;-110;10:54:53.627849
1726;1839;-113;10:54:53.627849
1728;1840;-112;10:54:53.627849
1729;1842;-113;10:54:53.627849
1726;1840;-114;10:54:53.627849
1726;1841;-115;10:54:53.627849
1729;1841;-112;10:54:53.627849
1729;1841;-112;10:54:53.627849
1726;1841;-115;10:54:53.627849
1727;1840;-113;10:54:53.627849
1728;1842;-114;10:54:53.627849
1731;1844;-113;10:54:53.627849
1734;1844;-110;10:54:53.627849
1733;1846;-113;10:54:53.627849
1734;1846;-112;10:54:53.627849
1738;1849;-111;10:54:53.627849
1740;1855;-115;10:54:53.627849
1739;1857;-118;10:54:53.627849
1740;1857;-117;10:54:53.627849
1741;1857;-116;10:54:53.627849
1743;1858;-115;10:54:53.627849
1744;1859;-115;10:54:53.627849
1747;1862;-115;10:54:53.627849
1749;1864;-115;10:54:53.627849
1751;1860;-109;10:54:53.627849
1752;1861;-109;10:54:53.627849
1754;1862;-108;10:54:53.627849
1753;1864;-111;10:54:53.627849
1757;1865;-108;10:54:53.627849
1760;1869;-109;10:54:53.627849
1760;1869;-109;10:54:53.627849
1760;1869;-109;10:54:53.627849
1759;1870;-111;10:54:53.627849
1757;1873;-116;10:54:53.627849
1757;1871;-114;10:54:53.627849
1759;1870;-111;10:54:53.627849
1758;1871;-113;10:54:53.627849
1757;1870;-113;10:54:53.627849
1756;1871;-115;10:54:53.627849
1758;1872;-114;10:54:53.627849
1760;1873;-113;10:54:53.627849
1763;1872;-109;10:54:53.627849
1763;1872;-109;10:54:53.627849
1765;1872;-107;10:54:53.627849
1766;1872;-106;10:54:53.627849
1769;1876;-107;10:54:53.627849
1773;1879;-106;10:54:53.627849
1771;1881;-110;10:54:53.627849
1769;1879;-110;10:54:53.627849
1768;1877;-109;10:54:53.627849
1767;1878;-111;10:54:53.627849
1770;1879;-109;10:54:53.627849
1774;1882;-108;10:54:53.627849
1771;1885;-114;10:54:53.627849
1767;1884;-117;10:54:53.627849
1766;1886;-120;10:54:53.627849
1766;1883;-117;10:54:53.627849
1770;1882;-112;10:54:53.627849
1774;1883;-109;10:54:53.627849
1775;1886;-111;10:54:53.627849
1776;1888;-112;10:54:53.627849
1778;1890;-112;10:54:53.627849
1779;1890;-111;10:54:53.627849
1780;1891;-111;10:54:53.627849
1784;1891;-107;10:54:53.627849
1786;1891;-105;10:54:53.627849
1787;1890;-103;10:54:53.627849
1786;1886;-100;10:54:53.627849
1790;1889;-99;10:54:53.627849
1788;1891;-103;10:54:53.627849
1785;1888;-103;10:54:53.627849
1781;1885;-104;10:54:53.627849
1777;1883;-106;10:54:53.627849
1774;1877;-103;10:54:53.627849
1773;1876;-103;10:54:53.627849
1768;1879;-111;10:54:53.627849
1762;1877;-115;10:54:53.627849
1762;1875;-113;10:54:53.627849
1763;1873;-110;10:54:53.627849
1761;1869;-108;10:54:53.627849
1756;1868;-112;10:54:53.627849
1755;1869;-114;10:54:53.627849
1757;1872;-115;10:54:53.627849
1757;1870;-113;10:54:53.627849
1761;1868;-107;10:54:53.627849
1759;1868;-109;10:54:53.627849
1757;1865;-108;10:54:53.627849
1755;1862;-107;10:54:53.627849
1755;1864;-109;10:54:53.627849
1755;1865;-110;10:54:53.627849
1754;1867;-113;10:54:53.627849
1756;1863;-107;10:54:53.627849
1754;1862;-108;10:54:53.627849
1752;1861;-109;10:54:53.627849
1752;1862;-110;10:54:53.627849
1753;1859;-106;10:54:53.627849
1751;1857;-106;10:54:53.627849
1751;1857;-106;10:54:53.627849
1752;1858;-106;10:54:53.627849
1753;1859;-106;10:54:53.627849
1751;1859;-108;10:54:53.627849
1749;1856;-107;10:54:53.627849
1747;1854;-107;10:54:53.627849
1746;1856;-110;10:54:53.627849
1747;1857;-110;10:54:53.627849
1747;1856;-109;10:54:53.627849
1747;1855;-108;10:54:53.627849
1750;1857;-107;10:54:53.627849
1751;1861;-110;10:54:53.627849
1749;1859;-110;10:54:53.627849
1750;1856;-106;10:54:53.627849
1752;1860;-108;10:54:53.627849
1749;1859;-110;10:54:53.627849
1753;1863;-110;10:54:53.627849
1755;1862;-107;10:54:53.627849
1756;1862;-106;10:54:53.627849
1758;1865;-107;10:54:53.627849
1758;1866;-108;10:54:53.627849
1758;1865;-107;10:54:53.627849
1761;1866;-105;10:54:53.627849
1760;1869;-109;10:54:53.627849
1758;1873;-115;10:54:53.627849
1756;1870;-114;10:54:53.627849
1758;1868;-110;10:54:53.627849
1759;1866;-107;10:54:53.627849
1757;1863;-106;10:54:53.627849
1757;1864;-107;10:54:53.627849
1758;1865;-107;10:54:53.627849
1758;1865;-107;10:54:53.627849
1762;1866;-104;10:54:53.627849
1767;1868;-101;10:54:53.627849
1767;1869;-102;10:54:53.627849
1770;1871;-101;10:54:53.627849
1771;1870;-99;10:54:53.627849
1768;1873;-105;10:54:53.627849
1768;1875;-107;10:54:53.627849
1770;1876;-106;10:54:53.627849
1772;1880;-108;10:54:53.627849
1772;1880;-108;10:54:53.627849
1774;1880;-106;10:54:53.627849
1774;1881;-107;10:54:53.627849
1771;1879;-108;10:54:53.627849
1768;1877;-109;10:54:53.627849
1769;1882;-113;10:54:53.627849
1767;1881;-114;10:54:53.627849
1769;1881;-112;10:54:53.627849
1774;1882;-108;10:54:53.627849
1775;1881;-106;10:54:53.627849
1777;1877;-100;10:54:53.627849
1776;1878;-102;10:54:53.627849
1773;1879;-106;10:54:53.627849
1771;1877;-106;10:54:53.627849
1772;1875;-103;10:54:53.627849
1776;1876;-100;10:54:53.627849
1773;1876;-103;10:54:53.627849
1771;1876;-105;10:54:53.627849
1774;1881;-107;10:54:53.627849
1772;1877;-105;10:54:53.627849
1772;1874;-102;10:54:53.627849
1771;1877;-106;10:54:53.627849
1769;1876;-107;10:54:53.627849
1768;1877;-109;10:54:53.627849
1767;1877;-110;10:54:53.627849
1768;1876;-108;10:54:53.627849
1766;1872;-106;10:54:53.627849
1766;1874;-108;10:54:53.627849
1766;1874;-108;10:54:53.627849
1762;1873;-111;10:54:53.627849
1761;1869;-108;10:54:53.627849
1758;1869;-111;10:54:53.627849
1762;1871;-109;10:54:53.627849
1762;1870;-108;10:54:53.627849
1765;1871;-106;10:54:53.627849
1765;1871;-106;10:54:53.627849
1763;1871;-108;10:54:53.627849
1759;1867;-108;10:54:53.627849
1755;1865;-110;10:54:53.627849
1750;1861;-111;10:54:53.627849
1750;1860;-110;10:54:53.627849
1749;1858;-109;10:54:53.627849
1747;1858;-111;10:54:53.627849
1746;1854;-108;10:54:53.627849
1740;1853;-113;10:54:53.627849
1735;1850;-115;10:54:53.627849
1734;1848;-114;10:54:53.627849
1734;1845;-111;10:54:53.627849
1735;1842;-107;10:54:53.627849
1732;1841;-109;10:54:53.627849
1731;1843;-112;10:54:53.627849
1731;1846;-115;10:54:53.627849
1733;1850;-117;10:54:53.627849
1733;1851;-118;10:54:53.627849
1734;1853;-119;10:54:53.627849
1741;1854;-113;10:54:53.627849
1739;1851;-112;10:54:53.627849
1738;1849;-111;10:54:53.627849
1735;1849;-114;10:54:53.627849
1734;1849;-115;10:54:53.627849
1736;1849;-113;10:54:53.627849
1739;1852;-113;10:54:53.627849
1740;1853;-113;10:54:53.627849
1736;1854;-118;10:54:53.627849
1736;1851;-115;10:54:53.627849
1737;1849;-112;10:54:53.627849
1738;1843;-105;10:54:53.627849
1740;1845;-105;10:54:53.627849
1741;1848;-107;10:54:53.627849
1738;1849;-111;10:54:53.627849
1734;1851;-117;10:54:53.627849
1735;1850;-115;10:54:53.627849
1740;1847;-107;10:54:53.627849
1741;1846;-105;10:54:53.627849
1740;1846;-106;10:54:53.627849
1740;1849;-109;10:54:53.627849
1740;1851;-111;10:54:53.627849
1742;1851;-109;10:54:53.627849
1744;1853;-109;10:54:53.627849
1744;1855;-111;10:54:53.627849
1743;1854;-111;10:54:53.627849
1744;1856;-112;10:54:53.627849
1745;1858;-113;10:54:53.627849
1745;1859;-114;10:54:53.627849
1748;1865;-117;10:54:53.627849
1752;1867;-115;10:54:53.627849
1755;1868;-113;10:54:53.627849
1761;1868;-107;10:54:53.627849
1762;1868;-106;10:54:53.627849
1766;1869;-103;10:54:53.627849
1765;1869;-104;10:54:53.627849
1765;1875;-110;10:54:53.627849
1765;1878;-113;10:54:53.627849
1766;1877;-111;10:54:53.627849
1768;1878;-110;10:54:53.627849
1772;1880;-108;10:54:53.627849
1770;1878;-108;10:54:53.627849
1771;1880;-109;10:54:53.627849
1773;1878;-105;10:54:53.627849
1774;1877;-103;10:54:53.627849
1777;1879;-102;10:54:53.627849
1774;1882;-108;10:54:53.627849
1774;1884;-110;10:54:53.627849
1777;1884;-107;10:54:53.627849
1780;1881;-101;10:54:53.627849
1780;1879;-99;10:54:53.627849
1779;1880;-101;10:54:53.627849
1777;1883;-106;10:54:53.627849
1779;1885;-106;10:54:53.627849
1778;1885;-107;10:54:53.627849
1781;1886;-105;10:54:53.627849
1783;1886;-103;10:54:53.627849
1783;1887;-104;10:54:53.627849
1783;1888;-105;10:54:53.627849
1780;1888;-108;10:54:53.627849
1781;1887;-106;10:54:53.627849
1784;1892;-108;10:54:53.627849
1784;1893;-109;10:54:53.627849
1785;1893;-108;10:54:53.627849
1784;1894;-110;10:54:53.627849
1783;1893;-110;10:54:53.627849
1783;1893;-110;10:54:53.627849
1784;1894;-110;10:54:53.627849
1782;1892;-110;10:54:53.627849
1778;1890;-112;10:54:53.627849
1778;1886;-108;10:54:53.627849
1777;1884;-107;10:54:53.627849
1777;1887;-110;10:54:53.627849
1778;1888;-110;10:54:53.627849
1776;1889;-113;10:54:53.627849
1775;1882;-107;10:54:53.627849
1773;1880;-107;10:54:53.627849
1771;1879;-108;10:54:53.627849
1772;1883;-111;10:54:53.627849
1773;1887;-114;10:54:53.627849
1774;1885;-111;10:54:53.627849
1775;1886;-111;10:54:53.627849
1776;1884;-108;10:54:53.627849
1776;1886;-110;10:54:53.627849
1775;1886;-111;10:54:53.627849
1773;1886;-113;10:54:53.627849
1773;1883;-110;10:54:53.627849
1774;1880;-106;10:54:53.627849
1775;1879;-104;10:54:53.627849
1774;1879;-105;10:54:53.627849
1773;1877;-104;10:54:53.627849
1769;1876;-107;10:54:53.627849
1765;1872;-107;10:54:53.627849
1761;1869;-108;10:54:53.627849
1763;1870;-107;10:54:53.627849
1760;1870;-110;10:54:53.627849
1760;1872;-112;10:54:53.627849
1762;1871;-109;10:54:53.627849
1760;1868;-108;10:54:53.627849
1755;1864;-109;10:54:53.627849
1753;1865;-112;10:54:53.627849
1754;1866;-112;10:54:53.627849
1753;1868;-115;10:54:53.627849
1754;1867;-113;10:54:53.627849
1754;1865;-111;10:54:53.627849
1753;1861;-108;10:54:53.627849
1751;1861;-110;10:54:53.627849
1749;1862;-113;10:54:53.627849
1748;1863;-115;10:54:53.627849
1748;1862;-114;10:54:53.627849
1750;1863;-113;10:54:53.627849
1750;1864;-114;10:54:53.627849
1747;1863;-116;10:54:53.627849
1743;1860;-117;10:54:53.627849
1750;1861;-111;10:54:53.627849
1755;1864;-109;10:54:53.627849
1757;1864;-107;10:54:53.627849
1757;1865;-108;10:54:53.627849
1756;1868;-112;10:54:53.627849
1756;1866;-110;10:54:53.627849
1756;1863;-107;10:54:53.627849
1757;1861;-104;10:54:53.627849
1755;1863;-108;10:54:53.627849
1755;1861;-106;10:54:53.627849
1754;1863;-109;10:54:53.627849
1751;1862;-111;10:54:53.627849
1752;1859;-107;10:54:53.627849
1754;1856;-102;10:54:53.627849
1750;1856;-106;10:54:53.627849
1744;1855;-111;10:54:53.627849
1743;1852;-109;10:54:53.627849
1740;1850;-110;10:54:53.627849
1744;1852;-108;10:54:53.627849
1746;1856;-110;10:54:53.627849
1748;1859;-111;10:54:53.627849
1747;1860;-113;10:54:53.627849
1748;1862;-114;10:54:53.627849
1752;1863;-111;10:54:53.627849
1752;1863;-111;10:54:53.627849
1752;1863;-111;10:54:53.627849
1752;1868;-116;10:54:53.627849
1750;1867;-117;10:54:53.627849
1748;1863;-115;10:54:53.627849
1751;1861;-110;10:54:53.627849
1749;1857;-108;10:54:53.627849
1746;1856;-110;10:54:53.627849
1745;1855;-110;10:54:53.627849
1747;1856;-109;10:54:53.627849
1745;1855;-110;10:54:53.627849
1744;1851;-107;10:54:53.627849
1748;1852;-104;10:54:53.627849
1748;1855;-107;10:54:53.627849
1745;1854;-109;10:54:53.627849
1749;1857;-108;10:54:53.627849
1753;1862;-109;10:54:53.627849
1755;1863;-108;10:54:53.627849
1757;1863;-106;10:54:53.627849
1755;1866;-111;10:54:53.627849
1754;1865;-111;10:54:53.627849
1752;1865;-113;10:54:53.627849
1756;1863;-107;10:54:53.627849
1755;1866;-111;10:54:53.627849
1757;1864;-107;10:54:53.627849
1757;1864;-107;10:54:53.627849
1755;1859;-104;10:54:53.627849
1753;1859;-106;10:54:53.627849
1749;1859;-110;10:54:53.627849
1748;1860;-112;10:54:53.627849
1749;1857;-108;10:54:53.627849
1751;1856;-105;10:54:53.627849
1753;1858;-105;10:54:53.627849
1754;1860;-106;10:54:53.627849
1755;1866;-111;10:54:53.627849
1762;1872;-110;10:54:53.726585
1766;1874;-108;10:54:53.726585
1766;1875;-109;10:54:53.726585
1767;1875;-108;10:54:53.726585
1765;1875;-110;10:54:53.726585
1761;1875;-114;10:54:53.726585
1764;1879;-115;10:54:53.726585
1761;1874;-113;10:54:53.726585
1761;1873;-112;10:54:53.726585
1760;1873;-113;10:54:53.726585
1761;1871;-110;10:54:53.726585
1759;1866;-107;10:54:53.726585
1759;1865;-106;10:54:53.726585
1758;1862;-104;10:54:53.726585
1756;1862;-106;10:54:53.726585
1758;1866;-108;10:54:53.726585
1762;1869;-107;10:54:53.726585
1760;1871;-111;10:54:53.726585
1760;1869;-109;10:54:53.726585
1765;1870;-105;10:54:53.726585
1764;1873;-109;10:54:53.726585
1762;1870;-108;10:54:53.726585
1762;1875;-113;10:54:53.726585
1764;1877;-113;10:54:53.726585
1763;1877;-114;10:54:53.726585
1762;1876;-114;10:54:53.726585
1762;1874;-112;10:54:53.726585
1761;1870;-109;10:54:53.726585
1759;1870;-111;10:54:53.726585
1758;1869;-111;10:54:53.726585
1756;1869;-113;10:54:53.726585
1757;1871;-114;10:54:53.726585
1756;1870;-114;10:54:53.726585
1755;1867;-112;10:54:53.726585
1754;1861;-107;10:54:53.726585
1753;1859;-106;10:54:53.726585
1749;1860;-111;10:54:53.726585
1749;1861;-112;10:54:53.726585
1749;1866;-117;10:54:53.726585
1749;1869;-120;10:54:53.726585
1754;1869;-115;10:54:53.726585
1757;1869;-112;10:54:53.726585
1760;1872;-112;10:54:53.726585
1762;1873;-111;10:54:53.726585
1761;1872;-111;10:54:53.726585
1763;1873;-110;10:54:53.726585
1764;1876;-112;10:54:53.726585
1767;1878;-111;10:54:53.726585
1768;1881;-113;10:54:53.726585
1769;1883;-114;10:54:53.726585
1772;1880;-108;10:54:53.726585
1770;1878;-108;10:54:53.726585
1769;1876;-107;10:54:53.726585
1769;1880;-111;10:54:53.726585
1768;1881;-113;10:54:53.726585
1768;1881;-113;10:54:53.726585
1770;1877;-107;10:54:53.726585
1771;1876;-105;10:54:53.726585
1772;1877;-105;10:54:53.726585
1773;1877;-104;10:54:53.726585
1768;1876;-108;10:54:53.726585
1764;1872;-108;10:54:53.726585
1763;1871;-108;10:54:53.726585
1765;1874;-109;10:54:53.726585
1766;1874;-108;10:54:53.726585
1766;1873;-107;10:54:53.726585
1760;1874;-114;10:54:53.726585
1764;1874;-110;10:54:53.726585
1768;1874;-106;10:54:53.726585
1765;1875;-110;10:54:53.726585
1767;1870;-103;10:54:53.726585
1769;1871;-102;10:54:53.726585
1771;1875;-104;10:54:53.726585
1771;1879;-108;10:54:53.726585
1773;1882;-109;10:54:53.726585
1776;1884;-108;10:54:53.726585
1773;1882;-109;10:54:53.726585
1770;1881;-111;10:54:53.726585
1772;1882;-110;10:54:53.726585
1775;1885;-110;10:54:53.726585
1780;1886;-106;10:54:53.726585
1782;1889;-107;10:54:53.726585
1785;1889;-104;10:54:53.726585
1783;1887;-104;10:54:53.726585
1781;1885;-104;10:54:53.726585
1783;1887;-104;10:54:53.726585
1782;1889;-107;10:54:53.726585
1780;1891;-111;10:54:53.726585
1779;1889;-110;10:54:53.726585
1778;1886;-108;10:54:53.726585
1776;1879;-103;10:54:53.726585
1773;1878;-105;10:54:53.726585
1772;1879;-107;10:54:53.726585
1770;1876;-106;10:54:53.726585
1768;1874;-106;10:54:53.726585
1768;1870;-102;10:54:53.726585
1767;1871;-104;10:54:53.726585
1769;1872;-103;10:54:53.726585
1771;1874;-103;10:54:53.726585
1765;1872;-107;10:54:53.726585
1764;1871;-107;10:54:53.726585
1763;1876;-113;10:54:53.726585
1767;1878;-111;10:54:53.726585
1769;1879;-110;10:54:53.726585
1768;1878;-110;10:54:53.726585
1764;1880;-116;10:54:53.726585
1764;1880;-116;10:54:53.726585
1766;1878;-112;10:54:53.726585
1767;1879;-112;10:54:53.726585
1770;1884;-114;10:54:53.726585
1772;1883;-111;10:54:53.726585
1770;1883;-113;10:54:53.726585
1767;1877;-110;10:54:53.726585
1767;1873;-106;10:54:53.726585
1770;1873;-103;10:54:53.726585
1770;1875;-105;10:54:53.726585
1767;1876;-109;10:54:53.726585
1764;1874;-110;10:54:53.726585
1760;1873;-113;10:54:53.726585
1758;1871;-113;10:54:53.726585
1759;1871;-112;10:54:53.726585
1759;1872;-113;10:54:53.726585
1759;1870;-111;10:54:53.726585
1760;1869;-109;10:54:53.726585
1755;1868;-113;10:54:53.726585
1754;1869;-115;10:54:53.726585
1753;1871;-118;10:54:53.726585
1756;1866;-110;10:54:53.726585
1754;1862;-108;10:54:53.726585
1753;1860;-107;10:54:53.726585
1754;1862;-108;10:54:53.726585
1755;1861;-106;10:54:53.726585
1755;1863;-108;10:54:53.726585
1755;1864;-109;10:54:53.726585
1757;1865;-108;10:54:53.726585
1757;1863;-106;10:54:53.726585
1757;1864;-107;10:54:53.726585
1754;1860;-106;10:54:53.726585
1750;1859;-109;10:54:53.726585
1747;1860;-113;10:54:53.726585
1745;1862;-117;10:54:53.726585
1741;1862;-121;10:54:53.726585
1740;1861;-121;10:54:53.726585
1738;1862;-124;10:54:53.726585
1737;1859;-122;10:54:53.726585
1734;1855;-121;10:54:53.726585
1734;1849;-115;10:54:53.726585
1735;1849;-114;10:54:53.726585
1733;1849;-116;10:54:53.726585
1730;1844;-114;10:54:53.726585
1729;1845;-116;10:54:53.726585
1731;1843;-112;10:54:53.726585
1729;1839;-110;10:54:53.726585
1727;1839;-112;10:54:53.726585
1729;1840;-111;10:54:53.726585
1730;1838;-108;10:54:53.726585
1730;1837;-107;10:54:53.726585
1730;1841;-111;10:54:53.726585
1729;1848;-119;10:54:53.726585
1730;1850;-120;10:54:53.726585
1731;1848;-117;10:54:53.726585
1730;1846;-116;10:54:53.726585
1728;1844;-116;10:54:53.726585
1732;1846;-114;10:54:53.726585
1737;1850;-113;10:54:53.726585
1736;1848;-112;10:54:53.726585
1736;1848;-112;10:54:53.726585
1735;1846;-111;10:54:53.726585
1734;1849;-115;10:54:53.726585
1735;1847;-112;10:54:53.726585
1736;1850;-114;10:54:53.726585
1734;1849;-115;10:54:53.726585
1734;1849;-115;10:54:53.726585
1733;1850;-117;10:54:53.726585
1733;1850;-117;10:54:53.726585
1732;1851;-119;10:54:53.726585
1735;1854;-119;10:54:53.726585
1738;1854;-116;10:54:53.726585
1739;1850;-111;10:54:53.726585
1739;1846;-107;10:54:53.726585
1736;1848;-112;10:54:53.726585
1735;1851;-116;10:54:53.726585
1735;1853;-118;10:54:53.726585
1737;1853;-116;10:54:53.726585
1739;1849;-110;10:54:53.726585
1738;1847;-109;10:54:53.726585
1735;1847;-112;10:54:53.726585
1733;1849;-116;10:54:53.726585
1733;1851;-118;10:54:53.726585
1735;1850;-115;10:54:53.726585
1740;1850;-110;10:54:53.726585
1742;1851;-109;10:54:53.726585
1745;1854;-109;10:54:53.726585
1746;1858;-112;10:54:53.726585
1746;1861;-115;10:54:53.726585
1749;1861;-112;10:54:53.726585
1752;1865;-113;10:54:53.726585
1755;1869;-114;10:54:53.726585
1757;1872;-115;10:54:53.726585
1760;1873;-113;10:54:53.726585
1761;1877;-116;10:54:53.726585
1762;1880;-118;10:54:53.726585
1758;1876;-118;10:54:53.726585
1759;1875;-116;10:54:53.726585
1762;1874;-112;10:54:53.726585
1764;1874;-110;10:54:53.726585
1765;1877;-112;10:54:53.726585
1767;1882;-115;10:54:53.726585
1767;1883;-116;10:54:53.726585
1767;1876;-109;10:54:53.726585
1767;1873;-106;10:54:53.726585
1769;1874;-105;10:54:53.726585
1766;1875;-109;10:54:53.726585
1766;1876;-110;10:54:53.726585
1764;1877;-113;10:54:53.726585
1765;1877;-112;10:54:53.726585
1767;1878;-111;10:54:53.726585
1766;1876;-110;10:54:53.726585
1767;1877;-110;10:54:53.726585
1768;1878;-110;10:54:53.726585
1768;1881;-113;10:54:53.726585
1767;1882;-115;10:54:53.726585
1765;1879;-114;10:54:53.726585
1765;1876;-111;10:54:53.726585
1762;1875;-113;10:54:53.726585
1765;1875;-110;10:54:53.726585
1766;1879;-113;10:54:53.726585
1765;1881;-116;10:54:53.726585
1767;1883;-116;10:54:53.726585
1766;1882;-116;10:54:53.726585
1767;1884;-117;10:54:53.726585
1770;1883;-113;10:54:53.726585
1769;1883;-114;10:54:53.726585
1769;1883;-114;10:54:53.726585
1767;1884;-117;10:54:53.726585
1768;1885;-117;10:54:53.726585
1768;1886;-118;10:54:53.726585
1768;1885;-117;10:54:53.726585
1768;1882;-114;10:54:53.726585
1767;1881;-114;10:54:53.726585
1764;1876;-112;10:54:53.726585
1763;1877;-114;10:54:53.726585
1765;1877;-112;10:54:53.726585
1761;1874;-113;10:54:53.726585
1761;1869;-108;10:54:53.726585
1761;1870;-109;10:54:53.726585
1761;1869;-108;10:54:53.726585
1759;1870;-111;10:54:53.726585
1763;1874;-111;10:54:53.726585
1764;1877;-113;10:54:53.726585
1764;1878;-114;10:54:53.726585
1765;1879;-114;10:54:53.726585
1766;1882;-116;10:54:53.726585
1762;1881;-119;10:54:53.726585
1766;1883;-117;10:54:53.726585
1769;1877;-108;10:54:53.743539
1766;1876;-110;10:54:53.743539
1763;1877;-114;10:54:53.743539
1763;1876;-113;10:54:53.743539
1761;1872;-111;10:54:53.743539
1760;1868;-108;10:54:53.743539
1761;1868;-107;10:54:53.743539
1759;1870;-111;10:54:53.743539
1757;1868;-111;10:54:53.743539
1754;1866;-112;10:54:53.743539
1751;1864;-113;10:54:53.743539
1749;1863;-114;10:54:53.743539
1750;1865;-115;10:54:53.743539
1752;1867;-115;10:54:53.743539
1752;1865;-113;10:54:53.743539
1754;1867;-113;10:54:53.743539
1756;1865;-109;10:54:53.743539
1756;1864;-108;10:54:53.743539
1756;1865;-109;10:54:53.743539
1761;1868;-107;10:54:53.743539
1760;1870;-110;10:54:53.743539
1760;1869;-109;10:54:53.743539
1761;1869;-108;10:54:53.743539
1762;1870;-108;10:54:53.743539
1762;1873;-111;10:54:53.743539
1763;1873;-110;10:54:53.743539
1762;1876;-114;10:54:53.743539
1765;1877;-112;10:54:53.743539
1765;1876;-111;10:54:53.743539
1769;1879;-110;10:54:53.743539
1769;1878;-109;10:54:53.743539
1767;1878;-111;10:54:53.743539
1769;1881;-112;10:54:53.743539
1768;1882;-114;10:54:53.743539
1769;1880;-111;10:54:53.743539
1767;1878;-111;10:54:53.743539
1769;1877;-108;10:54:53.743539
1768;1877;-109;10:54:53.743539
1764;1876;-112;10:54:53.743539
1764;1872;-108;10:54:53.743539
1763;1871;-108;10:54:53.743539
1764;1869;-105;10:54:53.743539
1761;1863;-102;10:54:53.743539
1755;1862;-107;10:54:53.743539
1754;1862;-108;10:54:53.743539
1752;1863;-111;10:54:53.743539
1753;1865;-112;10:54:53.743539
1753;1866;-113;10:54:53.743539
1751;1864;-113;10:54:53.743539
1752;1864;-112;10:54:53.743539
1754;1864;-110;10:54:53.743539
1755;1864;-109;10:54:53.743539
1757;1869;-112;10:54:53.743539
1762;1871;-109;10:54:53.743539
1762;1872;-110;10:54:53.743539
1764;1875;-111;10:54:53.743539
1765;1878;-113;10:54:53.743539
1764;1880;-116;10:54:53.743539
1764;1880;-116;10:54:53.743539
1765;1881;-116;10:54:53.743539
1766;1878;-112;10:54:53.743539
1770;1878;-108;10:54:53.743539
1772;1878;-106;10:54:53.743539
1772;1878;-106;10:54:53.743539
1770;1877;-107;10:54:53.743539
1767;1876;-109;10:54:53.743539
1767;1873;-106;10:54:53.743539
1768;1871;-103;10:54:53.743539
1769;1872;-103;10:54:53.743539
1766;1873;-107;10:54:53.743539
1760;1872;-112;10:54:53.743539
1755;1868;-113;10:54:53.743539
1751;1866;-115;10:54:53.743539
1751;1860;-109;10:54:53.743539
1751;1860;-109;10:54:53.743539
1751;1861;-110;10:54:53.743539
1750;1861;-111;10:54:53.743539
1744;1860;-116;10:54:53.743539
1745;1859;-114;10:54:53.743539
1747;1857;-110;10:54:53.743539
1743;1854;-111;10:54:53.743539
1741;1851;-110;10:54:53.743539
1737;1853;-116;10:54:53.743539
1735;1857;-122;10:54:53.743539
1741;1855;-114;10:54:53.743539
1746;1857;-111;10:54:53.743539
1745;1854;-109;10:54:53.743539
1743;1851;-108;10:54:53.743539
1746;1855;-109;10:54:53.743539
1744;1859;-115;10:54:53.743539
1742;1865;-123;10:54:53.743539
1747;1868;-121;10:54:53.743539
1751;1868;-117;10:54:53.743539
1753;1868;-115;10:54:53.743539
1754;1866;-112;10:54:53.743539
1759;1865;-106;10:54:53.743539
1761;1869;-108;10:54:53.743539
1761;1869;-108;10:54:53.743539
1758;1869;-111;10:54:53.743539
1750;1869;-119;10:54:53.743539
1746;1868;-122;10:54:53.743539
1744;1860;-116;10:54:53.743539
1741;1854;-113;10:54:53.743539
1740;1853;-113;10:54:53.743539
1739;1853;-114;10:54:53.743539
1743;1849;-106;10:54:53.743539
1748;1846;-98;10:54:53.743539
1750;1847;-97;10:54:53.743539
1756;1850;-94;10:54:53.743539
1754;1855;-101;10:54:53.743539
1754;1860;-106;10:54:53.743539
1764;1869;-105;10:54:53.743539
1746;1879;-133;10:54:53.743539
1762;1881;-119;10:54:53.743539
1828;1916;-88;10:54:53.743539
1750;1977;-227;10:54:53.743539
1429;1782;-353;10:54:53.743539
1305;1621;-316;10:54:53.743539
1300;1398;-98;10:54:53.743539
1534;1482;52;10:54:53.743539
1801;1754;47;10:54:53.743539
2520;1982;538;10:54:53.743539
3432;2380;1052;10:54:53.743539
2467;2834;-367;10:54:53.743539
1285;2660;-1375;10:54:53.743539
1493;1988;-495;10:54:53.743539
2736;1810;926;10:54:53.743539
2209;1829;380;10:54:53.743539
1210;1910;-700;10:54:53.743539
542;1621;-1079;10:54:53.743539
955;1962;-1007;10:54:53.743539
641;2038;-1397;10:54:53.743539
914;2000;-1086;10:54:53.743539
2508;1420;1088;10:54:53.743539
3492;940;2552;10:54:53.743539
3816;1531;2285;10:54:53.743539
1640;1919;-279;10:54:53.743539
-606;387;-993;10:54:53.743539
-371;-107;-264;10:54:53.743539
-50;704;-754;10:54:53.743539
434;1932;-1498;10:54:53.743539
2047;3236;-1189;10:54:53.743539
2555;3233;-678;10:54:53.743539
845;1430;-585;10:54:53.743539
-600;288;-888;10:54:53.743539
1564;544;1020;10:54:53.743539
4807;1822;2985;10:54:53.743539
5228;2951;2277;10:54:53.743539
3139;3810;-671;10:54:53.743539
1919;4646;-2727;10:54:53.743539
1216;3457;-2241;10:54:53.743539
284;638;-354;10:54:53.743539
-581;-716;135;10:54:53.743539
1477;424;1053;10:54:53.743539
4639;1847;2792;10:54:53.743539
4183;2506;1677;10:54:53.743539
1688;2490;-802;10:54:53.743539
710;2482;-1772;10:54:53.743539
437;2453;-2016;10:54:53.743539
1256;2064;-808;10:54:53.743539
2222;1862;360;10:54:53.743539
3088;2551;537;10:54:53.743539
3279;3356;-77;10:54:53.743539
2789;2697;92;10:54:53.743539
899;1412;-513;10:54:53.743539
1219;2597;-1378;10:54:53.743539
3683;2418;1265;10:54:53.743539
5003;1812;3191;10:54:53.743539
3028;2431;597;10:54:53.743539
1148;3040;-1892;10:54:53.743539
194;3484;-3290;10:54:53.743539
486;1131;-645;10:54:53.743539
456;-876;1332;10:54:53.743539
1173;-1189;2362;10:54:53.743539
534;-224;758;10:54:53.743539
586;549;37;10:54:53.743539
433;1846;-1413;10:54:53.743539
-20;2409;-2429;10:54:53.743539
2197;3713;-1516;10:54:53.743539
4189;2973;1216;10:54:53.743539
5637;2912;2725;10:54:53.743539
5341;3557;1784;10:54:53.743539
3582;4360;-778;10:54:53.743539
1731;4432;-2701;10:54:53.743539
2643;4459;-1816;10:54:53.743539
1723;2809;-1086;10:54:53.743539
2040;-642;2682;10:54:53.743539
-917;-1693;776;10:54:53.743539
-338;-3718;3380;10:54:53.743539
723;-118;841;10:54:53.743539
2333;3367;-1034;10:54:53.743539
2948;10468;-7520;10:54:53.743539
3203;7985;-4782;10:54:53.743539
5828;2932;2896;10:54:53.743539
3319;-107;3426;10:54:53.743539
-3087;-6968;3881;10:54:53.743539
-5376;-6175;799;10:54:53.743539
939;-1152;2091;10:54:53.743539
4832;7122;-2290;10:54:53.743539
5504;10702;-5198;10:54:53.743539
7833;11037;-3204;10:54:53.743539
8570;6117;2453;10:54:53.743539
6714;2490;4224;10:54:53.743539
-2745;502;-3247;10:54:53.743539
-8285;-6273;-2012;10:54:53.743539
-4912;-7994;3082;10:54:53.743539
-635;-4623;3988;10:54:53.743539
-917;-2637;1720;10:54:53.743539
-661;1558;-2219;10:54:53.743539
2566;3366;-800;10:54:53.743539
2520;3759;-1239;10:54:53.743539
2345;3345;-1000;10:54:53.743539
3251;5258;-2007;10:54:53.743539
6366;7258;-892;10:54:53.743539
7856;10244;-2388;10:54:53.743539
6554;9919;-3365;10:54:53.743539
1832;2839;-1007;10:54:53.743539
-3426;-5991;2565;10:54:53.743539
-4596;-12078;7482;10:54:53.743539
-5611;-11031;5420;10:54:53.743539
-6930;-7522;592;10:54:53.743539
-3677;1244;-4921;10:54:53.743539
5365;11057;-5692;10:54:53.743539
9259;13393;-4134;10:54:53.743539
7001;11842;-4841;10:54:53.743539
6890;1898;4992;10:54:53.743539
5841;-2729;8570;10:54:53.743539
2009;-2615;4624;10:54:53.743539
400;74;326;10:54:53.743539
-569;2724;-3293;10:54:53.743539
-969;8059;-9028;10:54:53.743539
-1488;5496;-6984;10:54:53.743539
891;3588;-2697;10:54:53.743539
2928;151;2777;10:54:53.743539
5133;-1122;6255;10:54:53.743539
6330;-432;6762;10:54:53.743539
4932;1650;3282;10:54:53.743539
1518;3832;-2314;10:54:53.743539
-165;1216;-1381;10:54:53.743539
189;1977;-1788;10:54:53.743539
-358;-1801;1443;10:54:53.743539
3882;2803;1079;10:54:53.743539
4795;6417;-1622;10:54:53.743539
1852;6805;-4953;10:54:53.743539
818;6589;-5771;10:54:53.743539
3793;3838;-45;10:54:53.743539
2962;564;2398;10:54:53.743539
-1553;-3966;2413;10:54:53.743539
183;-5981;6164;10:54:53.743539
4311;-3359;7670;10:54:53.743539
2474;3343;-869;10:54:53.743539
889;4743;-3854;10:54:53.743539
1012;5641;-4629;10:54:53.743539
1160;3496;-2336;10:54:53.743539
2050;6570;-4520;10:54:53.743539
-1092;337;-1429;10:54:53.744532
5105;-2256;7361;10:54:53.744532
7338;489;6849;10:54:53.744532
943;-4622;5565;10:54:53.744532
-960;-5072;4112;10:54:53.744532
6356;-1033;7389;10:54:53.744532
2683;2222;461;10:54:53.744532
-2998;6464;-9462;10:54:53.744532
-4516;9466;-13982;10:54:53.744532
-5664;8582;-14246;10:54:53.744532
-4690;4113;-8803;10:54:53.744532
810;1492;-682;10:54:53.744532
8240;-4592;12832;10:54:53.744532
10759;-4166;14925;10:54:53.744532
11240;-1918;13158;10:54:53.744532
4898;-4117;9015;10:54:53.744532
999;-226;1225;10:54:53.744532
-298;7400;-7698;10:54:53.744532
-412;12849;-13261;10:54:53.744532
-2418;10786;-13204;10:54:53.744532
-4030;7963;-11993;10:54:53.744532
-358;2483;-2841;10:54:53.744532
3543;-3118;6661;10:54:53.744532
7092;-8394;15486;10:54:53.744532
6477;-5566;12043;10:54:53.744532
10441;723;9718;10:54:53.744532
8581;5456;3125;10:54:53.744532
3977;13429;-9452;10:54:53.744532
-1301;10009;-11310;10:54:53.744532
-4829;6877;-11706;10:54:53.744532
-3854;2557;-6411;10:54:53.744532
-7388;-5308;-2080;10:54:53.744532
-5887;-13626;7739;10:54:53.744532
596;-12559;13155;10:54:53.744532
3077;-9228;12305;10:54:53.744532
3150;-3049;6199;10:54:53.744532
5676;9809;-4133;10:54:53.744532
950;17581;-16631;10:54:53.744532
-1759;18425;-20184;10:54:53.744532
3122;10844;-7722;10:54:53.744532
7004;7814;-810;10:54:53.744532
4692;956;3736;10:54:53.744532
4284;-7730;12014;10:54:53.744532
2515;-8812;11327;10:54:53.744532
1475;-8551;10026;10:54:53.744532
5547;-5970;11517;10:54:53.744532
2660;6162;-3502;10:54:53.744532
-3783;14858;-18641;10:54:53.744532
1117;15567;-14450;10:54:53.744532
975;13284;-12309;10:54:53.744532
-6759;2143;-8902;10:54:53.744532
-2663;-7459;4796;10:54:53.744532
3346;-14713;18059;10:54:53.744532
8149;-11672;19821;10:54:53.744532
8455;-6335;14790;10:54:53.744532
6182;5490;692;10:54:53.744532
9080;12066;-2986;10:54:53.744532
3278;14331;-11053;10:54:53.744532
-5561;17421;-22982;10:54:53.744532
-5770;11145;-16915;10:54:53.744532
-3547;4551;-8098;10:54:53.744532
796;-3134;3930;10:54:53.744532
4309;-3542;7851;10:54:53.744532
1700;-9662;11362;10:54:53.744532
2271;-13728;15999;10:54:53.744532
10881;-9081;19962;10:54:53.744532
3608;2753;855;10:54:53.744532
-2259;9335;-11594;10:54:53.744532
1607;9508;-7901;10:54:53.744532
-1448;12350;-13798;10:54:53.744532
-5201;7775;-12976;10:54:53.744532
-4043;3268;-7311;10:54:53.744532
1580;-6624;8204;10:54:53.744532
6076;-8989;15065;10:54:53.744532
7399;-5096;12495;10:54:53.744532
2861;2948;-87;10:54:53.744532
-2218;7151;-9369;10:54:53.744532
929;8942;-8013;10:54:53.744532
5265;10171;-4906;10:54:53.744532
5775;11013;-5238;10:54:53.744532
6220;5414;806;10:54:53.744532
6018;-5125;11143;10:54:53.744532
2385;-7168;9553;10:54:53.744532
-2418;-4933;2515;10:54:53.744532
-5973;-6615;642;10:54:53.744532
-3849;-1814;-2035;10:54:53.744532
1472;8791;-7319;10:54:53.744532
4807;14430;-9623;10:54:53.744532
9335;16105;-6770;10:54:53.744532
10009;11189;-1180;10:54:53.744532
10988;2243;8745;10:54:53.744532
5147;-1517;6664;10:54:53.744532
318;-6054;6372;10:54:53.744532
-4024;-8285;4261;10:54:53.744532
-6426;-5551;-875;10:54:53.744532
-3534;375;-3909;10:54:53.744532
233;7301;-7068;10:54:53.744532
1334;9508;-8174;10:54:53.744532
3359;6488;-3129;10:54:53.744532
6542;6557;-15;10:54:53.744532
5277;-3455;8732;10:54:53.744532
3438;-4845;8283;10:54:53.744532
2503;-5565;8068;10:54:53.744532
2380;-1870;4250;10:54:53.744532
-2189;-5595;3406;10:54:53.744532
-4095;2518;-6613;10:54:53.744532
-6611;8915;-15526;10:54:53.744532
-5526;10798;-16324;10:54:53.744532
1331;11288;-9957;10:54:53.744532
6365;5289;1076;10:54:53.744532
10417;849;9568;10:54:53.744532
10560;-3597;14157;10:54:53.744532
8761;-1074;9835;10:54:53.744532
3472;-1403;4875;10:54:53.744532
-5927;-1694;-4233;10:54:53.744532
-3475;1496;-4971;10:54:53.744532
-3691;-830;-2861;10:54:53.744532
-5801;-1067;-4734;10:54:53.744532
-4998;4830;-9828;10:54:53.744532
-1770;4942;-6712;10:54:53.744532
6241;4558;1683;10:54:53.744532
11173;4710;6463;10:54:53.744532
9429;-1211;10640;10:54:53.744532
8799;-5558;14357;10:54:53.744532
8378;-1431;9809;10:54:53.744532
4031;7567;-3536;10:54:53.744532
123;8904;-8781;10:54:53.744532
-7788;15609;-23397;10:54:53.744532
-7436;11087;-18523;10:54:53.744532
316;2418;-2102;10:54:53.744532
-822;-670;-152;10:54:53.744532
7459;-1814;9273;10:54:53.744532
10449;-7202;17651;10:54:53.744532
11571;-8519;20090;10:54:53.744532
9216;-5173;14389;10:54:53.744532
305;-277;582;10:54:53.744532
-2637;6663;-9300;10:54:53.744532
-7766;10385;-18151;10:54:53.744532
-5915;8002;-13917;10:54:53.744532
-4386;7933;-12319;10:54:53.744532
4453;3682;771;10:54:53.744532
8784;-519;9303;10:54:53.744532
4205;-5539;9744;10:54:53.744532
674;-8607;9281;10:54:53.744532
-120;-1177;1057;10:54:53.744532
-3282;1446;-4728;10:54:53.744532
1794;9390;-7596;10:54:53.744532
8403;8911;-508;10:54:53.744532
9169;4688;4481;10:54:53.744532
3165;1621;1544;10:54:53.744532
-5716;338;-6054;10:54:53.744532
-10047;-3575;-6472;10:54:53.744532
-4345;-4857;512;10:54:53.744532
1907;-3631;5538;10:54:53.744532
8641;1771;6870;10:54:53.744532
13211;4990;8221;10:54:53.744532
13034;10347;2687;10:54:53.744532
7187;14469;-7282;10:54:53.744532
2992;15222;-12230;10:54:53.744532
-1029;10671;-11700;10:54:53.744532
-2779;215;-2994;10:54:53.744532
-2534;-4752;2218;10:54:53.744532
-2669;-8051;5382;10:54:53.744532
-505;-6933;6428;10:54:53.744532
3663;-6212;9875;10:54:53.744532
4606;455;4151;10:54:53.744532
521;1774;-1253;10:54:53.744532
-2159;6181;-8340;10:54:53.744532
3017;6802;-3785;10:54:53.744532
2377;2083;294;10:54:53.744532
-1089;-1891;802;10:54:53.744532
-3036;-4539;1503;10:54:53.744532
-7865;-7610;-255;10:54:53.744532
-8185;-9585;1400;10:54:53.744532
3028;-2977;6005;10:54:53.744532
10735;4607;6128;10:54:53.744532
14433;13939;494;10:54:53.744532
13986;21464;-7478;10:54:53.744532
6242;15256;-9014;10:54:53.744532
-404;11489;-11893;10:54:53.744532
-6884;3855;-10739;10:54:53.744532
-7689;-9147;1458;10:54:53.744532
-8099;-15025;6926;10:54:53.744532
-8318;-14314;5996;10:54:53.744532
287;-10624;10911;10:54:53.744532
6287;-3628;9915;10:54:53.744532
5436;6774;-1338;10:54:53.744532
11031;18336;-7305;10:54:53.744532
15581;21532;-5951;10:54:53.744532
10519;18443;-7924;10:54:53.744532
4966;5997;-1031;10:54:53.744532
1064;-565;1629;10:54:53.744532
-7578;-8976;1398;10:54:53.744532
-10450;-12198;1748;10:54:53.744532
-6133;-10415;4282;10:54:53.744532
3908;1241;2667;10:54:53.744532
8921;11889;-2968;10:54:53.744532
11418;15692;-4274;10:54:53.744532
8579;18312;-9733;10:54:53.744532
6687;15459;-8772;10:54:53.744532
6136;4658;1478;10:54:53.744532
3298;-5981;9279;10:54:53.744532
-2592;-12771;10179;10:54:53.744532
-5539;-12605;7066;10:54:53.744532
-9162;-11173;2011;10:54:53.744532
-9019;-6986;-2033;10:54:53.744532
-2459;-3697;1238;10:54:53.744532
4690;11776;-7086;10:54:53.744532
7949;13729;-5780;10:54:53.744532
9604;19732;-10128;10:54:53.744532
10475;13391;-2916;10:54:53.744532
10017;6628;3389;10:54:53.744532
2384;-1445;3829;10:54:53.744532
-902;-10912;10010;10:54:53.744532
-3846;-12631;8785;10:54:53.744532
-8626;-6776;-1850;10:54:53.744532
-5938;-1931;-4007;10:54:53.744532
-1536;6210;-7746;10:54:53.744532
-672;12427;-13099;10:54:53.744532
1171;10612;-9441;10:54:53.744532
5856;11564;-5708;10:54:53.744532
5492;-28;5520;10:54:53.744532
1832;-6454;8286;10:54:53.744532
3602;-8936;12538;10:54:53.744532
6688;-12294;18982;10:54:53.744532
1119;-4839;5958;10:54:53.744532
850;4237;-3387;10:54:53.744532
706;11883;-11177;10:54:53.744532
-3226;18744;-21970;10:54:53.744532
2208;18493;-16285;10:54:53.744532
7448;14190;-6742;10:54:53.744532
7802;7148;654;10:54:53.744532
3264;-5053;8317;10:54:53.744532
-884;-13475;12591;10:54:53.744532
-3352;-18623;15271;10:54:53.744532
-3153;-13667;10514;10:54:53.744532
-158;-6724;6566;10:54:53.744532
3917;4109;-192;10:54:53.744532
3624;12877;-9253;10:54:53.744532
8182;26299;-18117;10:54:53.744532
10563;25529;-14966;10:54:53.744532
4268;21503;-17235;10:54:53.744532
-986;9638;-10624;10:54:53.744532
-1752;-6889;5137;10:54:53.744532
1560;-14077;15637;10:54:53.744532
2478;-20379;22857;10:54:53.744532
772;-18790;19562;10:54:53.744532
3971;-7523;11494;10:54:53.744532
1629;5269;-3640;10:54:53.744532
-4035;11941;-15976;10:54:53.744532
-4034;15600;-19634;10:54:53.744532
-969;10934;-11903;10:54:53.744532
6262;16397;-10135;10:54:53.744532
8615;11258;-2643;10:54:53.744532
4083;-346;4429;10:54:53.744532
7105;-10039;17144;10:54:53.744532
2735;-8565;11300;10:54:53.744532
1924;-2151;4075;10:54:53.744532
-100;2921;-3021;10:54:53.744532
-713;11302;-12015;10:54:53.744532
-814;16853;-17667;10:54:53.744532
-3928;12399;-16327;10:54:53.744532
579;6266;-5687;10:54:53.744532
4058;-115;4173;10:54:53.744532
5021;-3950;8971;10:54:53.744532
8426;-6686;15112;10:54:53.744532
8238;-8633;16871;10:54:53.744532
4147;-1362;5509;10:54:53.744532
4561;6134;-1573;10:54:53.744532
1173;6494;-5321;10:54:53.744532
-4374;3972;-8346;10:54:53.744532
-2096;5425;-7521;10:54:53.744532
-3889;1994;-5883;10:54:53.744532
-5021;-5251;230;10:54:53.744532
-1961;-3421;1460;10:54:53.744532
4556;-1294;5850;10:54:53.744532
8345;2690;5655;10:54:53.744532
6801;5095;1706;10:54:53.744532
2990;3973;-983;10:54:53.744532
955;4202;-3247;10:54:53.744532
1330;4081;-2751;10:54:53.744532
-5591;2122;-7713;10:54:53.744532
-5936;-519;-5417;10:54:53.744532
-1696;-4155;2459;10:54:53.744532
-2350;-4198;1848;10:54:53.744532
-360;-3009;2649;10:54:53.744532
3239;463;2776;10:54:53.744532
7567;2660;4907;10:54:53.744532
13188;4536;8652;10:54:53.744532
13894;4652;9242;10:54:53.744532
4966;5184;-218;10:54:53.744532
-2343;4846;-7189;10:54:53.744532
-8901;3544;-12445;10:54:53.744532
-8101;1124;-9225;10:54:53.744532
-3800;-2558;-1242;10:54:53.744532
-2097;2948;-5045;10:54:53.744532
10917;6491;4426;10:54:53.744532
14751;6112;8639;10:54:53.744532
12561;7226;5335;10:54:53.744532
6135;5204;931;10:54:53.744532
228;2460;-2232;10:54:53.744532
-3088;-3529;441;10:54:53.744532
-2620;-6942;4322;10:54:53.744532
-4259;-4885;626;10:54:53.744532
-559;-285;-274;10:54:53.744532
895;2881;-1986;10:54:53.744532
658;7720;-7062;10:54:53.744532
3397;7596;-4199;10:54:53.744532
5301;5480;-179;10:54:53.744532
9042;1179;7863;10:54:53.744532
10434;-2235;12669;10:54:53.744532
4423;-948;5371;10:54:53.744532
1059;2445;-1386;10:54:53.744532
1560;3348;-1788;10:54:53.744532
-4457;6695;-11152;10:54:53.744532
-8269;2951;-11220;10:54:53.744532
-8798;1662;-10460;10:54:53.744532
-3756;-1883;-1873;10:54:53.744532
2564;-2605;5169;10:54:53.744532
11028;-588;11616;10:54:53.744532
15480;3803;11677;10:54:53.744532
14131;3143;10988;10:54:53.744532
4982;1171;3811;10:54:53.744532
-5983;-1033;-4950;10:54:53.744532
-10570;-1156;-9414;10:54:53.744532
-11662;-4784;-6878;10:54:53.744532
-7234;350;-7584;10:54:53.744532
1372;5220;-3848;10:54:53.744532
13239;8095;5144;10:54:53.744532
17971;8297;9674;10:54:53.744532
12833;5315;7518;10:54:53.744532
5068;4661;407;10:54:53.744532
-2673;-644;-2029;10:54:53.744532
-7498;-2278;-5220;10:54:53.744532
-6517;-1638;-4879;10:54:53.744532
-3963;1304;-5267;10:54:53.744532
-1639;23;-1662;10:54:53.744532
4145;2200;1945;10:54:53.744532
6901;-525;7426;10:54:53.744532
7231;1536;5695;10:54:53.744532
6774;4404;2370;10:54:53.744532
6606;2898;3708;10:54:53.744532
2690;2773;-83;10:54:53.744532
-573;6649;-7222;10:54:53.744532
1057;7768;-6711;10:54:53.744532
1817;4141;-2324;10:54:53.744532
-1198;621;-1819;10:54:53.744532
-2808;-1826;-982;10:54:53.744532
-1973;-3586;1613;10:54:53.744532
2768;-3563;6331;10:54:53.744532
6986;-2767;9753;10:54:53.744532
5408;-2168;7576;10:54:53.744532
3334;-292;3626;10:54:53.744532
-472;-431;-41;10:54:53.744532
-6894;1400;-8294;10:54:53.744532
-9397;550;-9947;10:54:53.744532
-6076;2723;-8799;10:54:53.744532
2128;3616;-1488;10:54:53.744532
6969;5374;1595;10:54:53.744532
7097;7684;-587;10:54:53.744532
7488;5710;1778;10:54:53.744532
5541;268;5273;10:54:53.744532
1652;-1365;3017;10:54:53.744532
-177;-1164;987;10:54:53.744532
177;-404;581;10:54:53.744532
2836;2660;176;10:54:53.744532
5959;6113;-154;10:54:53.744532
4008;8700;-4692;10:54:53.744532
140;6286;-6146;10:54:53.744532
1562;3305;-1743;10:54:53.744532
1626;-2179;3805;10:54:53.744532
1424;-3082;4506;10:54:53.744532
4564;-2650;7214;10:54:53.744532
9044;284;8760;10:54:53.744532
6916;2278;4638;10:54:53.744532
-383;1804;-2187;10:54:53.744532
-4681;6367;-11048;10:54:53.744532
-5333;1461;-6794;10:54:53.744532
-2785;2200;-4985;10:54:53.744532
-1432;2206;-3638;10:54:53.744532
4408;3758;650;10:54:53.744532
7158;2033;5125;10:54:53.744532
4896;591;4305;10:54:53.744532
2885;-4873;7758;10:54:53.744532
-702;-5886;5184;10:54:53.744532
-818;-2526;1708;10:54:53.744532
-1113;-394;-719;10:54:53.744532
-446;6453;-6899;10:54:53.744532
3462;8813;-5351;10:54:53.744532
7329;10900;-3571;10:54:53.744532
3370;9731;-6361;10:54:53.744532
-1475;2367;-3842;10:54:53.744532
-1779;-6882;5103;10:54:53.744532
-428;-7697;7269;10:54:53.744532
145;-4049;4194;10:54:53.744532
3239;-3265;6504;10:54:53.744532
5669;1160;4509;10:54:53.744532
4795;9475;-4680;10:54:53.744532
3241;10174;-6933;10:54:53.744532
2326;8510;-6184;10:54:53.744532
1167;7832;-6665;10:54:53.744532
247;-564;811;10:54:53.744532
-3249;-3900;651;10:54:53.744532
-4675;-4624;-51;10:54:53.744532
-1130;-3451;2321;10:54:53.744532
4753;-1456;6209;10:54:53.744532
7177;2850;4327;10:54:53.744532
7391;2601;4790;10:54:53.744532
7845;3625;4220;10:54:53.744532
6093;5206;887;10:54:53.744532
2776;5458;-2682;10:54:53.744532
927;4471;-3544;10:54:53.744532
1277;4747;-3470;10:54:53.744532
-1919;3683;-5602;10:54:53.744532
-5746;999;-6745;10:54:53.744532
-4065;-423;-3642;10:54:53.744532
-337;-566;229;10:54:53.744532
5685;3403;2282;10:54:53.744532
11836;6149;5687;10:54:53.744532
13162;5514;7648;10:54:53.744532
9602;1787;7815;10:54:53.744532
4094;-3799;7893;10:54:53.744532
-3045;-6926;3881;10:54:53.744532
-12000;-7168;-4832;10:54:53.744532
-15359;-3866;-11493;10:54:53.744532
-10463;2048;-12511;10:54:53.744532
-661;7382;-8043;10:54:53.744532
8034;12552;-4518;10:54:53.744532
16116;12596;3520;10:54:53.744532
20471;10312;10159;10:54:53.744532
14309;2958;11351;10:54:53.744532
7708;-3315;11023;10:54:53.744532
-2126;-5865;3739;10:54:53.744532
-13672;-6574;-7098;10:54:53.744532
-14190;-6450;-7740;10:54:53.744532
-11554;-4182;-7372;10:54:53.744532
-6465;-214;-6251;10:54:53.744532
2706;3722;-1016;10:54:53.744532
12002;8125;3877;10:54:53.744532
17735;10014;7721;10:54:53.744532
21549;10423;11126;10:54:53.744532
14573;6387;8186;10:54:53.744532
2878;3241;-363;10:54:53.744532
-6032;-1794;-4238;10:54:53.744532
-12873;-7865;-5008;10:54:53.744532
-14517;-4572;-9945;10:54:53.744532
-9652;1119;-10771;10:54:53.744532
1802;4222;-2420;10:54:53.744532
11516;10176;1340;10:54:53.744532
19222;12709;6513;10:54:53.744532
19079;6729;12350;10:54:53.744532
10328;1744;8584;10:54:53.744532
3139;-2267;5406;10:54:53.744532
-5865;-6421;556;10:54:53.744532
-10475;-8903;-1572;10:54:53.744532
-9042;-6199;-2843;10:54:53.744532
-8660;-3032;-5628;10:54:53.744532
-5436;-1689;-3747;10:54:53.744532
-1983;4418;-6401;10:54:53.744532
2363;6369;-4006;10:54:53.744532
7263;10321;-3058;10:54:53.744532
10237;11439;-1202;10:54:53.744532
9905;6620;3285;10:54:53.744532
9532;1905;7627;10:54:53.744532
7475;-2286;9761;10:54:53.744532
3183;-3345;6528;10:54:53.744532
-588;-2663;2075;10:54:53.744532
-3027;567;-3594;10:54:53.744532
-2242;5349;-7591;10:54:53.744532
-835;8823;-9658;10:54:53.744532
2405;8581;-6176;10:54:53.744532
5973;4448;1525;10:54:53.744532
4161;1890;2271;10:54:53.744532
-2014;-2507;493;10:54:53.744532
-3336;-7789;4453;10:54:53.744532
-2895;-10223;7328;10:54:53.744532
-2163;-6439;4276;10:54:53.744532
2816;1308;1508;10:54:53.744532
6638;6257;381;10:54:53.744532
10285;12253;-1968;10:54:53.744532
10994;14912;-3918;10:54:53.744532
8622;14401;-5779;10:54:53.744532
3462;9088;-5626;10:54:53.744532
1764;2455;-691;10:54:53.744532
-343;-2976;2633;10:54:53.744532
-3750;-4444;694;10:54:53.744532
-4889;-5049;160;10:54:53.744532
707;-5292;5999;10:54:53.744532
5036;-1184;6220;10:54:53.744532
5753;3251;2502;10:54:53.744532
5685;3455;2230;10:54:53.744532
1284;5678;-4394;10:54:53.744532
1032;8124;-7092;10:54:53.744532
891;8232;-7341;10:54:53.744532
-522;4132;-4654;10:54:53.744532
-1317;279;-1596;10:54:53.744532
2308;-4235;6543;10:54:53.744532
2683;-6666;9349;10:54:53.744532
-130;-6797;6667;10:54:53.744532
-292;-4260;3968;10:54:53.744532
2586;2739;-153;10:54:53.744532
4966;5818;-852;10:54:53.744532
1850;6144;-4294;10:54:53.744532
-2469;4705;-7174;10:54:53.744532
-6086;2148;-8234;10:54:53.744532
-6864;1595;-8459;10:54:53.744532
-4369;-2251;-2118;10:54:53.744532
912;-3426;4338;10:54:53.744532
6968;-127;7095;10:54:53.744532
13556;1772;11784;10:54:53.744532
8064;4731;3333;10:54:53.744532
3738;3541;197;10:54:53.744532
-2853;3877;-6730;10:54:53.744532
-7275;5038;-12313;10:54:53.744532
-5287;4475;-9762;10:54:53.744532
-99;3500;-3599;10:54:53.744532
6761;6959;-198;10:54:53.744532
7989;5935;2054;10:54:53.744532
10393;2858;7535;10:54:53.744532
10045;-1781;11826;10:54:53.744532
4537;-4735;9272;10:54:53.744532
-2688;-3162;474;10:54:53.744532
-6464;-390;-6074;10:54:53.744532
-4120;-2051;-2069;10:54:53.744532
-1599;6;-1605;10:54:53.744532
-606;4321;-4927;10:54:53.744532
1975;4075;-2100;10:54:53.744532
3984;2672;1312;10:54:53.744532
5236;4020;1216;10:54:53.744532
5955;4651;1304;10:54:53.744532
5528;5656;-128;10:54:53.744532
1465;4974;-3509;10:54:53.744532
1572;1573;-1;10:54:53.744532
-694;434;-1128;10:54:53.744532
-3472;-2092;-1380;10:54:53.744532
-3414;-4011;597;10:54:53.744532
-935;-3655;2720;10:54:53.744532
1115;994;121;10:54:53.744532
4980;3268;1712;10:54:53.744532
8027;4920;3107;10:54:53.744532
6958;4210;2748;10:54:53.744532
3464;2113;1351;10:54:53.744532
741;1290;-549;10:54:53.744532
-338;1964;-2302;10:54:53.744532
-2851;1646;-4497;10:54:53.744532
-503;3342;-3845;10:54:53.744532
2747;4806;-2059;10:54:53.744532
5587;3311;2276;10:54:53.744532
6335;3731;2604;10:54:53.744532
5411;4414;997;10:54:53.744532
4061;3131;930;10:54:53.744532
2791;-559;3350;10:54:53.744532
1063;-989;2052;10:54:53.744532
-1737;-163;-1574;10:54:53.744532
-1934;544;-2478;10:54:53.744532
-2411;1631;-4042;10:54:53.744532
-3336;1839;-5175;10:54:53.744532
-2960;-154;-2806;10:54:53.744532
1638;-1876;3514;10:54:53.744532
4170;-1285;5455;10:54:53.744532
4972;-1487;6459;10:54:53.744532
6282;605;5677;10:54:53.744532
5226;3085;2141;10:54:53.744532
1019;3519;-2500;10:54:53.744532
-3297;4942;-8239;10:54:53.744532
-6610;5609;-12219;10:54:53.744532
-3473;3283;-6756;10:54:53.744532
2657;-985;3642;10:54:53.744532
6352;-706;7058;10:54:53.744532
7978;-87;8065;10:54:53.744532
9549;19;9530;10:54:53.744532
6259;3955;2304;10:54:53.744532
2196;5993;-3797;10:54:53.744532
-414;5253;-5667;10:54:53.744532
-2667;3820;-6487;10:54:53.744532
-2825;1508;-4333;10:54:53.744532
-2124;-240;-1884;10:54:53.744532
-2242;-1185;-1057;10:54:53.744532
-201;-1549;1348;10:54:53.744532
3784;-1387;5171;10:54:53.744532
5514;1405;4109;10:54:53.744532
7282;1809;5473;10:54:53.744532
7030;3005;4025;10:54:53.744532
3799;4361;-562;10:54:53.744532
649;6190;-5541;10:54:53.744532
55;7893;-7838;10:54:53.744532
-882;2607;-3489;10:54:53.744532
-935;1425;-2360;10:54:53.744532
1788;158;1630;10:54:53.744532
5293;400;4893;10:54:53.744532
6318;359;5959;10:54:53.744532
6035;1037;4998;10:54:53.744532
4263;2274;1989;10:54:53.744532
3114;5394;-2280;10:54:53.744532
1842;5620;-3778;10:54:53.744532
347;4116;-3769;10:54:53.744532
-747;2875;-3622;10:54:53.744532
-173;2739;-2912;10:54:53.744532
1629;975;654;10:54:53.744532
2292;-809;3101;10:54:53.744532
3666;-995;4661;10:54:53.744532
3093;725;2368;10:54:53.744532
1145;366;779;10:54:53.744532
-1059;2296;-3355;10:54:53.744532
-2314;741;-3055;10:54:53.744532
-1686;-1270;-416;10:54:53.744532
-32;-2047;2015;10:54:53.744532
-474;-5485;5011;10:54:53.744532
-428;-3726;3298;10:54:53.744532
-806;41;-847;10:54:53.744532
-1580;2273;-3853;10:54:53.744532
1410;5559;-4149;10:54:53.744532
4594;7994;-3400;10:54:53.744532
4457;7830;-3373;10:54:53.744532
5063;5401;-338;10:54:53.744532
4081;2134;1947;10:54:53.744532
4226;747;3479;10:54:53.744532
3781;-1008;4789;10:54:53.744532
2860;887;1973;10:54:53.744532
2487;3265;-778;10:54:53.744532
2482;5229;-2747;10:54:53.744532
391;4766;-4375;10:54:53.744532
304;4617;-4313;10:54:53.744532
2209;1563;646;10:54:53.744532
3146;-1064;4210;10:54:53.744532
4040;-1645;5685;10:54:53.744532
4156;-1150;5306;10:54:53.744532
1295;-1245;2540;10:54:53.744532
689;1970;-1281;10:54:53.744532
500;3835;-3335;10:54:53.744532
454;5141;-4687;10:54:53.744532
2553;4637;-2084;10:54:53.744532
1661;4445;-2784;10:54:53.744532
824;3478;-2654;10:54:53.744532
574;1823;-1249;10:54:53.744532
1211;2076;-865;10:54:53.744532
1801;-1302;3103;10:54:53.744532
2373;-2833;5206;10:54:53.744532
4546;-4597;9143;10:54:53.744532
4675;-923;5598;10:54:53.744532
1088;2944;-1856;10:54:53.744532
-2221;4791;-7012;10:54:53.744532
-964;5568;-6532;10:54:53.744532
-1584;6320;-7904;10:54:53.744532
365;5167;-4802;10:54:53.744532
3931;2168;1763;10:54:53.744532
6373;-1274;7647;10:54:53.744532
8964;-2082;11046;10:54:53.744532
6311;-979;7290;10:54:53.744532
2159;-753;2912;10:54:53.744532
-1081;1765;-2846;10:54:53.744532
-2554;4820;-7374;10:54:53.744532
-2894;5666;-8560;10:54:53.744532
-678;4351;-5029;10:54:53.744532
-2600;3403;-6003;10:54:53.744532
-1826;993;-2819;10:54:53.744532
2082;56;2026;10:54:53.744532
5115;-185;5300;10:54:53.744532
8350;-2100;10450;10:54:53.744532
10614;889;9725;10:54:53.744532
8682;3936;4746;10:54:53.744532
3369;3630;-261;10:54:53.744532
-4003;4227;-8230;10:54:53.744532
-6065;5548;-11613;10:54:53.744532
-5346;3603;-8949;10:54:53.744532
-2472;183;-2655;10:54:53.744532
3135;-1183;4318;10:54:53.744532
6421;45;6376;10:54:53.744532
7348;43;7305;10:54:53.744532
8870;740;8130;10:54:53.744532
5963;3358;2605;10:54:53.744532
2276;4427;-2151;10:54:53.744532
-1609;3109;-4718;10:54:53.744532
-5779;2488;-8267;10:54:53.744532
-6558;-482;-6076;10:54:53.744532
-2541;-3018;477;10:54:53.744532
1877;-1772;3649;10:54:53.744532
3711;493;3218;10:54:53.744532
4167;3919;248;10:54:53.744532
6141;7874;-1733;10:54:53.744532
6999;6831;168;10:54:53.744532
6762;3935;2827;10:54:53.744532
5064;3441;1623;10:54:53.744532
1111;703;408;10:54:53.744532
-2468;-2005;-463;10:54:53.744532
-5272;-4337;-935;10:54:53.744532
-7471;-4403;-3068;10:54:53.744532
-5396;-2785;-2611;10:54:53.744532
-354;-940;586;10:54:53.744532
5053;2958;2095;10:54:53.744532
8087;6372;1715;10:54:53.744532
9347;10037;-690;10:54:53.744532
9517;10646;-1129;10:54:53.744532
7590;8931;-1341;10:54:53.744532
3861;2707;1154;10:54:53.744532
1190;-431;1621;10:54:53.744532
-1779;-4081;2302;10:54:53.744532
-1742;-5286;3544;10:54:53.744532
-2209;-3294;1085;10:54:53.744532
-975;1127;-2102;10:54:53.744532
3035;6333;-3298;10:54:53.744532
3607;8447;-4840;10:54:53.744532
2228;7349;-5121;10:54:53.744532
2604;3564;-960;10:54:53.744532
3371;12;3359;10:54:53.744532
3271;-2957;6228;10:54:53.744532
1601;-5321;6922;10:54:53.744532
-382;-4115;3733;10:54:53.744532
-1558;-1062;-496;10:54:53.744532
-2992;897;-3889;10:54:53.744532
-4200;2435;-6635;10:54:53.744532
-2296;4717;-7013;10:54:53.744532
2012;6378;-4366;10:54:53.744532
4619;6164;-1545;10:54:53.744532
6657;1882;4775;10:54:53.744532
7575;-1257;8832;10:54:53.744532
6549;-2182;8731;10:54:53.744532
2471;-715;3186;10:54:53.744532
-125;-372;247;10:54:53.744532
-2057;239;-2296;10:54:53.744532
-2592;4316;-6908;10:54:53.744532
-1270;8434;-9704;10:54:53.744532
336;8428;-8092;10:54:53.744532
1973;6897;-4924;10:54:53.744532
6032;3767;2265;10:54:53.744532
6663;-1900;8563;10:54:53.744532
3989;-6515;10504;10:54:53.744532
2190;-7763;9953;10:54:53.744532
1879;-5750;7629;10:54:53.744532
-482;-1268;786;10:54:53.744532
-1765;4441;-6206;10:54:53.744532
-1517;9910;-11427;10:54:53.744532
930;12350;-11420;10:54:53.744532
4221;11974;-7753;10:54:53.744532
4731;8621;-3890;10:54:53.744532
4267;2425;1842;10:54:53.744532
3630;-1193;4823;10:54:53.744532
3239;-4171;7410;10:54:53.744532
2016;-6314;8330;10:54:53.744532
742;-6359;7101;10:54:53.744532
-10;-4285;4275;10:54:53.744532
-284;-890;606;10:54:53.744532
-927;3158;-4085;10:54:53.744532
-740;7517;-8257;10:54:53.744532
538;8655;-8117;10:54:53.744532
2497;8089;-5592;10:54:53.744532
5263;5284;-21;10:54:53.744532
5706;1341;4365;10:54:53.744532
4261;-546;4807;10:54:53.744532
2845;-1993;4838;10:54:53.744532
1210;-2654;3864;10:54:53.744532
-1128;-1659;531;10:54:53.744532
-2033;1421;-3454;10:54:53.744532
181;5433;-5252;10:54:53.744532
2692;7206;-4514;10:54:53.744532
5228;6837;-1609;10:54:53.744532
6717;5062;1655;10:54:53.744532
4877;3542;1335;10:54:53.744532
2825;-844;3669;10:54:53.744532
534;-2070;2604;10:54:53.744532
-1920;-2421;501;10:54:53.744532
-2630;-880;-1750;10:54:53.744532
-908;-860;-48;10:54:53.744532
-138;281;-419;10:54:53.744532
1133;3822;-2689;10:54:53.744532
5718;4430;1288;10:54:53.744532
6122;4592;1530;10:54:53.744532
6362;5287;1075;10:54:53.744532
2932;4469;-1537;10:54:53.744532
-575;2374;-2949;10:54:53.744532
-1756;-13;-1743;10:54:53.744532
-861;-819;-42;10:54:53.744532
1254;-643;1897;10:54:53.744532
2797;-686;3483;10:54:53.744532
3067;967;2100;10:54:53.744532
2321;2568;-247;10:54:53.744532
2164;4404;-2240;10:54:53.744532
1541;3192;-1651;10:54:53.744532
-148;1995;-2143;10:54:53.744532
-871;571;-1442;10:54:53.744532
-734;-1968;1234;10:54:53.744532
-624;-3835;3211;10:54:53.744532
-994;-1552;558;10:54:53.744532
-437;-936;499;10:54:53.744532
1789;1446;343;10:54:53.744532
2661;4485;-1824;10:54:53.744532
4589;5098;-509;10:54:53.744532
5634;5799;-165;10:54:53.744532
4622;5527;-905;10:54:53.744532
2271;2461;-190;10:54:53.744532
1091;1335;-244;10:54:53.744532
-198;423;-621;10:54:53.744532
222;-139;361;10:54:53.744532
2260;719;1541;10:54:53.744532
1117;3392;-2275;10:54:53.744532
-104;3637;-3741;10:54:53.744532
963;3850;-2887;10:54:53.744532
2172;3346;-1174;10:54:53.744532
3726;1608;2118;10:54:53.744532
5009;-974;5983;10:54:53.744532
4696;-438;5134;10:54:53.744532
4017;-543;4560;10:54:53.744532
1789;-216;2005;10:54:53.744532
-1085;1717;-2802;10:54:53.744532
-1668;2004;-3672;10:54:53.744532
-1880;2067;-3947;10:54:53.744532
-1653;4270;-5923;10:54:53.744532
1283;4282;-2999;10:54:53.744532
3067;5638;-2571;10:54:53.744532
5863;5517;346;10:54:53.744532
6319;2567;3752;10:54:53.744532
3966;-1081;5047;10:54:53.744532
2094;-3062;5156;10:54:53.744532
1531;-3824;5355;10:54:53.744532
-672;-2072;1400;10:54:53.744532
-2685;938;-3623;10:54:53.744532
-2364;3656;-6020;10:54:53.744532
-730;6492;-7222;10:54:53.744532
1988;5988;-4000;10:54:53.744532
3369;5381;-2012;10:54:53.744532
6071;5137;934;10:54:53.744532
7776;2096;5680;10:54:53.744532
6272;254;6018;10:54:53.744532
4698;1132;3566;10:54:53.744532
2026;79;1947;10:54:53.744532
-273;-332;59;10:54:53.744532
-1169;599;-1768;10:54:53.744532
-1342;499;-1841;10:54:53.744532
-1574;1124;-2698;10:54:53.744532
-1748;1604;-3352;10:54:53.744532
1668;2525;-857;10:54:53.744532
3535;3031;504;10:54:53.744532
4849;3284;1565;10:54:53.744532
4589;2812;1777;10:54:53.744532
3432;1543;1889;10:54:53.744532
-167;439;-606;10:54:53.744532
-1117;453;-1570;10:54:53.744532
-1263;1383;-2646;10:54:53.744532
-536;956;-1492;10:54:53.744532
1658;2295;-637;10:54:53.744532
4522;4817;-295;10:54:53.744532
5412;5528;-116;10:54:53.744532
4572;4759;-187;10:54:53.744532
3426;3559;-133;10:54:53.744532
2969;1187;1782;10:54:53.744532
3462;-268;3730;10:54:53.744532
3332;-2318;5650;10:54:53.744532
3299;-2068;5367;10:54:53.744532
1850;-979;2829;10:54:53.744532
-1064;1174;-2238;10:54:53.744532
-3530;3387;-6917;10:54:53.744532
-3916;5163;-9079;10:54:53.744532
-1545;5107;-6652;10:54:53.744532
2000;4667;-2667;10:54:53.744532
5288;3823;1465;10:54:53.744532
6376;3061;3315;10:54:53.744532
5715;323;5392;10:54:53.744532
4161;-1201;5362;10:54:53.744532
2679;-1955;4634;10:54:53.744532
642;-1521;2163;10:54:53.744532
-104;1216;-1320;10:54:53.744532
8;3361;-3353;10:54:53.744532
-523;5263;-5786;10:54:53.744532
-317;6514;-6831;10:54:53.744532
1282;5131;-3849;10:54:53.744532
2951;2096;855;10:54:53.744532
3924;-248;4172;10:54:53.744532
4095;-2308;6403;10:54:53.744532
3399;-2229;5628;10:54:53.744532
4190;-530;4720;10:54:53.744532
1910;1663;247;10:54:53.744532
-377;3948;-4325;10:54:53.744532
-394;6532;-6926;10:54:53.744532
259;6155;-5896;10:54:53.744532
1340;4510;-3170;10:54:53.744532
3233;2720;513;10:54:53.744532
3802;-895;4697;10:54:53.744532
3099;-2997;6096;10:54:53.744532
2146;-4363;6509;10:54:53.744532
131;-3947;4078;10:54:53.744532
-1196;-385;-811;10:54:53.744532
-1409;4242;-5651;10:54:53.744532
-1122;7666;-8788;10:54:53.744532
429;9724;-9295;10:54:53.744532
4269;9027;-4758;10:54:53.744532
6001;4747;1254;10:54:53.744532
6453;75;6378;10:54:53.744532
5455;-3349;8804;10:54:53.744532
3362;-3891;7253;10:54:53.744532
964;-3139;4103;10:54:53.744532
-672;-3;-669;10:54:53.744532
-1635;2189;-3824;10:54:53.744532
-1004;3982;-4986;10:54:53.744532
-298;4873;-5171;10:54:53.744532
365;5555;-5190;10:54:53.744532
2455;4404;-1949;10:54:53.744532
3620;2665;955;10:54:53.744532
4959;832;4127;10:54:53.744532
5597;-768;6365;10:54:53.744532
4051;-808;4859;10:54:53.744532
2292;-881;3173;10:54:53.744532
91;631;-540;10:54:53.744532
-1865;1780;-3645;10:54:53.744532
-1028;4183;-5211;10:54:53.744532
1405;4895;-3490;10:54:53.744532
2598;5412;-2814;10:54:53.744532
3625;4604;-979;10:54:53.744532
4997;2825;2172;10:54:53.744532
4795;1526;3269;10:54:53.744532
3025;1056;1969;10:54:53.744532
1291;1186;105;10:54:53.744532
264;1313;-1049;10:54:53.744532
281;1674;-1393;10:54:53.744532
1441;1193;248;10:54:53.744532
832;662;170;10:54:53.744532
367;32;335;10:54:53.744532
459;-1089;1548;10:54:53.744532
252;-806;1058;10:54:53.744532
346;249;97;10:54:53.744532
2045;1640;405;10:54:53.744532
3487;2984;503;10:54:53.744532
4312;4126;186;10:54:53.744532
3722;4672;-950;10:54:53.744532
2294;4322;-2028;10:54:53.744532
1626;3744;-2118;10:54:53.744532
436;2741;-2305;10:54:53.744532
-668;1331;-1999;10:54:53.744532
-1270;1001;-2271;10:54:53.744532
446;399;47;10:54:53.744532
2338;126;2212;10:54:53.744532
3617;206;3411;10:54:53.744532
3429;513;2916;10:54:53.744532
2906;1002;1904;10:54:53.744532
3245;1785;1460;10:54:53.744532
2040;1183;857;10:54:53.744532
316;2019;-1703;10:54:53.744532
-632;2255;-2887;10:54:53.744532
-33;1581;-1614;10:54:53.744532
-74;776;-850;10:54:53.744532
-831;1980;-2811;10:54:53.744532
-8;2130;-2138;10:54:53.744532
2382;3408;-1026;10:54:53.744532
2736;3042;-306;10:54:53.744532
4042;3358;684;10:54:53.744532
5847;2988;2859;10:54:53.744532
5454;1472;3982;10:54:53.744532
4312;552;3760;10:54:53.744532
2068;765;1303;10:54:53.744532
-637;326;-963;10:54:53.744532
-1253;487;-1740;10:54:53.744532
-1467;924;-2391;10:54:53.744532
-1578;2042;-3620;10:54:53.744532
344;4046;-3702;10:54:53.744532
3220;3407;-187;10:54:53.744532
4864;2510;2354;10:54:53.744532
5159;2453;2706;10:54:53.744532
3788;2244;1544;10:54:53.744532
3429;894;2535;10:54:53.744532
1534;1331;203;10:54:53.744532
-303;1451;-1754;10:54:53.744532
208;2612;-2404;10:54:53.744532
1428;3482;-2054;10:54:53.744532
1932;3185;-1253;10:54:53.744532
2074;2671;-597;10:54:53.744532
651;2083;-1432;10:54:53.744532
1163;103;1060;10:54:53.744532
2477;-1143;3620;10:54:53.744532
2167;-459;2626;10:54:53.744532
1822;498;1324;10:54:53.744532
2682;1146;1536;10:54:53.744532
2498;2227;271;10:54:53.744532
1136;2544;-1408;10:54:53.744532
78;3974;-3896;10:54:53.744532
439;5530;-5091;10:54:53.744532
2250;4844;-2594;10:54:53.744532
2695;4473;-1778;10:54:53.744532
3800;4086;-286;10:54:53.744532
5467;1831;3636;10:54:53.744532
5017;-1145;6162;10:54:53.744532
2422;-3108;5530;10:54:53.744532
791;-3145;3936;10:54:53.744532
-185;-1124;939;10:54:53.744532
-770;1601;-2371;10:54:53.744532
-1124;3434;-4558;10:54:53.744532
-552;5778;-6330;10:54:53.744532
1774;6313;-4539;10:54:53.744532
3386;5530;-2144;10:54:53.744532
3537;3132;405;10:54:53.744532
3818;1763;2055;10:54:53.744532
4685;93;4592;10:54:53.744532
3244;-1748;4992;10:54:53.744532
-35;-1252;1217;10:54:53.744532
-966;-134;-832;10:54:53.744532
-589;1527;-2116;10:54:53.744532
800;2263;-1463;10:54:53.744532
1743;3437;-1694;10:54:53.744532
1714;3198;-1484;10:54:53.744532
2829;3236;-407;10:54:53.744532
2830;2271;559;10:54:53.744532
867;1369;-502;10:54:53.744532
225;551;-326;10:54:53.744532
1035;-612;1647;10:54:53.744532
365;216;149;10:54:53.744532
1022;-187;1209;10:54:53.744532
2550;1300;1250;10:54:53.744532
4030;3220;810;10:54:53.744532
4076;4450;-374;10:54:53.744532
3093;4877;-1784;10:54:53.744532
3272;4842;-1570;10:54:53.744532
2978;3253;-275;10:54:53.744532
1081;1815;-734;10:54:53.744532
-274;-159;-115;10:54:53.744532
-820;-616;-204;10:54:53.744532
-453;114;-567;10:54:53.744532
-74;387;-461;10:54:53.744532
1008;1080;-72;10:54:53.744532
1765;2290;-525;10:54:53.744532
2848;3090;-242;10:54:53.744532
2927;1614;1313;10:54:53.744532
2430;1063;1367;10:54:53.744532
2288;1479;809;10:54:53.847965
1087;1944;-857;10:54:53.847965
404;1413;-1009;10:54:53.847965
1084;1725;-641;10:54:53.847965
2140;1695;445;10:54:53.847965
2632;2550;82;10:54:53.847965
3189;2664;525;10:54:53.847965
4530;4328;202;10:54:53.847965
4805;4902;-97;10:54:53.847965
2579;4506;-1927;10:54:53.847965
741;2899;-2158;10:54:53.847965
-568;512;-1080;10:54:53.847965
-1336;-489;-847;10:54:53.847965
-1969;-2029;60;10:54:53.847965
-1343;-2025;682;10:54:53.847965
1102;-1970;3072;10:54:53.847965
2138;336;1802;10:54:53.847965
2750;2017;733;10:54:53.847965
4063;4457;-394;10:54:53.847965
3982;5806;-1824;10:54:53.847965
3643;5304;-1661;10:54:53.847965
2651;3518;-867;10:54:53.847965
1433;1842;-409;10:54:53.847965
2196;651;1545;10:54:53.847965
2481;601;1880;10:54:53.847965
1504;1546;-42;10:54:53.847965
1641;2039;-398;10:54:53.847965
1735;2338;-603;10:54:53.847965
1811;2282;-471;10:54:53.847965
1732;1891;-159;10:54:53.847965
2250;586;1664;10:54:53.847965
2134;594;1540;10:54:53.847965
1370;652;718;10:54:53.847965
-48;808;-856;10:54:53.847965
-353;1817;-2170;10:54:53.847965
-150;2400;-2550;10:54:53.847965
650;3002;-2352;10:54:53.847965
2312;2612;-300;10:54:53.847965
3474;3224;250;10:54:53.847965
4205;2639;1566;10:54:53.847965
3749;3218;531;10:54:53.847965
3305;3713;-408;10:54:53.847965
2819;2743;76;10:54:53.847965
2311;1838;473;10:54:53.847965
1703;391;1312;10:54:53.847965
2097;-407;2504;10:54:53.847965
2135;-963;3098;10:54:53.847965
1100;310;790;10:54:53.847965
890;3162;-2272;10:54:53.847965
871;5028;-4157;10:54:53.847965
1300;6132;-4832;10:54:53.847965
2418;5211;-2793;10:54:53.847965
3526;3386;140;10:54:53.847965
4782;1624;3158;10:54:53.847965
4311;-69;4380;10:54:53.847965
3245;-702;3947;10:54:53.847965
1523;83;1440;10:54:53.847965
820;1977;-1157;10:54:53.847965
684;2351;-1667;10:54:53.847965
97;3467;-3370;10:54:53.847965
-350;3174;-3524;10:54:53.847965
1063;2112;-1049;10:54:53.847965
2028;1914;114;10:54:53.847965
1978;625;1353;10:54:53.847965
2483;171;2312;10:54:53.847965
2563;356;2207;10:54:53.847965
2968;980;1988;10:54:53.847965
2450;679;1771;10:54:53.847965
918;1017;-99;10:54:53.847965
-466;1445;-1911;10:54:53.847965
-976;1013;-1989;10:54:53.847965
-839;2631;-3470;10:54:53.847965
171;4227;-4056;10:54:53.847965
2251;5241;-2990;10:54:53.847965
4687;4589;98;10:54:53.847965
5905;2872;3033;10:54:53.847965
5547;1606;3941;10:54:53.847965
3779;489;3290;10:54:53.847965
1409;-293;1702;10:54:53.847965
-407;180;-587;10:54:53.847965
-242;1471;-1713;10:54:53.847965
1672;2032;-360;10:54:53.847965
2471;2963;-492;10:54:53.847965
3222;4237;-1015;10:54:53.847965
3353;5050;-1697;10:54:53.847965
3012;4653;-1641;10:54:53.847965
2292;4118;-1826;10:54:53.847965
2282;2948;-666;10:54:53.847965
2437;838;1599;10:54:53.847965
2635;187;2448;10:54:53.847965
2214;-1201;3415;10:54:53.847965
978;-1161;2139;10:54:53.847965
398;-489;887;10:54:53.847965
-843;559;-1402;10:54:53.847965
-1231;1194;-2425;10:54:53.847965
-522;1669;-2191;10:54:53.847965
743;1851;-1108;10:54:53.847965
1701;1839;-138;10:54:53.847965
2237;1109;1128;10:54:53.847965
1987;1218;769;10:54:53.847965
2109;719;1390;10:54:53.847965
1721;887;834;10:54:53.847965
1079;2114;-1035;10:54:53.847965
1262;3227;-1965;10:54:53.847965
1855;3185;-1330;10:54:53.847965
2086;3411;-1325;10:54:53.847965
1792;2723;-931;10:54:53.847965
1103;1997;-894;10:54:53.847965
1549;416;1133;10:54:53.847965
1607;-175;1782;10:54:53.847965
1154;243;911;10:54:53.847965
1107;752;355;10:54:53.847965
1477;2474;-997;10:54:53.847965
2514;3326;-812;10:54:53.847965
3327;4247;-920;10:54:53.847965
3842;4628;-786;10:54:53.847965
3171;3639;-468;10:54:53.847965
2600;2132;468;10:54:53.847965
1742;1299;443;10:54:53.847965
764;-111;875;10:54:53.847965
107;-466;573;10:54:53.847965
718;-97;815;10:54:53.847965
1194;371;823;10:54:53.847965
1382;1442;-60;10:54:53.847965
2000;2746;-746;10:54:53.847965
2364;2422;-58;10:54:53.847965
1809;2944;-1135;10:54:53.847965
506;2778;-2272;10:54:53.847965
12;1354;-1342;10:54:53.847965
182;696;-514;10:54:53.847965
809;509;300;10:54:53.847965
1516;399;1117;10:54:53.847965
2828;2456;372;10:54:53.847965
3993;2835;1158;10:54:53.847965
4400;1649;2751;10:54:53.847965
3253;1941;1312;10:54:53.847965
1704;1651;53;10:54:53.847965
701;1204;-503;10:54:53.847965
-183;1738;-1921;10:54:53.847965
213;2404;-2191;10:54:53.847965
1189;4594;-3405;10:54:53.847965
3536;4681;-1145;10:54:53.847965
5987;3593;2394;10:54:53.847965
5288;3767;1521;10:54:53.847965
3771;2804;967;10:54:53.847965
2171;787;1384;10:54:53.847965
-315;-624;309;10:54:53.847965
-1210;-1027;-183;10:54:53.847965
-403;-461;58;10:54:53.847965
-596;248;-844;10:54:53.847965
-305;608;-913;10:54:53.847965
604;1836;-1232;10:54:53.847965
1587;3806;-2219;10:54:53.847965
2934;4507;-1573;10:54:53.847965
3932;4707;-775;10:54:53.847965
4751;3354;1397;10:54:53.847965
4427;1572;2855;10:54:53.847965
2831;532;2299;10:54:53.847965
586;-410;996;10:54:53.847965
-1121;-293;-828;10:54:53.847965
-1746;754;-2500;10:54:53.847965
-1502;1420;-2922;10:54:53.847965
608;2323;-1715;10:54:53.847965
3637;3349;288;10:54:53.847965
5014;3641;1373;10:54:53.847965
5187;2208;2979;10:54:53.847965
4598;1104;3494;10:54:53.847965
1774;298;1476;10:54:53.847965
-526;-204;-322;10:54:53.847965
-2282;269;-2551;10:54:53.847965
-3793;1901;-5694;10:54:53.847965
-1529;2433;-3962;10:54:53.847965
828;2616;-1788;10:54:53.847965
3461;3288;173;10:54:53.847965
5353;3564;1789;10:54:53.847965
6067;2812;3255;10:54:53.847965
5461;2580;2881;10:54:53.847965
4213;1380;2833;10:54:53.847965
2766;793;1973;10:54:53.847965
726;788;-62;10:54:53.847965
-302;769;-1071;10:54:53.847965
-4;2146;-2150;10:54:53.847965
1603;3186;-1583;10:54:53.847965
2746;3404;-658;10:54:53.847965
2804;4061;-1257;10:54:53.847965
2636;3653;-1017;10:54:53.847965
1397;1528;-131;10:54:53.847965
-352;-1169;817;10:54:53.847965
-67;-1607;1540;10:54:53.847965
893;-453;1346;10:54:53.847965
1328;1138;190;10:54:53.847965
1641;3673;-2032;10:54:53.847965
1896;5235;-3339;10:54:53.847965
1875;4812;-2937;10:54:53.847965
1819;3216;-1397;10:54:53.847965
2404;1714;690;10:54:53.847965
2236;-211;2447;10:54:53.847965
1289;-524;1813;10:54:53.847965
867;-220;1087;10:54:53.847965
979;339;640;10:54:53.847965
904;1027;-123;10:54:53.847965
1303;1740;-437;10:54:53.847965
2852;2237;615;10:54:53.847965
2746;1327;1419;10:54:53.847965
3203;1360;1843;10:54:53.847965
2703;2395;308;10:54:53.847965
2008;3601;-1593;10:54:53.847965
2181;4155;-1974;10:54:53.847965
1951;4027;-2076;10:54:53.847965
734;3050;-2316;10:54:53.847965
468;1203;-735;10:54:53.847965
204;183;21;10:54:53.847965
884;-1383;2267;10:54:53.847965
2107;-555;2662;10:54:53.847965
2462;63;2399;10:54:53.847965
2145;1468;677;10:54:53.847965
1256;2797;-1541;10:54:53.847965
1339;4135;-2796;10:54:53.847965
2289;4316;-2027;10:54:53.847965
2792;4542;-1750;10:54:53.847965
2599;4039;-1440;10:54:53.847965
3379;3106;273;10:54:53.847965
3431;2616;815;10:54:53.847965
3458;2198;1260;10:54:53.847965
3446;1512;1934;10:54:53.847965
2850;1301;1549;10:54:53.847965
2494;1378;1116;10:54:53.847965
1440;1644;-204;10:54:53.847965
1469;1964;-495;10:54:53.847965
1828;2481;-653;10:54:53.847965
1895;3073;-1178;10:54:53.847965
1639;2729;-1090;10:54:53.847965
677;2001;-1324;10:54:53.847965
136;239;-103;10:54:53.847965
1761;-397;2158;10:54:53.847965
3031;-271;3302;10:54:53.847965
2601;1169;1432;10:54:53.847965
2599;2714;-115;10:54:53.847965
2604;3889;-1285;10:54:53.847965
2062;4902;-2840;10:54:53.847965
1854;4729;-2875;10:54:53.847965
1569;4097;-2528;10:54:53.847965
1830;2584;-754;10:54:53.847965
2053;1515;538;10:54:53.847965
1674;2;1672;10:54:53.847965
1001;-1644;2645;10:54:53.847965
647;-1994;2641;10:54:53.847965
560;-1481;2041;10:54:53.847965
424;-334;758;10:54:53.847965
566;1391;-825;10:54:53.847965
941;3423;-2482;10:54:53.847965
1079;4065;-2986;10:54:53.847965
1471;4011;-2540;10:54:53.847965
1934;3539;-1605;10:54:53.847965
2366;1895;471;10:54:53.847965
3818;1010;2808;10:54:53.869871
2849;1493;1356;10:54:53.869871
2272;1810;462;10:54:53.869871
2074;3296;-1222;10:54:53.869871
1878;3644;-1766;10:54:53.869871
1632;3590;-1958;10:54:53.869871
1489;3175;-1686;10:54:53.869871
2273;2636;-363;10:54:53.869871
2827;2463;364;10:54:53.869871
2921;1902;1019;10:54:53.869871
2386;1105;1281;10:54:53.869871
1321;456;865;10:54:53.869871
696;776;-80;10:54:53.869871
-484;-313;-171;10:54:53.869871
-957;-281;-676;10:54:53.869871
-473;726;-1199;10:54:53.869871
298;780;-482;10:54:53.869871
1797;1506;291;10:54:53.869871
2790;2283;507;10:54:53.869871
3201;1677;1524;10:54:53.869871
2253;1838;415;10:54:53.869871
841;1384;-543;10:54:53.869871
369;1443;-1074;10:54:53.869871
924;2077;-1153;10:54:53.869871
1476;3005;-1529;10:54:53.869871
1976;3979;-2003;10:54:53.869871
2813;3936;-1123;10:54:53.869871
4083;3739;344;10:54:53.869871
4768;2775;1993;10:54:53.869871
4403;1622;2781;10:54:53.869871
2962;-169;3131;10:54:53.869871
1343;-481;1824;10:54:53.869871
-275;-104;-171;10:54:53.869871
-1005;656;-1661;10:54:53.869871
-794;2264;-3058;10:54:53.869871
260;3968;-3708;10:54:53.869871
1653;3529;-1876;10:54:53.869871
1954;3524;-1570;10:54:53.869871
3060;2648;412;10:54:53.869871
4291;2082;2209;10:54:53.869871
4390;1689;2701;10:54:53.869871
3849;1465;2384;10:54:53.869871
2374;1668;706;10:54:53.869871
680;1463;-783;10:54:53.869871
-735;1241;-1976;10:54:53.869871
-1492;1316;-2808;10:54:53.869871
-928;703;-1631;10:54:53.869871
536;843;-307;10:54:53.869871
2232;1083;1149;10:54:53.869871
3668;1948;1720;10:54:53.869871
4369;2735;1634;10:54:53.869871
3719;2949;770;10:54:53.869871
2076;2499;-423;10:54:53.869871
1139;2034;-895;10:54:53.869871
689;1016;-327;10:54:53.869871
791;500;291;10:54:53.869871
965;1311;-346;10:54:53.869871
1732;1487;245;10:54:53.869871
2220;1871;349;10:54:53.869871
2171;2622;-451;10:54:53.869871
1672;2768;-1096;10:54:53.869871
1397;2100;-703;10:54:53.869871
1281;954;327;10:54:53.869871
977;105;872;10:54:53.869871
1366;874;492;10:54:53.869871
1884;945;939;10:54:53.869871
2560;1994;566;10:54:53.869871
2960;3376;-416;10:54:53.869871
2533;4065;-1532;10:54:53.869871
1852;3636;-1784;10:54:53.869871
1174;4023;-2849;10:54:53.869871
710;4143;-3433;10:54:53.869871
967;3070;-2103;10:54:53.869871
1818;1953;-135;10:54:53.869871
2658;26;2632;10:54:53.869871
2915;-1114;4029;10:54:53.869871
1991;-1193;3184;10:54:53.869871
1294;-1213;2507;10:54:53.869871
715;-835;1550;10:54:53.869871
-342;666;-1008;10:54:53.869871
-633;1735;-2368;10:54:53.869871
-6;2493;-2499;10:54:53.869871
705;3449;-2744;10:54:53.869871
1350;3237;-1887;10:54:53.869871
2583;3044;-461;10:54:53.869871
3353;1991;1362;10:54:53.869871
3145;1779;1366;10:54:53.869871
2873;1177;1696;10:54:53.869871
2585;1915;670;10:54:53.869871
2186;2232;-46;10:54:53.869871
2122;2569;-447;10:54:53.869871
1714;3332;-1618;10:54:53.869871
1117;3338;-2221;10:54:53.869871
1171;2655;-1484;10:54:53.869871
1337;1663;-326;10:54:53.869871
1877;720;1157;10:54:53.869871
2724;-576;3300;10:54:53.869871
2284;-689;2973;10:54:53.869871
1677;468;1209;10:54:53.869871
1394;2103;-709;10:54:53.869871
1206;3756;-2550;10:54:53.869871
1467;4382;-2915;10:54:53.869871
2030;4606;-2576;10:54:53.869871
2188;4486;-2298;10:54:53.869871
2996;3354;-358;10:54:53.869871
3893;1684;2209;10:54:53.869871
3857;865;2992;10:54:53.869871
3728;706;3022;10:54:53.869871
2712;630;2082;10:54:53.869871
1095;807;288;10:54:53.869871
-97;1437;-1534;10:54:53.869871
-549;2407;-2956;10:54:53.869871
-445;3012;-3457;10:54:53.869871
401;3015;-2614;10:54:53.869871
933;2238;-1305;10:54:53.869871
1613;1012;601;10:54:53.869871
2649;288;2361;10:54:53.869871
2429;-302;2731;10:54:53.869871
1601;-989;2590;10:54:53.869871
567;-1289;1856;10:54:53.869871
-538;-297;-241;10:54:53.869871
-1072;172;-1244;10:54:53.869871
-494;1527;-2021;10:54:53.869871
853;3748;-2895;10:54:53.869871
2580;4579;-1999;10:54:53.869871
3158;4601;-1443;10:54:53.869871
3735;3701;34;10:54:53.869871
4138;2436;1702;10:54:53.869871
4465;1615;2850;10:54:53.869871
3974;1111;2863;10:54:53.869871
2947;1343;1604;10:54:53.869871
1694;2164;-470;10:54:53.869871
928;3085;-2157;10:54:53.869871
700;3992;-3292;10:54:53.869871
1173;4089;-2916;10:54:53.869871
2557;3825;-1268;10:54:53.869871
4078;3878;200;10:54:53.869871
4748;2998;1750;10:54:53.869871
4165;1929;2236;10:54:53.869871
3829;1729;2100;10:54:53.869871
3190;1787;1403;10:54:53.869871
2837;1813;1024;10:54:53.869871
2311;2420;-109;10:54:53.869871
1723;2521;-798;10:54:53.869871
1673;2371;-698;10:54:53.869871
1734;2471;-737;10:54:53.869871
1041;2152;-1111;10:54:53.869871
792;1411;-619;10:54:53.869871
568;1508;-940;10:54:53.869871
798;1499;-701;10:54:53.869871
1990;895;1095;10:54:53.869871
2868;925;1943;10:54:53.869871
2670;913;1757;10:54:53.869871
2074;1736;338;10:54:53.869871
1240;1834;-594;10:54:53.869871
714;1533;-819;10:54:53.869871
382;1586;-1204;10:54:53.869871
482;2075;-1593;10:54:53.869871
826;2419;-1593;10:54:53.869871
1268;2503;-1235;10:54:53.869871
2327;2692;-365;10:54:53.869871
2720;2772;-52;10:54:53.869871
3558;2342;1216;10:54:53.869871
4046;1656;2390;10:54:53.869871
3407;1806;1601;10:54:53.869871
2540;2537;3;10:54:53.869871
2266;2579;-313;10:54:53.869871
1958;2843;-885;10:54:53.869871
1225;2332;-1107;10:54:53.869871
458;1683;-1225;10:54:53.869871
524;778;-254;10:54:53.869871
480;320;160;10:54:53.869871
524;251;273;10:54:53.869871
1201;352;849;10:54:53.869871
2409;821;1588;10:54:53.869871
2901;1477;1424;10:54:53.869871
2277;1760;517;10:54:53.869871
1334;2276;-942;10:54:53.869871
714;2062;-1348;10:54:53.869871
379;1641;-1262;10:54:53.869871
-95;1760;-1855;10:54:53.869871
-35;1495;-1530;10:54:53.869871
846;1109;-263;10:54:53.869871
1677;742;935;10:54:53.869871
1830;1109;721;10:54:53.869871
2493;1754;739;10:54:53.869871
2829;2166;663;10:54:53.869871
2521;2235;286;10:54:53.869871
1748;2721;-973;10:54:53.869871
1099;3020;-1921;10:54:53.869871
1463;2933;-1470;10:54:53.869871
2154;2671;-517;10:54:53.869871
2370;3007;-637;10:54:53.869871
2074;3280;-1206;10:54:53.869871
2603;2710;-107;10:54:53.869871
3363;1818;1545;10:54:53.869871
2855;1629;1226;10:54:53.869871
2297;1083;1214;10:54:53.869871
2575;595;1980;10:54:53.869871
2321;349;1972;10:54:53.869871
1679;1045;634;10:54:53.869871
1251;2307;-1056;10:54:53.869871
1412;2710;-1298;10:54:53.869871
1961;2769;-808;10:54:53.869871
2064;3085;-1021;10:54:53.869871
1804;3456;-1652;10:54:53.869871
1512;3320;-1808;10:54:53.869871
1558;2391;-833;10:54:53.869871
1821;836;985;10:54:53.869871
1982;49;1933;10:54:53.869871
1718;-590;2308;10:54:53.869871
708;-988;1696;10:54:53.869871
-507;-642;135;10:54:53.869871
-851;339;-1190;10:54:53.869871
247;1529;-1282;10:54:53.869871
1004;2600;-1596;10:54:53.869871
2061;3168;-1107;10:54:53.869871
2282;3573;-1291;10:54:53.869871
2119;2882;-763;10:54:53.869871
1735;2109;-374;10:54:53.869871
1262;1670;-408;10:54:53.869871
1174;1534;-360;10:54:53.869871
1829;1594;235;10:54:53.869871
2761;1862;899;10:54:53.869871
2261;1371;890;10:54:53.869871
1542;1298;244;10:54:53.869871
1457;1053;404;10:54:53.869871
1115;433;682;10:54:53.869871
632;309;323;10:54:53.869871
697;1334;-637;10:54:53.869871
684;1550;-866;10:54:53.869871
478;1265;-787;10:54:53.869871
976;2054;-1078;10:54:53.869871
2064;2229;-165;10:54:53.869871
3319;2165;1154;10:54:53.869871
3708;2276;1432;10:54:53.869871
3194;2575;619;10:54:53.869871
2340;2947;-607;10:54:53.869871
1526;2926;-1400;10:54:53.869871
955;2477;-1522;10:54:53.869871
554;1427;-873;10:54:53.869871
217;950;-733;10:54:53.869871
473;263;210;10:54:53.869871
579;-64;643;10:54:53.869871
758;178;580;10:54:53.869871
1456;446;1010;10:54:53.869871
2252;868;1384;10:54:53.869871
2294;1183;1111;10:54:53.869871
1867;1510;357;10:54:53.869871
1579;2091;-512;10:54:53.869871
1509;3542;-2033;10:54:53.869871
931;3970;-3039;10:54:53.869871
1053;4062;-3009;10:54:53.869871
1752;3708;-1956;10:54:53.869871
2651;3034;-383;10:54:53.869871
3779;1359;2420;10:54:53.869871
3141;1355;1786;10:54:53.869871
2897;1895;1002;10:54:53.869871
2657;1959;698;10:54:53.869871
2478;2312;166;10:54:53.869871
2123;2747;-624;10:54:53.869871
2007;3089;-1082;10:54:53.869871
1542;2913;-1371;10:54:53.869871
1279;2107;-828;10:54:53.869871
1223;1491;-268;10:54:53.869871
1327;1203;124;10:54:53.869871
1608;1083;525;10:54:53.869871
1684;520;1164;10:54:53.869871
1499;149;1350;10:54:53.869871
1541;424;1117;10:54:53.869871
1391;768;623;10:54:53.869871
695;1519;-824;10:54:53.869871
729;2357;-1628;10:54:53.869871
738;3179;-2441;10:54:53.869871
972;3322;-2350;10:54:53.869871
962;3139;-2177;10:54:53.869871
1447;2316;-869;10:54:53.869871
2761;2223;538;10:54:53.869871
3495;1770;1725;10:54:53.869871
3816;1592;2224;10:54:53.869871
3813;1788;2025;10:54:53.869871
3344;1787;1557;10:54:53.869871
2520;2035;485;10:54:53.869871
1857;2455;-598;10:54:53.869871
1377;2912;-1535;10:54:53.869871
1355;3104;-1749;10:54:53.869871
1477;3065;-1588;10:54:53.869871
1532;2504;-972;10:54:53.869871
1797;1754;43;10:54:53.869871
1847;864;983;10:54:53.869871
1789;600;1189;10:54:53.869871
1579;463;1116;10:54:53.869871
1405;950;455;10:54:53.869871
1552;1763;-211;10:54:53.869871
1603;2322;-719;10:54:53.869871
1507;2217;-710;10:54:53.869871
1130;2140;-1010;10:54:53.869871
1403;1702;-299;10:54:53.869871
1521;1629;-108;10:54:53.869871
1683;1813;-130;10:54:53.869871
2012;2377;-365;10:54:53.869871
2461;2810;-349;10:54:53.869871
2851;2943;-92;10:54:53.869871
3097;2183;914;10:54:53.869871
2886;1974;912;10:54:53.869871
2312;1728;584;10:54:53.869871
1905;1605;300;10:54:53.869871
1315;2032;-717;10:54:53.869871
1229;2666;-1437;10:54:53.869871
1553;3085;-1532;10:54:53.869871
2127;3023;-896;10:54:53.869871
3090;2960;130;10:54:53.869871
3248;2452;796;10:54:53.869871
3366;1744;1622;10:54:53.869871
2968;1032;1936;10:54:53.869871
2893;611;2282;10:54:53.869871
2272;1627;645;10:54:53.869871
1819;3008;-1189;10:54:53.869871
1717;3565;-1848;10:54:53.869871
1810;3415;-1605;10:54:53.869871
1963;3426;-1463;10:54:53.869871
1845;2752;-907;10:54:53.869871
1898;1889;9;10:54:53.869871
1799;1794;5;10:54:53.869871
1713;1347;366;10:54:53.869871
1392;863;529;10:54:53.869871
1086;276;810;10:54:53.869871
704;11;693;10:54:53.869871
679;379;300;10:54:53.869871
409;297;112;10:54:53.869871
175;560;-385;10:54:53.869871
501;839;-338;10:54:53.869871
1220;1601;-381;10:54:53.869871
1949;1844;105;10:54:53.869871
1964;1710;254;10:54:53.869871
1789;1800;-11;10:54:53.869871
2109;1855;254;10:54:53.869871
1882;2012;-130;10:54:53.869871
1780;2529;-749;10:54:53.869871
1813;3179;-1366;10:54:53.869871
1740;3447;-1707;10:54:53.869871
1591;3166;-1575;10:54:53.869871
1812;2213;-401;10:54:53.869871
2326;1410;916;10:54:53.869871
2493;917;1576;10:54:53.869871
2200;286;1914;10:54:53.869871
2064;-87;2151;10:54:53.869871
1352;119;1233;10:54:53.869871
419;916;-497;10:54:53.869871
523;1859;-1336;10:54:53.869871
626;2432;-1806;10:54:53.869871
1298;2988;-1690;10:54:53.869871
2296;4131;-1835;10:54:53.869871
3249;4534;-1285;10:54:53.869871
3818;4832;-1014;10:54:53.869871
4333;3547;786;10:54:53.869871
3571;2594;977;10:54:53.869871
2326;1464;862;10:54:53.869871
1553;103;1450;10:54:53.869871
1094;-58;1152;10:54:53.869871
860;681;179;10:54:53.869871
1190;1555;-365;10:54:53.869871
1107;2321;-1214;10:54:53.869871
1173;2919;-1746;10:54:53.869871
1789;2178;-389;10:54:53.869871
1971;1464;507;10:54:53.869871
1917;844;1073;10:54:53.869871
1704;582;1122;10:54:53.869871
1325;848;477;10:54:53.869871
1072;887;185;10:54:53.869871
1360;1377;-17;10:54:53.869871
1237;1975;-738;10:54:53.869871
1118;2728;-1610;10:54:53.869871
1549;2870;-1321;10:54:53.869871
1997;2963;-966;10:54:53.869871
2521;2598;-77;10:54:53.869871
2325;2360;-35;10:54:53.869871
2539;1877;662;10:54:53.869871
2554;1873;681;10:54:53.869871
2195;1649;546;10:54:53.869871
1817;1268;549;10:54:53.869871
1915;1336;579;10:54:53.869871
2044;2078;-34;10:54:53.869871
2144;2369;-225;10:54:53.869871
1938;3045;-1107;10:54:53.869871
1566;2938;-1372;10:54:53.869871
1240;2373;-1133;10:54:53.869871
536;1622;-1086;10:54:53.869871
-198;613;-811;10:54:53.869871
-367;-418;51;10:54:53.869871
-132;-512;380;10:54:53.869871
368;-180;548;10:54:53.869871
817;328;489;10:54:53.869871
1519;1132;387;10:54:53.869871
2110;1867;243;10:54:53.869871
2518;2298;220;10:54:53.869871
2441;2861;-420;10:54:53.869871
2113;3110;-997;10:54:53.869871
1994;2898;-904;10:54:53.869871
1729;2719;-990;10:54:53.869871
1721;2159;-438;10:54:53.869871
1716;1837;-121;10:54:53.869871
1939;1629;310;10:54:53.869871
2624;1471;1153;10:54:53.869871
3278;1774;1504;10:54:53.869871
3368;2178;1190;10:54:53.869871
2902;2326;576;10:54:53.869871
1814;2468;-654;10:54:53.869871
704;1845;-1141;10:54:53.869871
-78;1521;-1599;10:54:53.869871
-727;1081;-1808;10:54:53.869871
-663;411;-1074;10:54:53.869871
393;140;253;10:54:53.869871
1451;429;1022;10:54:53.869871
2333;992;1341;10:54:53.869871
3379;2286;1093;10:54:53.869871
3932;2925;1007;10:54:53.869871
3672;3158;514;10:54:53.869871
2899;3111;-212;10:54:53.869871
2123;2998;-875;10:54:53.869871
1201;3128;-1927;10:54:53.869871
568;2866;-2298;10:54:53.869871
703;2245;-1542;10:54:53.869871
1268;2192;-924;10:54:53.869871
2177;1925;252;10:54:53.869871
2518;1827;691;10:54:53.869871
2932;1895;1037;10:54:53.869871
3510;1661;1849;10:54:53.869871
3348;1285;2063;10:54:53.869871
1987;1150;837;10:54:53.869871
774;1187;-413;10:54:53.869871
-113;1291;-1404;10:54:53.869871
17;1064;-1047;10:54:53.869871
184;1034;-850;10:54:53.869871
302;1078;-776;10:54:53.869871
1133;1337;-204;10:54:53.869871
2239;1401;838;10:54:53.869871
2719;1503;1216;10:54:53.869871
2445;1956;489;10:54:53.869871
2260;2083;177;10:54:53.869871
2017;2122;-105;10:54:53.869871
1637;2160;-523;10:54:53.869871
1021;1894;-873;10:54:53.869871
613;1795;-1182;10:54:53.869871
871;1791;-920;10:54:53.869871
1274;2151;-877;10:54:53.869871
1813;2712;-899;10:54:53.869871
2436;2751;-315;10:54:53.869871
3000;2705;295;10:54:53.869871
3302;2693;609;10:54:53.869871
3334;2051;1283;10:54:53.869871
2945;1656;1289;10:54:53.869871
2121;1081;1040;10:54:53.869871
1490;1072;418;10:54:53.869871
789;1466;-677;10:54:53.869871
74;2304;-2230;10:54:53.869871
524;2625;-2101;10:54:53.869871
1546;3125;-1579;10:54:53.869871
2330;3271;-941;10:54:53.869871
2963;2935;28;10:54:53.869871
3538;2140;1398;10:54:53.869871
3185;1294;1891;10:54:53.869871
2670;661;2009;10:54:53.869871
1865;472;1393;10:54:53.869871
1252;585;667;10:54:53.869871
981;1116;-135;10:54:53.869871
1363;2357;-994;10:54:53.869871
1638;3209;-1571;10:54:53.869871
2277;3574;-1297;10:54:53.869871
2804;3507;-703;10:54:53.869871
2663;3130;-467;10:54:53.869871
2142;2429;-287;10:54:53.869871
1888;1927;-39;10:54:53.869871
1814;1743;71;10:54:53.869871
2153;1912;241;10:54:53.869871
2846;2130;716;10:54:53.869871
3281;2281;1000;10:54:53.869871
3313;2654;659;10:54:53.869871
3040;3228;-188;10:54:53.869871
2941;3807;-866;10:54:53.869871
2634;3620;-986;10:54:53.869871
2175;2941;-766;10:54:53.869871
1708;2455;-747;10:54:53.869871
1650;1833;-183;10:54:53.869871
1772;1181;591;10:54:53.869871
1921;759;1162;10:54:53.869871
2091;992;1099;10:54:53.869871
1951;984;967;10:54:53.869871
1440;1357;83;10:54:53.869871
630;1219;-589;10:54:53.869871
205;1213;-1008;10:54:53.869871
429;1260;-831;10:54:53.869871
521;1119;-598;10:54:53.869871
191;489;-298;10:54:53.869871
599;156;443;10:54:53.869871
804;371;433;10:54:53.869871
956;460;496;10:54:53.869871
1255;906;349;10:54:53.869871
1568;1306;262;10:54:53.869871
1990;1923;67;10:54:53.869871
2016;2646;-630;10:54:53.869871
1963;3168;-1205;10:54:53.869871
1736;3764;-2028;10:54:53.869871
1594;3911;-2317;10:54:53.869871
1737;3642;-1905;10:54:53.869871
1778;2690;-912;10:54:53.869871
1983;1833;150;10:54:53.869871
2590;962;1628;10:54:53.869871
3043;274;2769;10:54:53.869871
3126;171;2955;10:54:53.869871
2059;1419;640;10:54:53.869871
1415;2041;-626;10:54:53.869871
862;2671;-1809;10:54:53.869871
554;2625;-2071;10:54:53.869871
845;2425;-1580;10:54:53.869871
1641;2541;-900;10:54:53.869871
2170;2363;-193;10:54:53.869871
2493;1996;497;10:54:53.869871
2805;2173;632;10:54:53.869871
3006;2093;913;10:54:53.869871
2734;1827;907;10:54:53.869871
2380;1912;468;10:54:53.869871
2231;2134;97;10:54:53.869871
1848;2243;-395;10:54:53.869871
1249;2211;-962;10:54:53.869871
874;2585;-1711;10:54:53.869871
809;2628;-1819;10:54:53.869871
1348;2425;-1077;10:54:53.869871
1956;1729;227;10:54:53.869871
2262;1293;969;10:54:53.869871
2749;952;1797;10:54:53.869871
3112;693;2419;10:54:53.869871
2625;1201;1424;10:54:53.869871
2030;2124;-94;10:54:53.869871
1591;2483;-892;10:54:53.869871
959;2426;-1467;10:54:53.869871
870;2289;-1419;10:54:53.869871
1091;2137;-1046;10:54:53.869871
1042;1831;-789;10:54:53.869871
1092;1417;-325;10:54:53.869871
1470;1164;306;10:54:53.869871
1566;1067;499;10:54:53.869871
1399;1383;16;10:54:53.869871
1097;1410;-313;10:54:53.869871
1015;1293;-278;10:54:53.869871
1223;906;317;10:54:53.869871
1210;872;338;10:54:53.869871
1137;742;395;10:54:53.869871
1018;1102;-84;10:54:53.869871
852;1469;-617;10:54:53.869871
1524;1741;-217;10:54:53.869871
2072;2006;66;10:54:53.869871
1738;2184;-446;10:54:53.869871
1337;2235;-898;10:54:53.869871
937;2137;-1200;10:54:53.869871
1163;1834;-671;10:54:53.869871
1169;1307;-138;10:54:53.869871
1045;1059;-14;10:54:53.869871
1161;1078;83;10:54:53.869871
1695;898;797;10:54:53.869871
1765;694;1071;10:54:53.869871
1490;778;712;10:54:53.869871
1333;1413;-80;10:54:53.869871
1163;2025;-862;10:54:53.869871
1162;2472;-1310;10:54:53.869871
1393;3192;-1799;10:54:53.869871
1983;3294;-1311;10:54:53.869871
2880;3010;-130;10:54:53.869871
3255;2253;1002;10:54:53.869871
2968;2106;862;10:54:53.869871
2626;1993;633;10:54:53.869871
2017;2111;-94;10:54:53.869871
1874;2124;-250;10:54:53.869871
1677;1999;-322;10:54:53.869871
1648;2240;-592;10:54:53.869871
1848;2410;-562;10:54:53.869871
2022;2504;-482;10:54:53.869871
2132;2371;-239;10:54:53.869871
2573;2285;288;10:54:53.869871
2844;1874;970;10:54:53.869871
2820;1520;1300;10:54:53.869871
2783;1607;1176;10:54:53.869871
2469;2043;426;10:54:53.869871
2070;2201;-131;10:54:53.869871
1686;1942;-256;10:54:53.869871
1235;2210;-975;10:54:53.869871
842;1871;-1029;10:54:53.869871
282;1696;-1414;10:54:53.869871
-183;1588;-1771;10:54:53.869871
170;1100;-930;10:54:53.869871
734;924;-190;10:54:53.869871
1313;820;493;10:54:53.869871
2056;1131;925;10:54:53.869871
2395;1439;956;10:54:53.869871
2709;1893;816;10:54:53.869871
2555;2094;461;10:54:53.869871
2151;2056;95;10:54:53.869871
1928;1978;-50;10:54:53.869871
1783;2219;-436;10:54:53.869871
1849;2123;-274;10:54:53.869871
2189;2411;-222;10:54:53.869871
2347;2551;-204;10:54:53.869871
2229;2560;-331;10:54:53.869871
2117;2766;-649;10:54:53.869871
1688;2438;-750;10:54:53.869871
1406;1832;-426;10:54:53.869871
1127;1283;-156;10:54:53.869871
1267;960;307;10:54:53.869871
1311;818;493;10:54:53.869871
1207;739;468;10:54:53.869871
1364;577;787;10:54:53.869871
1324;730;594;10:54:53.869871
1241;1109;132;10:54:53.869871
1497;1501;-4;10:54:53.869871
1550;1883;-333;10:54:53.869871
1545;2417;-872;10:54:53.869871
1898;3040;-1142;10:54:53.869871
2267;3574;-1307;10:54:53.869871
2819;3783;-964;10:54:53.869871
3131;3719;-588;10:54:53.869871
3192;3372;-180;10:54:53.869871
3200;2723;477;10:54:53.869871
3063;2188;875;10:54:53.869871
2873;2111;762;10:54:53.869871
2479;2031;448;10:54:53.869871
1708;2105;-397;10:54:53.869871
1294;1987;-693;10:54:53.869871
1106;1809;-703;10:54:53.869871
985;1626;-641;10:54:53.869871
1235;1270;-35;10:54:53.869871
1723;941;782;10:54:53.869871
2256;1198;1058;10:54:53.869871
2576;1621;955;10:54:53.869871
2506;2101;405;10:54:53.869871
2355;2379;-24;10:54:53.869871
2351;2422;-71;10:54:53.869871
1824;2222;-398;10:54:53.869871
1468;1943;-475;10:54:53.869871
1381;1578;-197;10:54:53.869871
1059;1557;-498;10:54:53.869871
1107;1817;-710;10:54:53.869871
1505;2120;-615;10:54:53.869871
2080;2304;-224;10:54:53.869871
2606;2518;88;10:54:53.869871
2851;2719;132;10:54:53.869871
2590;2434;156;10:54:53.869871
2288;1937;351;10:54:53.869871
1874;1879;-5;10:54:53.869871
1654;1876;-222;10:54:53.869871
1377;1780;-403;10:54:53.869871
1333;1938;-605;10:54:53.869871
1048;2113;-1065;10:54:53.869871
1142;1929;-787;10:54:53.869871
1500;1842;-342;10:54:53.869871
2055;1653;402;10:54:53.869871
2580;1602;978;10:54:53.869871
2756;1865;891;10:54:53.869871
2564;1855;709;10:54:53.869871
2090;1472;618;10:54:53.869871
1422;1482;-60;10:54:53.869871
438;1577;-1139;10:54:53.869871
-95;1393;-1488;10:54:53.869871
-26;1072;-1098;10:54:53.869871
377;864;-487;10:54:53.869871
917;854;63;10:54:53.869871
1688;1080;608;10:54:53.869871
2406;1520;886;10:54:53.869871
2862;2097;765;10:54:53.869871
3141;2613;528;10:54:53.869871
3084;2950;134;10:54:53.869871
2607;3281;-674;10:54:53.869871
1900;3015;-1115;10:54:53.869871
1484;2555;-1071;10:54:53.869871
1225;2275;-1050;10:54:53.869871
1530;2203;-673;10:54:53.869871
2038;2063;-25;10:54:53.869871
2282;1872;410;10:54:53.869871
2490;1574;916;10:54:53.869871
2431;1277;1154;10:54:53.869871
2159;1001;1158;10:54:53.869871
1905;966;939;10:54:53.869871
1882;1198;684;10:54:53.869871
1912;2134;-222;10:54:53.869871
1983;3129;-1146;10:54:53.869871
1901;3340;-1439;10:54:53.869871
1871;3285;-1414;10:54:53.869871
1975;2870;-895;10:54:53.869871
2001;2219;-218;10:54:53.869871
1822;1570;252;10:54:53.869871
1956;1423;533;10:54:53.869871
2286;1375;911;10:54:53.869871
2236;1543;693;10:54:53.869871
1707;1444;263;10:54:53.869871
1313;1379;-66;10:54:53.869871
963;1458;-495;10:54:53.869871
783;1445;-662;10:54:53.869871
848;1308;-460;10:54:53.869871
1216;1825;-609;10:54:53.869871
1799;2368;-569;10:54:53.869871
2187;2618;-431;10:54:53.869871
2231;2517;-286;10:54:53.869871
2236;2263;-27;10:54:53.869871
2210;1703;507;10:54:53.869871
1713;1429;284;10:54:53.869871
1140;1057;83;10:54:53.869871
875;940;-65;10:54:53.869871
508;739;-231;10:54:53.869871
408;1043;-635;10:54:53.869871
538;952;-414;10:54:53.869871
820;886;-66;10:54:53.869871
1162;1030;132;10:54:53.869871
1366;949;417;10:54:53.869871
1419;882;537;10:54:53.869871
1562;1277;285;10:54:53.869871
1583;1653;-70;10:54:53.869871
1562;1848;-286;10:54:53.869871
1752;2118;-366;10:54:53.869871
1776;2118;-342;10:54:53.869871
1735;2120;-385;10:54:53.869871
1512;2361;-849;10:54:53.869871
1514;2439;-925;10:54:53.869871
1763;2647;-884;10:54:53.869871
2080;2622;-542;10:54:53.869871
2119;2417;-298;10:54:53.869871
2021;2090;-69;10:54:53.869871
2166;1662;504;10:54:53.869871
2187;1448;739;10:54:53.869871
2093;1419;674;10:54:53.869871
1968;1457;511;10:54:53.869871
1661;1544;117;10:54:53.869871
1321;1830;-509;10:54:53.869871
1181;2196;-1015;10:54:53.869871
1057;2327;-1270;10:54:53.869871
898;1966;-1068;10:54:53.869871
1287;1669;-382;10:54:53.869871
1708;1418;290;10:54:53.869871
1893;1228;665;10:54:53.869871
1861;1041;820;10:54:53.869871
2015;1294;721;10:54:53.869871
2104;1558;546;10:54:53.869871
2295;2193;102;10:54:53.869871
2442;2834;-392;10:54:53.869871
2398;2891;-493;10:54:53.869871
2283;3018;-735;10:54:53.869871
1984;2927;-943;10:54:53.869871
1830;2585;-755;10:54:53.869871
1856;2215;-359;10:54:53.869871
1823;1592;231;10:54:53.869871
1880;1225;655;10:54:53.869871
1795;1239;556;10:54:53.869871
1493;1174;319;10:54:53.869871
1315;1576;-261;10:54:53.869871
1371;1903;-532;10:54:53.869871
1716;2372;-656;10:54:53.869871
2133;2520;-387;10:54:53.869871
2236;2577;-341;10:54:53.869871
2313;2370;-57;10:54:53.869871
2264;2135;129;10:54:53.869871
1985;1797;188;10:54:53.869871
1657;1488;169;10:54:53.869871
1558;1318;240;10:54:53.869871
1690;1344;346;10:54:53.869871
2045;1661;384;10:54:53.869871
2133;1861;272;10:54:53.869871
2171;2218;-47;10:54:53.869871
1877;2561;-684;10:54:53.876853
1701;2481;-780;10:54:53.876853
1500;2217;-717;10:54:53.876853
1346;1990;-644;10:54:53.876853
1226;1612;-386;10:54:53.876853
1093;1432;-339;10:54:53.876853
1209;1353;-144;10:54:53.876853
1745;1646;99;10:54:53.876853
2150;1527;623;10:54:53.876853
2345;1477;868;10:54:53.876853
2203;1493;710;10:54:53.876853
1796;1374;422;10:54:53.876853
1378;1398;-20;10:54:53.876853
1012;1486;-474;10:54:53.876853
949;1727;-778;10:54:53.876853
1147;1911;-764;10:54:53.876853
1486;1994;-508;10:54:53.876853
1742;2080;-338;10:54:53.876853
2001;2113;-112;10:54:53.876853
2201;2052;149;10:54:53.876853
2066;2117;-51;10:54:53.876853
2061;1997;64;10:54:53.876853
2134;2249;-115;10:54:53.876853
2417;2542;-125;10:54:53.876853
2693;2543;150;10:54:53.876853
2733;2784;-51;10:54:53.876853
2604;3044;-440;10:54:53.876853
2650;3005;-355;10:54:53.876853
2633;2543;90;10:54:53.876853
2279;2254;25;10:54:53.876853
1895;1750;145;10:54:53.876853
1704;1382;322;10:54:53.876853
1483;1265;218;10:54:53.876853
1539;1174;365;10:54:53.876853
1712;1389;323;10:54:53.876853
1831;1721;110;10:54:53.876853
1956;2328;-372;10:54:53.876853
1996;2454;-458;10:54:53.876853
1892;2412;-520;10:54:53.876853
1743;2434;-691;10:54:53.876853
1928;2409;-481;10:54:53.876853
2207;2171;36;10:54:53.876853
2376;2001;375;10:54:53.876853
2286;1968;318;10:54:53.876853
2194;1787;407;10:54:53.876853
2104;1765;339;10:54:53.876853
1793;1837;-44;10:54:53.876853
1571;1868;-297;10:54:53.876853
1405;1811;-406;10:54:53.876853
1291;1787;-496;10:54:53.876853
1524;1954;-430;10:54:53.876853
1824;2041;-217;10:54:53.876853
2054;1944;110;10:54:53.876853
2184;2019;165;10:54:53.876853
2065;2026;39;10:54:53.876853
1847;1835;12;10:54:53.876853
1565;1802;-237;10:54:53.876853
1191;1676;-485;10:54:53.876853
979;1530;-551;10:54:53.876853
1086;1461;-375;10:54:53.876853
1270;1311;-41;10:54:53.876853
1225;1307;-82;10:54:53.876853
1273;1244;29;10:54:53.876853
1398;1291;107;10:54:53.876853
1678;1296;382;10:54:53.876853
1638;1472;166;10:54:53.876853
1501;1821;-320;10:54:53.876853
1437;2179;-742;10:54:53.876853
1462;2374;-912;10:54:53.876853
1649;2289;-640;10:54:53.876853
1682;2150;-468;10:54:53.876853
1849;2162;-313;10:54:53.876853
2064;1830;234;10:54:53.876853
2209;1541;668;10:54:53.876853
2328;1459;869;10:54:53.876853
2207;1573;634;10:54:53.876853
1868;1702;166;10:54:53.876853
1727;1786;-59;10:54:53.876853
1522;1725;-203;10:54:53.876853
1224;1687;-463;10:54:53.876853
1243;1960;-717;10:54:53.876853
1470;2147;-677;10:54:53.876853
1606;2082;-476;10:54:53.876853
1766;2116;-350;10:54:53.876853
1938;2033;-95;10:54:53.876853
1916;1648;268;10:54:53.876853
1741;1336;405;10:54:53.876853
1519;1112;407;10:54:53.876853
1101;1114;-13;10:54:53.876853
792;1292;-500;10:54:53.876853
944;1436;-492;10:54:53.876853
1218;1817;-599;10:54:53.876853
1491;2102;-611;10:54:53.876853
1966;2253;-287;10:54:53.876853
2201;2129;72;10:54:53.876853
2247;2012;235;10:54:53.876853
2174;1855;319;10:54:53.876853
1935;1739;196;10:54:53.876853
1688;1559;129;10:54:53.876853
1722;1610;112;10:54:53.876853
1869;2075;-206;10:54:53.876853
1860;2476;-616;10:54:53.876853
2044;2746;-702;10:54:53.876853
2097;2902;-805;10:54:53.876853
2278;3007;-729;10:54:53.876853
2379;2648;-269;10:54:53.876853
2246;2188;58;10:54:53.876853
2350;1699;651;10:54:53.876853
2320;1391;929;10:54:53.876853
1775;1099;676;10:54:53.876853
1199;1010;189;10:54:53.876853
814;831;-17;10:54:53.876853
567;890;-323;10:54:53.876853
516;975;-459;10:54:53.876853
627;1025;-398;10:54:53.876853
924;1043;-119;10:54:53.876853
1228;1237;-9;10:54:53.876853
1436;1404;32;10:54:53.876853
1588;1441;147;10:54:53.876853
1563;1506;57;10:54:53.876853
1492;1532;-40;10:54:53.876853
1455;1463;-8;10:54:53.876853
1319;1680;-361;10:54:53.876853
1342;2065;-723;10:54:53.876853
1558;2400;-842;10:54:53.876853
1578;2767;-1189;10:54:53.876853
1612;2889;-1277;10:54:53.876853
1922;2750;-828;10:54:53.876853
2178;2314;-136;10:54:53.876853
2355;1781;574;10:54:53.876853
2425;1501;924;10:54:53.876853
2491;1543;948;10:54:53.876853
2406;1883;523;10:54:53.876853
2166;2236;-70;10:54:53.876853
2024;2522;-498;10:54:53.876853
2045;2757;-712;10:54:53.876853
2150;2690;-540;10:54:53.876853
1992;2516;-524;10:54:53.876853
1888;2105;-217;10:54:53.876853
2031;1531;500;10:54:53.876853
1823;1267;556;10:54:53.876853
1588;1129;459;10:54:53.876853
1659;1299;360;10:54:53.876853
1643;1454;189;10:54:53.876853
1719;1840;-121;10:54:53.876853
1763;2061;-298;10:54:53.876853
1659;2321;-662;10:54:53.876853
1662;2310;-648;10:54:53.876853
1779;2316;-537;10:54:53.876853
1569;2269;-700;10:54:53.876853
1371;1902;-531;10:54:53.876853
1280;1596;-316;10:54:53.876853
1445;1202;243;10:54:53.876853
1566;1185;381;10:54:53.876853
1874;1478;396;10:54:53.876853
2262;1772;490;10:54:53.876853
2542;2023;519;10:54:53.876853
2510;2478;32;10:54:53.876853
2291;2744;-453;10:54:53.876853
2151;2656;-505;10:54:53.876853
1974;2436;-462;10:54:53.876853
1818;2024;-206;10:54:53.876853
1590;1860;-270;10:54:53.876853
1529;1829;-300;10:54:53.876853
1580;1721;-141;10:54:53.876853
1672;1765;-93;10:54:53.876853
1726;1924;-198;10:54:53.876853
1908;2081;-173;10:54:53.876853
2076;2071;5;10:54:53.876853
2084;2073;11;10:54:53.876853
1880;2034;-154;10:54:53.876853
1755;2053;-298;10:54:53.876853
1530;2128;-598;10:54:53.876853
1230;2026;-796;10:54:53.876853
1190;1835;-645;10:54:53.876853
1388;1636;-248;10:54:53.876853
1716;1438;278;10:54:53.876853
1922;1271;651;10:54:53.876853
2179;1160;1019;10:54:53.876853
2240;1150;1090;10:54:53.876853
2136;1403;733;10:54:53.876853
1862;1643;219;10:54:53.876853
1602;1860;-258;10:54:53.876853
1492;2069;-577;10:54:53.876853
1469;2298;-829;10:54:53.876853
1618;2429;-811;10:54:53.876853
2000;2670;-670;10:54:53.876853
2446;2701;-255;10:54:53.876853
2754;2838;-84;10:54:53.876853
2943;2836;107;10:54:53.876853
3018;2634;384;10:54:53.876853
2738;2421;317;10:54:53.876853
2516;2241;275;10:54:53.876853
2293;2061;232;10:54:53.876853
2019;1968;51;10:54:53.876853
1881;1962;-81;10:54:53.876853
1855;2076;-221;10:54:53.876853
1824;2209;-385;10:54:53.876853
1848;2282;-434;10:54:53.876853
1954;2214;-260;10:54:53.876853
2022;2074;-52;10:54:53.876853
1954;1975;-21;10:54:53.876853
1908;1820;88;10:54:53.876853
1732;1588;144;10:54:53.876853
1623;1531;92;10:54:53.876853
1663;1536;127;10:54:53.876853
1453;1672;-219;10:54:53.876853
1327;1675;-348;10:54:53.876853
1509;1842;-333;10:54:53.876853
1661;1820;-159;10:54:53.876853
1762;1957;-195;10:54:53.876853
1705;1876;-171;10:54:53.876853
1665;1715;-50;10:54:53.876853
1804;1545;259;10:54:53.876853
1793;1542;251;10:54:53.876853
1719;1583;136;10:54:53.876853
1722;1657;65;10:54:53.876853
1685;1861;-176;10:54:53.876853
1536;2057;-521;10:54:53.876853
1428;2183;-755;10:54:53.876853
1425;2119;-694;10:54:53.876853
1501;1898;-397;10:54:53.876853
1591;1572;19;10:54:53.876853
1727;1366;361;10:54:53.876853
1769;1332;437;10:54:53.876853
1803;1496;307;10:54:53.876853
1683;1557;126;10:54:53.876853
1555;1764;-209;10:54:53.876853
1457;1845;-388;10:54:53.876853
1465;1892;-427;10:54:53.876853
1481;1902;-421;10:54:53.876853
1492;1923;-431;10:54:53.876853
1515;1877;-362;10:54:53.876853
1507;1806;-299;10:54:53.876853
1365;1698;-333;10:54:53.876853
1233;1525;-292;10:54:53.876853
1403;1363;40;10:54:53.876853
1639;1151;488;10:54:53.876853
1709;1067;642;10:54:53.876853
1796;1352;444;10:54:53.876853
1846;1921;-75;10:54:53.876853
1938;2472;-534;10:54:53.876853
2075;2956;-881;10:54:53.876853
2148;3170;-1022;10:54:53.876853
2240;3078;-838;10:54:53.876853
2474;2673;-199;10:54:53.876853
2524;2173;351;10:54:53.876853
2405;1823;582;10:54:53.876853
2301;1504;797;10:54:53.876853
2211;1548;663;10:54:53.876853
2045;1660;385;10:54:53.876853
1775;2007;-232;10:54:53.876853
1616;2215;-599;10:54:53.876853
1568;2257;-689;10:54:53.876853
1595;2190;-595;10:54:53.876853
1323;1558;-235;10:54:53.928719
1361;1203;158;10:54:53.928719
1278;1029;249;10:54:53.928719
1194;924;270;10:54:53.928719
1117;1033;84;10:54:53.928719
1218;1279;-61;10:54:53.928719
1435;1464;-29;10:54:53.928719
1618;1705;-87;10:54:53.928719
1724;1886;-162;10:54:53.928719
1706;2057;-351;10:54:53.928719
1710;2190;-480;10:54:53.928719
1755;2334;-579;10:54:53.928719
1751;2315;-564;10:54:53.928719
1971;2313;-342;10:54:53.928719
2250;2238;12;10:54:53.928719
2219;2115;104;10:54:53.928719
2067;2010;57;10:54:53.928719
1982;1947;35;10:54:53.928719
1920;1893;27;10:54:53.928719
1773;1812;-39;10:54:53.928719
1556;1753;-197;10:54:53.928719
1567;1738;-171;10:54:53.928719
1659;1665;-6;10:54:53.928719
1657;1577;80;10:54:53.928719
1517;1519;-2;10:54:53.928719
1506;1390;116;10:54:53.928719
1430;1513;-83;10:54:53.928719
1265;1693;-428;10:54:53.928719
1203;1847;-644;10:54:53.928719
1366;1752;-386;10:54:53.928719
1618;1700;-82;10:54:53.928719
1792;1641;151;10:54:53.928719
1849;1549;300;10:54:53.928719
1839;1636;203;10:54:53.928719
1775;1904;-129;10:54:53.928719
1675;2139;-464;10:54:53.928719
1554;2143;-589;10:54:53.928719
1490;2060;-570;10:54:53.928719
1567;1868;-301;10:54:53.928719
1631;1710;-79;10:54:53.928719
1625;1500;125;10:54:53.928719
1677;1419;258;10:54:53.928719
1690;1429;261;10:54:53.928719
1707;1589;118;10:54:53.928719
1816;1775;41;10:54:53.928719
1746;1993;-247;10:54:53.928719
1754;2138;-384;10:54:53.928719
1836;2194;-358;10:54:53.928719
1893;2099;-206;10:54:53.928719
1949;2046;-97;10:54:53.928719
1834;2057;-223;10:54:53.928719
1816;2023;-207;10:54:53.928719
1871;2014;-143;10:54:53.928719
1831;1943;-112;10:54:53.928719
1835;1919;-84;10:54:53.928719
1947;1962;-15;10:54:53.928719
2042;1940;102;10:54:53.928719
1976;1875;101;10:54:53.928719
1874;1855;19;10:54:53.928719
1819;1913;-94;10:54:53.928719
1770;1811;-41;10:54:53.928719
1743;1819;-76;10:54:53.928719
1681;1967;-286;10:54:53.928719
1703;1991;-288;10:54:53.928719
1725;2138;-413;10:54:53.928719
1720;2183;-463;10:54:53.928719
1685;2170;-485;10:54:53.928719
1704;2099;-395;10:54:53.928719
1927;1940;-13;10:54:53.928719
2047;1774;273;10:54:53.928719
2006;1611;395;10:54:53.928719
1953;1556;397;10:54:53.928719
1905;1631;274;10:54:53.928719
1789;1758;31;10:54:53.928719
1667;2041;-374;10:54:53.928719
1753;2404;-651;10:54:53.928719
1910;2580;-670;10:54:53.928719
1926;2461;-535;10:54:53.928719
2186;2300;-114;10:54:53.928719
2418;2105;313;10:54:53.928719
2508;1829;679;10:54:53.928719
2347;1724;623;10:54:53.928719
2126;1551;575;10:54:53.928719
1765;1555;210;10:54:53.928719
1498;1723;-225;10:54:53.928719
1271;1858;-587;10:54:53.928719
1235;2017;-782;10:54:53.928719
1316;2214;-898;10:54:53.928719
1522;2264;-742;10:54:53.928719
1896;2236;-340;10:54:53.928719
2084;2083;1;10:54:53.928719
1996;1876;120;10:54:53.928719
2029;1601;428;10:54:53.928719
1987;1549;438;10:54:53.928719
2078;1587;491;10:54:53.928719
2175;1777;398;10:54:53.928719
2177;2240;-63;10:54:53.928719
2161;2574;-413;10:54:53.928719
2215;2730;-515;10:54:53.928719
2135;2777;-642;10:54:53.928719
2054;2706;-652;10:54:53.928719
2052;2448;-396;10:54:53.928719
2086;2155;-69;10:54:53.928719
2143;1816;327;10:54:53.928719
2107;1686;421;10:54:53.928719
1969;1524;445;10:54:53.928719
1854;1543;311;10:54:53.928719
1735;1559;176;10:54:53.928719
1684;1579;105;10:54:53.928719
1619;1704;-85;10:54:53.928719
1481;1713;-232;10:54:53.928719
1258;1833;-575;10:54:53.928719
1244;2023;-779;10:54:53.928719
1309;2036;-727;10:54:53.928719
1427;1963;-536;10:54:53.928719
1718;1884;-166;10:54:53.928719
1959;1785;174;10:54:53.928719
2204;1694;510;10:54:53.928719
2221;1691;530;10:54:53.928719
2073;1771;302;10:54:53.928719
1925;1877;48;10:54:53.928719
1704;2041;-337;10:54:53.928719
1442;2112;-670;10:54:53.928719
1255;2103;-848;10:54:53.928719
1072;1995;-923;10:54:53.928719
1145;1728;-583;10:54:53.928719
1347;1405;-58;10:54:53.928719
1491;1187;304;10:54:53.928719
1737;1194;543;10:54:53.928719
1961;1438;523;10:54:53.928719
2085;1545;540;10:54:53.928719
2059;1710;349;10:54:53.928719
1751;1893;-142;10:54:53.928719
1526;2007;-481;10:54:53.928719
1287;2003;-716;10:54:53.928719
1173;1972;-799;10:54:53.928719
1262;1873;-611;10:54:53.928719
1452;1796;-344;10:54:53.928719
1630;1706;-76;10:54:53.928719
1899;1642;257;10:54:53.928719
2065;1565;500;10:54:53.928719
2134;1546;588;10:54:53.928719
2114;1535;579;10:54:53.928719
1896;1729;167;10:54:53.928719
1639;1991;-352;10:54:53.928719
1290;2197;-907;10:54:53.928719
1292;2292;-1000;10:54:53.928719
1327;2104;-777;10:54:53.928719
1418;1929;-511;10:54:53.928719
1609;1696;-87;10:54:53.928719
1775;1477;298;10:54:53.928719
1864;1392;472;10:54:53.928719
1922;1522;400;10:54:53.928719
1976;1762;214;10:54:53.928719
2079;2006;73;10:54:53.928719
2051;2215;-164;10:54:53.928719
1861;2265;-404;10:54:53.928719
1717;2273;-556;10:54:53.928719
1656;2221;-565;10:54:53.928719
1582;2237;-655;10:54:53.928719
1598;2128;-530;10:54:53.928719
1876;2130;-254;10:54:53.928719
2234;2208;26;10:54:53.928719
2549;2257;292;10:54:53.928719
2693;2143;550;10:54:53.928719
2616;1996;620;10:54:53.928719
2371;1884;487;10:54:53.928719
1950;1691;259;10:54:53.928719
1462;1564;-102;10:54:53.928719
1111;1538;-427;10:54:53.928719
1021;1612;-591;10:54:53.928719
1062;1759;-697;10:54:53.928719
1306;1734;-428;10:54:53.928719
1608;1776;-168;10:54:53.928719
1890;1837;53;10:54:53.928719
1909;1748;161;10:54:53.928719
1775;1655;120;10:54:53.928719
1566;1552;14;10:54:53.928719
1440;1478;-38;10:54:53.928719
1345;1485;-140;10:54:53.928719
1204;1494;-290;10:54:53.928719
1233;1614;-381;10:54:53.928719
1366;1827;-461;10:54:53.928719
1525;1843;-318;10:54:53.928719
1709;1952;-243;10:54:53.928719
1848;1983;-135;10:54:53.928719
2023;2027;-4;10:54:53.928719
2130;2056;74;10:54:53.928719
2165;1985;180;10:54:53.928719
2141;1916;225;10:54:53.928719
2004;1931;73;10:54:53.928719
1769;1918;-149;10:54:53.928719
1593;1899;-306;10:54:53.928719
1605;1951;-346;10:54:53.928719
1669;2047;-378;10:54:53.928719
1781;2093;-312;10:54:53.928719
1880;2078;-198;10:54:53.928719
1938;1952;-14;10:54:53.928719
2005;1784;221;10:54:53.928719
1868;1523;345;10:54:53.928719
1637;1429;208;10:54:53.928719
1436;1445;-9;10:54:53.928719
1253;1635;-382;10:54:53.928719
1269;1920;-651;10:54:53.928719
1369;2163;-794;10:54:53.928719
1597;2268;-671;10:54:53.928719
1794;2178;-384;10:54:53.928719
1852;1933;-81;10:54:53.928719
1847;1539;308;10:54:53.928719
1851;1268;583;10:54:53.928719
1775;1159;616;10:54:53.928719
1667;1265;402;10:54:53.928719
1597;1473;124;10:54:53.928719
1693;1855;-162;10:54:53.928719
1818;2250;-432;10:54:53.928719
1882;2477;-595;10:54:53.928719
1915;2495;-580;10:54:53.928719
1958;2357;-399;10:54:53.928719
1862;2183;-321;10:54:53.928719
1832;1998;-166;10:54:53.928719
1849;1818;31;10:54:53.928719
1913;1733;180;10:54:53.928719
1943;1679;264;10:54:53.928719
1894;1712;182;10:54:53.928719
1933;1805;128;10:54:53.928719
2016;1955;61;10:54:53.928719
1918;2080;-162;10:54:53.928719
1848;2310;-462;10:54:53.928719
1870;2391;-521;10:54:53.928719
1909;2347;-438;10:54:53.928719
1879;2199;-320;10:54:53.928719
1838;1976;-138;10:54:53.928719
1843;1665;178;10:54:53.928719
1803;1499;304;10:54:53.928719
1688;1465;223;10:54:53.928719
1609;1598;11;10:54:53.928719
1712;1836;-124;10:54:53.928719
1879;2077;-198;10:54:53.928719
1975;2301;-326;10:54:53.928719
1976;2353;-377;10:54:53.928719
1989;2211;-222;10:54:53.928719
1909;1876;33;10:54:53.928719
1766;1655;111;10:54:53.928719
1561;1582;-21;10:54:53.928719
1538;1557;-19;10:54:53.928719
1580;1645;-65;10:54:53.928719
1666;1739;-73;10:54:53.928719
1831;1842;-11;10:54:53.928719
1926;1951;-25;10:54:53.928719
1916;1994;-78;10:54:53.928719
1827;1982;-155;10:54:53.928719
1626;2060;-434;10:54:53.928719
1581;2055;-474;10:54:53.928719
1683;2003;-320;10:54:53.928719
1783;1937;-154;10:54:53.928719
2008;1865;143;10:54:53.945674
2098;1832;266;10:54:53.945674
2035;1928;107;10:54:53.945674
1919;1954;-35;10:54:53.945674
1916;2052;-136;10:54:53.945674
2053;2135;-82;10:54:53.945674
2030;2127;-97;10:54:53.945674
1841;2079;-238;10:54:53.945674
1779;2007;-228;10:54:53.945674
1703;1823;-120;10:54:53.945674
1496;1682;-186;10:54:53.945674
1308;1602;-294;10:54:53.945674
1355;1538;-183;10:54:53.945674
1469;1696;-227;10:54:53.945674
1589;1818;-229;10:54:53.945674
1790;1932;-142;10:54:53.945674
1963;1919;44;10:54:53.945674
2084;1843;241;10:54:53.945674
1919;1688;231;10:54:53.945674
1727;1610;117;10:54:53.945674
1610;1483;127;10:54:53.945674
1531;1623;-92;10:54:53.945674
1470;1794;-324;10:54:53.945674
1504;1947;-443;10:54:53.945674
1669;2140;-471;10:54:53.945674
1948;2238;-290;10:54:53.945674
2065;2276;-211;10:54:53.945674
2079;2218;-139;10:54:53.945674
2169;2134;35;10:54:53.945674
2188;2043;145;10:54:53.945674
2117;1970;147;10:54:53.945674
2002;1870;132;10:54:53.945674
1965;1902;63;10:54:53.945674
1960;1863;97;10:54:53.945674
1868;1878;-10;10:54:53.945674
1687;1926;-239;10:54:53.945674
1605;1931;-326;10:54:53.945674
1630;1981;-351;10:54:53.945674
1625;2026;-401;10:54:53.945674
1741;1984;-243;10:54:53.945674
1844;1977;-133;10:54:53.945674
1937;1842;95;10:54:53.945674
1866;1744;122;10:54:53.945674
1776;1678;98;10:54:53.945674
1628;1610;18;10:54:53.945674
1645;1714;-69;10:54:53.945674
1644;1903;-259;10:54:53.945674
1725;2068;-343;10:54:53.945674
1825;2169;-344;10:54:53.945674
1859;2095;-236;10:54:53.945674
1796;1877;-81;10:54:53.945674
1728;1742;-14;10:54:53.945674
1665;1605;60;10:54:53.945674
1663;1492;171;10:54:53.945674
1645;1579;66;10:54:53.945674
1590;1582;8;10:54:53.945674
1592;1707;-115;10:54:53.945674
1609;1798;-189;10:54:53.945674
1510;1812;-302;10:54:53.945674
1540;1737;-197;10:54:53.945674
1550;1729;-179;10:54:53.945674
1593;1717;-124;10:54:53.945674
1663;1803;-140;10:54:53.945674
1769;1912;-143;10:54:53.945674
1877;2072;-195;10:54:53.945674
2032;2164;-132;10:54:53.945674
2088;2213;-125;10:54:53.945674
2055;2149;-94;10:54:53.945674
1970;2007;-37;10:54:53.945674
1897;1919;-22;10:54:53.945674
1817;1887;-70;10:54:53.945674
1718;1895;-177;10:54:53.945674
1646;2047;-401;10:54:53.945674
1742;2056;-314;10:54:53.945674
1876;2091;-215;10:54:53.945674
1958;2116;-158;10:54:53.945674
1979;2089;-110;10:54:53.945674
2041;2056;-15;10:54:53.945674
2056;1955;101;10:54:53.945674
2006;1855;151;10:54:53.945674
1937;1793;144;10:54:53.945674
1790;1730;60;10:54:53.945674
1639;1633;6;10:54:53.945674
1445;1554;-109;10:54:53.945674
1322;1537;-215;10:54:53.945674
1296;1605;-309;10:54:53.945674
1325;1585;-260;10:54:53.945674
1423;1727;-304;10:54:53.945674
1615;1838;-223;10:54:53.945674
1756;1889;-133;10:54:53.945674
1847;1900;-53;10:54:53.945674
1904;1839;65;10:54:53.945674
1835;1646;189;10:54:53.945674
1692;1478;214;10:54:53.945674
1484;1453;31;10:54:53.945674
1310;1569;-259;10:54:53.945674
1224;1736;-512;10:54:53.945674
1231;1983;-752;10:54:53.945674
1385;2126;-741;10:54:53.945674
1641;2100;-459;10:54:53.945674
1886;1988;-102;10:54:53.945674
2044;1791;253;10:54:53.945674
2136;1638;498;10:54:53.945674
2209;1650;559;10:54:53.945674
2141;1741;400;10:54:53.945674
1943;1973;-30;10:54:53.945674
1810;2103;-293;10:54:53.945674
1721;2175;-454;10:54:53.945674
1648;2146;-498;10:54:53.945674
1547;2042;-495;10:54:53.945674
1438;1896;-458;10:54:53.945674
1464;1735;-271;10:54:53.945674
1592;1608;-16;10:54:53.945674
1751;1548;203;10:54:53.945674
1949;1633;316;10:54:53.945674
1970;1672;298;10:54:53.945674
1891;1778;113;10:54:53.945674
1752;1852;-100;10:54:53.945674
1532;1931;-399;10:54:53.945674
1380;1983;-603;10:54:53.945674
1337;2060;-723;10:54:53.945674
1362;2044;-682;10:54:53.945674
1509;1894;-385;10:54:53.945674
1821;1735;86;10:54:53.945674
2049;1557;492;10:54:53.945674
2189;1541;648;10:54:53.945674
2148;1590;558;10:54:53.945674
2048;1793;255;10:54:53.945674
1929;2035;-106;10:54:53.945674
1786;2296;-510;10:54:53.945674
1643;2427;-784;10:54:53.945674
1613;2412;-799;10:54:53.945674
1637;2286;-649;10:54:53.945674
1688;2020;-332;10:54:53.945674
1765;1751;14;10:54:53.945674
1878;1498;380;10:54:53.945674
1930;1351;579;10:54:53.945674
1916;1349;567;10:54:53.945674
1850;1488;362;10:54:53.945674
1726;1682;44;10:54:53.945674
1731;1930;-199;10:54:53.945674
1696;2112;-416;10:54:53.945674
1668;2218;-550;10:54:53.945674
1631;2197;-566;10:54:53.945674
1622;2227;-605;10:54:53.945674
1700;2143;-443;10:54:53.945674
1869;2046;-177;10:54:53.945674
2065;1977;88;10:54:53.945674
2212;1924;288;10:54:53.945674
2287;1910;377;10:54:53.945674
2213;1875;338;10:54:53.945674
2098;1892;206;10:54:53.945674
1915;2010;-95;10:54:53.945674
1717;2138;-421;10:54:53.945674
1631;2181;-550;10:54:53.945674
1624;2192;-568;10:54:53.945674
1759;2145;-386;10:54:53.945674
1898;2053;-155;10:54:53.945674
2030;1932;98;10:54:53.945674
2048;1789;259;10:54:53.945674
1992;1687;305;10:54:53.945674
1833;1655;178;10:54:53.945674
1686;1675;11;10:54:53.945674
1552;1679;-127;10:54:53.945674
1491;1619;-128;10:54:53.945674
1449;1656;-207;10:54:53.945674
1380;1626;-246;10:54:53.945674
1409;1527;-118;10:54:53.945674
1470;1527;-57;10:54:53.945674
1483;1626;-143;10:54:53.945674
1596;1686;-90;10:54:53.945674
1709;1757;-48;10:54:53.945674
1806;1916;-110;10:54:53.945674
1931;2094;-163;10:54:53.945674
2006;2249;-243;10:54:53.945674
1936;2218;-282;10:54:53.945674
1854;2135;-281;10:54:53.945674
1744;2068;-324;10:54:53.945674
1667;1978;-311;10:54:53.945674
1625;1813;-188;10:54:53.945674
1609;1748;-139;10:54:53.945674
1717;1712;5;10:54:53.945674
1845;1717;128;10:54:53.945674
1951;1780;171;10:54:53.945674
2034;1851;183;10:54:53.945674
1975;1995;-20;10:54:53.945674
1914;2145;-231;10:54:53.945674
1893;2162;-269;10:54:53.945674
1829;2116;-287;10:54:53.945674
1749;2094;-345;10:54:53.945674
1735;2033;-298;10:54:53.945674
1761;1889;-128;10:54:53.945674
1823;1847;-24;10:54:53.945674
1936;1826;110;10:54:53.945674
2018;1824;194;10:54:53.945674
2018;1868;150;10:54:53.945674
2005;1923;82;10:54:53.945674
1939;1951;-12;10:54:53.945674
1884;2001;-117;10:54:53.945674
1867;2033;-166;10:54:53.945674
1814;1987;-173;10:54:53.945674
1685;1944;-259;10:54:53.945674
1602;1921;-319;10:54:53.945674
1585;1857;-272;10:54:53.945674
1595;1713;-118;10:54:53.945674
1618;1681;-63;10:54:53.945674
1615;1703;-88;10:54:53.945674
1661;1623;38;10:54:53.945674
1639;1594;45;10:54:53.945674
1670;1618;52;10:54:53.945674
1726;1707;19;10:54:53.945674
1648;1797;-149;10:54:53.945674
1627;1942;-315;10:54:53.945674
1649;2077;-428;10:54:53.945674
1718;2143;-425;10:54:53.945674
1863;2176;-313;10:54:53.945674
1970;2102;-132;10:54:53.945674
1969;1995;-26;10:54:53.945674
1917;1908;9;10:54:53.945674
1867;1792;75;10:54:53.945674
1835;1686;149;10:54:53.945674
1781;1724;57;10:54:53.945674
1799;1804;-5;10:54:53.945674
1836;1910;-74;10:54:53.945674
1820;1992;-172;10:54:53.945674
1825;2047;-222;10:54:53.945674
1773;2030;-257;10:54:53.945674
1747;1929;-182;10:54:53.945674
1656;1725;-69;10:54:53.945674
1586;1620;-34;10:54:53.945674
1567;1572;-5;10:54:53.945674
1615;1593;22;10:54:53.945674
1678;1657;21;10:54:53.945674
1755;1745;10;10:54:53.945674
1747;1850;-103;10:54:53.945674
1683;1882;-199;10:54:53.945674
1680;1878;-198;10:54:53.945674
1637;1834;-197;10:54:53.945674
1589;1863;-274;10:54:53.945674
1567;1915;-348;10:54:53.945674
1637;1905;-268;10:54:53.945674
1750;1924;-174;10:54:53.945674
1879;1943;-64;10:54:53.945674
1934;1926;8;10:54:53.945674
1892;1935;-43;10:54:53.945674
1836;1895;-59;10:54:53.945674
1838;1892;-54;10:54:53.945674
1825;1900;-75;10:54:53.945674
1814;1914;-100;10:54:53.945674
1788;1953;-165;10:54:53.945674
1783;1972;-189;10:54:53.945674
1779;1995;-216;10:54:53.945674
1751;2006;-255;10:54:53.945674
1782;1951;-169;10:54:53.945674
1776;1922;-146;10:54:53.945674
1817;1823;-6;10:54:54.037428
1756;1729;27;10:54:54.037428
1729;1640;89;10:54:54.037428
1688;1644;44;10:54:54.037428
1577;1644;-67;10:54:54.037428
1529;1640;-111;10:54:54.037428
1500;1692;-192;10:54:54.037428
1494;1808;-314;10:54:54.037428
1534;1902;-368;10:54:54.037428
1560;1901;-341;10:54:54.037428
1646;1830;-184;10:54:54.037428
1741;1761;-20;10:54:54.037428
1800;1712;88;10:54:54.037428
1805;1619;186;10:54:54.037428
1765;1590;175;10:54:54.037428
1681;1685;-4;10:54:54.037428
1674;1824;-150;10:54:54.037428
1723;1966;-243;10:54:54.037428
1777;2077;-300;10:54:54.037428
1890;2176;-286;10:54:54.037428
1977;2234;-257;10:54:54.037428
2018;2228;-210;10:54:54.037428
2081;2239;-158;10:54:54.037428
2125;2244;-119;10:54:54.037428
2102;2232;-130;10:54:54.037428
2023;2162;-139;10:54:54.037428
1970;2007;-37;10:54:54.037428
1909;1877;32;10:54:54.037428
1799;1814;-15;10:54:54.037428
1695;1781;-86;10:54:54.037428
1667;1698;-31;10:54:54.037428
1670;1713;-43;10:54:54.037428
1722;1757;-35;10:54:54.037428
1772;1796;-24;10:54:54.037428
1763;1843;-80;10:54:54.037428
1790;1913;-123;10:54:54.037428
1774;1942;-168;10:54:54.037428
1722;1954;-232;10:54:54.037428
1720;1909;-189;10:54:54.037428
1699;1913;-214;10:54:54.037428
1707;1872;-165;10:54:54.037428
1751;1857;-106;10:54:54.037428
1787;1820;-33;10:54:54.037428
1791;1799;-8;10:54:54.037428
1762;1742;20;10:54:54.037428
1679;1753;-74;10:54:54.037428
1608;1717;-109;10:54:54.037428
1555;1709;-154;10:54:54.037428
1551;1748;-197;10:54:54.037428
1596;1774;-178;10:54:54.037428
1682;1787;-105;10:54:54.037428
1832;1805;27;10:54:54.037428
1924;1847;77;10:54:54.037428
1926;1898;28;10:54:54.037428
1906;1912;-6;10:54:54.037428
1850;1895;-45;10:54:54.037428
1710;1966;-256;10:54:54.037428
1640;2026;-386;10:54:54.037428
1681;2080;-399;10:54:54.037428
1739;2115;-376;10:54:54.037428
1817;2104;-287;10:54:54.037428
1895;2050;-155;10:54:54.037428
1943;2020;-77;10:54:54.037428
1949;1930;19;10:54:54.037428
1976;1855;121;10:54:54.037428
1910;1801;109;10:54:54.037428
1830;1779;51;10:54:54.037428
1704;1814;-110;10:54:54.037428
1592;1788;-196;10:54:54.037428
1496;1771;-275;10:54:54.037428
1494;1803;-309;10:54:54.037428
1500;1806;-306;10:54:54.037428
1583;1804;-221;10:54:54.037428
1721;1829;-108;10:54:54.037428
1828;1820;8;10:54:54.037428
1859;1807;52;10:54:54.037428
1849;1778;71;10:54:54.037428
1783;1687;96;10:54:54.037428
1673;1624;49;10:54:54.037428
1557;1578;-21;10:54:54.037428
1458;1586;-128;10:54:54.037428
1433;1683;-250;10:54:54.037428
1466;1824;-358;10:54:54.037428
1570;2005;-435;10:54:54.037428
1768;2132;-364;10:54:54.037428
2021;2163;-142;10:54:54.037428
2150;2123;27;10:54:54.037428
2208;2052;156;10:54:54.037428
2137;1926;211;10:54:54.037428
1997;1860;137;10:54:54.037428
1840;1854;-14;10:54:54.037428
1730;1861;-131;10:54:54.037428
1659;1924;-265;10:54:54.037428
1661;2002;-341;10:54:54.037428
1722;2060;-338;10:54:54.037428
1840;2155;-315;10:54:54.037428
1988;2147;-159;10:54:54.037428
2114;2096;18;10:54:54.037428
2176;2088;88;10:54:54.037428
2144;2068;76;10:54:54.037428
2065;2034;31;10:54:54.037428
1986;1999;-13;10:54:54.037428
1881;1949;-68;10:54:54.037428
1769;1896;-127;10:54:54.037428
1684;1892;-208;10:54:54.037428
1644;1852;-208;10:54:54.037428
1683;1880;-197;10:54:54.037428
1760;1911;-151;10:54:54.037428
1856;1928;-72;10:54:54.037428
1911;1905;6;10:54:54.037428
1955;1879;76;10:54:54.037428
1950;1854;96;10:54:54.037428
1898;1844;54;10:54:54.037428
1782;1834;-52;10:54:54.037428
1677;1849;-172;10:54:54.037428
1581;1948;-367;10:54:54.037428
1529;1991;-462;10:54:54.037428
1565;1961;-396;10:54:54.037428
1654;1867;-213;10:54:54.037428
1727;1767;-40;10:54:54.037428
1731;1622;109;10:54:54.037428
1755;1466;289;10:54:54.037428
1753;1475;278;10:54:54.037428
1716;1533;183;10:54:54.037428
1684;1648;36;10:54:54.037428
1712;1830;-118;10:54:54.037428
1721;2044;-323;10:54:54.037428
1775;2224;-449;10:54:54.037428
1818;2303;-485;10:54:54.037428
1808;2243;-435;10:54:54.037428
1814;2098;-284;10:54:54.037428
1795;1953;-158;10:54:54.037428
1759;1771;-12;10:54:54.037428
1732;1640;92;10:54:54.037428
1759;1639;120;10:54:54.037428
1788;1726;62;10:54:54.037428
1821;1866;-45;10:54:54.037428
1837;1936;-99;10:54:54.037428
1788;2024;-236;10:54:54.037428
1669;2014;-345;10:54:54.037428
1562;1954;-392;10:54:54.037428
1483;1832;-349;10:54:54.037428
1467;1730;-263;10:54:54.037428
1526;1625;-99;10:54:54.037428
1624;1588;36;10:54:54.037428
1726;1570;156;10:54:54.037428
1770;1628;142;10:54:54.037428
1781;1685;96;10:54:54.037428
1747;1770;-23;10:54:54.037428
1665;1853;-188;10:54:54.037428
1602;1860;-258;10:54:54.037428
1556;1846;-290;10:54:54.037428
1602;1881;-279;10:54:54.037428
1687;1843;-156;10:54:54.037428
1771;1850;-79;10:54:54.037428
1852;1909;-57;10:54:54.037428
1921;1963;-42;10:54:54.037428
1998;2027;-29;10:54:54.037428
2039;2078;-39;10:54:54.037428
2065;2089;-24;10:54:54.037428
2057;2088;-31;10:54:54.037428
1975;2027;-52;10:54:54.037428
1845;1921;-76;10:54:54.037428
1684;1859;-175;10:54:54.037428
1575;1871;-296;10:54:54.037428
1535;1871;-336;10:54:54.037428
1591;1878;-287;10:54:54.037428
1696;1913;-217;10:54:54.037428
1814;1944;-130;10:54:54.037428
1908;1971;-63;10:54:54.037428
1947;1950;-3;10:54:54.037428
1918;1869;49;10:54:54.037428
1811;1781;30;10:54:54.037428
1686;1750;-64;10:54:54.037428
1573;1695;-122;10:54:54.037428
1514;1693;-179;10:54:54.037428
1533;1752;-219;10:54:54.037428
1609;1784;-175;10:54:54.037428
1710;1815;-105;10:54:54.037428
1759;1867;-108;10:54:54.037428
1787;1869;-82;10:54:54.037428
1746;1831;-85;10:54:54.037428
1700;1802;-102;10:54:54.037428
1668;1718;-50;10:54:54.037428
1647;1709;-62;10:54:54.037428
1679;1780;-101;10:54:54.037428
1747;1872;-125;10:54:54.037428
1781;1945;-164;10:54:54.037428
1832;2022;-190;10:54:54.037428
1852;2035;-183;10:54:54.037428
1864;2012;-148;10:54:54.037428
1867;1934;-67;10:54:54.037428
1889;1857;32;10:54:54.037428
1878;1836;42;10:54:54.037428
1839;1785;54;10:54:54.037428
1769;1783;-14;10:54:54.037428
1685;1819;-134;10:54:54.037428
1619;1878;-259;10:54:54.037428
1553;1929;-376;10:54:54.037428
1579;1961;-382;10:54:54.037428
1649;1952;-303;10:54:54.037428
1741;1948;-207;10:54:54.037428
1837;1911;-74;10:54:54.037428
1882;1814;68;10:54:54.037428
1849;1744;105;10:54:54.037428
1745;1675;70;10:54:54.037428
1657;1629;28;10:54:54.037428
1605;1647;-42;10:54:54.037428
1621;1735;-114;10:54:54.037428
1673;1869;-196;10:54:54.037428
1726;1968;-242;10:54:54.037428
1784;2041;-257;10:54:54.037428
1813;2033;-220;10:54:54.037428
1807;1985;-178;10:54:54.037428
1725;1880;-155;10:54:54.037428
1633;1681;-48;10:54:54.037428
1539;1576;-37;10:54:54.037428
1478;1517;-39;10:54:54.037428
1538;1532;6;10:54:54.037428
1635;1621;14;10:54:54.037428
1700;1731;-31;10:54:54.037428
1715;1897;-182;10:54:54.037428
1733;2041;-308;10:54:54.037428
1735;2079;-344;10:54:54.037428
1695;2087;-392;10:54:54.037428
1688;2010;-322;10:54:54.037428
1732;1888;-156;10:54:54.037428
1819;1839;-20;10:54:54.037428
1905;1783;122;10:54:54.037428
1922;1781;141;10:54:54.037428
1917;1860;57;10:54:54.037428
1944;1898;46;10:54:54.037428
1914;1987;-73;10:54:54.037428
1908;2081;-173;10:54:54.037428
1952;2192;-240;10:54:54.037428
1962;2204;-242;10:54:54.037428
1938;2190;-252;10:54:54.037428
1934;2117;-183;10:54:54.037428
1894;2003;-109;10:54:54.037428
1861;1891;-30;10:54:54.037428
1831;1812;19;10:54:54.037428
1818;1787;31;10:54:54.037428
1826;1815;11;10:54:54.037428
1859;1888;-29;10:54:54.037428
1881;1962;-81;10:54:54.037428
1845;2034;-189;10:54:54.037428
1791;2022;-231;10:54:54.037428
1745;1952;-207;10:54:54.037428
1660;1858;-198;10:54:54.037428
1647;1745;-98;10:54:54.037428
1641;1714;-73;10:54:54.037428
1696;1740;-44;10:54:54.037428
1770;1802;-32;10:54:54.037428
1793;1887;-94;10:54:54.037428
1828;1978;-150;10:54:54.037428
1787;1923;-136;10:54:54.055376
1740;1839;-99;10:54:54.055376
1727;1776;-49;10:54:54.055376
1749;1754;-5;10:54:54.055376
1798;1819;-21;10:54:54.055376
1863;1891;-28;10:54:54.055376
1901;2007;-106;10:54:54.055376
1907;2085;-178;10:54:54.055376
1900;2059;-159;10:54:54.055376
1895;2039;-144;10:54:54.055376
1889;2017;-128;10:54:54.055376
1851;1987;-136;10:54:54.055376
1842;1950;-108;10:54:54.055376
1828;1940;-112;10:54:54.055376
1805;1913;-108;10:54:54.055376
1789;1898;-109;10:54:54.055376
1767;1866;-99;10:54:54.055376
1752;1847;-95;10:54:54.055376
1767;1897;-130;10:54:54.055376
1788;1941;-153;10:54:54.055376
1823;2001;-178;10:54:54.055376
1870;2035;-165;10:54:54.055376
1881;2052;-171;10:54:54.055376
1858;1986;-128;10:54:54.055376
1820;1884;-64;10:54:54.055376
1785;1790;-5;10:54:54.055376
1763;1762;1;10:54:54.055376
1766;1747;19;10:54:54.055376
1759;1794;-35;10:54:54.055376
1788;1890;-102;10:54:54.055376
1800;1958;-158;10:54:54.055376
1747;1998;-251;10:54:54.055376
1722;1934;-212;10:54:54.055376
1665;1838;-173;10:54:54.055376
1627;1749;-122;10:54:54.055376
1645;1658;-13;10:54:54.055376
1672;1648;24;10:54:54.055376
1719;1702;17;10:54:54.055376
1747;1779;-32;10:54:54.055376
1734;1848;-114;10:54:54.055376
1665;1866;-201;10:54:54.055376
1579;1844;-265;10:54:54.055376
1540;1815;-275;10:54:54.055376
1523;1780;-257;10:54:54.055376
1563;1767;-204;10:54:54.055376
1636;1807;-171;10:54:54.055376
1716;1874;-158;10:54:54.055376
1798;1903;-105;10:54:54.055376
1838;1923;-85;10:54:54.055376
1893;1913;-20;10:54:54.055376
1918;1904;14;10:54:54.055376
1908;1882;26;10:54:54.055376
1888;1934;-46;10:54:54.055376
1869;1988;-119;10:54:54.055376
1839;2005;-166;10:54:54.055376
1814;2025;-211;10:54:54.055376
1813;2025;-212;10:54:54.055376
1787;1959;-172;10:54:54.055376
1833;1870;-37;10:54:54.055376
1843;1830;13;10:54:54.055376
1847;1788;59;10:54:54.055376
1857;1796;61;10:54:54.055376
1820;1838;-18;10:54:54.055376
1764;1841;-77;10:54:54.055376
1687;1845;-158;10:54:54.055376
1610;1822;-212;10:54:54.055376
1543;1765;-222;10:54:54.055376
1514;1718;-204;10:54:54.055376
1540;1737;-197;10:54:54.055376
1620;1777;-157;10:54:54.055376
1736;1834;-98;10:54:54.055376
1818;1903;-85;10:54:54.055376
1840;1918;-78;10:54:54.055376
1828;1897;-69;10:54:54.055376
1771;1855;-84;10:54:54.055376
1714;1806;-92;10:54:54.055376
1680;1810;-130;10:54:54.055376
1680;1871;-191;10:54:54.055376
1728;1942;-214;10:54:54.055376
1808;2008;-200;10:54:54.055376
1868;2068;-200;10:54:54.055376
1891;2027;-136;10:54:54.055376
1879;1963;-84;10:54:54.055376
1877;1921;-44;10:54:54.055376
1844;1877;-33;10:54:54.055376
1827;1860;-33;10:54:54.055376
1841;1879;-38;10:54:54.055376
1866;1927;-61;10:54:54.055376
1854;1960;-106;10:54:54.055376
1791;1940;-149;10:54:54.055376
1708;1868;-160;10:54:54.055376
1634;1781;-147;10:54:54.055376
1591;1731;-140;10:54:54.055376
1546;1704;-158;10:54:54.055376
1588;1753;-165;10:54:54.055376
1671;1791;-120;10:54:54.055376
1736;1820;-84;10:54:54.055376
1776;1790;-14;10:54:54.055376
1782;1746;36;10:54:54.055376
1734;1693;41;10:54:54.055376
1651;1669;-18;10:54:54.055376
1567;1646;-79;10:54:54.055376
1508;1710;-202;10:54:54.055376
1541;1813;-272;10:54:54.055376
1592;1931;-339;10:54:54.055376
1649;1951;-302;10:54:54.055376
1738;1942;-204;10:54:54.055376
1788;1873;-85;10:54:54.055376
1803;1788;15;10:54:54.055376
1761;1722;39;10:54:54.055376
1757;1720;37;10:54:54.055376
1736;1764;-28;10:54:54.055376
1734;1850;-116;10:54:54.055376
1715;1956;-241;10:54:54.055376
1718;1998;-280;10:54:54.055376
1725;2022;-297;10:54:54.055376
1703;2006;-303;10:54:54.055376
1700;1967;-267;10:54:54.055376
1729;1917;-188;10:54:54.055376
1807;1853;-46;10:54:54.055376
1887;1823;64;10:54:54.055376
1897;1805;92;10:54:54.055376
1864;1767;97;10:54:54.055376
1801;1761;40;10:54:54.055376
1713;1799;-86;10:54:54.055376
1605;1832;-227;10:54:54.055376
1569;1886;-317;10:54:54.055376
1604;1957;-353;10:54:54.055376
1664;1971;-307;10:54:54.055376
1742;1938;-196;10:54:54.055376
1791;1859;-68;10:54:54.055376
1837;1756;81;10:54:54.055376
1825;1669;156;10:54:54.055376
1755;1631;124;10:54:54.055376
1679;1672;7;10:54:54.055376
1671;1772;-101;10:54:54.055376
1667;1903;-236;10:54:54.055376
1661;2000;-339;10:54:54.055376
1708;2023;-315;10:54:54.055376
1773;2000;-227;10:54:54.055376
1791;1958;-167;10:54:54.055376
1806;1912;-106;10:54:54.055376
1810;1870;-60;10:54:54.055376
1843;1872;-29;10:54:54.055376
1910;1893;17;10:54:54.055376
1947;1948;-1;10:54:54.055376
1948;2008;-60;10:54:54.055376
1921;2038;-117;10:54:54.055376
1867;2045;-178;10:54:54.055376
1799;2015;-216;10:54:54.055376
1747;1978;-231;10:54:54.055376
1752;1965;-213;10:54:54.055376
1807;1951;-144;10:54:54.055376
1878;1939;-61;10:54:54.055376
1950;1969;-19;10:54:54.055376
1997;1976;21;10:54:54.055376
2001;1988;13;10:54:54.055376
1954;1993;-39;10:54:54.055376
1888;1994;-106;10:54:54.055376
1833;1972;-139;10:54:54.055376
1800;1959;-159;10:54:54.055376
1768;1931;-163;10:54:54.055376
1753;1906;-153;10:54:54.055376
1731;1869;-138;10:54:54.055376
1712;1815;-103;10:54:54.055376
1679;1778;-99;10:54:54.055376
1658;1715;-57;10:54:54.055376
1664;1746;-82;10:54:54.055376
1702;1806;-104;10:54:54.055376
1735;1853;-118;10:54:54.055376
1785;1923;-138;10:54:54.055376
1823;1963;-140;10:54:54.055376
1838;1962;-124;10:54:54.055376
1806;1924;-118;10:54:54.055376
1734;1862;-128;10:54:54.055376
1683;1811;-128;10:54:54.055376
1700;1778;-78;10:54:54.055376
1720;1759;-39;10:54:54.055376
1762;1803;-41;10:54:54.055376
1811;1853;-42;10:54:54.055376
1822;1907;-85;10:54:54.055376
1831;1928;-97;10:54:54.055376
1798;1951;-153;10:54:54.055376
1775;1962;-187;10:54:54.055376
1785;2005;-220;10:54:54.055376
1801;2039;-238;10:54:54.055376
1847;2024;-177;10:54:54.055376
1875;1990;-115;10:54:54.055376
1884;1938;-54;10:54:54.055376
1859;1889;-30;10:54:54.055376
1826;1823;3;10:54:54.055376
1786;1781;5;10:54:54.055376
1775;1803;-28;10:54:54.055376
1775;1897;-122;10:54:54.055376
1786;1989;-203;10:54:54.055376
1794;2050;-256;10:54:54.055376
1807;2075;-268;10:54:54.055376
1800;2015;-215;10:54:54.055376
1747;1912;-165;10:54:54.055376
1674;1787;-113;10:54:54.055376
1639;1717;-78;10:54:54.055376
1669;1669;0;10:54:54.055376
1727;1681;46;10:54:54.055376
1773;1744;29;10:54:54.055376
1828;1844;-16;10:54:54.055376
1868;1918;-50;10:54:54.055376
1863;1934;-71;10:54:54.055376
1831;1964;-133;10:54:54.055376
1793;1954;-161;10:54:54.055376
1752;1940;-188;10:54:54.055376
1725;1913;-188;10:54:54.055376
1735;1876;-141;10:54:54.055376
1760;1828;-68;10:54:54.055376
1751;1768;-17;10:54:54.055376
1720;1733;-13;10:54:54.055376
1670;1704;-34;10:54:54.055376
1617;1728;-111;10:54:54.055376
1599;1771;-172;10:54:54.055376
1628;1837;-209;10:54:54.055376
1683;1899;-216;10:54:54.055376
1738;1960;-222;10:54:54.055376
1786;1971;-185;10:54:54.055376
1798;1959;-161;10:54:54.055376
1767;1925;-158;10:54:54.055376
1745;1873;-128;10:54:54.055376
1756;1865;-109;10:54:54.055376
1766;1887;-121;10:54:54.055376
1807;1897;-90;10:54:54.055376
1832;1920;-88;10:54:54.055376
1859;1930;-71;10:54:54.055376
1862;1907;-45;10:54:54.055376
1843;1892;-49;10:54:54.055376
1815;1882;-67;10:54:54.055376
1800;1870;-70;10:54:54.055376
1765;1911;-146;10:54:54.055376
1756;1920;-164;10:54:54.055376
1789;1929;-140;10:54:54.055376
1805;1947;-142;10:54:54.055376
1818;1938;-120;10:54:54.055376
1819;1884;-65;10:54:54.055376
1783;1856;-73;10:54:54.055376
1732;1835;-103;10:54:54.055376
1721;1825;-104;10:54:54.055376
1727;1817;-90;10:54:54.055376
1731;1790;-59;10:54:54.055376
1743;1791;-48;10:54:54.055376
1732;1800;-68;10:54:54.055376
1701;1808;-107;10:54:54.055376
1692;1825;-133;10:54:54.055376
1661;1854;-193;10:54:54.055376
1670;1890;-220;10:54:54.055376
1697;1925;-228;10:54:54.055376
1738;1950;-212;10:54:54.055376
1821;1975;-154;10:54:54.055376
1849;1961;-112;10:54:54.055376
1864;1862;2;10:54:54.055376
1802;1843;-41;10:54:54.055376
1738;1837;-99;10:54:54.055376
1708;1826;-118;10:54:54.055376
1693;1834;-141;10:54:54.055376
1704;1849;-145;10:54:54.055376
1725;1872;-147;10:54:54.055376
1746;1896;-150;10:54:54.055376
1774;1908;-134;10:54:54.055376
1792;1918;-126;10:54:54.055376
1800;1890;-90;10:54:54.055376
1803;1846;-43;10:54:54.055376
1789;1798;-9;10:54:54.055376
1760;1777;-17;10:54:54.055376
1729;1751;-22;10:54:54.055376
1684;1737;-53;10:54:54.055376
1626;1746;-120;10:54:54.055376
1590;1765;-175;10:54:54.055376
1564;1791;-227;10:54:54.055376
1581;1808;-227;10:54:54.055376
1636;1805;-169;10:54:54.055376
1692;1795;-103;10:54:54.055376
1731;1809;-78;10:54:54.055376
1751;1796;-45;10:54:54.055376
1730;1802;-72;10:54:54.055376
1694;1825;-131;10:54:54.055376
1638;1855;-217;10:54:54.055376
1603;1855;-252;10:54:54.055376
1618;1841;-223;10:54:54.055376
1625;1832;-207;10:54:54.055376
1639;1805;-166;10:54:54.055376
1686;1822;-136;10:54:54.055376
1713;1812;-99;10:54:54.055376
1743;1820;-77;10:54:54.055376
1790;1851;-61;10:54:54.055376
1824;1874;-50;10:54:54.055376
1874;1901;-27;10:54:54.055376
1902;1940;-38;10:54:54.055376
1910;1982;-72;10:54:54.055376
1902;2024;-122;10:54:54.055376
1869;2058;-189;10:54:54.055376
1842;2052;-210;10:54:54.055376
1836;2032;-196;10:54:54.055376
1836;1990;-154;10:54:54.055376
1836;1940;-104;10:54:54.055376
1857;1915;-58;10:54:54.055376
1866;1889;-23;10:54:54.055376
1853;1900;-47;10:54:54.055376
1842;1898;-56;10:54:54.055376
1805;1871;-66;10:54:54.055376
1754;1870;-116;10:54:54.055376
1699;1831;-132;10:54:54.055376
1655;1803;-148;10:54:54.055376
1637;1787;-150;10:54:54.055376
1652;1793;-141;10:54:54.055376
1676;1825;-149;10:54:54.055376
1719;1870;-151;10:54:54.055376
1786;1888;-102;10:54:54.055376
1836;1916;-80;10:54:54.055376
1844;1911;-67;10:54:54.055376
1852;1888;-36;10:54:54.055376
1839;1874;-35;10:54:54.055376
1819;1861;-42;10:54:54.055376
1784;1876;-92;10:54:54.055376
1755;1909;-154;10:54:54.055376
1745;1956;-211;10:54:54.055376
1767;1993;-226;10:54:54.055376
1808;2028;-220;10:54:54.055376
1879;2060;-181;10:54:54.055376
1962;2050;-88;10:54:54.055376
2024;2035;-11;10:54:54.055376
2047;2025;22;10:54:54.055376
2030;2012;18;10:54:54.055376
1961;1986;-25;10:54:54.055376
1880;1961;-81;10:54:54.055376
1805;1949;-144;10:54:54.055376
1722;1944;-222;10:54:54.055376
1691;1947;-256;10:54:54.055376
1696;1937;-241;10:54:54.055376
1723;1913;-190;10:54:54.055376
1771;1871;-100;10:54:54.055376
1815;1840;-25;10:54:54.055376
1852;1804;48;10:54:54.055376
1854;1788;66;10:54:54.055376
1835;1768;67;10:54:54.055376
1782;1779;3;10:54:54.055376
1706;1825;-119;10:54:54.055376
1623;1850;-227;10:54:54.055376
1571;1857;-286;10:54:54.055376
1554;1888;-334;10:54:54.055376
1603;1889;-286;10:54:54.055376
1689;1839;-150;10:54:54.055376
1762;1800;-38;10:54:54.055376
1815;1767;48;10:54:54.055376
1830;1746;84;10:54:54.055376
1825;1734;91;10:54:54.055376
1811;1780;31;10:54:54.055376
1784;1854;-70;10:54:54.055376
1746;1963;-217;10:54:54.055376
1727;2039;-312;10:54:54.055376
1720;2080;-360;10:54:54.055376
1742;2057;-315;10:54:54.055376
1791;1999;-208;10:54:54.055376
1813;1924;-111;10:54:54.055376
1825;1828;-3;10:54:54.055376
1846;1760;86;10:54:54.055376
1851;1736;115;10:54:54.055376
1832;1752;80;10:54:54.055376
1792;1803;-11;10:54:54.055376
1737;1900;-163;10:54:54.055376
1689;1966;-277;10:54:54.055376
1669;2020;-351;10:54:54.055376
1679;2036;-357;10:54:54.055376
1711;2017;-306;10:54:54.055376
1785;1967;-182;10:54:54.055376
1843;1895;-52;10:54:54.055376
1870;1822;48;10:54:54.055376
1874;1761;113;10:54:54.055376
1865;1727;138;10:54:54.055376
1813;1740;73;10:54:54.055376
1757;1785;-28;10:54:54.055376
1713;1865;-152;10:54:54.055376
1722;1945;-223;10:54:54.055376
1746;2007;-261;10:54:54.055376
1770;2015;-245;10:54:54.055376
1774;1981;-207;10:54:54.055376
1754;1915;-161;10:54:54.055376
1747;1833;-86;10:54:54.055376
1743;1750;-7;10:54:54.055376
1753;1707;46;10:54:54.055376
1759;1710;49;10:54:54.055376
1749;1742;7;10:54:54.055376
1744;1809;-65;10:54:54.055376
1722;1862;-140;10:54:54.055376
1686;1897;-211;10:54:54.055376
1666;1904;-238;10:54:54.055376
1664;1900;-236;10:54:54.055376
1674;1883;-209;10:54:54.055376
1701;1858;-157;10:54:54.055376
1753;1864;-111;10:54:54.055376
1812;1876;-64;10:54:54.055376
1846;1915;-69;10:54:54.055376
1867;1943;-76;10:54:54.055376
1863;1967;-104;10:54:54.055376
1865;1969;-104;10:54:54.055376
1847;1982;-135;10:54:54.055376
1806;1950;-144;10:54:54.055376
1770;1939;-169;10:54:54.055376
1748;1902;-154;10:54:54.055376
1741;1864;-123;10:54:54.055376
1732;1831;-99;10:54:54.055376
1740;1819;-79;10:54:54.055376
1755;1806;-51;10:54:54.055376
1760;1820;-60;10:54:54.055376
1773;1837;-64;10:54:54.055376
1799;1862;-63;10:54:54.055376
1781;1877;-96;10:54:54.055376
1730;1877;-147;10:54:54.055376
1660;1836;-176;10:54:54.055376
1608;1792;-184;10:54:54.055376
1599;1734;-135;10:54:54.055376
1623;1702;-79;10:54:54.055376
1656;1722;-66;10:54:54.055376
1715;1766;-51;10:54:54.055376
1783;1838;-55;10:54:54.055376
1830;1928;-98;10:54:54.055376
1843;1983;-140;10:54:54.055376
1821;1992;-171;10:54:54.055376
1777;1967;-190;10:54:54.055376
1728;1906;-178;10:54:54.055376
1678;1834;-156;10:54:54.055376
1645;1768;-123;10:54:54.055376
1643;1772;-129;10:54:54.055376
1666;1791;-125;10:54:54.055376
1697;1826;-129;10:54:54.055376
1729;1875;-146;10:54:54.055376
1776;1897;-121;10:54:54.055376
1794;1915;-121;10:54:54.055376
1817;1922;-105;10:54:54.055376
1818;1917;-99;10:54:54.055376
1804;1911;-107;10:54:54.055376
1799;1910;-111;10:54:54.055376
1772;1894;-122;10:54:54.055376
1739;1877;-138;10:54:54.055376
1715;1868;-153;10:54:54.055376
1694;1842;-148;10:54:54.055376
1689;1825;-136;10:54:54.055376
1712;1818;-106;10:54:54.055376
1743;1816;-73;10:54:54.055376
1775;1815;-40;10:54:54.055376
1785;1805;-20;10:54:54.055376
1774;1809;-35;10:54:54.055376
1756;1806;-50;10:54:54.055376
1720;1813;-93;10:54:54.055376
1685;1863;-178;10:54:54.055376
1697;1891;-194;10:54:54.055376
1734;1925;-191;10:54:54.055376
1778;1949;-171;10:54:54.055376
1807;1936;-129;10:54:54.055376
1834;1927;-93;10:54:54.055376
1823;1894;-71;10:54:54.055376
1805;1870;-65;10:54:54.055376
1773;1845;-72;10:54:54.055376
1750;1864;-114;10:54:54.055376
1746;1893;-147;10:54:54.055376
1764;1931;-167;10:54:54.055376
1786;1964;-178;10:54:54.055376
1812;1991;-179;10:54:54.055376
1823;1988;-165;10:54:54.055376
1826;1963;-137;10:54:54.055376
1826;1925;-99;10:54:54.055376
1819;1884;-65;10:54:54.055376
1813;1840;-27;10:54:54.055376
1814;1835;-21;10:54:54.055376
1793;1857;-64;10:54:54.055376
1778;1877;-99;10:54:54.055376
1784;1902;-118;10:54:54.055376
1777;1922;-145;10:54:54.055376
1773;1918;-145;10:54:54.055376
1769;1910;-141;10:54:54.055376
1761;1900;-139;10:54:54.055376
1765;1864;-99;10:54:54.055376
1777;1842;-65;10:54:54.055376
1780;1839;-59;10:54:54.055376
1771;1834;-63;10:54:54.055376
1756;1841;-85;10:54:54.055376
1753;1849;-96;10:54:54.055376
1748;1859;-111;10:54:54.055376
1751;1876;-125;10:54:54.055376
1751;1863;-112;10:54:54.055376
1741;1857;-116;10:54:54.055376
1728;1854;-126;10:54:54.055376
1733;1844;-111;10:54:54.055376
1728;1846;-118;10:54:54.055376
1730;1856;-126;10:54:54.055376
1747;1886;-139;10:54:54.055376
1777;1921;-144;10:54:54.055376
1817;1939;-122;10:54:54.055376
1857;1948;-91;10:54:54.055376
1860;1959;-99;10:54:54.055376
1847;1933;-86;10:54:54.055376
1835;1925;-90;10:54:54.055376
1795;1896;-101;10:54:54.055376
1762;1885;-123;10:54:54.055376
1732;1879;-147;10:54:54.055376
1728;1879;-151;10:54:54.055376
1738;1878;-140;10:54:54.055376
1752;1892;-140;10:54:54.055376
1773;1907;-134;10:54:54.055376
1792;1912;-120;10:54:54.055376
1800;1906;-106;10:54:54.055376
1781;1890;-109;10:54:54.055376
1791;1874;-83;10:54:54.055376
1781;1849;-68;10:54:54.055376
1756;1831;-75;10:54:54.055376
1731;1829;-98;10:54:54.058373
1715;1837;-122;10:54:54.058373
1717;1864;-147;10:54:54.058373
1725;1889;-164;10:54:54.058373
1742;1899;-157;10:54:54.058373
1754;1896;-142;10:54:54.058373
1755;1876;-121;10:54:54.058373
1761;1830;-69;10:54:54.058373
1762;1803;-41;10:54:54.058373
1741;1781;-40;10:54:54.058373
1710;1780;-70;10:54:54.058373
1683;1785;-102;10:54:54.058373
1657;1808;-151;10:54:54.058373
1651;1813;-162;10:54:54.058373
1660;1824;-164;10:54:54.058373
1683;1844;-161;10:54:54.058373
1705;1856;-151;10:54:54.058373
1745;1865;-120;10:54:54.058373
1789;1885;-96;10:54:54.058373
1833;1914;-81;10:54:54.058373
1848;1926;-78;10:54:54.058373
1860;1936;-76;10:54:54.058373
1866;1940;-74;10:54:54.058373
1862;1946;-84;10:54:54.058373
1853;1946;-93;10:54:54.058373
1836;1966;-130;10:54:54.058373
1807;2000;-193;10:54:54.058373
1806;2032;-226;10:54:54.058373
1833;2043;-210;10:54:54.058373
1873;2033;-160;10:54:54.058373
1918;1994;-76;10:54:54.058373
1939;1934;5;10:54:54.058373
1910;1874;36;10:54:54.058373
1864;1843;21;10:54:54.058373
1804;1828;-24;10:54:54.058373
1739;1834;-95;10:54:54.058373
1685;1857;-172;10:54:54.058373
1647;1855;-208;10:54:54.058373
1616;1839;-223;10:54:54.058373
1620;1822;-202;10:54:54.058373
1645;1787;-142;10:54:54.058373
1686;1746;-60;10:54:54.058373
1711;1732;-21;10:54:54.058373
1716;1729;-13;10:54:54.058373
1721;1734;-13;10:54:54.058373
1722;1761;-39;10:54:54.058373
1719;1786;-67;10:54:54.058373
1689;1814;-125;10:54:54.058373
1655;1838;-183;10:54:54.058373
1627;1850;-223;10:54:54.058373
1629;1858;-229;10:54:54.058373
1655;1876;-221;10:54:54.058373
1714;1886;-172;10:54:54.058373
1778;1886;-108;10:54:54.058373
1828;1891;-63;10:54:54.058373
1878;1897;-19;10:54:54.058373
1902;1885;17;10:54:54.058373
1889;1904;-15;10:54:54.058373
1844;1941;-97;10:54:54.058373
1788;1972;-184;10:54:54.058373
1744;1993;-249;10:54:54.058373
1728;1984;-256;10:54:54.058373
1732;1976;-244;10:54:54.058373
1749;1938;-189;10:54:54.058373
1773;1880;-107;10:54:54.058373
1790;1824;-34;10:54:54.058373
1809;1794;15;10:54:54.058373
1826;1784;42;10:54:54.058373
1816;1797;19;10:54:54.058373
1791;1820;-29;10:54:54.058373
1742;1851;-109;10:54:54.058373
1684;1856;-172;10:54:54.058373
1634;1846;-212;10:54:54.058373
1591;1838;-247;10:54:54.058373
1591;1818;-227;10:54:54.058373
1625;1809;-184;10:54:54.058373
1680;1812;-132;10:54:54.058373
1758;1820;-62;10:54:54.058373
1828;1834;-6;10:54:54.058373
1849;1852;-3;10:54:54.058373
1832;1848;-16;10:54:54.058373
1790;1847;-57;10:54:54.058373
1747;1856;-109;10:54:54.058373
1716;1871;-155;10:54:54.058373
1684;1901;-217;10:54:54.058373
1691;1938;-247;10:54:54.058373
1732;1956;-224;10:54:54.058373
1780;1950;-170;10:54:54.058373
1827;1928;-101;10:54:54.058373
1854;1888;-34;10:54:54.058373
1855;1836;19;10:54:54.058373
1841;1813;28;10:54:54.058373
1814;1828;-14;10:54:54.058373
1785;1853;-68;10:54:54.058373
1778;1895;-117;10:54:54.058373
1764;1936;-172;10:54:54.058373
1733;1964;-231;10:54:54.058373
1726;1959;-233;10:54:54.058373
1726;1924;-198;10:54:54.058373
1748;1899;-151;10:54:54.058373
1780;1875;-95;10:54:54.058373
1815;1855;-40;10:54:54.058373
1823;1839;-16;10:54:54.058373
1820;1838;-18;10:54:54.058373
1807;1841;-34;10:54:54.058373
1776;1844;-68;10:54:54.058373
1736;1846;-110;10:54:54.058373
1706;1863;-157;10:54:54.058373
1701;1895;-194;10:54:54.058373
1701;1916;-215;10:54:54.058373
1726;1931;-205;10:54:54.058373
1755;1916;-161;10:54:54.058373
1767;1890;-123;10:54:54.058373
1777;1842;-65;10:54:54.058373
1776;1785;-9;10:54:54.058373
1770;1751;19;10:54:54.058373
1768;1764;4;10:54:54.058373
1767;1811;-44;10:54:54.058373
1757;1860;-103;10:54:54.058373
1745;1904;-159;10:54:54.058373
1734;1942;-208;10:54:54.058373
1730;1939;-209;10:54:54.058373
1719;1912;-193;10:54:54.058373
1717;1867;-150;10:54:54.058373
1738;1829;-91;10:54:54.058373
1766;1823;-57;10:54:54.058373
1792;1850;-58;10:54:54.058373
1804;1887;-83;10:54:54.058373
1815;1917;-102;10:54:54.058373
1798;1931;-133;10:54:54.058373
1762;1903;-141;10:54:54.058373
1730;1874;-144;10:54:54.058373
1705;1832;-127;10:54:54.058373
1682;1823;-141;10:54:54.058373
1691;1834;-143;10:54:54.058373
1708;1853;-145;10:54:54.058373
1728;1869;-141;10:54:54.058373
1759;1881;-122;10:54:54.058373
1770;1871;-101;10:54:54.058373
1765;1837;-72;10:54:54.058373
1766;1812;-46;10:54:54.058373
1764;1810;-46;10:54:54.058373
1761;1825;-64;10:54:54.058373
1749;1866;-117;10:54:54.058373
1743;1901;-158;10:54:54.058373
1745;1927;-182;10:54:54.058373
1749;1923;-174;10:54:54.058373
1768;1893;-125;10:54:54.058373
1786;1875;-89;10:54:54.058373
1815;1876;-61;10:54:54.058373
1834;1897;-63;10:54:54.058373
1846;1930;-84;10:54:54.058373
1846;1952;-106;10:54:54.058373
1843;1976;-133;10:54:54.058373
1832;1968;-136;10:54:54.058373
1803;1935;-132;10:54:54.058373
1778;1899;-121;10:54:54.058373
1770;1880;-110;10:54:54.058373
1776;1873;-97;10:54:54.058373
1789;1892;-103;10:54:54.058373
1801;1916;-115;10:54:54.058373
1812;1936;-124;10:54:54.058373
1817;1933;-116;10:54:54.058373
1809;1912;-103;10:54:54.058373
1795;1885;-90;10:54:54.058373
1780;1873;-93;10:54:54.058373
1764;1879;-115;10:54:54.058373
1759;1906;-147;10:54:54.058373
1769;1928;-159;10:54:54.058373
1787;1943;-156;10:54:54.058373
1796;1944;-148;10:54:54.058373
1797;1916;-119;10:54:54.058373
1787;1871;-84;10:54:54.058373
1778;1837;-59;10:54:54.058373
1788;1823;-35;10:54:54.058373
1796;1841;-45;10:54:54.058373
1790;1872;-82;10:54:54.058373
1780;1896;-116;10:54:54.058373
1767;1910;-143;10:54:54.058373
1747;1907;-160;10:54:54.058373
1733;1869;-136;10:54:54.058373
1729;1837;-108;10:54:54.058373
1730;1824;-94;10:54:54.058373
1738;1820;-82;10:54:54.058373
1736;1820;-84;10:54:54.058373
1737;1827;-90;10:54:54.058373
1744;1835;-91;10:54:54.058373
1725;1822;-97;10:54:54.058373
1695;1815;-120;10:54:54.058373
1672;1794;-122;10:54:54.058373
1671;1804;-133;10:54:54.058373
1690;1840;-150;10:54:54.058373
1732;1898;-166;10:54:54.058373
1769;1958;-189;10:54:54.058373
1808;1997;-189;10:54:54.058373
1842;1994;-152;10:54:54.058373
1859;1955;-96;10:54:54.058373
1857;1911;-54;10:54:54.058373
1833;1872;-39;10:54:54.058373
1814;1849;-35;10:54:54.058373
1800;1865;-65;10:54:54.058373
1794;1894;-100;10:54:54.058373
1798;1945;-147;10:54:54.058373
1808;1976;-168;10:54:54.058373
1819;1974;-155;10:54:54.058373
1803;1937;-134;10:54:54.058373
1801;1905;-104;10:54:54.058373
1792;1870;-78;10:54:54.058373
1772;1845;-73;10:54:54.058373
1752;1845;-93;10:54:54.058373
1726;1837;-111;10:54:54.058373
1709;1832;-123;10:54:54.058373
1696;1801;-105;10:54:54.058373
1678;1778;-100;10:54:54.058373
1674;1766;-92;10:54:54.058373
1678;1771;-93;10:54:54.058373
1682;1788;-106;10:54:54.058373
1699;1813;-114;10:54:54.058373
1704;1846;-142;10:54:54.058373
1706;1854;-148;10:54:54.058373
1703;1843;-140;10:54:54.058373
1687;1803;-116;10:54:54.058373
1686;1767;-81;10:54:54.058373
1708;1757;-49;10:54:54.058373
1728;1780;-52;10:54:54.058373
1747;1822;-75;10:54:54.058373
1766;1873;-107;10:54:54.058373
1770;1909;-139;10:54:54.058373
1776;1923;-147;10:54:54.058373
1765;1918;-153;10:54:54.058373
1761;1903;-142;10:54:54.058373
1744;1888;-144;10:54:54.058373
1752;1891;-139;10:54:54.058373
1768;1909;-141;10:54:54.058373
1787;1932;-145;10:54:54.058373
1793;1963;-170;10:54:54.058373
1811;1964;-153;10:54:54.058373
1800;1923;-123;10:54:54.058373
1784;1862;-78;10:54:54.058373
1777;1815;-38;10:54:54.058373
1778;1795;-17;10:54:54.058373
1777;1822;-45;10:54:54.058373
1764;1858;-94;10:54:54.058373
1761;1902;-141;10:54:54.058373
1755;1933;-178;10:54:54.058373
1758;1940;-182;10:54:54.058373
1754;1912;-158;10:54:54.058373
1753;1877;-124;10:54:54.058373
1755;1828;-73;10:54:54.058373
1762;1799;-37;10:54:54.058373
1756;1790;-34;10:54:54.058373
1736;1795;-59;10:54:54.058373
1717;1810;-93;10:54:54.058373
1697;1816;-119;10:54:54.058373
1683;1807;-124;10:54:54.058373
1691;1823;-132;10:54:54.107242
1716;1851;-135;10:54:54.107242
1739;1880;-141;10:54:54.107242
1750;1897;-147;10:54:54.107242
1753;1899;-146;10:54:54.107242
1751;1878;-127;10:54:54.107242
1743;1848;-105;10:54:54.107242
1736;1812;-76;10:54:54.107242
1730;1795;-65;10:54:54.107242
1729;1811;-82;10:54:54.107242
1728;1852;-124;10:54:54.107242
1728;1896;-168;10:54:54.107242
1729;1938;-209;10:54:54.107242
1732;1947;-215;10:54:54.107242
1754;1909;-155;10:54:54.107242
1779;1862;-83;10:54:54.107242
1805;1829;-24;10:54:54.107242
1815;1823;-8;10:54:54.107242
1814;1845;-31;10:54:54.107242
1798;1871;-73;10:54:54.107242
1778;1914;-136;10:54:54.107242
1763;1947;-184;10:54:54.107242
1740;1945;-205;10:54:54.107242
1735;1907;-172;10:54:54.107242
1735;1867;-132;10:54:54.107242
1744;1826;-82;10:54:54.107242
1750;1812;-62;10:54:54.107242
1765;1810;-45;10:54:54.107242
1766;1837;-71;10:54:54.107242
1765;1851;-86;10:54:54.107242
1757;1859;-102;10:54:54.107242
1734;1847;-113;10:54:54.107242
1712;1826;-114;10:54:54.107242
1699;1833;-134;10:54:54.107242
1681;1838;-157;10:54:54.107242
1678;1842;-164;10:54:54.107242
1680;1857;-177;10:54:54.107242
1698;1871;-173;10:54:54.107242
1730;1866;-136;10:54:54.107242
1756;1844;-88;10:54:54.107242
1775;1822;-47;10:54:54.107242
1794;1813;-19;10:54:54.107242
1791;1833;-42;10:54:54.107242
1784;1872;-88;10:54:54.107242
1775;1912;-137;10:54:54.107242
1760;1942;-182;10:54:54.107242
1752;1947;-195;10:54:54.107242
1757;1935;-178;10:54:54.107242
1754;1907;-153;10:54:54.107242
1769;1894;-125;10:54:54.107242
1782;1887;-105;10:54:54.107242
1797;1884;-87;10:54:54.107242
1804;1894;-90;10:54:54.107242
1812;1908;-96;10:54:54.107242
1803;1917;-114;10:54:54.107242
1791;1903;-112;10:54:54.107242
1770;1879;-109;10:54:54.107242
1740;1854;-114;10:54:54.107242
1719;1839;-120;10:54:54.107242
1712;1855;-143;10:54:54.107242
1720;1860;-140;10:54:54.107242
1735;1875;-140;10:54:54.107242
1761;1880;-119;10:54:54.107242
1798;1879;-81;10:54:54.107242
1817;1867;-50;10:54:54.107242
1817;1865;-48;10:54:54.107242
1802;1854;-52;10:54:54.107242
1780;1862;-82;10:54:54.107242
1753;1862;-109;10:54:54.107242
1730;1869;-139;10:54:54.107242
1719;1891;-172;10:54:54.107242
1722;1899;-177;10:54:54.107242
1732;1889;-157;10:54:54.107242
1760;1871;-111;10:54:54.107242
1798;1879;-81;10:54:54.107242
1823;1902;-79;10:54:54.107242
1831;1920;-89;10:54:54.107242
1836;1933;-97;10:54:54.107242
1826;1944;-118;10:54:54.107242
1808;1946;-138;10:54:54.107242
1794;1931;-137;10:54:54.107242
1787;1923;-136;10:54:54.107242
1779;1919;-140;10:54:54.107242
1765;1921;-156;10:54:54.107242
1774;1921;-147;10:54:54.107242
1788;1924;-136;10:54:54.107242
1801;1933;-132;10:54:54.107242
1810;1924;-114;10:54:54.107242
1817;1888;-71;10:54:54.107242
1807;1853;-46;10:54:54.107242
1783;1820;-37;10:54:54.107242
1761;1807;-46;10:54:54.107242
1735;1818;-83;10:54:54.107242
1713;1828;-115;10:54:54.107242
1700;1846;-146;10:54:54.107242
1696;1874;-178;10:54:54.107242
1692;1885;-193;10:54:54.107242
1714;1875;-161;10:54:54.107242
1733;1863;-130;10:54:54.107242
1750;1838;-88;10:54:54.107242
1763;1802;-39;10:54:54.107242
1777;1785;-8;10:54:54.107242
1773;1796;-23;10:54:54.107242
1760;1818;-58;10:54:54.107242
1749;1848;-99;10:54:54.107242
1739;1888;-149;10:54:54.107242
1743;1931;-188;10:54:54.107242
1757;1957;-200;10:54:54.107242
1782;1975;-193;10:54:54.107242
1809;1961;-152;10:54:54.107242
1829;1942;-113;10:54:54.107242
1843;1920;-77;10:54:54.107242
1846;1906;-60;10:54:54.107242
1843;1891;-48;10:54:54.107242
1841;1892;-51;10:54:54.107242
1826;1894;-68;10:54:54.107242
1804;1910;-106;10:54:54.107242
1795;1929;-134;10:54:54.107242
1789;1951;-162;10:54:54.107242
1786;1965;-179;10:54:54.107242
1794;1966;-172;10:54:54.107242
1810;1943;-133;10:54:54.107242
1821;1914;-93;10:54:54.107242
1829;1894;-65;10:54:54.107242
1827;1870;-43;10:54:54.107242
1821;1855;-34;10:54:54.107242
1795;1856;-61;10:54:54.107242
1767;1860;-93;10:54:54.107242
1744;1875;-131;10:54:54.107242
1731;1887;-156;10:54:54.107242
1724;1871;-147;10:54:54.107242
1719;1848;-129;10:54:54.107242
1708;1824;-116;10:54:54.107242
1705;1792;-87;10:54:54.107242
1704;1769;-65;10:54:54.107242
1702;1773;-71;10:54:54.107242
1703;1792;-89;10:54:54.107242
1708;1817;-109;10:54:54.107242
1712;1844;-132;10:54:54.107242
1717;1865;-148;10:54:54.107242
1722;1868;-146;10:54:54.107242
1733;1864;-131;10:54:54.107242
1732;1851;-119;10:54:54.107242
1721;1829;-108;10:54:54.107242
1718;1827;-109;10:54:54.107242
1722;1836;-114;10:54:54.107242
1731;1847;-116;10:54:54.107242
1755;1859;-104;10:54:54.107242
1779;1880;-101;10:54:54.107242
1798;1901;-103;10:54:54.107242
1818;1920;-102;10:54:54.107242
1831;1935;-104;10:54:54.107242
1823;1946;-123;10:54:54.107242
1811;1951;-140;10:54:54.107242
1801;1944;-143;10:54:54.107242
1786;1918;-132;10:54:54.107242
1782;1899;-117;10:54:54.107242
1781;1876;-95;10:54:54.107242
1784;1867;-83;10:54:54.107242
1778;1872;-94;10:54:54.107242
1777;1886;-109;10:54:54.107242
1784;1906;-122;10:54:54.107242
1788;1924;-136;10:54:54.107242
1796;1929;-133;10:54:54.107242
1800;1920;-120;10:54:54.107242
1793;1906;-113;10:54:54.107242
1785;1879;-94;10:54:54.107242
1772;1855;-83;10:54:54.107242
1748;1829;-81;10:54:54.107242
1727;1823;-96;10:54:54.107242
1720;1821;-101;10:54:54.107242
1710;1810;-100;10:54:54.107242
1710;1810;-100;10:54:54.107242
1720;1826;-106;10:54:54.107242
1731;1826;-95;10:54:54.107242
1734;1838;-104;10:54:54.107242
1730;1859;-129;10:54:54.107242
1730;1871;-141;10:54:54.107242
1736;1879;-143;10:54:54.107242
1741;1877;-136;10:54:54.107242
1739;1870;-131;10:54:54.107242
1742;1854;-112;10:54:54.107242
1745;1844;-99;10:54:54.107242
1751;1834;-83;10:54:54.107242
1755;1836;-81;10:54:54.107242
1752;1850;-98;10:54:54.107242
1760;1876;-116;10:54:54.107242
1769;1898;-129;10:54:54.107242
1781;1925;-144;10:54:54.107242
1794;1944;-150;10:54:54.107242
1799;1952;-153;10:54:54.107242
1802;1941;-139;10:54:54.107242
1792;1920;-128;10:54:54.107242
1773;1891;-118;10:54:54.107242
1760;1866;-106;10:54:54.107242
1755;1846;-91;10:54:54.107242
1755;1837;-82;10:54:54.107242
1754;1835;-81;10:54:54.107242
1753;1831;-78;10:54:54.107242
1748;1840;-92;10:54:54.107242
1743;1851;-108;10:54:54.107242
1728;1856;-128;10:54:54.107242
1715;1851;-136;10:54:54.107242
1707;1861;-154;10:54:54.107242
1703;1861;-158;10:54:54.107242
1702;1853;-151;10:54:54.107242
1714;1848;-134;10:54:54.107242
1717;1837;-120;10:54:54.107242
1722;1816;-94;10:54:54.107242
1727;1808;-81;10:54:54.107242
1725;1806;-81;10:54:54.107242
1734;1816;-82;10:54:54.107242
1744;1841;-97;10:54:54.107242
1747;1868;-121;10:54:54.107242
1756;1885;-129;10:54:54.107242
1769;1904;-135;10:54:54.107242
1767;1914;-147;10:54:54.107242
1763;1909;-146;10:54:54.107242
1761;1901;-140;10:54:54.107242
1759;1887;-128;10:54:54.107242
1763;1887;-124;10:54:54.107242
1769;1893;-124;10:54:54.107242
1783;1897;-114;10:54:54.107242
1794;1902;-108;10:54:54.107242
1800;1904;-104;10:54:54.107242
1801;1896;-95;10:54:54.107242
1791;1887;-96;10:54:54.107242
1780;1888;-108;10:54:54.107242
1769;1892;-123;10:54:54.107242
1762;1896;-134;10:54:54.107242
1757;1900;-143;10:54:54.107242
1760;1896;-136;10:54:54.107242
1776;1884;-108;10:54:54.107242
1788;1873;-85;10:54:54.107242
1791;1862;-71;10:54:54.107242
1789;1859;-70;10:54:54.107242
1777;1860;-83;10:54:54.107242
1769;1874;-105;10:54:54.107242
1760;1886;-126;10:54:54.107242
1755;1890;-135;10:54:54.107242
1756;1893;-137;10:54:54.107242
1758;1884;-126;10:54:54.107242
1765;1869;-104;10:54:54.107242
1772;1870;-98;10:54:54.107242
1778;1886;-108;10:54:54.107242
1789;1906;-117;10:54:54.107242
1798;1933;-135;10:54:54.107242
1814;1945;-131;10:54:54.107242
1825;1936;-111;10:54:54.107242
1822;1921;-99;10:54:54.107242
1812;1897;-85;10:54:54.107242
1777;1865;-88;10:54:54.107242
1747;1854;-107;10:54:54.107242
1738;1862;-124;10:54:54.107242
1737;1876;-139;10:54:54.107242
1771;1900;-129;10:54:54.125193
1790;1894;-104;10:54:54.125193
1801;1883;-82;10:54:54.125193
1802;1870;-68;10:54:54.125193
1786;1869;-83;10:54:54.125193
1769;1876;-107;10:54:54.125193
1756;1884;-128;10:54:54.125193
1745;1891;-146;10:54:54.125193
1747;1895;-148;10:54:54.125193
1755;1895;-140;10:54:54.125193
1755;1878;-123;10:54:54.125193
1746;1858;-112;10:54:54.125193
1739;1844;-105;10:54:54.125193
1737;1834;-97;10:54:54.125193
1741;1838;-97;10:54:54.125193
1750;1845;-95;10:54:54.125193
1763;1847;-84;10:54:54.125193
1773;1845;-72;10:54:54.125193
1769;1839;-70;10:54:54.125193
1751;1841;-90;10:54:54.125193
1733;1847;-114;10:54:54.125193
1721;1862;-141;10:54:54.125193
1714;1872;-158;10:54:54.125193
1726;1884;-158;10:54:54.125193
1753;1886;-133;10:54:54.125193
1783;1884;-101;10:54:54.125193
1805;1872;-67;10:54:54.125193
1808;1862;-54;10:54:54.125193
1796;1860;-64;10:54:54.125193
1789;1877;-88;10:54:54.125193
1790;1903;-113;10:54:54.125193
1781;1925;-144;10:54:54.125193
1781;1946;-165;10:54:54.125193
1793;1955;-162;10:54:54.125193
1803;1944;-141;10:54:54.125193
1804;1926;-122;10:54:54.125193
1799;1911;-112;10:54:54.125193
1790;1903;-113;10:54:54.125193
1784;1890;-106;10:54:54.125193
1780;1885;-105;10:54:54.125193
1784;1881;-97;10:54:54.125193
1793;1876;-83;10:54:54.125193
1791;1864;-73;10:54:54.125193
1770;1847;-77;10:54:54.125193
1735;1838;-103;10:54:54.125193
1710;1832;-122;10:54:54.125193
1698;1838;-140;10:54:54.125193
1698;1852;-154;10:54:54.125193
1717;1862;-145;10:54:54.125193
1746;1867;-121;10:54:54.125193
1775;1859;-84;10:54:54.125193
1791;1846;-55;10:54:54.125193
1790;1837;-47;10:54:54.125193
1768;1835;-67;10:54:54.125193
1741;1838;-97;10:54:54.125193
1714;1848;-134;10:54:54.125193
1705;1862;-157;10:54:54.125193
1713;1877;-164;10:54:54.125193
1730;1891;-161;10:54:54.125193
1747;1885;-138;10:54:54.125193
1764;1874;-110;10:54:54.125193
1780;1865;-85;10:54:54.125193
1791;1860;-69;10:54:54.125193
1799;1867;-68;10:54:54.125193
1804;1883;-79;10:54:54.125193
1802;1899;-97;10:54:54.125193
1801;1919;-118;10:54:54.125193
1801;1934;-133;10:54:54.125193
1784;1943;-159;10:54:54.125193
1771;1951;-180;10:54:54.125193
1767;1947;-180;10:54:54.125193
1775;1935;-160;10:54:54.125193
1799;1922;-123;10:54:54.125193
1821;1912;-91;10:54:54.125193
1839;1901;-62;10:54:54.125193
1849;1890;-41;10:54:54.125193
1838;1879;-41;10:54:54.125193
1809;1877;-68;10:54:54.125193
1772;1884;-112;10:54:54.125193
1740;1901;-161;10:54:54.125193
1723;1915;-192;10:54:54.125193
1723;1918;-195;10:54:54.125193
1734;1910;-176;10:54:54.125193
1756;1888;-132;10:54:54.125193
1770;1859;-89;10:54:54.125193
1767;1824;-57;10:54:54.125193
1748;1799;-51;10:54:54.125193
1726;1781;-55;10:54:54.125193
1703;1776;-73;10:54:54.125193
1687;1788;-101;10:54:54.125193
1681;1814;-133;10:54:54.125193
1694;1837;-143;10:54:54.125193
1704;1851;-147;10:54:54.125193
1707;1851;-144;10:54:54.125193
1712;1850;-138;10:54:54.125193
1715;1851;-136;10:54:54.125193
1725;1846;-121;10:54:54.125193
1733;1837;-104;10:54:54.125193
1744;1839;-95;10:54:54.125193
1753;1847;-94;10:54:54.125193
1761;1858;-97;10:54:54.125193
1758;1868;-110;10:54:54.125193
1748;1876;-128;10:54:54.125193
1737;1884;-147;10:54:54.125193
1737;1894;-157;10:54:54.125193
1742;1900;-158;10:54:54.125193
1753;1895;-142;10:54:54.125193
1772;1890;-118;10:54:54.125193
1787;1883;-96;10:54:54.125193
1788;1866;-78;10:54:54.125193
1783;1856;-73;10:54:54.125193
1771;1854;-83;10:54:54.125193
1754;1854;-100;10:54:54.125193
1737;1853;-116;10:54:54.125193
1725;1855;-130;10:54:54.125193
1723;1865;-142;10:54:54.125193
1727;1867;-140;10:54:54.125193
1723;1862;-139;10:54:54.125193
1723;1850;-127;10:54:54.125193
1722;1838;-116;10:54:54.125193
1718;1824;-106;10:54:54.125193
1715;1816;-101;10:54:54.125193
1720;1823;-103;10:54:54.125193
1733;1831;-98;10:54:54.125193
1748;1842;-94;10:54:54.125193
1753;1847;-94;10:54:54.125193
1745;1853;-108;10:54:54.125193
1738;1857;-119;10:54:54.125193
1729;1857;-128;10:54:54.125193
1715;1848;-133;10:54:54.125193
1705;1843;-138;10:54:54.125193
1712;1846;-134;10:54:54.125193
1736;1861;-125;10:54:54.125193
1763;1870;-107;10:54:54.125193
1787;1882;-95;10:54:54.125193
1795;1897;-102;10:54:54.125193
1799;1902;-103;10:54:54.125193
1793;1902;-109;10:54:54.125193
1786;1901;-115;10:54:54.125193
1775;1901;-126;10:54:54.125193
1773;1894;-121;10:54:54.125193
1776;1884;-108;10:54:54.125193
1771;1871;-100;10:54:54.125193
1767;1876;-109;10:54:54.125193
1772;1882;-110;10:54:54.125193
1780;1888;-108;10:54:54.125193
1789;1901;-112;10:54:54.125193
1799;1918;-119;10:54:54.125193
1813;1929;-116;10:54:54.125193
1818;1932;-114;10:54:54.125193
1810;1914;-104;10:54:54.125193
1794;1890;-96;10:54:54.125193
1768;1869;-101;10:54:54.125193
1739;1848;-109;10:54:54.125193
1721;1828;-107;10:54:54.125193
1718;1828;-110;10:54:54.125193
1729;1841;-112;10:54:54.125193
1750;1857;-107;10:54:54.125193
1773;1873;-100;10:54:54.125193
1781;1886;-105;10:54:54.125193
1779;1893;-114;10:54:54.125193
1767;1883;-116;10:54:54.125193
1747;1868;-121;10:54:54.125193
1727;1855;-128;10:54:54.125193
1723;1852;-129;10:54:54.125193
1740;1854;-114;10:54:54.125193
1753;1867;-114;10:54:54.125193
1770;1881;-111;10:54:54.125193
1787;1893;-106;10:54:54.125193
1794;1901;-107;10:54:54.125193
1791;1898;-107;10:54:54.125193
1786;1890;-104;10:54:54.125193
1780;1890;-110;10:54:54.125193
1777;1891;-114;10:54:54.125193
1778;1893;-115;10:54:54.125193
1779;1904;-125;10:54:54.125193
1778;1910;-132;10:54:54.125193
1773;1905;-132;10:54:54.125193
1769;1890;-121;10:54:54.125193
1757;1868;-111;10:54:54.125193
1749;1854;-105;10:54:54.125193
1753;1845;-92;10:54:54.125193
1762;1847;-85;10:54:54.125193
1761;1855;-94;10:54:54.125193
1757;1867;-110;10:54:54.125193
1752;1874;-122;10:54:54.125193
1743;1874;-131;10:54:54.125193
1736;1869;-133;10:54:54.125193
1735;1868;-133;10:54:54.125193
1737;1868;-131;10:54:54.125193
1747;1872;-125;10:54:54.125193
1759;1877;-118;10:54:54.125193
1773;1872;-99;10:54:54.125193
1780;1873;-93;10:54:54.125193
1779;1871;-92;10:54:54.125193
1775;1861;-86;10:54:54.125193
1770;1861;-91;10:54:54.125193
1771;1878;-107;10:54:54.125193
1787;1902;-115;10:54:54.125193
1802;1923;-121;10:54:54.125193
1808;1941;-133;10:54:54.125193
1809;1947;-138;10:54:54.125193
1800;1933;-133;10:54:54.125193
1794;1915;-121;10:54:54.125193
1783;1902;-119;10:54:54.125193
1778;1891;-113;10:54:54.125193
1784;1893;-109;10:54:54.125193
1800;1909;-109;10:54:54.125193
1815;1927;-112;10:54:54.125193
1822;1929;-107;10:54:54.125193
1817;1923;-106;10:54:54.125193
1801;1904;-103;10:54:54.125193
1775;1879;-104;10:54:54.125193
1749;1866;-117;10:54:54.125193
1740;1863;-123;10:54:54.125193
1744;1874;-130;10:54:54.125193
1750;1888;-138;10:54:54.125193
1761;1901;-140;10:54:54.125193
1775;1894;-119;10:54:54.125193
1780;1884;-104;10:54:54.125193
1776;1862;-86;10:54:54.125193
1760;1845;-85;10:54:54.125193
1747;1833;-86;10:54:54.125193
1739;1835;-96;10:54:54.125193
1737;1846;-109;10:54:54.125193
1738;1852;-114;10:54:54.125193
1736;1851;-115;10:54:54.125193
1733;1844;-111;10:54:54.125193
1725;1839;-114;10:54:54.125193
1720;1837;-117;10:54:54.125193
1727;1850;-123;10:54:54.125193
1740;1869;-129;10:54:54.125193
1760;1888;-128;10:54:54.125193
1779;1896;-117;10:54:54.125193
1784;1897;-113;10:54:54.125193
1779;1882;-103;10:54:54.125193
1761;1865;-104;10:54:54.125193
1735;1853;-118;10:54:54.125193
1725;1855;-130;10:54:54.125193
1729;1870;-141;10:54:54.125193
1751;1899;-148;10:54:54.125193
1781;1927;-146;10:54:54.125193
1807;1940;-133;10:54:54.125193
1825;1936;-111;10:54:54.125193
1822;1918;-96;10:54:54.125193
1809;1895;-86;10:54:54.125193
1797;1881;-84;10:54:54.125193
1783;1882;-99;10:54:54.125193
1773;1891;-118;10:54:54.125193
1775;1909;-134;10:54:54.125193
1779;1913;-134;10:54:54.125193
1778;1912;-134;10:54:54.125193
1768;1898;-130;10:54:54.125193
1754;1875;-121;10:54:54.125193
1742;1850;-108;10:54:54.125193
1746;1832;-86;10:54:54.126187
1756;1835;-79;10:54:54.126187
1761;1839;-78;10:54:54.126187
1752;1835;-83;10:54:54.126187
1731;1826;-95;10:54:54.126187
1701;1819;-118;10:54:54.126187
1673;1814;-141;10:54:54.126187
1663;1820;-157;10:54:54.126187
1672;1833;-161;10:54:54.126187
1692;1845;-153;10:54:54.126187
1722;1856;-134;10:54:54.126187
1749;1855;-106;10:54:54.126187
1766;1843;-77;10:54:54.126187
1767;1825;-58;10:54:54.126187
1753;1813;-60;10:54:54.126187
1737;1820;-83;10:54:54.126187
1734;1840;-106;10:54:54.126187
1736;1874;-138;10:54:54.126187
1740;1906;-166;10:54:54.126187
1751;1924;-173;10:54:54.126187
1760;1920;-160;10:54:54.126187
1760;1902;-142;10:54:54.126187
1756;1876;-120;10:54:54.126187
1756;1858;-102;10:54:54.126187
1764;1850;-86;10:54:54.126187
1784;1856;-72;10:54:54.126187
1800;1881;-81;10:54:54.126187
1803;1900;-97;10:54:54.126187
1790;1907;-117;10:54:54.126187
1763;1905;-142;10:54:54.126187
1731;1891;-160;10:54:54.126187
1704;1866;-162;10:54:54.126187
1695;1849;-154;10:54:54.126187
1707;1839;-132;10:54:54.126187
1735;1838;-103;10:54:54.126187
1760;1841;-81;10:54:54.126187
1779;1841;-62;10:54:54.126187
1787;1845;-58;10:54:54.126187
1770;1845;-75;10:54:54.126187
1741;1844;-103;10:54:54.126187
1715;1854;-139;10:54:54.126187
1705;1865;-160;10:54:54.126187
1706;1877;-171;10:54:54.126187
1721;1886;-165;10:54:54.126187
1736;1878;-142;10:54:54.126187
1752;1860;-108;10:54:54.126187
1757;1842;-85;10:54:54.126187
1754;1824;-70;10:54:54.126187
1752;1822;-70;10:54:54.126187
1754;1839;-85;10:54:54.126187
1759;1866;-107;10:54:54.126187
1762;1889;-127;10:54:54.126187
1760;1906;-146;10:54:54.126187
1756;1909;-153;10:54:54.126187
1747;1898;-151;10:54:54.126187
1735;1877;-142;10:54:54.126187
1734;1859;-125;10:54:54.126187
1747;1852;-105;10:54:54.126187
1772;1866;-94;10:54:54.126187
1802;1887;-85;10:54:54.126187
1822;1905;-83;10:54:54.126187
1832;1919;-87;10:54:54.126187
1822;1920;-98;10:54:54.126187
1798;1912;-114;10:54:54.126187
1775;1904;-129;10:54:54.126187
1758;1901;-143;10:54:54.126187
1758;1908;-150;10:54:54.126187
1778;1917;-139;10:54:54.126187
1796;1926;-130;10:54:54.126187
1813;1921;-108;10:54:54.126187
1816;1902;-86;10:54:54.126187
1809;1875;-66;10:54:54.126187
1789;1850;-61;10:54:54.126187
1772;1835;-63;10:54:54.126187
1762;1838;-76;10:54:54.126187
1754;1855;-101;10:54:54.126187
1752;1877;-125;10:54:54.126187
1752;1895;-143;10:54:54.126187
1749;1897;-148;10:54:54.126187
1747;1889;-142;10:54:54.126187
1741;1875;-134;10:54:54.126187
1738;1862;-124;10:54:54.126187
1748;1857;-109;10:54:54.126187
1767;1861;-94;10:54:54.126187
1787;1875;-88;10:54:54.126187
1798;1888;-90;10:54:54.126187
1802;1889;-87;10:54:54.126187
1793;1886;-93;10:54:54.126187
1775;1883;-108;10:54:54.126187
1760;1883;-123;10:54:54.126187
1761;1897;-136;10:54:54.126187
1777;1918;-141;10:54:54.126187
1795;1936;-141;10:54:54.126187
1812;1945;-133;10:54:54.126187
1828;1940;-112;10:54:54.126187
1827;1919;-92;10:54:54.126187
1812;1892;-80;10:54:54.126187
1793;1869;-76;10:54:54.126187
1779;1860;-81;10:54:54.126187
1771;1866;-95;10:54:54.126187
1770;1884;-114;10:54:54.126187
1773;1905;-132;10:54:54.126187
1770;1908;-138;10:54:54.126187
1765;1895;-130;10:54:54.126187
1756;1871;-115;10:54:54.126187
1744;1848;-104;10:54:54.126187
1741;1836;-95;10:54:54.126187
1750;1836;-86;10:54:54.126187
1761;1847;-86;10:54:54.126187
1771;1866;-95;10:54:54.126187
1778;1881;-103;10:54:54.126187
1773;1881;-108;10:54:54.126187
1763;1871;-108;10:54:54.126187
1745;1860;-115;10:54:54.126187
1736;1854;-118;10:54:54.126187
1741;1861;-120;10:54:54.126187
1757;1876;-119;10:54:54.126187
1774;1897;-123;10:54:54.126187
1790;1908;-118;10:54:54.126187
1806;1909;-103;10:54:54.126187
1813;1900;-87;10:54:54.126187
1805;1885;-80;10:54:54.126187
1792;1881;-89;10:54:54.126187
1777;1887;-110;10:54:54.126187
1773;1902;-129;10:54:54.126187
1780;1920;-140;10:54:54.126187
1784;1929;-145;10:54:54.126187
1790;1927;-137;10:54:54.126187
1791;1911;-120;10:54:54.126187
1780;1888;-108;10:54:54.126187
1769;1869;-100;10:54:54.126187
1770;1863;-93;10:54:54.126187
1772;1868;-96;10:54:54.126187
1778;1882;-104;10:54:54.126187
1779;1887;-108;10:54:54.126187
1776;1885;-109;10:54:54.126187
1765;1871;-106;10:54:54.126187
1745;1845;-100;10:54:54.126187
1723;1823;-100;10:54:54.126187
1708;1811;-103;10:54:54.126187
1702;1811;-109;10:54:54.126187
1712;1820;-108;10:54:54.126187
1728;1835;-107;10:54:54.126187
1737;1847;-110;10:54:54.126187
1743;1849;-106;10:54:54.126187
1741;1842;-101;10:54:54.126187
1730;1837;-107;10:54:54.126187
1718;1836;-118;10:54:54.126187
1716;1843;-127;10:54:54.126187
1724;1857;-133;10:54:54.126187
1738;1870;-132;10:54:54.126187
1755;1879;-124;10:54:54.126187
1772;1882;-110;10:54:54.126187
1776;1872;-96;10:54:54.126187
1771;1864;-93;10:54:54.126187
1767;1866;-99;10:54:54.126187
1762;1877;-115;10:54:54.126187
1763;1890;-127;10:54:54.126187
1776;1909;-133;10:54:54.126187
1789;1921;-132;10:54:54.126187
1795;1921;-126;10:54:54.126187
1797;1911;-114;10:54:54.126187
1794;1900;-106;10:54:54.126187
1784;1887;-103;10:54:54.126187
1772;1880;-108;10:54:54.126187
1774;1888;-114;10:54:54.126187
1772;1890;-118;10:54:54.126187
1774;1892;-118;10:54:54.126187
1777;1888;-111;10:54:54.126187
1771;1879;-108;10:54:54.126187
1756;1864;-108;10:54:54.126187
1743;1850;-107;10:54:54.126187
1729;1839;-110;10:54:54.126187
1721;1842;-121;10:54:54.126187
1723;1844;-121;10:54:54.126187
1729;1851;-122;10:54:54.126187
1730;1854;-124;10:54:54.126187
1728;1843;-115;10:54:54.126187
1727;1824;-97;10:54:54.126187
1718;1811;-93;10:54:54.126187
1707;1799;-92;10:54:54.126187
1701;1794;-93;10:54:54.126187
1700;1802;-102;10:54:54.126187
1702;1811;-109;10:54:54.126187
1712;1825;-113;10:54:54.126187
1717;1834;-117;10:54:54.126187
1722;1841;-119;10:54:54.126187
1722;1843;-121;10:54:54.126187
1724;1851;-127;10:54:54.126187
1731;1861;-130;10:54:54.126187
1740;1875;-135;10:54:54.126187
1755;1883;-128;10:54:54.126187
1770;1888;-118;10:54:54.126187
1781;1889;-108;10:54:54.126187
1783;1882;-99;10:54:54.126187
1778;1875;-97;10:54:54.126187
1764;1871;-107;10:54:54.126187
1756;1875;-119;10:54:54.126187
1752;1881;-129;10:54:54.126187
1755;1891;-136;10:54:54.126187
1758;1901;-143;10:54:54.126187
1761;1904;-143;10:54:54.126187
1767;1894;-127;10:54:54.126187
1769;1883;-114;10:54:54.126187
1766;1866;-100;10:54:54.126187
1763;1855;-92;10:54:54.126187
1757;1850;-93;10:54:54.126187
1752;1851;-99;10:54:54.126187
1742;1849;-107;10:54:54.126187
1738;1849;-111;10:54:54.126187
1727;1851;-124;10:54:54.126187
1718;1845;-127;10:54:54.126187
1713;1840;-127;10:54:54.126187
1713;1842;-129;10:54:54.126187
1723;1844;-121;10:54:54.126187
1732;1850;-118;10:54:54.126187
1739;1857;-118;10:54:54.126187
1749;1864;-115;10:54:54.126187
1761;1861;-100;10:54:54.126187
1762;1853;-91;10:54:54.126187
1753;1844;-91;10:54:54.126187
1744;1840;-96;10:54:54.126187
1738;1841;-103;10:54:54.126187
1732;1848;-116;10:54:54.126187
1735;1865;-130;10:54:54.126187
1741;1883;-142;10:54:54.126187
1756;1894;-138;10:54:54.126187
1770;1899;-129;10:54:54.126187
1781;1896;-115;10:54:54.126187
1794;1889;-95;10:54:54.126187
1798;1889;-91;10:54:54.126187
1796;1889;-93;10:54:54.126187
1789;1896;-107;10:54:54.126187
1785;1905;-120;10:54:54.126187
1784;1917;-133;10:54:54.126187
1788;1925;-137;10:54:54.126187
1791;1928;-137;10:54:54.126187
1794;1930;-136;10:54:54.126187
1800;1928;-128;10:54:54.126187
1806;1918;-112;10:54:54.126187
1811;1911;-100;10:54:54.126187
1815;1903;-88;10:54:54.126187
1812;1899;-87;10:54:54.126187
1804;1893;-89;10:54:54.126187
1801;1888;-87;10:54:54.126187
1791;1885;-94;10:54:54.126187
1778;1884;-106;10:54:54.126187
1765;1890;-125;10:54:54.126187
1758;1896;-138;10:54:54.126187
1761;1897;-136;10:54:54.126187
1768;1894;-126;10:54:54.126187
1783;1889;-106;10:54:54.126187
1793;1881;-88;10:54:54.126187
1800;1871;-71;10:54:54.126187
1800;1865;-65;10:54:54.126187
1769;1866;-97;10:54:54.126187
1755;1876;-121;10:54:54.126187
1748;1887;-139;10:54:54.126187
1751;1894;-143;10:54:54.126187
1761;1895;-134;10:54:54.126187
1775;1893;-118;10:54:54.126187
1788;1890;-102;10:54:54.126187
1795;1891;-96;10:54:54.126187
1796;1897;-101;10:54:54.126187
1797;1907;-110;10:54:54.126187
1800;1909;-109;10:54:54.126187
1804;1917;-113;10:54:54.126187
1800;1919;-119;10:54:54.126187
1796;1914;-118;10:54:54.126187
1790;1911;-121;10:54:54.126187
1786;1899;-113;10:54:54.126187
1780;1890;-110;10:54:54.126187
1778;1889;-111;10:54:54.126187
1784;1890;-106;10:54:54.126187
1791;1894;-103;10:54:54.126187
1802;1897;-95;10:54:54.126187
1811;1895;-84;10:54:54.126187
1813;1896;-83;10:54:54.126187
1810;1898;-88;10:54:54.126187
1792;1897;-105;10:54:54.126187
1773;1897;-124;10:54:54.126187
1761;1891;-130;10:54:54.126187
1757;1889;-132;10:54:54.126187
1758;1887;-129;10:54:54.126187
1764;1881;-117;10:54:54.126187
1770;1868;-98;10:54:54.126187
1774;1864;-90;10:54:54.126187
1776;1862;-86;10:54:54.126187
1775;1861;-86;10:54:54.126187
1773;1866;-93;10:54:54.126187
1768;1869;-101;10:54:54.126187
1765;1871;-106;10:54:54.126187
1762;1872;-110;10:54:54.126187
1756;1876;-120;10:54:54.126187
1748;1874;-126;10:54:54.126187
1738;1877;-139;10:54:54.126187
1734;1877;-143;10:54:54.126187
1739;1870;-131;10:54:54.126187
1749;1866;-117;10:54:54.126187
1767;1868;-101;10:54:54.126187
1780;1871;-91;10:54:54.126187
1785;1874;-89;10:54:54.126187
1787;1876;-89;10:54:54.126187
1778;1875;-97;10:54:54.126187
1761;1879;-118;10:54:54.126187
1747;1879;-132;10:54:54.126187
1733;1882;-149;10:54:54.126187
1730;1878;-148;10:54:54.126187
1739;1873;-134;10:54:54.126187
1751;1866;-115;10:54:54.126187
1757;1858;-101;10:54:54.126187
1761;1853;-92;10:54:54.126187
1761;1847;-86;10:54:54.126187
1752;1841;-89;10:54:54.126187
1743;1835;-92;10:54:54.126187
1733;1836;-103;10:54:54.126187
1723;1840;-117;10:54:54.126187
1717;1843;-126;10:54:54.126187
1718;1842;-124;10:54:54.126187
1716;1842;-126;10:54:54.126187
1715;1845;-130;10:54:54.126187
1722;1844;-122;10:54:54.126187
1726;1844;-118;10:54:54.126187
1730;1840;-110;10:54:54.126187
1745;1843;-98;10:54:54.126187
1756;1847;-91;10:54:54.126187
1760;1853;-93;10:54:54.126187
1760;1862;-102;10:54:54.126187
1755;1872;-117;10:54:54.126187
1745;1883;-138;10:54:54.126187
1743;1890;-147;10:54:54.126187
1748;1900;-152;10:54:54.126187
1760;1910;-150;10:54:54.126187
1777;1913;-136;10:54:54.126187
1795;1909;-114;10:54:54.126187
1808;1902;-94;10:54:54.126187
1812;1894;-82;10:54:54.126187
1804;1884;-80;10:54:54.126187
1785;1875;-90;10:54:54.126187
1765;1870;-105;10:54:54.126187
1753;1867;-114;10:54:54.126187
1741;1865;-124;10:54:54.126187
1736;1868;-132;10:54:54.126187
1736;1873;-137;10:54:54.126187
1737;1867;-130;10:54:54.126187
1739;1858;-119;10:54:54.126187
1739;1840;-101;10:54:54.126187
1738;1824;-86;10:54:54.126187
1734;1818;-84;10:54:54.126187
1731;1817;-86;10:54:54.126187
1729;1818;-89;10:54:54.126187
1726;1825;-99;10:54:54.126187
1722;1836;-114;10:54:54.126187
1718;1847;-129;10:54:54.126187
1716;1853;-137;10:54:54.126187
1715;1852;-137;10:54:54.126187
1720;1848;-128;10:54:54.126187
1729;1846;-117;10:54:54.126187
1744;1843;-99;10:54:54.126187
1754;1843;-89;10:54:54.126187
1756;1847;-91;10:54:54.126187
1751;1852;-101;10:54:54.126187
1743;1856;-113;10:54:54.126187
1735;1865;-130;10:54:54.126187
1731;1873;-142;10:54:54.126187
1734;1874;-140;10:54:54.126187
1742;1875;-133;10:54:54.126187
1754;1875;-121;10:54:54.126187
1764;1873;-109;10:54:54.126187
1763;1869;-106;10:54:54.126187
1758;1861;-103;10:54:54.126187
1750;1859;-109;10:54:54.126187
1747;1859;-112;10:54:54.126187
1748;1866;-118;10:54:54.126187
1756;1877;-121;10:54:54.126187
1764;1885;-121;10:54:54.126187
1770;1893;-123;10:54:54.126187
1771;1895;-124;10:54:54.126187
1767;1884;-117;10:54:54.126187
1760;1869;-109;10:54:54.126187
1750;1858;-108;10:54:54.126187
1740;1849;-109;10:54:54.126187
1737;1840;-103;10:54:54.126187
1738;1840;-102;10:54:54.126187
1744;1844;-100;10:54:54.126187
1748;1851;-103;10:54:54.126187
1754;1859;-105;10:54:54.126187
1751;1860;-109;10:54:54.126187
1745;1855;-110;10:54:54.126187
1749;1852;-103;10:54:54.126187
1752;1854;-102;10:54:54.126187
1754;1855;-101;10:54:54.126187
1758;1856;-98;10:54:54.126187
1759;1859;-100;10:54:54.126187
1756;1863;-107;10:54:54.126187
1757;1865;-108;10:54:54.126187
1760;1869;-109;10:54:54.126187
1758;1876;-118;10:54:54.126187
1764;1879;-115;10:54:54.126187
1775;1881;-106;10:54:54.126187
1788;1885;-97;10:54:54.126187
1794;1894;-100;10:54:54.126187
1793;1898;-105;10:54:54.126187
1788;1899;-111;10:54:54.126187
1781;1897;-116;10:54:54.126187
1775;1890;-115;10:54:54.126187
1773;1887;-114;10:54:54.126187
1778;1890;-112;10:54:54.126187
1785;1895;-110;10:54:54.126187
1787;1891;-104;10:54:54.126187
1795;1891;-96;10:54:54.126187
1798;1895;-97;10:54:54.126187
1795;1895;-100;10:54:54.126187
1791;1896;-105;10:54:54.126187
1783;1898;-115;10:54:54.126187
1774;1892;-118;10:54:54.126187
1780;1890;-110;10:54:54.126187
1782;1890;-108;10:54:54.126187
1775;1890;-115;10:54:54.126187
1769;1882;-113;10:54:54.126187
1771;1872;-101;10:54:54.126187
1769;1865;-96;10:54:54.126187
1768;1857;-89;10:54:54.126187
1772;1861;-89;10:54:54.126187
1772;1870;-98;10:54:54.126187
1773;1879;-106;10:54:54.126187
1773;1884;-111;10:54:54.126187
1776;1892;-116;10:54:54.126187
1772;1898;-126;10:54:54.126187
1769;1891;-122;10:54:54.126187
1767;1881;-114;10:54:54.126187
1764;1875;-111;10:54:54.126187
1773;1869;-96;10:54:54.126187
1783;1870;-87;10:54:54.126187
1785;1876;-91;10:54:54.126187
1782;1882;-100;10:54:54.126187
1782;1883;-101;10:54:54.126187
1781;1886;-105;10:54:54.126187
1770;1889;-119;10:54:54.126187
1766;1891;-125;10:54:54.126187
1768;1892;-124;10:54:54.126187
1767;1893;-126;10:54:54.126187
1772;1890;-118;10:54:54.126187
1775;1885;-110;10:54:54.126187
1776;1878;-102;10:54:54.126187
1772;1871;-99;10:54:54.126187
1766;1862;-96;10:54:54.126187
1761;1858;-97;10:54:54.126187
1758;1862;-104;10:54:54.126187
1762;1870;-108;10:54:54.126187
1767;1882;-115;10:54:54.126187
1768;1890;-122;10:54:54.126187
1765;1889;-124;10:54:54.126187
1767;1881;-114;10:54:54.126187
1763;1869;-106;10:54:54.126187
1752;1862;-110;10:54:54.126187
1747;1854;-107;10:54:54.126187
1753;1845;-92;10:54:54.126187
1756;1844;-88;10:54:54.126187
1760;1847;-87;10:54:54.126187
1765;1856;-91;10:54:54.126187
1762;1866;-104;10:54:54.126187
1750;1870;-120;10:54:54.126187
1743;1869;-126;10:54:54.126187
1738;1867;-129;10:54:54.126187
1738;1868;-130;10:54:54.126187
1744;1866;-122;10:54:54.126187
1749;1864;-115;10:54:54.126187
1756;1862;-106;10:54:54.126187
1766;1861;-95;10:54:54.126187
1766;1861;-95;10:54:54.126187
1758;1865;-107;10:54:54.126187
1751;1868;-117;10:54:54.126187
1746;1867;-121;10:54:54.126187
1743;1867;-124;10:54:54.126187
1744;1865;-121;10:54:54.126187
1748;1866;-118;10:54:54.126187
1750;1865;-115;10:54:54.126187
1752;1867;-115;10:54:54.126187
1751;1869;-118;10:54:54.126187
1748;1867;-119;10:54:54.126187
1748;1867;-119;10:54:54.126187
1753;1868;-115;10:54:54.126187
1752;1867;-115;10:54:54.126187
1751;1861;-110;10:54:54.126187
1753;1857;-104;10:54:54.126187
1753;1852;-99;10:54:54.126187
1749;1848;-99;10:54:54.126187
1742;1849;-107;10:54:54.126187
1738;1852;-114;10:54:54.126187
1737;1853;-116;10:54:54.126187
1741;1859;-118;10:54:54.126187
1750;1863;-113;10:54:54.126187
1760;1868;-108;10:54:54.126187
1761;1867;-106;10:54:54.126187
1754;1866;-112;10:54:54.126187
1745;1863;-118;10:54:54.126187
1740;1859;-119;10:54:54.126187
1740;1858;-118;10:54:54.126187
1747;1862;-115;10:54:54.126187
1752;1866;-114;10:54:54.126187
1758;1875;-117;10:54:54.126187
1769;1881;-112;10:54:54.126187
1774;1886;-112;10:54:54.126187
1770;1890;-120;10:54:54.126187
1766;1888;-122;10:54:54.126187
1765;1884;-119;10:54:54.126187
1767;1876;-109;10:54:54.126187
1770;1870;-100;10:54:54.126187
1770;1870;-100;10:54:54.126187
1760;1875;-115;10:54:54.216945
1753;1877;-124;10:54:54.216945
1745;1878;-133;10:54:54.216945
1746;1874;-128;10:54:54.216945
1751;1871;-120;10:54:54.216945
1756;1862;-106;10:54:54.216945
1760;1858;-98;10:54:54.216945
1762;1853;-91;10:54:54.216945
1760;1850;-90;10:54:54.216945
1752;1850;-98;10:54:54.216945
1737;1847;-110;10:54:54.216945
1726;1846;-120;10:54:54.216945
1720;1842;-122;10:54:54.216945
1717;1838;-121;10:54:54.216945
1720;1835;-115;10:54:54.216945
1722;1834;-112;10:54:54.216945
1723;1833;-110;10:54:54.216945
1719;1833;-114;10:54:54.216945
1719;1831;-112;10:54:54.216945
1718;1827;-109;10:54:54.216945
1722;1827;-105;10:54:54.216945
1729;1833;-104;10:54:54.216945
1735;1840;-105;10:54:54.216945
1742;1853;-111;10:54:54.216945
1750;1866;-116;10:54:54.216945
1748;1882;-134;10:54:54.216945
1746;1890;-144;10:54:54.216945
1743;1892;-149;10:54:54.216945
1744;1884;-140;10:54:54.216945
1753;1875;-122;10:54:54.216945
1767;1871;-104;10:54:54.216945
1776;1872;-96;10:54:54.216945
1782;1877;-95;10:54:54.216945
1786;1885;-99;10:54:54.216945
1784;1895;-111;10:54:54.216945
1778;1896;-118;10:54:54.216945
1768;1894;-126;10:54:54.216945
1765;1886;-121;10:54:54.216945
1762;1881;-119;10:54:54.216945
1764;1877;-113;10:54:54.216945
1769;1872;-103;10:54:54.216945
1775;1873;-98;10:54:54.216945
1777;1875;-98;10:54:54.216945
1773;1872;-99;10:54:54.216945
1766;1865;-99;10:54:54.216945
1757;1855;-98;10:54:54.216945
1751;1851;-100;10:54:54.216945
1744;1849;-105;10:54:54.216945
1738;1852;-114;10:54:54.216945
1732;1858;-126;10:54:54.216945
1734;1861;-127;10:54:54.216945
1737;1861;-124;10:54:54.216945
1739;1858;-119;10:54:54.216945
1744;1848;-104;10:54:54.216945
1751;1845;-94;10:54:54.216945
1754;1847;-93;10:54:54.216945
1762;1851;-89;10:54:54.216945
1764;1865;-101;10:54:54.216945
1760;1877;-117;10:54:54.216945
1755;1886;-131;10:54:54.216945
1752;1892;-140;10:54:54.216945
1757;1892;-135;10:54:54.216945
1766;1887;-121;10:54:54.216945
1780;1887;-107;10:54:54.216945
1793;1893;-100;10:54:54.216945
1804;1898;-94;10:54:54.216945
1815;1904;-89;10:54:54.216945
1815;1911;-96;10:54:54.216945
1810;1908;-98;10:54:54.216945
1799;1906;-107;10:54:54.216945
1790;1902;-112;10:54:54.216945
1780;1897;-117;10:54:54.216945
1776;1896;-120;10:54:54.216945
1780;1900;-120;10:54:54.216945
1784;1901;-117;10:54:54.216945
1779;1901;-122;10:54:54.216945
1779;1895;-116;10:54:54.216945
1773;1881;-108;10:54:54.216945
1769;1867;-98;10:54:54.216945
1770;1857;-87;10:54:54.216945
1767;1852;-85;10:54:54.216945
1764;1856;-92;10:54:54.216945
1759;1861;-102;10:54:54.216945
1755;1865;-110;10:54:54.216945
1746;1866;-120;10:54:54.216945
1740;1865;-125;10:54:54.216945
1739;1857;-118;10:54:54.216945
1740;1849;-109;10:54:54.216945
1742;1843;-101;10:54:54.216945
1752;1849;-97;10:54:54.216945
1763;1858;-95;10:54:54.216945
1765;1869;-104;10:54:54.216945
1760;1872;-112;10:54:54.216945
1759;1870;-111;10:54:54.216945
1759;1866;-107;10:54:54.216945
1757;1862;-105;10:54:54.216945
1754;1860;-106;10:54:54.216945
1758;1865;-107;10:54:54.216945
1765;1873;-108;10:54:54.216945
1769;1881;-112;10:54:54.216945
1767;1884;-117;10:54:54.216945
1763;1884;-121;10:54:54.216945
1758;1882;-124;10:54:54.216945
1759;1877;-118;10:54:54.216945
1762;1869;-107;10:54:54.216945
1768;1868;-100;10:54:54.216945
1778;1875;-97;10:54:54.216945
1780;1887;-107;10:54:54.216945
1776;1894;-118;10:54:54.216945
1770;1893;-123;10:54:54.216945
1765;1884;-119;10:54:54.216945
1756;1870;-114;10:54:54.216945
1751;1860;-109;10:54:54.216945
1752;1855;-103;10:54:54.216945
1755;1854;-99;10:54:54.216945
1760;1861;-101;10:54:54.216945
1765;1871;-106;10:54:54.216945
1765;1877;-112;10:54:54.216945
1761;1878;-117;10:54:54.216945
1754;1874;-120;10:54:54.216945
1746;1867;-121;10:54:54.216945
1746;1858;-112;10:54:54.216945
1750;1858;-108;10:54:54.216945
1754;1858;-104;10:54:54.216945
1753;1857;-104;10:54:54.216945
1753;1864;-111;10:54:54.216945
1754;1865;-111;10:54:54.216945
1756;1863;-107;10:54:54.216945
1758;1868;-110;10:54:54.216945
1762;1871;-109;10:54:54.216945
1768;1876;-108;10:54:54.216945
1772;1883;-111;10:54:54.216945
1775;1892;-117;10:54:54.216945
1773;1894;-121;10:54:54.216945
1768;1890;-122;10:54:54.216945
1758;1881;-123;10:54:54.216945
1756;1869;-113;10:54:54.216945
1759;1862;-103;10:54:54.216945
1767;1864;-97;10:54:54.216945
1775;1873;-98;10:54:54.216945
1779;1885;-106;10:54:54.216945
1776;1897;-121;10:54:54.216945
1773;1902;-129;10:54:54.216945
1769;1898;-129;10:54:54.216945
1760;1884;-124;10:54:54.216945
1755;1870;-115;10:54:54.216945
1752;1862;-110;10:54:54.216945
1752;1855;-103;10:54:54.216945
1759;1856;-97;10:54:54.216945
1757;1865;-108;10:54:54.216945
1754;1868;-114;10:54:54.216945
1752;1868;-116;10:54:54.216945
1751;1862;-111;10:54:54.216945
1751;1855;-104;10:54:54.216945
1756;1852;-96;10:54:54.216945
1759;1857;-98;10:54:54.216945
1758;1869;-111;10:54:54.216945
1760;1877;-117;10:54:54.216945
1760;1883;-123;10:54:54.216945
1759;1884;-125;10:54:54.216945
1756;1877;-121;10:54:54.216945
1757;1864;-107;10:54:54.216945
1759;1857;-98;10:54:54.216945
1768;1859;-91;10:54:54.216945
1776;1869;-93;10:54:54.216945
1785;1887;-102;10:54:54.216945
1785;1906;-121;10:54:54.216945
1782;1913;-131;10:54:54.216945
1776;1912;-136;10:54:54.216945
1772;1905;-133;10:54:54.216945
1767;1891;-124;10:54:54.216945
1767;1880;-113;10:54:54.216945
1769;1880;-111;10:54:54.216945
1769;1882;-113;10:54:54.216945
1771;1883;-112;10:54:54.216945
1771;1883;-112;10:54:54.216945
1770;1878;-108;10:54:54.216945
1765;1868;-103;10:54:54.216945
1763;1860;-97;10:54:54.216945
1762;1857;-95;10:54:54.216945
1760;1859;-99;10:54:54.216945
1759;1866;-107;10:54:54.216945
1755;1876;-121;10:54:54.216945
1747;1879;-132;10:54:54.216945
1742;1872;-130;10:54:54.216945
1738;1854;-116;10:54:54.216945
1736;1843;-107;10:54:54.216945
1739;1836;-97;10:54:54.216945
1745;1837;-92;10:54:54.216945
1748;1845;-97;10:54:54.216945
1752;1855;-103;10:54:54.216945
1752;1862;-110;10:54:54.216945
1746;1861;-115;10:54:54.216945
1737;1857;-120;10:54:54.216945
1727;1849;-122;10:54:54.216945
1724;1841;-117;10:54:54.216945
1726;1842;-116;10:54:54.216945
1732;1850;-118;10:54:54.216945
1740;1862;-122;10:54:54.216945
1747;1874;-127;10:54:54.216945
1754;1877;-123;10:54:54.216945
1759;1873;-114;10:54:54.216945
1760;1867;-107;10:54:54.216945
1760;1860;-100;10:54:54.216945
1756;1860;-104;10:54:54.216945
1758;1868;-110;10:54:54.216945
1760;1881;-121;10:54:54.216945
1762;1892;-130;10:54:54.216945
1765;1898;-133;10:54:54.216945
1766;1897;-131;10:54:54.216945
1768;1889;-121;10:54:54.216945
1774;1879;-105;10:54:54.216945
1782;1874;-92;10:54:54.216945
1786;1876;-90;10:54:54.216945
1787;1882;-95;10:54:54.216945
1784;1888;-104;10:54:54.216945
1772;1888;-116;10:54:54.216945
1763;1883;-120;10:54:54.216945
1750;1871;-121;10:54:54.216945
1739;1859;-120;10:54:54.216945
1738;1853;-115;10:54:54.216945
1743;1850;-107;10:54:54.216945
1748;1853;-105;10:54:54.216945
1753;1858;-105;10:54:54.216945
1759;1860;-101;10:54:54.216945
1755;1857;-102;10:54:54.216945
1747;1847;-100;10:54:54.216945
1737;1839;-102;10:54:54.216945
1732;1837;-105;10:54:54.216945
1730;1840;-110;10:54:54.216945
1734;1853;-119;10:54:54.216945
1741;1865;-124;10:54:54.216945
1746;1873;-127;10:54:54.216945
1748;1877;-129;10:54:54.216945
1755;1877;-122;10:54:54.216945
1758;1871;-113;10:54:54.216945
1761;1869;-108;10:54:54.216945
1768;1871;-103;10:54:54.216945
1779;1877;-98;10:54:54.216945
1784;1890;-106;10:54:54.216945
1786;1903;-117;10:54:54.216945
1787;1912;-125;10:54:54.216945
1783;1909;-126;10:54:54.216945
1778;1903;-125;10:54:54.216945
1776;1894;-118;10:54:54.216945
1779;1887;-108;10:54:54.216945
1782;1886;-104;10:54:54.216945
1784;1887;-103;10:54:54.216945
1784;1888;-104;10:54:54.216945
1783;1887;-104;10:54:54.216945
1780;1880;-100;10:54:54.216945
1772;1875;-103;10:54:54.216945
1763;1869;-106;10:54:54.216945
1756;1866;-110;10:54:54.216945
1754;1868;-114;10:54:54.216945
1754;1876;-122;10:54:55.823142
1755;1874;-119;10:54:55.823142
1752;1868;-116;10:54:55.823142
1749;1858;-109;10:54:55.823142
1746;1850;-104;10:54:55.823142
1746;1846;-100;10:54:55.823142
1751;1846;-95;10:54:55.823142
1757;1853;-96;10:54:55.823142
1757;1868;-111;10:54:55.823142
1759;1876;-117;10:54:55.823142
1756;1881;-125;10:54:55.823142
1750;1878;-128;10:54:55.823142
1745;1869;-124;10:54:55.823142
1744;1863;-119;10:54:55.823142
1751;1859;-108;10:54:55.823142
1758;1859;-101;10:54:55.823142
1766;1865;-99;10:54:55.823142
1774;1874;-100;10:54:55.823142
1777;1885;-108;10:54:55.823142
1775;1890;-115;10:54:55.823142
1770;1893;-123;10:54:55.823142
1772;1897;-125;10:54:55.823142
1775;1896;-121;10:54:55.823142
1780;1896;-116;10:54:55.823142
1783;1896;-113;10:54:55.823142
1784;1899;-115;10:54:55.823142
1787;1895;-108;10:54:55.823142
1790;1888;-98;10:54:55.823142
1784;1881;-97;10:54:55.823142
1778;1877;-99;10:54:55.823142
1774;1877;-103;10:54:55.823142
1771;1879;-108;10:54:55.823142
1772;1878;-106;10:54:55.823142
1769;1883;-114;10:54:55.823142
1763;1883;-120;10:54:55.823142
1754;1879;-125;10:54:55.823142
1749;1867;-118;10:54:55.823142
1744;1858;-114;10:54:55.823142
1746;1854;-108;10:54:55.823142
1755;1852;-97;10:54:55.823142
1759;1856;-97;10:54:55.823142
1765;1861;-96;10:54:55.823142
1767;1867;-100;10:54:55.823142
1763;1871;-108;10:54:55.823142
1756;1871;-115;10:54:55.823142
1749;1868;-119;10:54:55.823142
1745;1864;-119;10:54:55.823142
1749;1867;-118;10:54:55.823142
1752;1872;-120;10:54:55.823142
1759;1875;-116;10:54:55.823142
1766;1883;-117;10:54:55.823142
1771;1889;-118;10:54:55.823142
1772;1886;-114;10:54:55.823142
1771;1880;-109;10:54:55.823142
1773;1876;-103;10:54:55.823142
1771;1874;-103;10:54:55.823142
1767;1872;-105;10:54:55.823142
1768;1876;-108;10:54:55.823142
1764;1882;-118;10:54:55.823142
1759;1883;-124;10:54:55.823142
1754;1885;-131;10:54:55.823142
1748;1884;-136;10:54:55.823142
1746;1877;-131;10:54:55.823142
1756;1871;-115;10:54:55.823142
1765;1865;-100;10:54:55.823142
1769;1863;-94;10:54:55.823142
1772;1864;-92;10:54:55.823142
1766;1869;-103;10:54:55.823142
1757;1867;-110;10:54:55.823142
1750;1865;-115;10:54:55.823142
1745;1869;-124;10:54:55.823142
1744;1875;-131;10:54:55.823142
1750;1875;-125;10:54:55.823142
1759;1877;-118;10:54:55.823142
1767;1875;-108;10:54:55.823142
1770;1873;-103;10:54:55.823142
1771;1869;-98;10:54:55.823142
1768;1867;-99;10:54:55.823142
1759;1865;-106;10:54:55.823142
1754;1863;-109;10:54:55.823142
1756;1863;-107;10:54:55.823142
1758;1867;-109;10:54:55.823142
1758;1872;-114;10:54:55.823142
1756;1876;-120;10:54:55.823142
1753;1878;-125;10:54:55.823142
1752;1875;-123;10:54:55.823142
1754;1871;-117;10:54:55.823142
1759;1869;-110;10:54:55.823142
1761;1870;-109;10:54:55.823142
1766;1868;-102;10:54:55.823142
1770;1867;-97;10:54:55.823142
1768;1873;-105;10:54:55.823142
1759;1876;-117;10:54:55.823142
1750;1877;-127;10:54:55.823142
1743;1877;-134;10:54:55.823142
1740;1871;-131;10:54:55.823142
1746;1867;-121;10:54:55.823142
1753;1864;-111;10:54:55.823142
1756;1862;-106;10:54:55.823142
1755;1858;-103;10:54:55.823142
1756;1856;-100;10:54:55.823142
1751;1857;-106;10:54:55.823142
1740;1856;-116;10:54:55.823142
1737;1857;-120;10:54:55.823142
1736;1857;-121;10:54:55.823142
1735;1853;-118;10:54:55.823142
1733;1848;-115;10:54:55.823142
1735;1846;-111;10:54:55.823142
1734;1844;-110;10:54:55.823142
1733;1842;-109;10:54:55.823142
1730;1843;-113;10:54:55.823142
1729;1840;-111;10:54:55.823142
1733;1842;-109;10:54:55.823142
1740;1845;-105;10:54:55.823142
1743;1851;-108;10:54:55.823142
1744;1859;-115;10:54:55.823142
1742;1864;-122;10:54:55.823142
1741;1863;-122;10:54:55.823142
1735;1865;-130;10:54:55.823142
1737;1864;-127;10:54:55.823142
1741;1865;-124;10:54:55.823142
1746;1863;-117;10:54:55.823142
1754;1861;-107;10:54:55.823142
1760;1862;-102;10:54:55.823142
1761;1867;-106;10:54:55.823142
1760;1875;-115;10:54:55.823142
1755;1874;-119;10:54:55.823142
1746;1876;-130;10:54:55.823142
1748;1876;-128;10:54:55.823142
1748;1872;-124;10:54:55.823142
1749;1863;-114;10:54:55.823142
1753;1856;-103;10:54:55.823142
1751;1853;-102;10:54:55.823142
1747;1850;-103;10:54:55.823142
1743;1851;-108;10:54:55.823142
1742;1854;-112;10:54:55.823142
1740;1860;-120;10:54:55.823142
1740;1863;-123;10:54:55.823142
1746;1863;-117;10:54:55.823142
1752;1863;-111;10:54:55.823142
1751;1860;-109;10:54:55.823142
1752;1859;-107;10:54:55.823142
1751;1862;-111;10:54:55.823142
1749;1862;-113;10:54:55.823142
1749;1857;-108;10:54:55.823142
1749;1859;-110;10:54:55.823142
1752;1865;-113;10:54:55.823142
1755;1863;-108;10:54:55.823142
1756;1864;-108;10:54:55.823142
1757;1865;-108;10:54:55.823142
1755;1864;-109;10:54:55.823142
1750;1865;-115;10:54:55.823142
1753;1868;-115;10:54:55.823142
1754;1870;-116;10:54:55.823142
1761;1868;-107;10:54:55.823142
1769;1868;-99;10:54:55.823142
1769;1873;-104;10:54:55.823142
1770;1874;-104;10:54:55.823142
1771;1880;-109;10:54:55.823142
1771;1886;-115;10:54:55.823142
1769;1891;-122;10:54:55.823142
1776;1896;-120;10:54:55.823142
1787;1900;-113;10:54:55.823142
1792;1898;-106;10:54:55.823142
1792;1891;-99;10:54:55.823142
1794;1892;-98;10:54:55.823142
1792;1895;-103;10:54:55.823142
1783;1894;-111;10:54:55.823142
1778;1896;-118;10:54:55.823142
1776;1897;-121;10:54:55.823142
1774;1897;-123;10:54:55.823142
1779;1891;-112;10:54:55.823142
1785;1886;-101;10:54:55.823142
1784;1877;-93;10:54:55.823142
1780;1868;-88;10:54:55.823142
1773;1862;-89;10:54:55.823142
1762;1861;-99;10:54:55.823142
1756;1863;-107;10:54:55.823142
1753;1863;-110;10:54:55.823142
1752;1867;-115;10:54:55.823142
1752;1870;-118;10:54:55.823142
1752;1867;-115;10:54:55.823142
1752;1868;-116;10:54:55.823142
1753;1871;-118;10:54:55.823142
1758;1870;-112;10:54:55.823142
1760;1867;-107;10:54:55.823142
1761;1869;-108;10:54:55.823142
1766;1871;-105;10:54:55.823142
1769;1870;-101;10:54:55.823142
1771;1874;-103;10:54:55.823142
1769;1879;-110;10:54:55.823142
1767;1884;-117;10:54:55.823142
1764;1890;-126;10:54:55.823142
1764;1896;-132;10:54:55.823142
1769;1896;-127;10:54:55.823142
1776;1897;-121;10:54:55.823142
1788;1898;-110;10:54:55.823142
1793;1893;-100;10:54:55.823142
1793;1888;-95;10:54:55.823142
1791;1886;-95;10:54:55.823142
1781;1885;-104;10:54:55.823142
1773;1883;-110;10:54:55.823142
1767;1881;-114;10:54:55.823142
1758;1882;-124;10:54:55.823142
1758;1878;-120;10:54:55.823142
1756;1876;-120;10:54:55.823142
1756;1872;-116;10:54:55.823142
1758;1871;-113;10:54:55.823142
1762;1872;-110;10:54:55.823142
1759;1873;-114;10:54:55.823142
1761;1876;-115;10:54:55.823142
1768;1879;-111;10:54:55.823142
1765;1877;-112;10:54:55.823142
1760;1874;-114;10:54:55.823142
1758;1871;-113;10:54:55.823142
1751;1866;-115;10:54:55.823142
1744;1866;-122;10:54:55.823142
1744;1864;-120;10:54:55.823142
1742;1865;-123;10:54:55.823142
1745;1869;-124;10:54:55.823142
1754;1869;-115;10:54:55.823142
1765;1869;-104;10:54:55.823142
1766;1867;-101;10:54:55.823142
1768;1869;-101;10:54:55.823142
1766;1871;-105;10:54:55.823142
1757;1872;-115;10:54:55.823142
1752;1874;-122;10:54:55.823142
1752;1879;-127;10:54:55.823142
1752;1879;-127;10:54:55.823142
1752;1878;-126;10:54:55.823142
1754;1873;-119;10:54:55.823142
1760;1867;-107;10:54:55.823142
1761;1863;-102;10:54:55.823142
1762;1864;-102;10:54:55.823142
1763;1870;-107;10:54:55.823142
1760;1877;-117;10:54:55.823142
1758;1881;-123;10:54:55.823142
1756;1883;-127;10:54:55.823142
1754;1882;-128;10:54:55.823142
1751;1875;-124;10:54:55.823142
1747;1868;-121;10:54:55.823142
1746;1861;-115;10:54:55.823142
1744;1856;-112;10:54:55.823142
1742;1855;-113;10:54:55.823142
1746;1855;-109;10:54:55.823142
1748;1858;-110;10:54:55.823142
1749;1858;-109;10:54:55.823142
1749;1857;-108;10:54:55.823142
1748;1856;-108;10:54:55.823142
1745;1857;-112;10:54:55.823142
1741;1859;-118;10:54:55.823142
1740;1862;-122;10:54:55.823142
1740;1865;-125;10:54:55.823142
1744;1866;-122;10:54:55.823142
1749;1867;-118;10:54:55.823142
1759;1864;-105;10:54:55.833115
1761;1868;-107;10:54:55.833115
1762;1871;-109;10:54:55.833115
1760;1874;-114;10:54:55.833115
1760;1880;-120;10:54:55.833115
1762;1882;-120;10:54:55.833115
1761;1879;-118;10:54:55.833115
1758;1875;-117;10:54:55.833115
1757;1872;-115;10:54:55.833115
1750;1866;-116;10:54:55.833115
1746;1862;-116;10:54:55.833115
1743;1859;-116;10:54:55.833115
1739;1860;-121;10:54:55.833115
1737;1858;-121;10:54:55.833115
1739;1855;-116;10:54:55.833115
1738;1850;-112;10:54:55.833115
1738;1844;-106;10:54:55.833115
1732;1839;-107;10:54:55.833115
1727;1834;-107;10:54:55.833115
1720;1831;-111;10:54:55.833115
1713;1834;-121;10:54:55.833115
1710;1836;-126;10:54:55.833115
1708;1840;-132;10:54:55.833115
1714;1839;-125;10:54:55.833115
1716;1834;-118;10:54:55.833115
1725;1833;-108;10:54:55.833115
1727;1833;-106;10:54:55.833115
1727;1835;-108;10:54:55.833115
1726;1842;-116;10:54:55.833115
1727;1852;-125;10:54:55.833115
1732;1857;-125;10:54:55.833115
1736;1859;-123;10:54:55.833115
1741;1860;-119;10:54:55.833115
1741;1860;-119;10:54:55.833115
1742;1856;-114;10:54:55.833115
1745;1858;-113;10:54:55.833115
1745;1860;-115;10:54:55.833115
1746;1863;-117;10:54:55.833115
1750;1866;-116;10:54:55.833115
1754;1868;-114;10:54:55.833115
1757;1867;-110;10:54:55.833115
1761;1866;-105;10:54:55.833115
1758;1868;-110;10:54:55.833115
1755;1871;-116;10:54:55.833115
1750;1873;-123;10:54:55.833115
1745;1876;-131;10:54:55.833115
1741;1878;-137;10:54:55.833115
1747;1880;-133;10:54:55.833115
1752;1877;-125;10:54:55.833115
1753;1869;-116;10:54:55.833115
1758;1864;-106;10:54:55.833115
1757;1860;-103;10:54:55.833115
1756;1859;-103;10:54:55.833115
1750;1860;-110;10:54:55.833115
1746;1867;-121;10:54:55.833115
1745;1869;-124;10:54:55.833115
1745;1868;-123;10:54:55.833115
1748;1864;-116;10:54:55.833115
1745;1861;-116;10:54:55.833115
1748;1855;-107;10:54:55.833115
1749;1854;-105;10:54:55.833115
1747;1855;-108;10:54:55.833115
1747;1857;-110;10:54:55.833115
1752;1862;-110;10:54:55.833115
1755;1867;-112;10:54:55.833115
1754;1868;-114;10:54:55.833115
1755;1871;-116;10:54:55.833115
1759;1872;-113;10:54:55.833115
1756;1876;-120;10:54:55.833115
1759;1881;-122;10:54:55.833115
1765;1886;-121;10:54:55.833115
1770;1895;-125;10:54:55.833115
1775;1893;-118;10:54:55.833115
1784;1893;-109;10:54:55.833115
1791;1895;-104;10:54:55.833115
1789;1892;-103;10:54:55.833115
1784;1890;-106;10:54:55.833115
1779;1891;-112;10:54:55.833115
1775;1899;-124;10:54:55.833115
1774;1903;-129;10:54:55.833115
1781;1906;-125;10:54:55.833115
1785;1906;-121;10:54:55.833115
1787;1902;-115;10:54:55.833115
1790;1894;-104;10:54:55.833115
1788;1889;-101;10:54:55.833115
1785;1886;-101;10:54:55.833115
1781;1882;-101;10:54:55.833115
1775;1882;-107;10:54:55.833115
1773;1885;-112;10:54:55.833115
1773;1885;-112;10:54:55.833115
1776;1884;-108;10:54:55.833115
1775;1882;-107;10:54:55.833115
1768;1880;-112;10:54:55.833115
1765;1875;-110;10:54:55.833115
1762;1874;-112;10:54:55.833115
1754;1872;-118;10:54:55.833115
1756;1872;-116;10:54:55.833115
1758;1875;-117;10:54:55.833115
1760;1876;-116;10:54:55.833115
1764;1876;-112;10:54:55.833115
1767;1875;-108;10:54:55.833115
1767;1876;-109;10:54:55.833115
1768;1875;-107;10:54:55.833115
1766;1875;-109;10:54:55.833115
1761;1878;-117;10:54:55.833115
1761;1881;-120;10:54:55.833115
1767;1883;-116;10:54:55.833115
1773;1884;-111;10:54:55.833115
1774;1885;-111;10:54:55.833115
1775;1887;-112;10:54:55.833115
1776;1888;-112;10:54:55.833115
1777;1893;-116;10:54:55.833115
1778;1897;-119;10:54:55.833115
1782;1899;-117;10:54:55.833115
1788;1901;-113;10:54:55.833115
1792;1898;-106;10:54:55.833115
1795;1895;-100;10:54:55.833115
1794;1891;-97;10:54:55.833115
1786;1889;-103;10:54:55.833115
1780;1889;-109;10:54:55.833115
1776;1891;-115;10:54:55.833115
1775;1893;-118;10:54:55.833115
1773;1896;-123;10:54:55.833115
1776;1896;-120;10:54:55.833115
1777;1888;-111;10:54:55.833115
1774;1879;-105;10:54:55.833115
1770;1872;-102;10:54:55.833115
1764;1870;-106;10:54:55.833115
1757;1869;-112;10:54:55.833115
1752;1868;-116;10:54:55.833115
1754;1868;-114;10:54:55.833115
1754;1866;-112;10:54:55.833115
1754;1862;-108;10:54:55.833115
1751;1856;-105;10:54:55.833115
1747;1852;-105;10:54:55.833115
1743;1848;-105;10:54:55.833115
1740;1848;-108;10:54:55.833115
1737;1854;-117;10:54:55.833115
1742;1863;-121;10:54:55.833115
1749;1870;-121;10:54:55.833115
1753;1872;-119;10:54:55.833115
1756;1871;-115;10:54:55.833115
1759;1871;-112;10:54:55.833115
1758;1871;-113;10:54:55.833115
1754;1870;-116;10:54:55.833115
1755;1870;-115;10:54:55.833115
1756;1873;-117;10:54:55.833115
1759;1877;-118;10:54:55.833115
1767;1877;-110;10:54:55.833115
1771;1877;-106;10:54:55.833115
1769;1876;-107;10:54:55.833115
1768;1872;-104;10:54:55.833115
1765;1873;-108;10:54:55.833115
1761;1878;-117;10:54:55.833115
1761;1884;-123;10:54:55.833115
1764;1886;-122;10:54:55.833115
1766;1888;-122;10:54:55.833115
1769;1876;-107;10:54:55.833115
1765;1867;-102;10:54:55.833115
1758;1859;-101;10:54:55.833115
1752;1852;-100;10:54:55.833115
1743;1844;-101;10:54:55.833115
1739;1845;-106;10:54:55.833115
1739;1850;-111;10:54:55.833115
1742;1855;-113;10:54:55.833115
1746;1859;-113;10:54:55.833115
1747;1862;-115;10:54:55.833115
1747;1861;-114;10:54:55.833115
1744;1859;-115;10:54:55.833115
1742;1858;-116;10:54:55.833115
1739;1860;-121;10:54:55.833115
1743;1859;-116;10:54:55.833115
1750;1860;-110;10:54:55.833115
1751;1856;-105;10:54:55.833115
1753;1852;-99;10:54:55.833115
1755;1850;-95;10:54:55.833115
1751;1852;-101;10:54:55.833115
1742;1854;-112;10:54:55.833115
1741;1859;-118;10:54:55.833115
1740;1867;-127;10:54:55.833115
1742;1870;-128;10:54:55.833115
1752;1870;-118;10:54:55.833115
1756;1867;-111;10:54:55.833115
1757;1863;-106;10:54:55.833115
1755;1856;-101;10:54:55.833115
1752;1854;-102;10:54:55.833115
1746;1855;-109;10:54:55.833115
1743;1858;-115;10:54:55.833115
1746;1861;-115;10:54:55.833115
1743;1864;-121;10:54:55.833115
1743;1861;-118;10:54:55.833115
1740;1855;-115;10:54:55.833115
1737;1848;-111;10:54:55.833115
1732;1840;-108;10:54:55.833115
1731;1837;-106;10:54:55.833115
1729;1838;-109;10:54:55.833115
1729;1845;-116;10:54:55.833115
1730;1846;-116;10:54:55.833115
1733;1845;-112;10:54:55.833115
1729;1842;-113;10:54:55.833115
1724;1836;-112;10:54:55.833115
1722;1833;-111;10:54:55.833115
1719;1833;-114;10:54:55.833115
1719;1838;-119;10:54:55.833115
1726;1842;-116;10:54:55.833115
1734;1851;-117;10:54:55.833115
1744;1857;-113;10:54:55.833115
1752;1861;-109;10:54:55.833115
1753;1860;-107;10:54:55.833115
1750;1860;-110;10:54:55.833115
1750;1860;-110;10:54:55.833115
1750;1867;-117;10:54:55.833115
1752;1876;-124;10:54:55.833115
1753;1886;-133;10:54:55.833115
1760;1889;-129;10:54:55.833115
1769;1889;-120;10:54:55.833115
1772;1885;-113;10:54:55.833115
1773;1881;-108;10:54:55.833115
1772;1879;-107;10:54:55.833115
1770;1878;-108;10:54:55.833115
1768;1882;-114;10:54:55.833115
1771;1885;-114;10:54:55.833115
1772;1887;-115;10:54:55.833115
1770;1889;-119;10:54:55.833115
1766;1881;-115;10:54:55.833115
1763;1872;-109;10:54:55.833115
1759;1866;-107;10:54:55.833115
1755;1862;-107;10:54:55.833115
1755;1866;-111;10:54:55.833115
1757;1869;-112;10:54:55.833115
1759;1873;-114;10:54:55.833115
1764;1875;-111;10:54:55.833115
1766;1869;-103;10:54:55.833115
1758;1865;-107;10:54:55.833115
1753;1857;-104;10:54:55.833115
1748;1854;-106;10:54:55.833115
1744;1857;-113;10:54:55.833115
1748;1862;-114;10:54:55.833115
1754;1870;-116;10:54:55.833115
1759;1877;-118;10:54:55.833115
1767;1880;-113;10:54:55.833115
1774;1882;-108;10:54:55.833115
1773;1878;-105;10:54:55.833115
1768;1876;-108;10:54:55.833115
1766;1880;-114;10:54:55.833115
1767;1887;-120;10:54:55.833115
1769;1893;-124;10:54:55.833115
1774;1898;-124;10:54:55.833115
1776;1897;-121;10:54:55.833115
1780;1897;-117;10:54:55.833115
1782;1894;-112;10:54:55.833115
1780;1889;-109;10:54:55.833115
1781;1888;-107;10:54:55.833115
1782;1891;-109;10:54:55.833115
1783;1895;-112;10:54:55.833115
1788;1902;-114;10:54:56.087487
1790;1900;-110;10:54:56.087487
1786;1896;-110;10:54:56.087487
1782;1890;-108;10:54:56.087487
1779;1888;-109;10:54:56.087487
1778;1891;-113;10:54:56.087487
1775;1892;-117;10:54:56.087487
1773;1893;-120;10:54:56.087487
1779;1894;-115;10:54:56.087487
1781;1884;-103;10:54:56.087487
1777;1877;-100;10:54:56.087487
1773;1867;-94;10:54:56.087487
1771;1864;-93;10:54:56.087487
1766;1863;-97;10:54:56.087487
1762;1869;-107;10:54:56.087487
1761;1875;-114;10:54:56.087487
1759;1878;-119;10:54:56.087487
1758;1877;-119;10:54:56.087487
1757;1871;-114;10:54:56.087487
1755;1863;-108;10:54:56.087487
1753;1859;-106;10:54:56.087487
1751;1858;-107;10:54:56.087487
1755;1863;-108;10:54:56.087487
1758;1874;-116;10:54:56.087487
1765;1884;-119;10:54:56.087487
1771;1889;-118;10:54:56.087487
1772;1890;-118;10:54:56.087487
1772;1887;-115;10:54:56.087487
1772;1882;-110;10:54:56.087487
1771;1879;-108;10:54:56.087487
1771;1884;-113;10:54:56.087487
1769;1889;-120;10:54:56.087487
1772;1893;-121;10:54:56.087487
1776;1896;-120;10:54:56.087487
1779;1890;-111;10:54:56.087487
1779;1884;-105;10:54:56.087487
1777;1877;-100;10:54:56.087487
1773;1873;-100;10:54:56.087487
1771;1875;-104;10:54:56.087487
1769;1879;-110;10:54:56.087487
1768;1883;-115;10:54:56.087487
1767;1889;-122;10:54:56.087487
1767;1888;-121;10:54:56.087487
1766;1877;-111;10:54:56.087487
1762;1865;-103;10:54:56.087487
1760;1859;-99;10:54:56.087487
1754;1856;-102;10:54:56.087487
1752;1861;-109;10:54:56.087487
1755;1867;-112;10:54:56.087487
1755;1869;-114;10:54:56.087487
1756;1872;-116;10:54:56.087487
1757;1867;-110;10:54:56.087487
1752;1860;-108;10:54:56.087487
1751;1854;-103;10:54:56.087487
1749;1856;-107;10:54:56.087487
1745;1859;-114;10:54:56.087487
1748;1863;-115;10:54:56.087487
1750;1872;-122;10:54:56.087487
1753;1875;-122;10:54:56.087487
1759;1870;-111;10:54:56.087487
1761;1866;-105;10:54:56.087487
1759;1860;-101;10:54:56.087487
1758;1858;-100;10:54:56.087487
1756;1861;-105;10:54:56.087487
1751;1870;-119;10:54:56.087487
1749;1876;-127;10:54:56.087487
1754;1877;-123;10:54:56.087487
1758;1878;-120;10:54:56.087487
1761;1872;-111;10:54:56.087487
1761;1866;-105;10:54:56.087487
1761;1867;-106;10:54:56.087487
1762;1873;-111;10:54:56.087487
1766;1878;-112;10:54:56.087487
1767;1883;-116;10:54:56.087487
1768;1888;-120;10:54:56.087487
1768;1881;-113;10:54:56.087487
1768;1874;-106;10:54:56.087487
1765;1867;-102;10:54:56.087487
1758;1860;-102;10:54:56.087487
1751;1861;-110;10:54:56.087487
1749;1863;-114;10:54:56.087487
1750;1869;-119;10:54:56.087487
1751;1871;-120;10:54:56.087487
1756;1868;-112;10:54:56.087487
1757;1865;-108;10:54:56.087487
1760;1858;-98;10:54:56.087487
1759;1850;-91;10:54:56.087487
1752;1852;-100;10:54:56.087487
1747;1856;-109;10:54:56.087487
1744;1863;-119;10:54:56.087487
1745;1870;-125;10:54:56.087487
1743;1869;-126;10:54:56.087487
1744;1862;-118;10:54:56.087487
1748;1853;-105;10:54:56.087487
1751;1850;-99;10:54:56.087487
1750;1848;-98;10:54:56.087487
1751;1851;-100;10:54:56.087487
1753;1863;-110;10:54:56.087487
1755;1876;-121;10:54:56.087487
1756;1879;-123;10:54:56.087487
1760;1880;-120;10:54:56.087487
1761;1879;-118;10:54:56.087487
1757;1871;-114;10:54:56.087487
1754;1862;-108;10:54:56.087487
1752;1860;-108;10:54:56.087487
1749;1861;-112;10:54:56.087487
1752;1863;-111;10:54:56.087487
1754;1866;-112;10:54:56.087487
1756;1864;-108;10:54:56.087487
1755;1860;-105;10:54:56.087487
1752;1857;-105;10:54:56.087487
1748;1854;-106;10:54:56.087487
1744;1857;-113;10:54:56.087487
1745;1861;-116;10:54:56.087487
1743;1864;-121;10:54:56.087487
1742;1864;-122;10:54:56.087487
1744;1860;-116;10:54:56.087487
1747;1854;-107;10:54:56.087487
1750;1849;-99;10:54:56.087487
1748;1844;-96;10:54:56.087487
1746;1844;-98;10:54:56.087487
1745;1849;-104;10:54:56.087487
1744;1860;-116;10:54:56.087487
1745;1866;-121;10:54:56.087487
1752;1867;-115;10:54:56.087487
1753;1869;-116;10:54:56.087487
1755;1864;-109;10:54:56.087487
1757;1858;-101;10:54:56.087487
1755;1856;-101;10:54:56.087487
1750;1860;-110;10:54:56.087487
1749;1864;-115;10:54:56.087487
1751;1871;-120;10:54:56.087487
1752;1873;-121;10:54:56.087487
1759;1872;-113;10:54:56.087487
1764;1870;-106;10:54:56.087487
1763;1867;-104;10:54:56.087487
1764;1866;-102;10:54:56.087487
1762;1866;-104;10:54:56.087487
1760;1871;-111;10:54:56.087487
1757;1878;-121;10:54:56.087487
1756;1882;-126;10:54:56.087487
1758;1878;-120;10:54:56.087487
1761;1875;-114;10:54:56.087487
1761;1869;-108;10:54:56.087487
1764;1865;-101;10:54:56.087487
1761;1866;-105;10:54:56.087487
1758;1868;-110;10:54:56.087487
1760;1872;-112;10:54:56.087487
1763;1874;-111;10:54:56.087487
1763;1874;-111;10:54:56.087487
1764;1868;-104;10:54:56.087487
1760;1863;-103;10:54:56.087487
1759;1861;-102;10:54:56.087487
1758;1862;-104;10:54:56.087487
1758;1864;-106;10:54:56.087487
1757;1870;-113;10:54:56.087487
1758;1873;-115;10:54:56.087487
1762;1873;-111;10:54:56.087487
1766;1872;-106;10:54:56.087487
1767;1871;-104;10:54:56.087487
1768;1869;-101;10:54:56.087487
1767;1870;-103;10:54:56.087487
1765;1875;-110;10:54:56.087487
1764;1881;-117;10:54:56.087487
1765;1883;-118;10:54:56.087487
1769;1889;-120;10:54:56.087487
1773;1890;-117;10:54:56.087487
1774;1888;-114;10:54:56.087487
1779;1888;-109;10:54:56.087487
1781;1883;-102;10:54:56.087487
1781;1884;-103;10:54:56.087487
1777;1889;-112;10:54:56.087487
1776;1889;-113;10:54:56.087487
1772;1891;-119;10:54:56.087487
1770;1887;-117;10:54:56.087487
1770;1882;-112;10:54:56.087487
1770;1875;-105;10:54:56.087487
1764;1872;-108;10:54:56.087487
1763;1868;-105;10:54:56.087487
1762;1869;-107;10:54:56.087487
1763;1872;-109;10:54:56.087487
1765;1872;-107;10:54:56.087487
1768;1873;-105;10:54:56.087487
1767;1873;-106;10:54:56.087487
1766;1871;-105;10:54:56.087487
1769;1867;-98;10:54:56.087487
1765;1867;-102;10:54:56.087487
1760;1867;-107;10:54:56.087487
1755;1869;-114;10:54:56.087487
1752;1873;-121;10:54:56.087487
1752;1872;-120;10:54:56.087487
1757;1869;-112;10:54:56.087487
1761;1866;-105;10:54:56.087487
1766;1864;-98;10:54:56.087487
1762;1863;-101;10:54:56.087487
1764;1864;-100;10:54:56.087487
1764;1869;-105;10:54:56.087487
1761;1871;-110;10:54:56.087487
1758;1874;-116;10:54:56.087487
1758;1879;-121;10:54:56.087487
1762;1876;-114;10:54:56.087487
1766;1875;-109;10:54:56.087487
1769;1875;-106;10:54:56.087487
1768;1874;-106;10:54:56.087487
1768;1873;-105;10:54:56.087487
1764;1874;-110;10:54:56.087487
1763;1875;-112;10:54:56.087487
1762;1874;-112;10:54:56.087487
1765;1873;-108;10:54:56.087487
1766;1879;-113;10:54:56.087487
1766;1879;-113;10:54:56.087487
1765;1878;-113;10:54:56.087487
1763;1879;-116;10:54:56.087487
1763;1880;-117;10:54:56.087487
1760;1878;-118;10:54:56.087487
1761;1876;-115;10:54:56.087487
1761;1871;-110;10:54:56.087487
1763;1865;-102;10:54:56.087487
1763;1863;-100;10:54:56.087487
1760;1863;-103;10:54:56.087487
1754;1860;-106;10:54:56.087487
1748;1862;-114;10:54:56.087487
1742;1864;-122;10:54:56.087487
1742;1862;-120;10:54:56.087487
1743;1861;-118;10:54:56.087487
1746;1859;-113;10:54:56.087487
1750;1857;-107;10:54:56.087487
1753;1854;-101;10:54:56.087487
1752;1852;-100;10:54:56.087487
1747;1854;-107;10:54:56.087487
1746;1859;-113;10:54:56.087487
1742;1859;-117;10:54:56.087487
1736;1861;-125;10:54:56.087487
1739;1860;-121;10:54:56.087487
1744;1861;-117;10:54:56.087487
1746;1860;-114;10:54:56.087487
1745;1864;-119;10:54:56.087487
1749;1861;-112;10:54:56.087487
1752;1862;-110;10:54:56.087487
1751;1866;-115;10:54:56.087487
1756;1867;-111;10:54:56.087487
1761;1869;-108;10:54:56.087487
1765;1871;-106;10:54:56.087487
1764;1872;-108;10:54:56.087487
1758;1869;-111;10:54:56.087487
1757;1869;-112;10:54:56.087487
1754;1870;-116;10:54:56.087487
1750;1871;-121;10:54:56.087487
1752;1866;-114;10:54:56.087487
1752;1867;-115;10:54:56.087487
1753;1865;-112;10:54:56.087487
1759;1864;-105;10:54:56.087487
1757;1862;-105;10:54:56.087487
1753;1861;-108;10:54:56.087487
1750;1865;-115;10:54:56.087487
1748;1866;-118;10:54:56.088315
1752;1869;-117;10:54:56.088315
1755;1868;-113;10:54:56.088315
1755;1867;-112;10:54:56.088315
1758;1865;-107;10:54:56.088315
1758;1863;-105;10:54:56.088315
1752;1861;-109;10:54:56.088315
1748;1861;-113;10:54:56.088315
1743;1860;-117;10:54:56.088315
1745;1860;-115;10:54:56.088315
1747;1862;-115;10:54:56.088315
1748;1860;-112;10:54:56.088315
1752;1861;-109;10:54:56.088315
1753;1859;-106;10:54:56.088315
1753;1858;-105;10:54:56.088315
1751;1859;-108;10:54:56.088315
1748;1859;-111;10:54:56.088315
1747;1862;-115;10:54:56.088315
1747;1863;-116;10:54:56.088315
1751;1863;-112;10:54:56.088315
1751;1863;-112;10:54:56.088315
1752;1862;-110;10:54:56.088315
1753;1863;-110;10:54:56.088315
1747;1862;-115;10:54:56.088315
1747;1860;-113;10:54:56.088315
1745;1862;-117;10:54:56.088315
1747;1864;-117;10:54:56.088315
1753;1862;-109;10:54:56.088315
1754;1862;-108;10:54:56.088315
1751;1862;-111;10:54:56.088315
1749;1860;-111;10:54:56.088315
1749;1860;-111;10:54:56.088315
1743;1859;-116;10:54:56.088315
1742;1856;-114;10:54:56.088315
1747;1856;-109;10:54:56.088315
1746;1855;-109;10:54:56.088315
1750;1854;-104;10:54:56.088315
1753;1851;-98;10:54:56.088315
1754;1855;-101;10:54:56.088315
1753;1859;-106;10:54:56.088315
1747;1856;-109;10:54:56.088315
1743;1860;-117;10:54:56.088315
1747;1866;-119;10:54:56.088315
1752;1868;-116;10:54:56.088315
1760;1868;-108;10:54:56.088315
1766;1871;-105;10:54:56.088315
1769;1871;-102;10:54:56.088315
1770;1872;-102;10:54:56.088315
1769;1874;-105;10:54:56.088315
1768;1874;-106;10:54:56.088315
1765;1876;-111;10:54:56.088315
1765;1880;-115;10:54:56.088315
1769;1883;-114;10:54:56.088315
1770;1882;-112;10:54:56.088315
1772;1884;-112;10:54:56.088315
1771;1881;-110;10:54:56.088315
1772;1882;-110;10:54:56.088315
1775;1878;-103;10:54:56.088315
1771;1875;-104;10:54:56.088315
1769;1873;-104;10:54:56.088315
1769;1873;-104;10:54:56.088315
1771;1873;-102;10:54:56.088315
1763;1874;-111;10:54:56.088315
1762;1870;-108;10:54:56.088315
1760;1868;-108;10:54:56.088315
1757;1868;-111;10:54:56.088315
1755;1865;-110;10:54:56.088315
1757;1867;-110;10:54:56.088315
1760;1867;-107;10:54:56.088315
1763;1867;-104;10:54:56.088315
1763;1870;-107;10:54:56.088315
1762;1869;-107;10:54:56.088315
1760;1871;-111;10:54:56.088315
1753;1870;-117;10:54:56.088315
1754;1869;-115;10:54:56.088315
1752;1872;-120;10:54:56.088315
1757;1874;-117;10:54:56.088315
1765;1874;-109;10:54:56.088315
1771;1874;-103;10:54:56.088315
1774;1876;-102;10:54:56.088315
1775;1875;-100;10:54:56.088315
1776;1879;-103;10:54:56.088315
1773;1883;-110;10:54:56.088315
1772;1885;-113;10:54:56.088315
1774;1890;-116;10:54:56.088315
1775;1894;-119;10:54:56.088315
1780;1894;-114;10:54:56.088315
1783;1891;-108;10:54:56.088315
1776;1885;-109;10:54:56.088315
1772;1883;-111;10:54:56.088315
1767;1877;-110;10:54:56.088315
1763;1874;-111;10:54:56.088315
1760;1874;-114;10:54:56.088315
1763;1874;-111;10:54:56.088315
1769;1878;-109;10:54:56.088315
1770;1879;-109;10:54:56.088315
1768;1873;-105;10:54:56.088315
1763;1871;-108;10:54:56.088315
1758;1870;-112;10:54:56.088315
1756;1869;-113;10:54:56.088315
1749;1866;-117;10:54:56.088315
1749;1865;-116;10:54:56.088315
1756;1865;-109;10:54:56.088315
1761;1866;-105;10:54:56.088315
1763;1862;-99;10:54:56.088315
1757;1862;-105;10:54:56.088315
1752;1861;-109;10:54:56.088315
1753;1864;-111;10:54:56.088315
1753;1866;-113;10:54:56.088315
1752;1866;-114;10:54:56.088315
1754;1869;-115;10:54:56.088315
1758;1871;-113;10:54:56.088315
1763;1871;-108;10:54:56.088315
1763;1871;-108;10:54:56.088315
1763;1870;-107;10:54:56.088315
1761;1871;-110;10:54:56.088315
1758;1874;-116;10:54:56.088315
1762;1879;-117;10:54:56.088315
1765;1885;-120;10:54:56.088315
1769;1887;-118;10:54:56.088315
1776;1886;-110;10:54:56.088315
1777;1887;-110;10:54:56.088315
1771;1884;-113;10:54:56.088315
1769;1880;-111;10:54:56.088315
1766;1877;-111;10:54:56.088315
1763;1875;-112;10:54:56.088315
1766;1876;-110;10:54:56.088315
1769;1877;-108;10:54:56.088315
1768;1877;-109;10:54:56.088315
1766;1874;-108;10:54:56.088315
1764;1873;-109;10:54:56.088315
1763;1871;-108;10:54:56.088315
1756;1870;-114;10:54:56.088315
1752;1866;-114;10:54:56.088315
1755;1868;-113;10:54:56.088315
1754;1867;-113;10:54:56.088315
1754;1864;-110;10:54:56.088315
1755;1863;-108;10:54:56.088315
1750;1861;-111;10:54:56.088315
1750;1864;-114;10:54:56.088315
1748;1864;-116;10:54:56.088315
1748;1861;-113;10:54:56.088315
1750;1864;-114;10:54:56.088315
1754;1866;-112;10:54:56.088315
1759;1865;-106;10:54:56.088315
1756;1865;-109;10:54:56.088315
1752;1865;-113;10:54:56.088315
1753;1864;-111;10:54:56.088315
1748;1865;-117;10:54:56.088315
1749;1864;-115;10:54:56.088315
1752;1871;-119;10:54:56.088315
1753;1873;-120;10:54:56.088315
1759;1874;-115;10:54:56.088315
1767;1877;-110;10:54:56.088315
1771;1874;-103;10:54:56.088315
1771;1874;-103;10:54:56.088315
1768;1874;-106;10:54:56.088315
1767;1874;-107;10:54:56.088315
1766;1875;-109;10:54:56.088315
1766;1880;-114;10:54:56.088315
1770;1884;-114;10:54:56.088315
1773;1885;-112;10:54:56.088315
1773;1885;-112;10:54:56.088315
1771;1882;-111;10:54:56.088315
1768;1880;-112;10:54:56.088315
1763;1877;-114;10:54:56.088315
1759;1874;-115;10:54:56.088315
1762;1872;-110;10:54:56.088315
1764;1871;-107;10:54:56.088315
1766;1873;-107;10:54:56.088315
1769;1873;-104;10:54:56.088315
1764;1869;-105;10:54:56.088315
1760;1867;-107;10:54:56.088315
1756;1866;-110;10:54:56.088315
1750;1867;-117;10:54:56.088315
1748;1863;-115;10:54:56.088315
1749;1862;-113;10:54:56.088315
1752;1862;-110;10:54:56.088315
1755;1859;-104;10:54:56.088315
1756;1859;-103;10:54:56.088315
1752;1857;-105;10:54:56.088315
1747;1856;-109;10:54:56.088315
1742;1856;-114;10:54:56.088315
1739;1857;-118;10:54:56.088315
1740;1860;-120;10:54:56.088315
1744;1864;-120;10:54:56.088315
1749;1865;-116;10:54:56.088315
1752;1867;-115;10:54:56.088315
1754;1860;-106;10:54:56.088315
1756;1861;-105;10:54:56.088315
1753;1862;-109;10:54:56.088315
1752;1862;-110;10:54:56.088315
1754;1865;-111;10:54:56.088315
1754;1867;-113;10:54:56.088315
1758;1870;-112;10:54:56.088315
1759;1870;-111;10:54:56.088315
1758;1869;-111;10:54:56.088315
1753;1870;-117;10:54:56.088315
1751;1865;-114;10:54:56.088315
1752;1864;-112;10:54:56.088315
1751;1863;-112;10:54:56.088315
1752;1860;-108;10:54:56.088315
1753;1860;-107;10:54:56.088315
1754;1861;-107;10:54:56.088315
1754;1859;-105;10:54:56.088315
1752;1859;-107;10:54:56.088315
1746;1857;-111;10:54:56.088315
1741;1858;-117;10:54:56.088315
1738;1859;-121;10:54:56.088315
1742;1856;-114;10:54:56.088315
1748;1857;-109;10:54:56.088315
1750;1859;-109;10:54:56.088315
1750;1857;-107;10:54:56.088315
1755;1857;-102;10:54:56.088315
1754;1860;-106;10:54:56.088315
1753;1865;-112;10:54:56.088315
1758;1867;-109;10:54:56.088315
1758;1870;-112;10:54:56.088315
1758;1874;-116;10:54:56.088315
1764;1877;-113;10:54:56.088315
1767;1876;-109;10:54:56.088315
1765;1873;-108;10:54:56.088315
1765;1872;-107;10:54:56.088315
1761;1871;-110;10:54:56.088315
1759;1869;-110;10:54:56.088315
1764;1869;-105;10:54:56.088315
1770;1870;-100;10:54:56.088315
1771;1873;-102;10:54:56.088315
1771;1880;-109;10:54:56.088315
1771;1879;-108;10:54:56.088315
1767;1879;-112;10:54:56.088315
1766;1879;-113;10:54:56.088315
1763;1880;-117;10:54:56.088315
1762;1879;-117;10:54:56.088315
1766;1880;-114;10:54:56.088315
1770;1879;-109;10:54:56.088315
1769;1878;-109;10:54:56.088315
1772;1876;-104;10:54:56.088315
1769;1873;-104;10:54:56.088315
1763;1868;-105;10:54:56.088315
1758;1865;-107;10:54:56.088315
1755;1865;-110;10:54:56.088315
1754;1862;-108;10:54:56.088315
1759;1864;-105;10:54:56.088315
1761;1868;-107;10:54:56.088315
1762;1868;-106;10:54:56.088315
1757;1868;-111;10:54:56.088315
1754;1867;-113;10:54:56.088315
1752;1865;-113;10:54:56.088315
1753;1865;-112;10:54:56.088315
1751;1864;-113;10:54:56.088315
1753;1866;-113;10:54:56.088315
1760;1869;-109;10:54:56.088315
1764;1872;-108;10:54:56.088315
1765;1874;-109;10:54:56.088315
1765;1878;-113;10:54:56.089313
1763;1878;-115;10:54:56.089313
1764;1878;-114;10:54:56.089313
1766;1881;-115;10:54:56.089313
1766;1884;-118;10:54:56.089313
1773;1882;-109;10:54:56.089313
1777;1884;-107;10:54:56.089313
1774;1881;-107;10:54:56.089313
1770;1883;-113;10:54:56.089313
1770;1884;-114;10:54:56.089313
1767;1881;-114;10:54:56.089313
1767;1878;-111;10:54:56.089313
1771;1879;-108;10:54:56.089313
1768;1879;-111;10:54:56.089313
1769;1878;-109;10:54:56.089313
1769;1877;-108;10:54:56.089313
1766;1870;-104;10:54:56.089313
1764;1867;-103;10:54:56.089313
1759;1869;-110;10:54:56.089313
1758;1868;-110;10:54:56.089313
1761;1867;-106;10:54:56.089313
1759;1864;-105;10:54:56.089313
1757;1865;-108;10:54:56.089313
1753;1865;-112;10:54:56.089313
1750;1863;-113;10:54:56.089313
1747;1861;-114;10:54:56.089313
1745;1856;-111;10:54:56.089313
1743;1860;-117;10:54:56.089313
1747;1862;-115;10:54:56.089313
1754;1861;-107;10:54:56.089313
1758;1866;-108;10:54:56.089313
1763;1869;-106;10:54:56.089313
1763;1871;-108;10:54:56.089313
1758;1871;-113;10:54:56.089313
1758;1873;-115;10:54:56.089313
1760;1874;-114;10:54:56.089313
1761;1876;-115;10:54:56.089313
1768;1880;-112;10:54:56.089313
1770;1883;-113;10:54:56.089313
1773;1885;-112;10:54:56.089313
1775;1886;-111;10:54:56.089313
1774;1883;-109;10:54:56.089313
1771;1880;-109;10:54:56.089313
1769;1883;-114;10:54:56.089313
1767;1881;-114;10:54:56.089313
1774;1882;-108;10:54:56.089313
1776;1884;-108;10:54:56.089313
1777;1885;-108;10:54:56.089313
1774;1886;-112;10:54:56.089313
1773;1880;-107;10:54:56.089313
1767;1878;-111;10:54:56.089313
1765;1873;-108;10:54:56.089313
1765;1869;-104;10:54:56.089313
1764;1871;-107;10:54:56.089313
1763;1874;-111;10:54:56.089313
1764;1873;-109;10:54:56.089313
1765;1873;-108;10:54:56.089313
1763;1870;-107;10:54:56.089313
1758;1864;-106;10:54:56.089313
1752;1858;-106;10:54:56.089313
1749;1857;-108;10:54:56.089313
1749;1856;-107;10:54:56.089313
1750;1857;-107;10:54:56.089313
1753;1861;-108;10:54:56.089313
1752;1866;-114;10:54:56.089313
1755;1866;-111;10:54:56.089313
1754;1866;-112;10:54:56.089313
1751;1868;-117;10:54:56.089313
1750;1865;-115;10:54:56.089313
1753;1864;-111;10:54:56.089313
1757;1872;-115;10:54:56.089313
1762;1874;-112;10:54:56.089313
1768;1877;-109;10:54:56.089313
1769;1881;-112;10:54:56.089313
1769;1882;-113;10:54:56.089313
1768;1881;-113;10:54:56.089313
1765;1880;-115;10:54:56.089313
1768;1879;-111;10:54:56.089313
1771;1882;-111;10:54:56.089313
1776;1884;-108;10:54:56.089313
1779;1882;-103;10:54:56.089313
1780;1887;-107;10:54:56.089313
1776;1884;-108;10:54:56.089313
1773;1881;-108;10:54:56.089313
1771;1881;-110;10:54:56.089313
1768;1875;-107;10:54:56.089313
1767;1876;-109;10:54:56.089313
1768;1874;-106;10:54:56.089313
1771;1874;-103;10:54:56.089313
1772;1875;-103;10:54:56.089313
1768;1871;-103;10:54:56.089313
1763;1866;-103;10:54:56.089313
1757;1862;-105;10:54:56.089313
1754;1860;-106;10:54:56.089313
1749;1860;-111;10:54:56.089313
1748;1863;-115;10:54:56.089313
1750;1862;-112;10:54:56.089313
1753;1862;-109;10:54:56.089313
1749;1864;-115;10:54:56.089313
1746;1859;-113;10:54:56.089313
1745;1856;-111;10:54:56.089313
1745;1858;-113;10:54:56.089313
1747;1855;-108;10:54:56.089313
1752;1855;-103;10:54:56.089313
1755;1860;-105;10:54:56.089313
1757;1860;-103;10:54:56.089313
1753;1858;-105;10:54:56.089313
1752;1858;-106;10:54:56.089313
1748;1860;-112;10:54:56.089313
1743;1858;-115;10:54:56.089313
1744;1858;-114;10:54:56.089313
1748;1866;-118;10:54:56.089313
1753;1870;-117;10:54:56.089313
1760;1870;-110;10:54:56.089313
1765;1874;-109;10:54:56.089313
1763;1870;-107;10:54:56.089313
1758;1864;-106;10:54:56.089313
1758;1861;-103;10:54:56.089313
1751;1858;-107;10:54:56.089313
1748;1858;-110;10:54:56.089313
1751;1860;-109;10:54:56.089313
1754;1861;-107;10:54:56.089313
1752;1859;-107;10:54:56.089313
1752;1860;-108;10:54:56.089313
1750;1859;-109;10:54:56.089313
1742;1855;-113;10:54:56.089313
1740;1847;-107;10:54:56.089313
1744;1847;-103;10:54:56.089313
1743;1855;-112;10:54:56.089313
1743;1858;-115;10:54:56.089313
1748;1862;-114;10:54:56.089313
1751;1863;-112;10:54:56.089313
1752;1863;-111;10:54:56.089313
1752;1861;-109;10:54:56.089313
1749;1861;-112;10:54:56.089313
1751;1857;-106;10:54:56.089313
1755;1862;-107;10:54:56.089313
1760;1863;-103;10:54:56.089313
1759;1868;-109;10:54:56.089313
1756;1875;-119;10:54:56.089313
1761;1875;-114;10:54:56.089313
1759;1874;-115;10:54:56.089313
1754;1870;-116;10:54:56.089313
1754;1868;-114;10:54:56.089313
1760;1872;-112;10:54:56.089313
1763;1870;-107;10:54:56.089313
1765;1875;-110;10:54:56.089313
1768;1876;-108;10:54:56.089313
1769;1874;-105;10:54:56.089313
1762;1876;-114;10:54:56.089313
1758;1870;-112;10:54:56.089313
1754;1868;-114;10:54:56.089313
1758;1869;-111;10:54:56.089313
1762;1872;-110;10:54:56.089313
1765;1868;-103;10:54:56.089313
1766;1872;-106;10:54:56.089313
1765;1873;-108;10:54:56.089313
1760;1875;-115;10:54:56.089313
1759;1872;-113;10:54:56.089313
1757;1866;-109;10:54:56.089313
1756;1871;-115;10:54:56.089313
1757;1872;-115;10:54:56.089313
1758;1874;-116;10:54:56.089313
1763;1876;-113;10:54:56.089313
1769;1873;-104;10:54:56.089313
1767;1871;-104;10:54:56.089313
1764;1873;-109;10:54:56.089313
1763;1870;-107;10:54:56.089313
1761;1870;-109;10:54:56.089313
1758;1871;-113;10:54:56.089313
1764;1872;-108;10:54:56.089313
1763;1876;-113;10:54:56.089313
1764;1877;-113;10:54:56.089313
1764;1877;-113;10:54:56.089313
1763;1877;-114;10:54:56.089313
1760;1873;-113;10:54:56.089313
1760;1873;-113;10:54:56.089313
1763;1873;-110;10:54:56.089313
1766;1876;-110;10:54:56.089313
1765;1880;-115;10:54:56.089313
1765;1880;-115;10:54:56.089313
1765;1881;-116;10:54:56.089313
1765;1878;-113;10:54:56.089313
1760;1876;-116;10:54:56.089313
1760;1876;-116;10:54:56.089313
1763;1882;-119;10:54:56.089313
1768;1881;-113;10:54:56.089313
1776;1883;-107;10:54:56.089313
1776;1889;-113;10:54:56.089313
1773;1888;-115;10:54:56.089313
1771;1887;-116;10:54:56.089313
1769;1879;-110;10:54:56.089313
1763;1874;-111;10:54:56.089313
1761;1874;-113;10:54:56.089313
1761;1873;-112;10:54:56.089313
1762;1874;-112;10:54:56.089313
1762;1878;-116;10:54:56.089313
1766;1877;-111;10:54:56.089313
1766;1872;-106;10:54:56.089313
1763;1870;-107;10:54:56.089313
1764;1868;-104;10:54:56.089313
1760;1867;-107;10:54:56.089313
1762;1868;-106;10:54:56.089313
1769;1877;-108;10:54:56.089313
1770;1882;-112;10:54:56.089313
1768;1882;-114;10:54:56.089313
1768;1882;-114;10:54:56.089313
1765;1880;-115;10:54:56.089313
1767;1877;-110;10:54:56.089313
1764;1873;-109;10:54:56.089313
1765;1872;-107;10:54:56.089313
1767;1876;-109;10:54:56.089313
1767;1879;-112;10:54:56.089313
1769;1880;-111;10:54:56.089313
1771;1881;-110;10:54:56.089313
1768;1884;-116;10:54:56.089313
1766;1882;-116;10:54:56.089313
1762;1877;-115;10:54:56.089313
1762;1874;-112;10:54:56.089313
1763;1877;-114;10:54:56.089313
1766;1878;-112;10:54:56.089313
1766;1878;-112;10:54:56.089313
1768;1876;-108;10:54:56.089313
1766;1876;-110;10:54:56.089313
1765;1873;-108;10:54:56.089313
1761;1871;-110;10:54:56.089313
1760;1872;-112;10:54:56.089313
1765;1873;-108;10:54:56.089313
1766;1877;-111;10:54:56.089313
1769;1879;-110;10:54:56.089313
1767;1879;-112;10:54:56.089313
1765;1878;-113;10:54:56.089313
1764;1874;-110;10:54:56.089313
1759;1872;-113;10:54:56.089313
1758;1867;-109;10:54:56.089313
1759;1870;-111;10:54:56.089313
1762;1869;-107;10:54:56.089313
1761;1869;-108;10:54:56.089313
1761;1871;-110;10:54:56.089313
1759;1871;-112;10:54:56.089313
1756;1871;-115;10:54:56.089313
1756;1868;-112;10:54:56.089313
1755;1868;-113;10:54:56.089313
1756;1868;-112;10:54:56.089313
1759;1870;-111;10:54:56.089313
1760;1868;-108;10:54:56.089313
1764;1875;-111;10:54:56.089313
1763;1875;-112;10:54:56.089313
1766;1876;-110;10:54:56.089313
1765;1880;-115;10:54:56.089313
1768;1881;-113;10:54:56.089313
1768;1886;-118;10:54:56.089313
1770;1884;-114;10:54:56.089313
1768;1888;-120;10:54:56.089313
1770;1887;-117;10:54:56.089313
1769;1881;-112;10:54:56.089313
1768;1875;-107;10:54:56.089313
1767;1874;-107;10:54:56.089313
1763;1872;-109;10:54:56.089313
1763;1869;-106;10:54:56.089313
1759;1872;-113;10:54:56.089313
1757;1874;-117;10:54:56.089313
1760;1873;-113;10:54:56.089313
1757;1867;-110;10:54:56.089313
1754;1861;-107;10:54:56.089313
1748;1858;-110;10:54:56.089313
1747;1856;-109;10:54:56.089313
1744;1854;-110;10:54:56.089313
1749;1855;-106;10:54:56.089313
1748;1859;-111;10:54:56.089313
1751;1861;-110;10:54:56.089313
1753;1861;-108;10:54:56.089313
1752;1861;-109;10:54:56.089313
1749;1860;-111;10:54:56.089313
1750;1858;-108;10:54:56.089313
1747;1857;-110;10:54:56.089313
1746;1858;-112;10:54:56.089313
1746;1861;-115;10:54:56.089313
1746;1860;-114;10:54:56.089313
1745;1861;-116;10:54:56.089313
1747;1861;-114;10:54:56.089313
1745;1858;-113;10:54:56.089313
1743;1857;-114;10:54:56.089313
1742;1857;-115;10:54:56.089313
1747;1858;-111;10:54:56.089313
1748;1860;-112;10:54:56.089313
1751;1857;-106;10:54:56.089313
1751;1859;-108;10:54:56.089313
1749;1861;-112;10:54:56.089313
1747;1857;-110;10:54:56.089313
1747;1851;-104;10:54:56.089313
1744;1849;-105;10:54:56.089313
1740;1853;-113;10:54:56.089313
1740;1853;-113;10:54:56.089313
1745;1857;-112;10:54:56.089313
1747;1858;-111;10:54:56.089313
1748;1860;-112;10:54:56.089313
1747;1859;-112;10:54:56.089313
1745;1860;-115;10:54:56.089313
1745;1859;-114;10:54:56.089313
1747;1859;-112;10:54:56.089313
1747;1862;-115;10:54:56.089313
1748;1862;-114;10:54:56.089313
1749;1860;-111;10:54:56.089313
1754;1863;-109;10:54:56.089313
1753;1859;-106;10:54:56.089313
1747;1855;-108;10:54:56.089313
1743;1856;-113;10:54:56.089313
1747;1855;-108;10:54:56.089313
1745;1853;-108;10:54:56.089313
1744;1853;-109;10:54:56.089313
1750;1855;-105;10:54:56.089313
1745;1852;-107;10:54:56.089313
1744;1852;-108;10:54:56.089313
1745;1857;-112;10:54:56.089313
1744;1861;-117;10:54:56.089313
1744;1860;-116;10:54:56.089313
1745;1859;-114;10:54:56.089313
1746;1859;-113;10:54:56.089313
1749;1862;-113;10:54:56.089313
1754;1858;-104;10:54:56.089313
1755;1859;-104;10:54:56.089313
1755;1860;-105;10:54:56.089313
1758;1862;-104;10:54:56.089313
1755;1864;-109;10:54:56.089313
1754;1869;-115;10:54:56.089313
1755;1871;-116;10:54:56.089313
1754;1871;-117;10:54:56.089313
1756;1870;-114;10:54:56.089313
1754;1868;-114;10:54:56.089313
1755;1866;-111;10:54:56.089313
1754;1862;-108;10:54:56.089313
1750;1860;-110;10:54:56.089313
1753;1859;-106;10:54:56.089313
1752;1861;-109;10:54:56.089313
1754;1862;-108;10:54:56.089313
1756;1861;-105;10:54:56.089313
1755;1862;-107;10:54:56.089313
1756;1863;-107;10:54:56.089313
1756;1869;-113;10:54:56.089313
1757;1868;-111;10:54:56.089313
1762;1870;-108;10:54:56.089313
1766;1874;-108;10:54:56.089313
1766;1877;-111;10:54:56.089313
1766;1878;-112;10:54:56.089313
1765;1877;-112;10:54:56.089313
1768;1880;-112;10:54:56.089313
1769;1881;-112;10:54:56.089313
1769;1881;-112;10:54:56.089313
1771;1880;-109;10:54:56.089313
1772;1881;-109;10:54:56.089313
1771;1880;-109;10:54:56.089313
1772;1879;-107;10:54:56.089313
1770;1879;-109;10:54:56.089313
1771;1872;-101;10:54:56.089313
1768;1873;-105;10:54:56.089313
1768;1876;-108;10:54:56.089313
1761;1876;-115;10:54:56.089313
1763;1874;-111;10:54:56.089313
1763;1875;-112;10:54:56.089313
1762;1875;-113;10:54:56.089313
1767;1873;-106;10:54:56.089313
1764;1877;-113;10:54:56.089313
1765;1876;-111;10:54:56.089313
1761;1876;-115;10:54:56.089313
1763;1875;-112;10:54:56.089313
1762;1875;-113;10:54:56.089313
1765;1874;-109;10:54:56.089313
1767;1872;-105;10:54:56.089313
1767;1874;-107;10:54:56.089313
1769;1878;-109;10:54:56.089313
1769;1880;-111;10:54:56.089313
1767;1881;-114;10:54:56.089313
1767;1882;-115;10:54:56.089313
1770;1881;-111;10:54:56.089313
1771;1882;-111;10:54:56.089313
1769;1880;-111;10:54:56.089313
1769;1877;-108;10:54:56.089313
1768;1874;-106;10:54:56.089313
1769;1875;-106;10:54:56.089313
1771;1877;-106;10:54:56.089313
1767;1878;-111;10:54:56.089313
1766;1875;-109;10:54:56.089313
1769;1876;-107;10:54:56.089313
1767;1879;-112;10:54:56.089313
1769;1879;-110;10:54:56.089313
1772;1882;-110;10:54:56.089313
1772;1886;-114;10:54:56.089313
1773;1887;-114;10:54:56.089313
1771;1888;-117;10:54:56.089313
1768;1887;-119;10:54:56.089313
1769;1886;-117;10:54:56.089313
1772;1883;-111;10:54:56.089313
1770;1881;-111;10:54:56.089313
1766;1879;-113;10:54:56.089313
1771;1878;-107;10:54:56.089313
1770;1880;-110;10:54:56.089313
1770;1883;-113;10:54:56.089313
1769;1881;-112;10:54:56.089313
1767;1882;-115;10:54:56.089313
1770;1881;-111;10:54:56.089313
1768;1878;-110;10:54:56.089313
1764;1875;-111;10:54:56.089313
1766;1871;-105;10:54:56.089313
1765;1871;-106;10:54:56.089313
1762;1868;-106;10:54:56.089313
1761;1867;-106;10:54:56.089313
1760;1867;-107;10:54:56.089313
1759;1868;-109;10:54:56.089313
1757;1866;-109;10:54:56.089313
1758;1865;-107;10:54:56.089313
1756;1867;-111;10:54:56.089313
1758;1867;-109;10:54:56.089313
1762;1872;-110;10:54:56.089313
1761;1874;-113;10:54:56.089313
1763;1873;-110;10:54:56.089313
1763;1874;-111;10:54:56.089313
1761;1874;-113;10:54:56.089313
1764;1873;-109;10:54:56.089313
1764;1876;-112;10:54:56.089313
1764;1876;-112;10:54:56.089313
1762;1878;-116;10:54:56.089313
1764;1883;-119;10:54:56.089313
1764;1880;-116;10:54:56.089313
1765;1882;-117;10:54:56.089313
1765;1878;-113;10:54:56.089313
1762;1875;-113;10:54:56.089313
1764;1873;-109;10:54:56.089313
1762;1869;-107;10:54:56.089313
1762;1869;-107;10:54:56.089313
1759;1871;-112;10:54:56.089313
1759;1870;-111;10:54:56.089313
1758;1871;-113;10:54:56.089313
1759;1871;-112;10:54:56.089313
1761;1871;-110;10:54:56.089313
1761;1870;-109;10:54:56.089313
1761;1869;-108;10:54:56.089313
1759;1868;-109;10:54:56.089313
1756;1869;-113;10:54:56.089313
1757;1871;-114;10:54:56.089313
1756;1868;-112;10:54:56.089313
1757;1866;-109;10:54:56.089313
1757;1866;-109;10:54:56.089313
1759;1868;-109;10:54:56.089313
1758;1868;-110;10:54:56.089313
1760;1866;-106;10:54:56.089313
1756;1866;-110;10:54:56.089313
1750;1865;-115;10:54:56.089313
1749;1865;-116;10:54:56.089313
1747;1861;-114;10:54:56.089313
1745;1856;-111;10:54:56.089313
1749;1856;-107;10:54:56.089313
1748;1853;-105;10:54:56.089313
1749;1852;-103;10:54:56.089313
1751;1859;-108;10:54:56.089313
1751;1864;-113;10:54:56.089313
1750;1867;-117;10:54:56.089313
1750;1870;-120;10:54:56.089313
1754;1868;-114;10:54:56.089313
1751;1867;-116;10:54:56.089313
1749;1865;-116;10:54:56.089313
1755;1862;-107;10:54:56.089313
1756;1865;-109;10:54:56.089313
1755;1865;-110;10:54:56.089313
1754;1865;-111;10:54:56.089313
1752;1865;-113;10:54:56.089313
1752;1866;-114;10:54:56.089313
1754;1863;-109;10:54:56.089313
1754;1862;-108;10:54:56.089313
1754;1861;-107;10:54:56.089313
1754;1861;-107;10:54:56.089313
1753;1864;-111;10:54:56.089313
1753;1864;-111;10:54:56.089313
1753;1864;-111;10:54:56.089313
1753;1863;-110;10:54:56.089313
1753;1863;-110;10:54:56.089313
1752;1858;-106;10:54:56.089313
1753;1858;-105;10:54:56.089313
1751;1861;-110;10:54:56.089313
1752;1860;-108;10:54:56.089313
1750;1860;-110;10:54:56.089313
1749;1863;-114;10:54:56.089313
1750;1868;-118;10:54:56.089313
1751;1863;-112;10:54:56.089313
1752;1866;-114;10:54:56.089313
1755;1869;-114;10:54:56.089313
1758;1868;-110;10:54:56.089313
1765;1873;-108;10:54:56.089313
1766;1875;-109;10:54:56.089313
1763;1874;-111;10:54:56.089313
1768;1875;-107;10:54:56.089313
1768;1874;-106;10:54:56.089313
1767;1873;-106;10:54:56.089313
1763;1872;-109;10:54:56.089313
1758;1871;-113;10:54:56.089313
1763;1873;-110;10:54:56.089313
1765;1875;-110;10:54:56.089313
1762;1875;-113;10:54:56.089313
1762;1875;-113;10:54:56.089313
1767;1873;-106;10:54:56.089313
1770;1873;-103;10:54:56.089313
1766;1872;-106;10:54:56.089313
1767;1871;-104;10:54:56.089313
1763;1872;-109;10:54:56.089313
1764;1875;-111;10:54:56.089313
1764;1874;-110;10:54:56.089313
1763;1874;-111;10:54:56.089313
1763;1872;-109;10:54:56.089313
1766;1872;-106;10:54:56.089313
1767;1866;-99;10:54:56.089313
1766;1872;-106;10:54:56.090309
1765;1874;-109;10:54:56.090309
1768;1876;-108;10:54:56.090309
1765;1877;-112;10:54:56.090309
1760;1876;-116;10:54:56.090309
1761;1874;-113;10:54:56.090309
1764;1870;-106;10:54:56.090309
1761;1868;-107;10:54:56.090309
1759;1867;-108;10:54:56.090309
1763;1871;-108;10:54:56.090309
1764;1874;-110;10:54:56.090309
1766;1873;-107;10:54:56.090309
1766;1877;-111;10:54:56.090309
1767;1876;-109;10:54:56.090309
1767;1878;-111;10:54:56.090309
1767;1876;-109;10:54:56.090309
1768;1877;-109;10:54:56.090309
1769;1879;-110;10:54:56.090309
1768;1883;-115;10:54:56.090309
1767;1887;-120;10:54:56.090309
1765;1887;-122;10:54:56.090309
1772;1885;-113;10:54:56.090309
1773;1883;-110;10:54:56.090309
1772;1879;-107;10:54:56.090309
1769;1877;-108;10:54:56.090309
1771;1879;-108;10:54:56.090309
1773;1879;-106;10:54:56.090309
1770;1875;-105;10:54:56.090309
1769;1879;-110;10:54:56.090309
1767;1880;-113;10:54:56.090309
1763;1876;-113;10:54:56.090309
1764;1869;-105;10:54:56.090309
1762;1872;-110;10:54:56.090309
1762;1871;-109;10:54:56.090309
1762;1867;-105;10:54:56.090309
1759;1868;-109;10:54:56.090309
1758;1867;-109;10:54:56.090309
1758;1868;-110;10:54:56.090309
1760;1867;-107;10:54:56.090309
1762;1867;-105;10:54:56.090309
1761;1866;-105;10:54:56.090309
1761;1868;-107;10:54:56.090309
1762;1870;-108;10:54:56.090309
1763;1874;-111;10:54:56.090309
1765;1874;-109;10:54:56.090309
1763;1876;-113;10:54:56.090309
1768;1881;-113;10:54:56.090309
1766;1881;-115;10:54:56.090309
1765;1877;-112;10:54:56.090309
1767;1880;-113;10:54:56.090309
1767;1883;-116;10:54:56.090309
1770;1883;-113;10:54:56.090309
1769;1883;-114;10:54:56.090309
1771;1880;-109;10:54:56.090309
1768;1883;-115;10:54:56.090309
1766;1876;-110;10:54:56.090309
1764;1878;-114;10:54:56.090309
1764;1872;-108;10:54:56.090309
1759;1868;-109;10:54:56.090309
1760;1868;-108;10:54:56.090309
1754;1870;-116;10:54:56.090309
1754;1869;-115;10:54:56.090309
1755;1870;-115;10:54:56.090309
1759;1867;-108;10:54:56.090309
1755;1870;-115;10:54:56.090309
1757;1867;-110;10:54:56.090309
1757;1868;-111;10:54:56.090309
1753;1865;-112;10:54:56.090309
1756;1867;-111;10:54:56.090309
1754;1867;-113;10:54:56.090309
1750;1866;-116;10:54:56.090309
1754;1862;-108;10:54:56.090309
1756;1863;-107;10:54:56.090309
1757;1865;-108;10:54:56.090309
1755;1867;-112;10:54:56.090309
1757;1868;-111;10:54:56.090309
1759;1868;-109;10:54:56.090309
1755;1869;-114;10:54:56.090309
1751;1871;-120;10:54:56.090309
1754;1866;-112;10:54:56.090309
1753;1865;-112;10:54:56.090309
1753;1862;-109;10:54:56.090309
1753;1862;-109;10:54:56.090309
1753;1864;-111;10:54:56.090309
1757;1865;-108;10:54:56.090309
1756;1867;-111;10:54:56.090309
1753;1868;-115;10:54:56.090309
1755;1871;-116;10:54:56.090309
1758;1872;-114;10:54:56.090309
1755;1870;-115;10:54:56.090309
1754;1871;-117;10:54:56.090309
1756;1870;-114;10:54:56.090309
1757;1871;-114;10:54:56.090309
1758;1873;-115;10:54:56.090309
1756;1872;-116;10:54:56.090309
1755;1872;-117;10:54:56.090309
1756;1872;-116;10:54:56.090309
1757;1865;-108;10:54:56.090309
1756;1861;-105;10:54:56.090309
1756;1860;-104;10:54:56.090309
1756;1858;-102;10:54:56.090309
1754;1859;-105;10:54:56.090309
1753;1861;-108;10:54:56.090309
1751;1859;-108;10:54:56.090309
1747;1862;-115;10:54:56.090309
1746;1857;-111;10:54:56.090309
1740;1854;-114;10:54:56.090309
1738;1853;-115;10:54:56.090309
1741;1853;-112;10:54:56.090309
1742;1853;-111;10:54:56.090309
1740;1851;-111;10:54:56.090309
1740;1852;-112;10:54:56.090309
1742;1855;-113;10:54:56.090309
1740;1855;-115;10:54:56.090309
1738;1853;-115;10:54:56.090309
1739;1855;-116;10:54:56.090309
1743;1855;-112;10:54:56.090309
1744;1857;-113;10:54:56.090309
1743;1859;-116;10:54:56.090309
1746;1862;-116;10:54:56.090309
1746;1865;-119;10:54:56.090309
1749;1865;-116;10:54:56.090309
1750;1864;-114;10:54:56.090309
1750;1861;-111;10:54:56.090309
1752;1859;-107;10:54:56.090309
1751;1858;-107;10:54:56.090309
1751;1863;-112;10:54:56.090309
1750;1864;-114;10:54:56.090309
1753;1867;-114;10:54:56.090309
1753;1870;-117;10:54:56.090309
1757;1867;-110;10:54:56.090309
1756;1868;-112;10:54:56.090309
1755;1868;-113;10:54:56.090309
1758;1866;-108;10:54:56.090309
1761;1866;-105;10:54:56.090309
1760;1867;-107;10:54:56.090309
1759;1867;-108;10:54:56.090309
1760;1870;-110;10:54:56.090309
1761;1870;-109;10:54:56.090309
1758;1865;-107;10:54:56.090309
1758;1870;-112;10:54:56.090309
1761;1870;-109;10:54:56.090309
1759;1870;-111;10:54:56.090309
1760;1870;-110;10:54:56.090309
1761;1873;-112;10:54:56.090309
1760;1872;-112;10:54:56.090309
1760;1872;-112;10:54:56.090309
1762;1868;-106;10:54:56.090309
1763;1869;-106;10:54:56.090309
1759;1866;-107;10:54:56.090309
1759;1869;-110;10:54:56.090309
1764;1873;-109;10:54:56.090309
1759;1872;-113;10:54:56.090309
1756;1872;-116;10:54:56.090309
1757;1875;-118;10:54:56.090309
1760;1871;-111;10:54:56.090309
1759;1869;-110;10:54:56.090309
1759;1868;-109;10:54:56.090309
1762;1872;-110;10:54:56.090309
1762;1874;-112;10:54:56.090309
1763;1878;-115;10:54:56.090309
1766;1883;-117;10:54:56.090309
1769;1884;-115;10:54:56.090309
1771;1885;-114;10:54:56.090309
1772;1886;-114;10:54:56.090309
1770;1881;-111;10:54:56.090309
1772;1876;-104;10:54:56.090309
1770;1877;-107;10:54:56.090309
1766;1876;-110;10:54:56.090309
1763;1877;-114;10:54:56.090309
1764;1880;-116;10:54:56.090309
1766;1876;-110;10:54:56.090309
1767;1877;-110;10:54:56.090309
1766;1874;-108;10:54:56.090309
1767;1876;-109;10:54:56.090309
1769;1871;-102;10:54:56.090309
1770;1875;-105;10:54:56.090309
1770;1878;-108;10:54:56.090309
1767;1880;-113;10:54:56.090309
1768;1881;-113;10:54:56.090309
1769;1879;-110;10:54:56.090309
1765;1875;-110;10:54:56.090309
1765;1876;-111;10:54:56.090309
1770;1877;-107;10:54:56.090309
1774;1881;-107;10:54:56.090309
1772;1884;-112;10:54:56.090309
1771;1885;-114;10:54:56.090309
1778;1891;-113;10:54:56.090309
1779;1890;-111;10:54:56.090309
1775;1883;-108;10:54:56.090309
1774;1883;-109;10:54:56.090309
1773;1882;-109;10:54:56.090309
1771;1881;-110;10:54:56.090309
1769;1878;-109;10:54:56.090309
1770;1881;-111;10:54:56.090309
1771;1882;-111;10:54:56.090309
1768;1879;-111;10:54:56.090309
1770;1876;-106;10:54:56.090309
1769;1874;-105;10:54:56.090309
1764;1872;-108;10:54:56.090309
1764;1872;-108;10:54:56.090309
1764;1874;-110;10:54:56.090309
1764;1876;-112;10:54:56.090309
1763;1875;-112;10:54:56.090309
1765;1873;-108;10:54:56.090309
1764;1876;-112;10:54:56.090309
1764;1875;-111;10:54:56.090309
1766;1875;-109;10:54:56.090309
1768;1872;-104;10:54:56.090309
1769;1875;-106;10:54:56.090309
1767;1878;-111;10:54:56.090309
1770;1879;-109;10:54:56.090309
1771;1877;-106;10:54:56.090309
1771;1873;-102;10:54:56.090309
1769;1874;-105;10:54:56.090309
1765;1873;-108;10:54:56.090309
1767;1874;-107;10:54:56.090309
1770;1874;-104;10:54:56.090309
1770;1877;-107;10:54:56.090309
1771;1880;-109;10:54:56.090309
1771;1880;-109;10:54:56.090309
1767;1876;-109;10:54:56.090309
1763;1873;-110;10:54:56.090309
1765;1874;-109;10:54:56.090309
1767;1872;-105;10:54:56.090309
1766;1874;-108;10:54:56.090309
1767;1877;-110;10:54:56.090309
1766;1877;-111;10:54:56.090309
1765;1875;-110;10:54:56.090309
1766;1879;-113;10:54:56.090309
1765;1876;-111;10:54:56.090309
1764;1873;-109;10:54:56.090309
1765;1875;-110;10:54:56.090309
1763;1873;-110;10:54:56.090309
1765;1877;-112;10:54:56.090309
1764;1883;-119;10:54:56.090309
1762;1883;-121;10:54:56.090309
1765;1880;-115;10:54:56.090309
1765;1878;-113;10:54:56.090309
1763;1868;-105;10:54:56.090309
1764;1862;-98;10:54:56.090309
1762;1862;-100;10:54:56.090309
1761;1864;-103;10:54:56.090309
1761;1861;-100;10:54:56.090309
1761;1865;-104;10:54:56.090309
1760;1865;-105;10:54:56.090309
1760;1863;-103;10:54:56.090309
1758;1864;-106;10:54:56.090309
1758;1866;-108;10:54:56.090309
1757;1866;-109;10:54:56.090309
1760;1868;-108;10:54:56.090309
1765;1868;-103;10:54:56.090309
1764;1875;-111;10:54:56.090309
1764;1871;-107;10:54:56.090309
1764;1871;-107;10:54:56.090309
1763;1865;-102;10:54:56.090309
1761;1862;-101;10:54:56.090309
1761;1863;-102;10:54:56.090309
1761;1867;-106;10:54:56.090309
1757;1870;-113;10:54:56.090309
1754;1868;-114;10:54:56.090309
1756;1867;-111;10:54:56.090309
1758;1865;-107;10:54:56.090309
1756;1860;-104;10:54:56.090309
1752;1858;-106;10:54:56.090309
1751;1858;-107;10:54:56.090309
1751;1854;-103;10:54:56.090309
1748;1855;-107;10:54:56.090309
1747;1857;-110;10:54:56.090309
1745;1858;-113;10:54:56.090309
1747;1856;-109;10:54:56.090309
1743;1859;-116;10:54:56.090309
1743;1852;-109;10:54:56.090309
1743;1851;-108;10:54:56.090309
1748;1848;-100;10:54:56.090309
1746;1854;-108;10:54:56.090309
1746;1856;-110;10:54:56.090309
1749;1857;-108;10:54:56.090309
1748;1859;-111;10:54:56.090309
1747;1858;-111;10:54:56.090309
1751;1857;-106;10:54:56.090309
1749;1859;-110;10:54:56.090309
1748;1857;-109;10:54:56.090309
1746;1860;-114;10:54:56.090309
1746;1862;-116;10:54:56.090309
1747;1860;-113;10:54:56.090309
1747;1855;-108;10:54:56.090309
1751;1854;-103;10:54:56.090309
1748;1855;-107;10:54:56.090309
1743;1856;-113;10:54:56.090309
1746;1852;-106;10:54:56.090309
1748;1855;-107;10:54:56.090309
1749;1855;-106;10:54:56.090309
1746;1857;-111;10:54:56.090309
1744;1858;-114;10:54:56.090309
1743;1855;-112;10:54:56.090309
1744;1850;-106;10:54:56.090309
1746;1851;-105;10:54:56.090309
1744;1849;-105;10:54:56.090309
1744;1853;-109;10:54:56.090309
1744;1854;-110;10:54:56.090309
1744;1863;-119;10:54:56.090309
1745;1863;-118;10:54:56.090309
1745;1862;-117;10:54:56.090309
1749;1860;-111;10:54:56.090309
1749;1857;-108;10:54:56.090309
1749;1858;-109;10:54:56.090309
1751;1857;-106;10:54:56.090309
1750;1856;-106;10:54:56.090309
1749;1858;-109;10:54:56.090309
1752;1862;-110;10:54:56.090309
1750;1863;-113;10:54:56.090309
1750;1863;-113;10:54:56.090309
1753;1863;-110;10:54:56.090309
1756;1864;-108;10:54:56.090309
1759;1865;-106;10:54:56.090309
1763;1869;-106;10:54:56.090309
1763;1873;-110;10:54:56.090309
1761;1874;-113;10:54:56.090309
1765;1876;-111;10:54:56.090309
1762;1870;-108;10:54:56.090309
1758;1868;-110;10:54:56.090309
1758;1866;-108;10:54:56.090309
1762;1868;-106;10:54:56.090309
1760;1866;-106;10:54:56.090309
1759;1869;-110;10:54:56.090309
1760;1871;-111;10:54:56.090309
1759;1869;-110;10:54:56.090309
1759;1870;-111;10:54:56.090309
1759;1867;-108;10:54:56.090309
1759;1867;-108;10:54:56.090309
1761;1869;-108;10:54:56.090309
1765;1868;-103;10:54:56.090309
1761;1870;-109;10:54:56.090309
1757;1870;-113;10:54:56.090309
1760;1875;-115;10:54:56.090309
1758;1875;-117;10:54:56.090309
1760;1869;-109;10:54:56.090309
1759;1865;-106;10:54:56.090309
1759;1869;-110;10:54:56.090309
1762;1865;-103;10:54:56.090309
1758;1869;-111;10:54:56.090309
1757;1872;-115;10:54:56.090309
1756;1870;-114;10:54:56.090309
1756;1874;-118;10:54:56.090309
1760;1873;-113;10:54:56.090309
1762;1874;-112;10:54:56.090309
1764;1875;-111;10:54:56.090309
1764;1873;-109;10:54:56.090309
1765;1873;-108;10:54:56.090309
1764;1874;-110;10:54:56.090309
1764;1876;-112;10:54:56.090309
1760;1870;-110;10:54:56.090309
1758;1872;-114;10:54:56.090309
1757;1870;-113;10:54:56.090309
1759;1867;-108;10:54:56.090309
1756;1868;-112;10:54:56.090309
1762;1869;-107;10:54:56.090309
1761;1869;-108;10:54:56.090309
1758;1870;-112;10:54:56.090309
1757;1872;-115;10:54:56.090309
1759;1874;-115;10:54:56.090309
1763;1868;-105;10:54:56.090309
1761;1867;-106;10:54:56.090309
1758;1868;-110;10:54:56.090309
1761;1869;-108;10:54:56.090309
1758;1869;-111;10:54:56.090309
1755;1870;-115;10:54:56.090309
1755;1869;-114;10:54:56.090309
1755;1873;-118;10:54:56.090309
1758;1872;-114;10:54:56.090309
1755;1868;-113;10:54:56.090309
1758;1870;-112;10:54:56.090309
1760;1868;-108;10:54:56.090309
1759;1868;-109;10:54:56.090309
1756;1870;-114;10:54:56.090309
1755;1869;-114;10:54:56.090309
1755;1867;-112;10:54:56.090309
1751;1866;-115;10:54:56.090309
1753;1861;-108;10:54:56.090309
1752;1864;-112;10:54:56.090309
1751;1862;-111;10:54:56.090309
1756;1863;-107;10:54:56.090309
1754;1868;-114;10:54:56.090309
1752;1865;-113;10:54:56.090309
1756;1869;-113;10:54:56.090309
1755;1869;-114;10:54:56.090309
1759;1869;-110;10:54:56.090309
1762;1868;-106;10:54:56.090309
1763;1868;-105;10:54:56.090309
1763;1870;-107;10:54:56.090309
1761;1872;-111;10:54:56.090309
1762;1876;-114;10:54:56.090309
1763;1878;-115;10:54:56.090309
1761;1880;-119;10:54:56.090309
1764;1875;-111;10:54:56.090309
1763;1868;-105;10:54:56.090309
1763;1868;-105;10:54:56.090309
1759;1867;-108;10:54:56.090309
1758;1867;-109;10:54:56.090309
1759;1865;-106;10:54:56.090309
1757;1871;-114;10:54:56.090309
1754;1870;-116;10:54:56.090309
1754;1869;-115;10:54:56.090309
1753;1867;-114;10:54:56.090309
1755;1865;-110;10:54:56.090309
1752;1863;-111;10:54:56.090309
1750;1862;-112;10:54:56.090309
1750;1861;-111;10:54:56.090309
1747;1860;-113;10:54:56.090309
1747;1859;-112;10:54:56.090309
1748;1859;-111;10:54:56.090309
1747;1854;-107;10:54:56.090309
1749;1854;-105;10:54:56.090309
1745;1857;-112;10:54:56.090309
1745;1858;-113;10:54:56.090309
1747;1862;-115;10:54:56.090309
1746;1863;-117;10:54:56.090309
1748;1865;-117;10:54:56.090309
1751;1867;-116;10:54:56.090309
1755;1865;-110;10:54:56.090309
1757;1864;-107;10:54:56.090309
1758;1863;-105;10:54:56.090309
1755;1867;-112;10:54:56.090309
1759;1868;-109;10:54:56.090309
1765;1867;-102;10:54:56.090309
1759;1870;-111;10:54:56.090309
1757;1868;-111;10:54:56.090309
1760;1865;-105;10:54:56.090309
1761;1866;-105;10:54:56.090309
1759;1868;-109;10:54:56.090309
1757;1865;-108;10:54:56.090309
1758;1870;-112;10:54:56.090309
1755;1870;-115;10:54:56.090309
1754;1869;-115;10:54:56.090309
1756;1869;-113;10:54:56.090309
1755;1867;-112;10:54:56.090309
1753;1867;-114;10:54:56.090309
1752;1864;-112;10:54:56.090309
1755;1861;-106;10:54:56.090309
1751;1859;-108;10:54:56.090309
1749;1859;-110;10:54:56.090309
1748;1859;-111;10:54:56.090309
1743;1856;-113;10:54:56.090309
1744;1854;-110;10:54:56.090309
1742;1853;-111;10:54:56.090309
1741;1852;-111;10:54:56.090309
1741;1849;-108;10:54:56.090309
1741;1849;-108;10:54:56.090309
1737;1852;-115;10:54:56.090309
1737;1851;-114;10:54:56.090309
1735;1853;-118;10:54:56.090309
1740;1852;-112;10:54:56.090309
1738;1851;-113;10:54:56.090309
1737;1852;-115;10:54:56.090309
1742;1854;-112;10:54:56.090309
1743;1850;-107;10:54:56.090309
1744;1850;-106;10:54:56.090309
1743;1854;-111;10:54:56.090309
1747;1859;-112;10:54:56.090309
1746;1858;-112;10:54:56.090309
1750;1859;-109;10:54:56.090309
1751;1863;-112;10:54:56.090309
1749;1866;-117;10:54:56.090309
1753;1864;-111;10:54:56.090309
1755;1865;-110;10:54:56.090309
1750;1866;-116;10:54:56.090309
1749;1866;-117;10:54:56.090309
1754;1869;-115;10:54:56.090309
1753;1866;-113;10:54:56.090309
1754;1862;-108;10:54:56.090309
1758;1864;-106;10:54:56.090309
1757;1856;-99;10:54:56.090309
1755;1859;-104;10:54:56.090309
1755;1859;-104;10:54:56.090309
1752;1862;-110;10:54:56.090309
1752;1861;-109;10:54:56.090309
1753;1863;-110;10:54:56.090309
1753;1865;-112;10:54:56.090309
1753;1865;-112;10:54:56.090309
1751;1864;-113;10:54:56.090309
1751;1864;-113;10:54:56.090309
1753;1862;-109;10:54:56.090309
1754;1864;-110;10:54:56.090309
1753;1867;-114;10:54:56.090309
1757;1865;-108;10:54:56.090309
1757;1868;-111;10:54:56.090309
1757;1869;-112;10:54:56.090309
1759;1869;-110;10:54:56.090309
1762;1869;-107;10:54:56.090309
1760;1866;-106;10:54:56.090309
1758;1868;-110;10:54:56.090309
1757;1868;-111;10:54:56.090309
1756;1865;-109;10:54:56.090309
1757;1866;-109;10:54:56.090309
1757;1865;-108;10:54:56.090309
1757;1865;-108;10:54:56.090309
1758;1866;-108;10:54:56.090309
1757;1866;-109;10:54:56.090309
1754;1868;-114;10:54:56.090309
1756;1870;-114;10:54:56.090309
1757;1869;-112;10:54:56.090309
1756;1867;-111;10:54:56.090309
1758;1867;-109;10:54:56.090309
1757;1870;-113;10:54:56.090309
1761;1870;-109;10:54:56.090309
1762;1866;-104;10:54:56.090309
1761;1870;-109;10:54:56.090309
1760;1872;-112;10:54:56.090309
1762;1872;-110;10:54:56.090309
1758;1872;-114;10:54:56.091306
1761;1870;-109;10:54:56.091306
1762;1868;-106;10:54:56.091306
1762;1868;-106;10:54:56.091306
1761;1870;-109;10:54:56.091306
1757;1870;-113;10:54:56.091306
1762;1874;-112;10:54:56.091306
1764;1872;-108;10:54:56.091306
1763;1874;-111;10:54:56.091306
1762;1877;-115;10:54:56.091306
1766;1880;-114;10:54:56.091306
1766;1878;-112;10:54:56.091306
1768;1874;-106;10:54:56.091306
1768;1877;-109;10:54:56.091306
1770;1874;-104;10:54:56.091306
1768;1871;-103;10:54:56.091306
1764;1871;-107;10:54:56.091306
1762;1869;-107;10:54:56.091306
1758;1872;-114;10:54:56.091306
1759;1872;-113;10:54:56.091306
1760;1872;-112;10:54:56.091306
1755;1874;-119;10:54:56.091306
1758;1872;-114;10:54:56.091306
1757;1873;-116;10:54:56.091306
1759;1869;-110;10:54:56.091306
1759;1868;-109;10:54:56.091306
1759;1868;-109;10:54:56.091306
1757;1868;-111;10:54:56.091306
1760;1866;-106;10:54:56.091306
1762;1865;-103;10:54:56.091306
1756;1864;-108;10:54:56.091306
1753;1862;-109;10:54:56.091306
1752;1861;-109;10:54:56.091306
1750;1861;-111;10:54:56.091306
1751;1862;-111;10:54:56.091306
1747;1862;-115;10:54:56.091306
1755;1864;-109;10:54:56.091306
1756;1865;-109;10:54:56.091306
1754;1861;-107;10:54:56.091306
1755;1860;-105;10:54:56.091306
1751;1859;-108;10:54:56.091306
1749;1862;-113;10:54:56.091306
1756;1863;-107;10:54:56.091306
1754;1865;-111;10:54:56.091306
1755;1866;-111;10:54:56.091306
1760;1863;-103;10:54:56.091306
1760;1867;-107;10:54:56.091306
1762;1870;-108;10:54:56.091306
1763;1867;-104;10:54:56.091306
1761;1869;-108;10:54:56.091306
1758;1869;-111;10:54:56.091306
1757;1869;-112;10:54:56.091306
1759;1867;-108;10:54:56.091306
1756;1871;-115;10:54:56.091306
1754;1871;-117;10:54:56.091306
1757;1870;-113;10:54:56.091306
1757;1869;-112;10:54:56.091306
1760;1868;-108;10:54:56.091306
1762;1866;-104;10:54:56.091306
1762;1869;-107;10:54:56.091306
1761;1867;-106;10:54:56.091306
1764;1867;-103;10:54:56.091306
1762;1867;-105;10:54:56.091306
1761;1867;-106;10:54:56.091306
1758;1870;-112;10:54:56.091306
1759;1872;-113;10:54:56.091306
1761;1871;-110;10:54:56.091306
1762;1870;-108;10:54:56.091306
1763;1872;-109;10:54:56.091306
1763;1873;-110;10:54:56.091306
1763;1870;-107;10:54:56.091306
1762;1870;-108;10:54:56.091306
1761;1869;-108;10:54:56.091306
1761;1865;-104;10:54:56.091306
1758;1866;-108;10:54:56.091306
1757;1864;-107;10:54:56.091306
1758;1865;-107;10:54:56.091306
1758;1866;-108;10:54:56.091306
1763;1869;-106;10:54:56.091306
1762;1870;-108;10:54:56.091306
1760;1866;-106;10:54:56.091306
1759;1869;-110;10:54:56.091306
1756;1867;-111;10:54:56.091306
1757;1865;-108;10:54:56.091306
1759;1867;-108;10:54:56.091306
1759;1872;-113;10:54:56.091306
1756;1873;-117;10:54:56.091306
1758;1871;-113;10:54:56.091306
1759;1868;-109;10:54:56.091306
1757;1868;-111;10:54:56.091306
1757;1871;-114;10:54:56.091306
1759;1867;-108;10:54:56.091306
1758;1869;-111;10:54:56.091306
1759;1870;-111;10:54:56.091306
1761;1875;-114;10:54:56.091306
1762;1873;-111;10:54:56.091306
1765;1869;-104;10:54:56.091306
1763;1872;-109;10:54:56.091306
1761;1869;-108;10:54:56.091306
1760;1869;-109;10:54:56.091306
1758;1869;-111;10:54:56.091306
1760;1873;-113;10:54:56.091306
1761;1874;-113;10:54:56.091306
1759;1871;-112;10:54:56.091306
1759;1873;-114;10:54:56.091306
1762;1872;-110;10:54:56.091306
1760;1867;-107;10:54:56.091306
1757;1866;-109;10:54:56.091306
1759;1869;-110;10:54:56.091306
1761;1870;-109;10:54:56.091306
1761;1870;-109;10:54:56.091306
1762;1869;-107;10:54:56.091306
1762;1874;-112;10:54:56.091306
1762;1872;-110;10:54:56.091306
1759;1871;-112;10:54:56.091306
1758;1872;-114;10:54:56.091306
1756;1870;-114;10:54:56.091306
1757;1871;-114;10:54:56.091306
1756;1873;-117;10:54:56.091306
1760;1870;-110;10:54:56.091306
1761;1871;-110;10:54:56.091306
1759;1871;-112;10:54:56.091306
1763;1872;-109;10:54:56.091306
1761;1871;-110;10:54:56.091306
1763;1872;-109;10:54:56.091306
1766;1873;-107;10:54:56.091306
1766;1874;-108;10:54:56.091306
1766;1871;-105;10:54:56.091306
1765;1874;-109;10:54:56.091306
1761;1873;-112;10:54:56.091306
1762;1873;-111;10:54:56.091306
1757;1868;-111;10:54:56.091306
1756;1870;-114;10:54:56.091306
1759;1870;-111;10:54:56.091306
1761;1873;-112;10:54:56.091306
1756;1874;-118;10:54:56.091306
1761;1874;-113;10:54:56.091306
1765;1874;-109;10:54:56.091306
1765;1873;-108;10:54:56.091306
1762;1869;-107;10:54:56.091306
1761;1871;-110;10:54:56.091306
1760;1873;-113;10:54:56.091306
1759;1873;-114;10:54:56.091306
1764;1873;-109;10:54:56.091306
1761;1877;-116;10:54:56.091306
1761;1880;-119;10:54:56.091306
1765;1873;-108;10:54:56.091306
1762;1876;-114;10:54:56.091306
1762;1875;-113;10:54:56.091306
1762;1874;-112;10:54:56.091306
1762;1875;-113;10:54:56.091306
1763;1876;-113;10:54:56.091306
1764;1877;-113;10:54:56.091306
1763;1875;-112;10:54:56.091306
1765;1873;-108;10:54:56.091306
1759;1872;-113;10:54:56.091306
1757;1872;-115;10:54:56.091306
1756;1874;-118;10:54:56.091306
1760;1878;-118;10:54:56.091306
1760;1874;-114;10:54:56.091306
1765;1877;-112;10:54:56.091306
1761;1877;-116;10:54:56.091306
1761;1876;-115;10:54:56.091306
1761;1872;-111;10:54:56.091306
1762;1874;-112;10:54:56.091306
1757;1872;-115;10:54:56.091306
1759;1872;-113;10:54:56.091306
1761;1872;-111;10:54:56.091306
1762;1876;-114;10:54:56.091306
1760;1874;-114;10:54:56.091306
1760;1873;-113;10:54:56.091306
1764;1872;-108;10:54:56.091306
1760;1871;-111;10:54:56.091306
1755;1871;-116;10:54:56.091306
1756;1871;-115;10:54:56.091306
1755;1875;-120;10:54:56.091306
1761;1873;-112;10:54:56.091306
1760;1875;-115;10:54:56.091306
1757;1874;-117;10:54:56.091306
1758;1873;-115;10:54:56.091306
1762;1873;-111;10:54:56.091306
1759;1871;-112;10:54:56.091306
1758;1870;-112;10:54:56.091306
1761;1868;-107;10:54:56.091306
1758;1869;-111;10:54:56.091306
1754;1870;-116;10:54:56.091306
1756;1865;-109;10:54:56.091306
1755;1867;-112;10:54:56.091306
1751;1863;-112;10:54:56.091306
1751;1866;-115;10:54:56.091306
1748;1862;-114;10:54:56.091306
1746;1860;-114;10:54:56.091306
1748;1859;-111;10:54:56.091306
1750;1861;-111;10:54:56.091306
1749;1861;-112;10:54:56.091306
1745;1859;-114;10:54:56.091306
1745;1858;-113;10:54:56.091306
1749;1859;-110;10:54:56.091306
1744;1860;-116;10:54:56.091306
1744;1861;-117;10:54:56.091306
1746;1861;-115;10:54:56.091306
1746;1858;-112;10:54:56.091306
1747;1856;-109;10:54:56.091306
1746;1854;-108;10:54:56.091306
1746;1855;-109;10:54:56.091306
1737;1855;-118;10:54:56.091306
1737;1855;-118;10:54:56.091306
1737;1856;-119;10:54:56.091306
1738;1854;-116;10:54:56.091306
1743;1855;-112;10:54:56.091306
1744;1861;-117;10:54:56.091306
1745;1860;-115;10:54:56.091306
1748;1861;-113;10:54:56.091306
1753;1862;-109;10:54:56.091306
1756;1857;-101;10:54:56.091306
1752;1862;-110;10:54:56.091306
1750;1861;-111;10:54:56.091306
1752;1860;-108;10:54:56.091306
1755;1861;-106;10:54:56.091306
1754;1865;-111;10:54:56.091306
1752;1869;-117;10:54:56.091306
1754;1867;-113;10:54:56.091306
1755;1867;-112;10:54:56.091306
1757;1864;-107;10:54:56.091306
1759;1867;-108;10:54:56.091306
1757;1862;-105;10:54:56.091306
1754;1864;-110;10:54:56.091306
1754;1864;-110;10:54:56.091306
1753;1862;-109;10:54:56.091306
1751;1862;-111;10:54:56.091306
1752;1860;-108;10:54:56.091306
1749;1860;-111;10:54:56.091306
1753;1865;-112;10:54:56.091306
1752;1862;-110;10:54:56.091306
1751;1863;-112;10:54:56.091306
1752;1865;-113;10:54:56.091306
1755;1868;-113;10:54:56.091306
1753;1865;-112;10:54:56.091306
1753;1864;-111;10:54:56.091306
1754;1861;-107;10:54:56.091306
1752;1866;-114;10:54:56.091306
1752;1862;-110;10:54:56.091306
1753;1866;-113;10:54:56.091306
1757;1868;-111;10:54:56.091306
1757;1871;-114;10:54:56.091306
1758;1867;-109;10:54:56.091306
1761;1868;-107;10:54:56.091306
1761;1867;-106;10:54:56.091306
1758;1871;-113;10:54:56.091306
1757;1875;-118;10:54:56.091306
1757;1871;-114;10:54:56.091306
1759;1877;-118;10:54:56.091306
1762;1878;-116;10:54:56.091306
1765;1875;-110;10:54:56.091306
1765;1872;-107;10:54:56.091306
1763;1872;-109;10:54:56.091306
1764;1877;-113;10:54:56.091306
1765;1873;-108;10:54:56.091306
1763;1874;-111;10:54:56.091306
1764;1876;-112;10:54:56.091306
1762;1877;-115;10:54:56.091306
1763;1875;-112;10:54:56.091306
1762;1874;-112;10:54:56.091306
1765;1873;-108;10:54:56.091306
1763;1872;-109;10:54:56.091306
1759;1871;-112;10:54:56.091306
1756;1873;-117;10:54:56.091306
1761;1870;-109;10:54:56.091306
1761;1874;-113;10:54:56.091306
1759;1868;-109;10:54:56.091306
1760;1870;-110;10:54:56.091306
1762;1868;-106;10:54:56.091306
1760;1873;-113;10:54:56.091306
1757;1875;-118;10:54:56.091306
1760;1875;-115;10:54:56.091306
1765;1877;-112;10:54:56.091306
1767;1877;-110;10:54:56.091306
1767;1875;-108;10:54:56.091306
1763;1873;-110;10:54:56.091306
1765;1874;-109;10:54:56.091306
1764;1875;-111;10:54:56.091306
1762;1878;-116;10:54:56.091306
1764;1872;-108;10:54:56.091306
1762;1873;-111;10:54:56.091306
1765;1877;-112;10:54:56.091306
1766;1876;-110;10:54:56.091306
1763;1873;-110;10:54:56.091306
1768;1874;-106;10:54:56.091306
1767;1876;-109;10:54:56.091306
1763;1879;-116;10:54:56.091306
1765;1878;-113;10:54:56.091306
1767;1881;-114;10:54:56.091306
1765;1880;-115;10:54:56.091306
1768;1880;-112;10:54:56.091306
1775;1880;-105;10:54:56.091306
1775;1880;-105;10:54:56.091306
1771;1881;-110;10:54:56.091306
1770;1878;-108;10:54:56.091306
1771;1878;-107;10:54:56.091306
1769;1880;-111;10:54:56.091306
1768;1879;-111;10:54:56.091306
1768;1877;-109;10:54:56.091306
1769;1878;-109;10:54:56.091306
1769;1877;-108;10:54:56.091306
1768;1876;-108;10:54:56.091306
1765;1878;-113;10:54:56.091306
1766;1881;-115;10:54:56.091306
1767;1879;-112;10:54:56.091306
1766;1879;-113;10:54:56.091306
1770;1883;-113;10:54:56.091306
1770;1879;-109;10:54:56.091306
1771;1877;-106;10:54:56.091306
1774;1876;-102;10:54:56.091306
1769;1877;-108;10:54:56.091306
1770;1878;-108;10:54:56.091306
1770;1882;-112;10:54:56.091306
1767;1885;-118;10:54:56.091306
1771;1886;-115;10:54:56.091306
1773;1886;-113;10:54:56.091306
1772;1882;-110;10:54:56.091306
1772;1884;-112;10:54:56.091306
1771;1880;-109;10:54:56.091306
1770;1879;-109;10:54:56.091306
1770;1876;-106;10:54:56.091306
1769;1875;-106;10:54:56.091306
1768;1874;-106;10:54:56.091306
1764;1877;-113;10:54:56.091306
1765;1874;-109;10:54:56.091306
1764;1873;-109;10:54:56.091306
1764;1874;-110;10:54:56.091306
1764;1877;-113;10:54:56.091306
1765;1879;-114;10:54:56.091306
1768;1876;-108;10:54:56.091306
1769;1877;-108;10:54:56.091306
1769;1877;-108;10:54:56.091306
1768;1876;-108;10:54:56.091306
1767;1875;-108;10:54:56.091306
1764;1877;-113;10:54:56.091306
1762;1877;-115;10:54:56.091306
1763;1875;-112;10:54:56.091306
1760;1871;-111;10:54:56.091306
1758;1873;-115;10:54:56.091306
1759;1868;-109;10:54:56.091306
1761;1873;-112;10:54:56.091306
1762;1868;-106;10:54:56.091306
1763;1869;-106;10:54:56.091306
1758;1873;-115;10:54:56.091306
1758;1867;-109;10:54:56.091306
1756;1869;-113;10:54:56.091306
1754;1869;-115;10:54:56.091306
1757;1869;-112;10:54:56.091306
1757;1869;-112;10:54:56.091306
1756;1866;-110;10:54:56.091306
1754;1868;-114;10:54:56.091306
1756;1865;-109;10:54:56.091306
1756;1865;-109;10:54:56.091306
1755;1864;-109;10:54:56.091306
1755;1862;-107;10:54:56.091306
1753;1864;-111;10:54:56.091306
1756;1864;-108;10:54:56.091306
1755;1863;-108;10:54:56.091306
1754;1863;-109;10:54:56.091306
1754;1869;-115;10:54:56.091306
1755;1867;-112;10:54:56.091306
1758;1871;-113;10:54:56.091306
1753;1869;-116;10:54:56.091306
1755;1867;-112;10:54:56.091306
1755;1865;-110;10:54:56.091306
1756;1864;-108;10:54:56.091306
1756;1863;-107;10:54:56.091306
1755;1859;-104;10:54:56.091306
1753;1860;-107;10:54:56.091306
1751;1859;-108;10:54:56.091306
1747;1857;-110;10:54:56.091306
1746;1858;-112;10:54:56.091306
1745;1854;-109;10:54:56.091306
1745;1859;-114;10:54:56.091306
1745;1857;-112;10:54:56.091306
1743;1852;-109;10:54:56.091306
1744;1850;-106;10:54:56.091306
1744;1854;-110;10:54:56.091306
1741;1853;-112;10:54:56.091306
1740;1851;-111;10:54:56.091306
1742;1857;-115;10:54:56.091306
1748;1855;-107;10:54:56.091306
1748;1859;-111;10:54:56.091306
1750;1860;-110;10:54:56.091306
1754;1859;-105;10:54:56.091306
1750;1861;-111;10:54:56.091306
1750;1864;-114;10:54:56.091306
1751;1867;-116;10:54:56.091306
1753;1864;-111;10:54:56.091306
1756;1866;-110;10:54:56.091306
1759;1873;-114;10:54:56.091306
1757;1870;-113;10:54:56.091306
1761;1868;-107;10:54:56.091306
1763;1867;-104;10:54:56.091306
1761;1864;-103;10:54:56.091306
1759;1865;-106;10:54:56.091306
1759;1864;-105;10:54:56.091306
1758;1862;-104;10:54:56.091306
1755;1864;-109;10:54:56.091306
1755;1862;-107;10:54:56.091306
1759;1861;-102;10:54:56.091306
1754;1865;-111;10:54:56.091306
1753;1864;-111;10:54:56.091306
1755;1865;-110;10:54:56.091306
1755;1864;-109;10:54:56.091306
1754;1866;-112;10:54:56.091306
1755;1868;-113;10:54:56.091306
1756;1868;-112;10:54:56.091306
1755;1867;-112;10:54:56.091306
1757;1865;-108;10:54:56.091306
1754;1865;-111;10:54:56.091306
1755;1859;-104;10:54:56.091306
1759;1861;-102;10:54:56.091306
1758;1862;-104;10:54:56.091306
1756;1860;-104;10:54:56.091306
1754;1862;-108;10:54:56.091306
1759;1863;-104;10:54:56.091306
1753;1862;-109;10:54:56.091306
1753;1865;-112;10:54:56.091306
1753;1863;-110;10:54:56.091306
1750;1862;-112;10:54:56.091306
1751;1862;-111;10:54:56.091306
1754;1864;-110;10:54:56.091306
1755;1861;-106;10:54:56.091306
1751;1863;-112;10:54:56.091306
1755;1862;-107;10:54:56.091306
1758;1869;-111;10:54:56.091306
1756;1866;-110;10:54:56.091306
1757;1868;-111;10:54:56.091306
1760;1867;-107;10:54:56.091306
1759;1871;-112;10:54:56.091306
1760;1869;-109;10:54:56.091306
1760;1871;-111;10:54:56.091306
1762;1873;-111;10:54:56.091306
1765;1875;-110;10:54:56.091306
1762;1875;-113;10:54:56.091306
1763;1874;-111;10:54:56.091306
1761;1875;-114;10:54:56.091306
1762;1873;-111;10:54:56.091306
1762;1868;-106;10:54:56.091306
1763;1869;-106;10:54:56.091306
1764;1869;-105;10:54:56.091306
1762;1871;-109;10:54:56.091306
1764;1869;-105;10:54:56.091306
1764;1869;-105;10:54:56.091306
1763;1871;-108;10:54:56.091306
1763;1869;-106;10:54:56.091306
1763;1870;-107;10:54:56.091306
1764;1873;-109;10:54:56.091306
1764;1869;-105;10:54:56.091306
1763;1873;-110;10:54:56.091306
1759;1871;-112;10:54:56.091306
1762;1875;-113;10:54:56.091306
1763;1872;-109;10:54:56.091306
1763;1872;-109;10:54:56.091306
1763;1874;-111;10:54:56.091306
1765;1874;-109;10:54:56.091306
1762;1870;-108;10:54:56.091306
1764;1873;-109;10:54:56.091306
1765;1875;-110;10:54:56.091306
1765;1874;-109;10:54:56.091306
1763;1876;-113;10:54:56.091306
1761;1874;-113;10:54:56.091306
1763;1878;-115;10:54:56.091306
1764;1874;-110;10:54:56.091306
1765;1876;-111;10:54:56.091306
1763;1877;-114;10:54:56.091306
1764;1874;-110;10:54:56.091306
1763;1876;-113;10:54:56.091306
1764;1873;-109;10:54:56.091306
1763;1872;-109;10:54:56.091306
1762;1870;-108;10:54:56.091306
1766;1873;-107;10:54:56.091306
1766;1877;-111;10:54:56.091306
1766;1876;-110;10:54:56.091306
1769;1877;-108;10:54:56.091306
1771;1873;-102;10:54:56.091306
1765;1878;-113;10:54:56.091306
1764;1876;-112;10:54:56.091306
1767;1878;-111;10:54:56.091306
1766;1879;-113;10:54:56.091306
1766;1877;-111;10:54:56.091306
1768;1878;-110;10:54:56.091306
1765;1878;-113;10:54:56.091306
1765;1876;-111;10:54:56.091306
1764;1874;-110;10:54:56.091306
1766;1872;-106;10:54:56.091306
1762;1871;-109;10:54:56.091306
1762;1865;-103;10:54:56.091306
1764;1869;-105;10:54:56.091306
1761;1871;-110;10:54:56.091306
1756;1870;-114;10:54:56.091306
1758;1871;-113;10:54:56.091306
1759;1871;-112;10:54:56.091306
1759;1871;-112;10:54:56.091306
1758;1869;-111;10:54:56.091306
1758;1867;-109;10:54:56.091306
1760;1865;-105;10:54:56.091306
1760;1868;-108;10:54:56.091306
1759;1869;-110;10:54:56.091306
1758;1872;-114;10:54:56.091306
1759;1870;-111;10:54:56.091306
1760;1875;-115;10:54:56.091306
1755;1871;-116;10:54:56.091306
1756;1872;-116;10:54:56.091306
1762;1875;-113;10:54:56.091306
1762;1871;-109;10:54:56.091306
1764;1875;-111;10:54:56.092303
1763;1872;-109;10:54:56.092303
1761;1872;-111;10:54:56.092303
1760;1872;-112;10:54:56.092303
1756;1871;-115;10:54:56.092303
1759;1868;-109;10:54:56.092303
1758;1870;-112;10:54:56.092303
1758;1869;-111;10:54:56.092303
1763;1867;-104;10:54:56.092303
1761;1872;-111;10:54:56.092303
1762;1868;-106;10:54:56.092303
1755;1869;-114;10:54:56.092303
1753;1861;-108;10:54:56.092303
1755;1859;-104;10:54:56.092303
1756;1861;-105;10:54:56.092303
1750;1859;-109;10:54:56.092303
1751;1863;-112;10:54:56.092303
1752;1866;-114;10:54:56.092303
1756;1867;-111;10:54:56.092303
1754;1863;-109;10:54:56.092303
1752;1865;-113;10:54:56.092303
1753;1865;-112;10:54:56.092303
1752;1863;-111;10:54:56.092303
1747;1861;-114;10:54:56.092303
1750;1864;-114;10:54:56.092303
1751;1861;-110;10:54:56.092303
1751;1858;-107;10:54:56.092303
1751;1863;-112;10:54:56.092303
1749;1859;-110;10:54:56.092303
1745;1862;-117;10:54:56.092303
1745;1860;-115;10:54:56.092303
1748;1856;-108;10:54:56.092303
1749;1858;-109;10:54:56.092303
1748;1859;-111;10:54:56.092303
1748;1858;-110;10:54:56.092303
1745;1858;-113;10:54:56.092303
1748;1863;-115;10:54:56.092303
1745;1860;-115;10:54:56.092303
1748;1857;-109;10:54:56.092303
1750;1866;-116;10:54:56.092303
1751;1865;-114;10:54:56.092303
1751;1862;-111;10:54:56.092303
1753;1867;-114;10:54:56.092303
1751;1865;-114;10:54:56.092303
1750;1862;-112;10:54:56.092303
1749;1860;-111;10:54:56.092303
1747;1859;-112;10:54:56.092303
1747;1855;-108;10:54:56.092303
1748;1851;-103;10:54:56.092303
1744;1857;-113;10:54:56.092303
1746;1855;-109;10:54:56.092303
1746;1857;-111;10:54:56.092303
1747;1857;-110;10:54:56.092303
1747;1858;-111;10:54:56.092303
1746;1858;-112;10:54:56.092303
1749;1859;-110;10:54:56.092303
1752;1862;-110;10:54:56.092303
1752;1862;-110;10:54:56.092303
1754;1864;-110;10:54:56.092303
1751;1863;-112;10:54:56.092303
1752;1862;-110;10:54:56.092303
1751;1862;-111;10:54:56.092303
1748;1858;-110;10:54:56.092303
1748;1859;-111;10:54:56.092303
1751;1861;-110;10:54:56.092303
1755;1861;-106;10:54:56.092303
1753;1862;-109;10:54:56.092303
1753;1863;-110;10:54:56.092303
1755;1863;-108;10:54:56.092303
1754;1868;-114;10:54:56.092303
1755;1869;-114;10:54:56.092303
1754;1866;-112;10:54:56.092303
1757;1865;-108;10:54:56.092303
1757;1867;-110;10:54:56.092303
1758;1864;-106;10:54:56.092303
1757;1863;-106;10:54:56.092303
1757;1864;-107;10:54:56.092303
1756;1860;-104;10:54:56.092303
1754;1862;-108;10:54:56.092303
1754;1862;-108;10:54:56.092303
1753;1862;-109;10:54:56.092303
1754;1864;-110;10:54:56.092303
1757;1867;-110;10:54:56.092303
1759;1868;-109;10:54:56.092303
1758;1868;-110;10:54:56.092303
1762;1867;-105;10:54:56.092303
1761;1870;-109;10:54:56.092303
1758;1868;-110;10:54:56.092303
1758;1866;-108;10:54:56.092303
1760;1868;-108;10:54:56.092303
1762;1868;-106;10:54:56.092303
1760;1870;-110;10:54:56.092303
1759;1870;-111;10:54:56.092303
1760;1874;-114;10:54:56.092303
1760;1872;-112;10:54:56.092303
1763;1875;-112;10:54:56.092303
1762;1874;-112;10:54:56.092303
1761;1873;-112;10:54:56.092303
1761;1875;-114;10:54:56.092303
1766;1873;-107;10:54:56.092303
1766;1874;-108;10:54:56.092303
1763;1873;-110;10:54:56.092303
1764;1873;-109;10:54:56.092303
1763;1876;-113;10:54:56.092303
1760;1876;-116;10:54:56.092303
1761;1872;-111;10:54:56.092303
1759;1875;-116;10:54:56.092303
1762;1877;-115;10:54:56.092303
1766;1876;-110;10:54:56.092303
1763;1876;-113;10:54:56.092303
1765;1877;-112;10:54:56.092303
1766;1875;-109;10:54:56.092303
1767;1878;-111;10:54:56.092303
1769;1882;-113;10:54:56.092303
1767;1875;-108;10:54:56.092303
1767;1878;-111;10:54:56.092303
1768;1880;-112;10:54:56.092303
1766;1880;-114;10:54:56.092303
1763;1877;-114;10:54:56.092303
1766;1879;-113;10:54:56.092303
1766;1877;-111;10:54:56.092303
1764;1877;-113;10:54:56.092303
1767;1877;-110;10:54:56.092303
1765;1876;-111;10:54:56.092303
1765;1876;-111;10:54:56.092303
1767;1876;-109;10:54:56.092303
1765;1876;-111;10:54:56.092303
1762;1871;-109;10:54:56.092303
1761;1876;-115;10:54:56.092303
1764;1875;-111;10:54:56.092303
1762;1874;-112;10:54:56.092303
1759;1874;-115;10:54:56.092303
1761;1877;-116;10:54:56.092303
1765;1877;-112;10:54:56.092303
1763;1879;-116;10:54:56.092303
1764;1877;-113;10:54:56.092303
1760;1875;-115;10:54:56.092303
1760;1876;-116;10:54:56.092303
1761;1880;-119;10:54:56.092303
1760;1878;-118;10:54:56.092303
1762;1878;-116;10:54:56.092303
1765;1879;-114;10:54:56.092303
1764;1880;-116;10:54:56.092303
1761;1876;-115;10:54:56.092303
1762;1878;-116;10:54:56.092303
1758;1878;-120;10:54:56.092303
1761;1875;-114;10:54:56.092303
1763;1874;-111;10:54:56.092303
1765;1876;-111;10:54:56.092303
1761;1876;-115;10:54:56.092303
1764;1877;-113;10:54:56.092303
1765;1876;-111;10:54:56.092303
1760;1877;-117;10:54:56.092303
1766;1875;-109;10:54:56.092303
1764;1874;-110;10:54:56.092303
1764;1875;-111;10:54:56.092303
1761;1872;-111;10:54:56.092303
1764;1875;-111;10:54:56.092303
1764;1880;-116;10:54:56.092303
1761;1881;-120;10:54:56.092303
1763;1877;-114;10:54:56.092303
1758;1879;-121;10:54:56.092303
1759;1878;-119;10:54:56.092303
1758;1870;-112;10:54:56.092303
1757;1874;-117;10:54:56.092303
1758;1869;-111;10:54:56.092303
1759;1866;-107;10:54:56.092303
1757;1868;-111;10:54:56.092303
1756;1868;-112;10:54:56.092303
1757;1870;-113;10:54:56.092303
1755;1872;-117;10:54:56.092303
1756;1871;-115;10:54:56.092303
1755;1871;-116;10:54:56.092303
1754;1868;-114;10:54:56.092303
1756;1868;-112;10:54:56.092303
1756;1869;-113;10:54:56.092303
1751;1871;-120;10:54:56.092303
1756;1872;-116;10:54:56.092303
1756;1870;-114;10:54:56.092303
1756;1872;-116;10:54:56.092303
1755;1871;-116;10:54:56.092303
1758;1872;-114;10:54:56.092303
1754;1870;-116;10:54:56.092303
1754;1868;-114;10:54:56.092303
1756;1870;-114;10:54:56.092303
1755;1869;-114;10:54:56.092303
1756;1868;-112;10:54:56.092303
1756;1869;-113;10:54:56.092303
1757;1868;-111;10:54:56.092303
1760;1868;-108;10:54:56.092303
1757;1865;-108;10:54:56.092303
1753;1866;-113;10:54:56.092303
1754;1865;-111;10:54:56.092303
1755;1866;-111;10:54:56.092303
1753;1865;-112;10:54:56.092303
1753;1866;-113;10:54:56.092303
1751;1868;-117;10:54:56.092303
1756;1868;-112;10:54:56.092303
1755;1867;-112;10:54:56.092303
1755;1867;-112;10:54:56.092303
1756;1865;-109;10:54:56.092303
1753;1866;-113;10:54:56.092303
1749;1866;-117;10:54:56.092303
1753;1866;-113;10:54:56.092303
1756;1863;-107;10:54:56.092303
1756;1866;-110;10:54:56.092303
1755;1864;-109;10:54:56.092303
1754;1863;-109;10:54:56.092303
1756;1868;-112;10:54:56.092303
1756;1864;-108;10:54:56.092303
1753;1868;-115;10:54:56.092303
1749;1867;-118;10:54:56.092303
1753;1867;-114;10:54:56.092303
1754;1864;-110;10:54:56.092303
1750;1866;-116;10:54:56.092303
1748;1860;-112;10:54:56.092303
1749;1864;-115;10:54:56.092303
1750;1865;-115;10:54:56.092303
1751;1863;-112;10:54:56.092303
1750;1862;-112;10:54:56.092303
1753;1865;-112;10:54:56.092303
1756;1867;-111;10:54:56.092303
1754;1866;-112;10:54:56.092303
1758;1869;-111;10:54:56.092303
1758;1871;-113;10:54:56.092303
1758;1871;-113;10:54:56.092303
1758;1872;-114;10:54:56.092303
1760;1872;-112;10:54:56.092303
1759;1874;-115;10:54:56.092303
1759;1873;-114;10:54:56.092303
1764;1871;-107;10:54:56.092303
1764;1872;-108;10:54:56.092303
1762;1869;-107;10:54:56.092303
1763;1872;-109;10:54:56.092303
1762;1874;-112;10:54:56.092303
1758;1872;-114;10:54:56.092303
1756;1871;-115;10:54:56.092303
1759;1870;-111;10:54:56.092303
1757;1874;-117;10:54:56.092303
1757;1869;-112;10:54:56.092303
1757;1872;-115;10:54:56.092303
1758;1877;-119;10:54:56.092303
1762;1875;-113;10:54:56.092303
1759;1874;-115;10:54:56.092303
1756;1874;-118;10:54:56.092303
1755;1869;-114;10:54:56.092303
1759;1870;-111;10:54:56.092303
1758;1866;-108;10:54:56.092303
1754;1865;-111;10:54:56.092303
1753;1864;-111;10:54:56.092303
1753;1870;-117;10:54:56.092303
1754;1873;-119;10:54:56.092303
1758;1872;-114;10:54:56.092303
1758;1874;-116;10:54:56.092303
1763;1876;-113;10:54:56.092303
1763;1874;-111;10:54:56.092303
1761;1874;-113;10:54:56.092303
1762;1876;-114;10:54:56.092303
1761;1874;-113;10:54:56.092303
1762;1875;-113;10:54:56.092303
1763;1874;-111;10:54:56.092303
1760;1873;-113;10:54:56.092303
1763;1876;-113;10:54:56.092303
1764;1872;-108;10:54:56.092303
1763;1873;-110;10:54:56.092303
1763;1873;-110;10:54:56.092303
1765;1871;-106;10:54:56.092303
1762;1872;-110;10:54:56.092303
1763;1873;-110;10:54:56.092303
1762;1875;-113;10:54:56.092303
1763;1875;-112;10:54:56.092303
1764;1876;-112;10:54:56.092303
1764;1876;-112;10:54:56.092303
1762;1872;-110;10:54:56.092303
1764;1876;-112;10:54:56.092303
1764;1873;-109;10:54:56.092303
1761;1870;-109;10:54:56.092303
1758;1869;-111;10:54:56.092303
1760;1871;-111;10:54:56.092303
1758;1869;-111;10:54:56.092303
1755;1872;-117;10:54:56.092303
1757;1870;-113;10:54:56.092303
1759;1873;-114;10:54:56.092303
1758;1869;-111;10:54:56.092303
1759;1874;-115;10:54:56.092303
1757;1871;-114;10:54:56.092303
1759;1871;-112;10:54:56.092303
1761;1875;-114;10:54:56.092303
1761;1874;-113;10:54:56.092303
1762;1875;-113;10:54:56.092303
1766;1875;-109;10:54:56.092303
1766;1879;-113;10:54:56.092303
1765;1880;-115;10:54:56.092303
1767;1877;-110;10:54:56.092303
1768;1879;-111;10:54:56.092303
1767;1880;-113;10:54:56.092303
1772;1880;-108;10:54:56.092303
1768;1879;-111;10:54:56.092303
1771;1880;-109;10:54:56.092303
1768;1881;-113;10:54:56.092303
1765;1878;-113;10:54:56.092303
1768;1880;-112;10:54:56.092303
1766;1881;-115;10:54:56.092303
1764;1877;-113;10:54:56.092303
1766;1876;-110;10:54:56.092303
1770;1875;-105;10:54:56.092303
1769;1871;-102;10:54:56.092303
1768;1872;-104;10:54:56.092303
1768;1876;-108;10:54:56.092303
1765;1875;-110;10:54:56.092303
1765;1871;-106;10:54:56.092303
1766;1876;-110;10:54:56.092303
1763;1873;-110;10:54:56.092303
1765;1870;-105;10:54:56.092303
1763;1872;-109;10:54:56.092303
1763;1874;-111;10:54:56.092303
1760;1873;-113;10:54:56.092303
1758;1872;-114;10:54:56.092303
1759;1872;-113;10:54:56.092303
1760;1871;-111;10:54:56.092303
1759;1869;-110;10:54:56.092303
1762;1870;-108;10:54:56.092303
1762;1869;-107;10:54:56.092303
1760;1870;-110;10:54:56.092303
1760;1871;-111;10:54:56.092303
1757;1871;-114;10:54:56.092303
1757;1870;-113;10:54:56.092303
1756;1871;-115;10:54:56.092303
1761;1870;-109;10:54:56.092303
1760;1869;-109;10:54:56.092303
1758;1864;-106;10:54:56.092303
1755;1868;-113;10:54:56.092303
1757;1871;-114;10:54:56.092303
1754;1869;-115;10:54:56.092303
1754;1869;-115;10:54:56.092303
1756;1868;-112;10:54:56.092303
1758;1870;-112;10:54:56.092303
1759;1867;-108;10:54:56.092303
1759;1866;-107;10:54:56.092303
1761;1867;-106;10:54:56.092303
1761;1869;-108;10:54:56.092303
1762;1868;-106;10:54:56.092303
1757;1870;-113;10:54:56.092303
1757;1871;-114;10:54:56.092303
1761;1870;-109;10:54:56.092303
1760;1871;-111;10:54:56.092303
1757;1867;-110;10:54:56.092303
1756;1869;-113;10:54:56.092303
1757;1870;-113;10:54:56.092303
1757;1865;-108;10:54:56.092303
1755;1865;-110;10:54:56.092303
1755;1865;-110;10:54:56.092303
1753;1866;-113;10:54:56.092303
1754;1863;-109;10:54:56.092303
1754;1863;-109;10:54:56.092303
1754;1863;-109;10:54:56.092303
1751;1864;-113;10:54:56.092303
1748;1865;-117;10:54:56.092303
1750;1862;-112;10:54:56.092303
1750;1863;-113;10:54:56.092303
1752;1865;-113;10:54:56.092303
1751;1862;-111;10:54:56.092303
1754;1863;-109;10:54:56.092303
1758;1866;-108;10:54:56.092303
1760;1869;-109;10:54:56.092303
1758;1868;-110;10:54:56.092303
1758;1869;-111;10:54:56.092303
1760;1868;-108;10:54:56.092303
1755;1866;-111;10:54:56.092303
1755;1864;-109;10:54:56.092303
1757;1863;-106;10:54:56.092303
1756;1862;-106;10:54:56.092303
1754;1863;-109;10:54:56.092303
1756;1865;-109;10:54:56.092303
1753;1863;-110;10:54:56.092303
1748;1859;-111;10:54:56.092303
1747;1861;-114;10:54:56.092303
1748;1861;-113;10:54:56.092303
1748;1858;-110;10:54:56.092303
1749;1854;-105;10:54:56.092303
1753;1856;-103;10:54:56.092303
1750;1860;-110;10:54:56.092303
1751;1860;-109;10:54:56.092303
1751;1861;-110;10:54:56.092303
1753;1861;-108;10:54:56.092303
1752;1860;-108;10:54:56.092303
1753;1862;-109;10:54:56.092303
1754;1863;-109;10:54:56.092303
1754;1864;-110;10:54:56.092303
1750;1867;-117;10:54:56.092303
1754;1870;-116;10:54:56.092303
1755;1867;-112;10:54:56.092303
1755;1866;-111;10:54:56.092303
1760;1868;-108;10:54:56.092303
1761;1870;-109;10:54:56.092303
1764;1871;-107;10:54:56.092303
1765;1873;-108;10:54:56.092303
1764;1874;-110;10:54:56.092303
1764;1874;-110;10:54:56.092303
1766;1874;-108;10:54:56.092303
1767;1870;-103;10:54:56.092303
1763;1872;-109;10:54:56.092303
1762;1872;-110;10:54:56.092303
1767;1873;-106;10:54:56.092303
1766;1875;-109;10:54:56.092303
1767;1873;-106;10:54:56.092303
1766;1875;-109;10:54:56.092303
1767;1873;-106;10:54:56.092303
1767;1877;-110;10:54:56.092303
1764;1873;-109;10:54:56.092303
1765;1877;-112;10:54:56.092303
1765;1877;-112;10:54:56.092303
1765;1880;-115;10:54:56.092303
1768;1879;-111;10:54:56.092303
1769;1879;-110;10:54:56.092303
1768;1879;-111;10:54:56.092303
1769;1877;-108;10:54:56.092303
1767;1877;-110;10:54:56.092303
1766;1874;-108;10:54:56.092303
1766;1872;-106;10:54:56.092303
1763;1870;-107;10:54:56.092303
1760;1870;-110;10:54:56.092303
1762;1869;-107;10:54:56.092303
1762;1869;-107;10:54:56.092303
1757;1867;-110;10:54:56.092303
1755;1867;-112;10:54:56.092303
1757;1868;-111;10:54:56.092303
1757;1871;-114;10:54:56.092303
1756;1870;-114;10:54:56.092303
1760;1867;-107;10:54:56.092303
1759;1869;-110;10:54:56.092303
1761;1867;-106;10:54:56.092303
1760;1870;-110;10:54:56.092303
1760;1868;-108;10:54:56.092303
1757;1870;-113;10:54:56.092303
1756;1870;-114;10:54:56.092303
1761;1873;-112;10:54:56.092303
1762;1874;-112;10:54:56.092303
1761;1876;-115;10:54:56.092303
1765;1878;-113;10:54:56.092303
1766;1880;-114;10:54:56.092303
1768;1878;-110;10:54:56.092303
1767;1881;-114;10:54:56.092303
1764;1879;-115;10:54:56.092303
1769;1881;-112;10:54:56.092303
1770;1877;-107;10:54:56.092303
1768;1878;-110;10:54:56.092303
1767;1875;-108;10:54:56.092303
1767;1875;-108;10:54:56.092303
1768;1878;-110;10:54:56.092303
1768;1874;-106;10:54:56.092303
1768;1874;-106;10:54:56.092303
1764;1877;-113;10:54:56.092303
1768;1874;-106;10:54:56.092303
1765;1872;-107;10:54:56.092303
1763;1875;-112;10:54:56.092303
1762;1876;-114;10:54:56.092303
1763;1876;-113;10:54:56.092303
1764;1875;-111;10:54:56.092303
1765;1874;-109;10:54:56.092303
1764;1872;-108;10:54:56.092303
1765;1874;-109;10:54:56.092303
1765;1873;-108;10:54:56.092303
1764;1872;-108;10:54:56.092303
1766;1872;-106;10:54:56.092303
1764;1875;-111;10:54:56.092303
1765;1876;-111;10:54:56.092303
1763;1873;-110;10:54:56.092303
1766;1876;-110;10:54:56.092303
1765;1878;-113;10:54:56.092303
1767;1874;-107;10:54:56.092303
1767;1876;-109;10:54:56.092303
1768;1875;-107;10:54:56.092303
1769;1878;-109;10:54:56.092303
1770;1876;-106;10:54:56.092303
1769;1879;-110;10:54:56.092303
1769;1879;-110;10:54:56.092303
1771;1877;-106;10:54:56.092303
1770;1880;-110;10:54:56.092303
1767;1882;-115;10:54:56.092303
1770;1876;-106;10:54:56.092303
1768;1876;-108;10:54:56.092303
1770;1879;-109;10:54:56.092303
1774;1879;-105;10:54:56.092303
1769;1882;-113;10:54:56.092303
1769;1884;-115;10:54:56.092303
1776;1886;-110;10:54:56.092303
1775;1882;-107;10:54:56.092303
1769;1881;-112;10:54:56.092303
1771;1877;-106;10:54:56.092303
1768;1877;-109;10:54:56.092303
1765;1876;-111;10:54:56.092303
1766;1871;-105;10:54:56.092303
1764;1874;-110;10:54:56.092303
1765;1871;-106;10:54:56.092303
1766;1869;-103;10:54:56.092303
1762;1868;-106;10:54:56.092303
1758;1868;-110;10:54:56.092303
1756;1867;-111;10:54:56.092303
1757;1869;-112;10:54:56.092303
1756;1866;-110;10:54:56.092303
1757;1865;-108;10:54:56.092303
1756;1866;-110;10:54:56.092303
1757;1866;-109;10:54:56.092303
1757;1870;-113;10:54:56.092303
1760;1870;-110;10:54:56.092303
1759;1868;-109;10:54:56.092303
1759;1872;-113;10:54:56.092303
1760;1870;-110;10:54:56.092303
1757;1870;-113;10:54:56.092303
1758;1870;-112;10:54:56.093300
1759;1866;-107;10:54:56.093300
1755;1865;-110;10:54:56.093300
1751;1864;-113;10:54:56.093300
1751;1862;-111;10:54:56.093300
1753;1864;-111;10:54:56.093300
1750;1862;-112;10:54:56.093300
1748;1863;-115;10:54:56.093300
1751;1861;-110;10:54:56.093300
1753;1862;-109;10:54:56.093300
1754;1863;-109;10:54:56.093300
1754;1864;-110;10:54:56.093300
1752;1865;-113;10:54:56.093300
1756;1865;-109;10:54:56.093300
1757;1867;-110;10:54:56.093300
1757;1865;-108;10:54:56.093300
1760;1867;-107;10:54:56.093300
1756;1865;-109;10:54:56.093300
1754;1867;-113;10:54:56.093300
1754;1865;-111;10:54:56.093300
1754;1862;-108;10:54:56.093300
1754;1865;-111;10:54:56.093300
1752;1865;-113;10:54:56.093300
1751;1861;-110;10:54:56.093300
1750;1863;-113;10:54:56.093300
1750;1862;-112;10:54:56.093300
1755;1859;-104;10:54:56.093300
1751;1859;-108;10:54:56.093300
1747;1854;-107;10:54:56.093300
1749;1864;-115;10:54:56.093300
1751;1862;-111;10:54:56.093300
1749;1860;-111;10:54:56.093300
1747;1861;-114;10:54:56.093300
1749;1864;-115;10:54:56.093300
1752;1862;-110;10:54:56.093300
1751;1861;-110;10:54:56.093300
1749;1865;-116;10:54:56.093300
1754;1864;-110;10:54:56.093300
1755;1866;-111;10:54:56.093300
1757;1863;-106;10:54:56.093300
1756;1869;-113;10:54:56.093300
1755;1869;-114;10:54:56.093300
1756;1866;-110;10:54:56.093300
1759;1869;-110;10:54:56.093300
1758;1868;-110;10:54:56.093300
1760;1868;-108;10:54:56.093300
1762;1867;-105;10:54:56.093300
1756;1867;-111;10:54:56.093300
1754;1869;-115;10:54:56.093300
1760;1871;-111;10:54:56.093300
1762;1867;-105;10:54:56.093300
1758;1862;-104;10:54:56.093300
1755;1860;-105;10:54:56.093300
1753;1863;-110;10:54:56.093300
1754;1862;-108;10:54:56.093300
1756;1861;-105;10:54:56.093300
1753;1860;-107;10:54:56.093300
1754;1865;-111;10:54:56.093300
1755;1863;-108;10:54:56.093300
1751;1861;-110;10:54:56.093300
1751;1862;-111;10:54:56.093300
1752;1863;-111;10:54:56.093300
1748;1860;-112;10:54:56.093300
1749;1862;-113;10:54:56.093300
1751;1861;-110;10:54:56.093300
1751;1863;-112;10:54:56.093300
1749;1864;-115;10:54:56.093300
1752;1863;-111;10:54:56.093300
1753;1865;-112;10:54:56.093300
1755;1867;-112;10:54:56.093300
1756;1864;-108;10:54:56.093300
1753;1865;-112;10:54:56.093300
1752;1863;-111;10:54:56.093300
1754;1862;-108;10:54:56.093300
1752;1861;-109;10:54:56.093300
1750;1861;-111;10:54:56.093300
1754;1860;-106;10:54:56.093300
1752;1860;-108;10:54:56.093300
1752;1863;-111;10:54:56.093300
1755;1861;-106;10:54:56.093300
1753;1864;-111;10:54:56.093300
1751;1861;-110;10:54:56.093300
1754;1865;-111;10:54:56.093300
1754;1866;-112;10:54:56.093300
1755;1863;-108;10:54:56.093300
1752;1863;-111;10:54:56.093300
1754;1865;-111;10:54:56.093300
1756;1870;-114;10:54:56.093300
1757;1865;-108;10:54:56.093300
1760;1868;-108;10:54:56.093300
1760;1870;-110;10:54:56.093300
1761;1866;-105;10:54:56.093300
1758;1863;-105;10:54:56.093300
1757;1866;-109;10:54:56.093300
1754;1863;-109;10:54:56.093300
1752;1864;-112;10:54:56.093300
1754;1865;-111;10:54:56.093300
1758;1866;-108;10:54:56.093300
1757;1867;-110;10:54:56.093300
1755;1868;-113;10:54:56.093300
1759;1869;-110;10:54:56.093300
1761;1869;-108;10:54:56.093300
1762;1869;-107;10:54:56.093300
1761;1869;-108;10:54:56.093300
1761;1869;-108;10:54:56.093300
1765;1868;-103;10:54:56.093300
1764;1868;-104;10:54:56.093300
1761;1871;-110;10:54:56.093300
1763;1870;-107;10:54:56.093300
1762;1871;-109;10:54:56.093300
1763;1876;-113;10:54:56.093300
1764;1879;-115;10:54:56.093300
1763;1878;-115;10:54:56.093300
1764;1882;-118;10:54:56.093300
1767;1878;-111;10:54:56.093300
1770;1879;-109;10:54:56.093300
1766;1879;-113;10:54:56.093300
1767;1877;-110;10:54:56.093300
1770;1879;-109;10:54:56.093300
1772;1879;-107;10:54:56.093300
1770;1878;-108;10:54:56.093300
1771;1878;-107;10:54:56.093300
1771;1877;-106;10:54:56.093300
1767;1877;-110;10:54:56.093300
1766;1875;-109;10:54:56.093300
1764;1875;-111;10:54:56.093300
1766;1876;-110;10:54:56.093300
1763;1875;-112;10:54:56.093300
1765;1874;-109;10:54:56.093300
1767;1881;-114;10:54:56.093300
1765;1878;-113;10:54:56.093300
1768;1879;-111;10:54:56.093300
1768;1879;-111;10:54:56.093300
1768;1881;-113;10:54:56.093300
1769;1880;-111;10:54:56.093300
1767;1877;-110;10:54:56.093300
1770;1877;-107;10:54:56.093300
1768;1877;-109;10:54:56.093300
1770;1881;-111;10:54:56.093300
1766;1881;-115;10:54:56.093300
1763;1879;-116;10:54:56.093300
1767;1878;-111;10:54:56.093300
1768;1877;-109;10:54:56.093300
1765;1879;-114;10:54:56.093300
1763;1877;-114;10:54:56.093300
1766;1877;-111;10:54:56.093300
1765;1876;-111;10:54:56.093300
1766;1877;-111;10:54:56.093300
1769;1878;-109;10:54:56.093300
1766;1881;-115;10:54:56.093300
1768;1878;-110;10:54:56.093300
1768;1880;-112;10:54:56.093300
1767;1878;-111;10:54:56.093300
1769;1880;-111;10:54:56.093300
1765;1880;-115;10:54:56.093300
1762;1878;-116;10:54:56.093300
1765;1875;-110;10:54:56.093300
1763;1879;-116;10:54:56.093300
1760;1875;-115;10:54:56.093300
1763;1873;-110;10:54:56.093300
1766;1872;-106;10:54:56.093300
1762;1871;-109;10:54:56.093300
1759;1871;-112;10:54:56.093300
1758;1871;-113;10:54:56.093300
1755;1872;-117;10:54:56.093300
1755;1872;-117;10:54:56.093300
1757;1868;-111;10:54:56.093300
1758;1869;-111;10:54:56.093300
1758;1867;-109;10:54:56.093300
1758;1868;-110;10:54:56.093300
1756;1867;-111;10:54:56.093300
1753;1870;-117;10:54:56.093300
1752;1869;-117;10:54:56.093300
1754;1867;-113;10:54:56.093300
1754;1869;-115;10:54:56.093300
1750;1870;-120;10:54:56.093300
1752;1869;-117;10:54:56.093300
1754;1867;-113;10:54:56.093300
1756;1870;-114;10:54:56.093300
1758;1868;-110;10:54:56.093300
1755;1869;-114;10:54:56.093300
1754;1868;-114;10:54:56.093300
1756;1871;-115;10:54:56.093300
1758;1868;-110;10:54:56.093300
1758;1871;-113;10:54:56.093300
1757;1871;-114;10:54:56.093300
1757;1868;-111;10:54:56.093300
1755;1872;-117;10:54:56.093300
1756;1870;-114;10:54:56.093300
1757;1869;-112;10:54:56.093300
1755;1871;-116;10:54:56.093300
1756;1868;-112;10:54:56.093300
1755;1864;-109;10:54:56.093300
1755;1867;-112;10:54:56.093300
1755;1869;-114;10:54:56.093300
1754;1867;-113;10:54:56.093300
1753;1868;-115;10:54:56.093300
1757;1869;-112;10:54:56.093300
1755;1867;-112;10:54:56.093300
1754;1867;-113;10:54:56.093300
1753;1865;-112;10:54:56.093300
1753;1866;-113;10:54:56.093300
1753;1864;-111;10:54:56.093300
1753;1866;-113;10:54:56.093300
1751;1863;-112;10:54:56.093300
1751;1864;-113;10:54:56.093300
1748;1867;-119;10:54:56.093300
1751;1864;-113;10:54:56.093300
1752;1863;-111;10:54:56.093300
1752;1864;-112;10:54:56.093300
1753;1862;-109;10:54:56.093300
1750;1865;-115;10:54:56.093300
1749;1866;-117;10:54:56.093300
1751;1868;-117;10:54:56.093300
1752;1866;-114;10:54:56.093300
1749;1863;-114;10:54:56.093300
1751;1863;-112;10:54:56.093300
1749;1863;-114;10:54:56.093300
1751;1862;-111;10:54:56.093300
1749;1860;-111;10:54:56.093300
1749;1861;-112;10:54:56.093300
1750;1867;-117;10:54:56.093300
1751;1866;-115;10:54:56.093300
1752;1867;-115;10:54:56.093300
1754;1868;-114;10:54:56.093300
1756;1867;-111;10:54:56.093300
1758;1872;-114;10:54:56.093300
1761;1871;-110;10:54:56.093300
1757;1872;-115;10:54:56.093300
1759;1874;-115;10:54:56.093300
1762;1873;-111;10:54:56.093300
1762;1874;-112;10:54:56.093300
1762;1872;-110;10:54:56.093300
1761;1874;-113;10:54:56.093300
1761;1874;-113;10:54:56.093300
1763;1873;-110;10:54:56.093300
1761;1873;-112;10:54:56.093300
1760;1874;-114;10:54:56.093300
1759;1873;-114;10:54:56.093300
1761;1872;-111;10:54:56.093300
1762;1870;-108;10:54:56.093300
1760;1868;-108;10:54:56.093300
1756;1869;-113;10:54:56.093300
1759;1869;-110;10:54:56.093300
1761;1866;-105;10:54:56.093300
1757;1870;-113;10:54:56.093300
1755;1869;-114;10:54:56.093300
1757;1870;-113;10:54:56.093300
1755;1872;-117;10:54:56.093300
1757;1870;-113;10:54:56.093300
1757;1872;-115;10:54:56.093300
1756;1874;-118;10:54:56.093300
1760;1875;-115;10:54:56.093300
1764;1871;-107;10:54:56.093300
1762;1873;-111;10:54:56.093300
1761;1874;-113;10:54:56.093300
1760;1872;-112;10:54:56.093300
1759;1871;-112;10:54:56.093300
1761;1873;-112;10:54:56.093300
1761;1875;-114;10:54:56.093300
1759;1871;-112;10:54:56.093300
1758;1870;-112;10:54:56.093300
1755;1873;-118;10:54:56.093300
1757;1873;-116;10:54:56.093300
1757;1874;-117;10:54:56.093300
1758;1872;-114;10:54:56.093300
1756;1869;-113;10:54:56.093300
1754;1871;-117;10:54:56.093300
1758;1873;-115;10:54:56.093300
1761;1872;-111;10:54:56.093300
1759;1873;-114;10:54:56.093300
1758;1875;-117;10:54:56.093300
1763;1880;-117;10:54:56.093300
1764;1879;-115;10:54:56.093300
1764;1875;-111;10:54:56.093300
1763;1875;-112;10:54:56.093300
1761;1874;-113;10:54:56.093300
1761;1872;-111;10:54:56.093300
1761;1873;-112;10:54:56.093300
1760;1873;-113;10:54:56.093300
1760;1873;-113;10:54:56.093300
1760;1874;-114;10:54:56.093300
1760;1873;-113;10:54:56.093300
1761;1873;-112;10:54:56.093300
1760;1873;-113;10:54:56.093300
1760;1872;-112;10:54:56.093300
1760;1874;-114;10:54:56.093300
1760;1873;-113;10:54:56.093300
1759;1874;-115;10:54:56.093300
1758;1874;-116;10:54:56.093300
1758;1870;-112;10:54:56.093300
1758;1875;-117;10:54:56.093300
1760;1873;-113;10:54:56.093300
1757;1871;-114;10:54:56.093300
1757;1872;-115;10:54:56.093300
1758;1874;-116;10:54:56.093300
1757;1872;-115;10:54:56.093300
1758;1872;-114;10:54:56.093300
1756;1876;-120;10:54:56.093300
1757;1875;-118;10:54:56.093300
1756;1871;-115;10:54:56.093300
1757;1871;-114;10:54:56.093300
1762;1872;-110;10:54:56.093300
1763;1872;-109;10:54:56.093300
1762;1875;-113;10:54:56.093300
1762;1870;-108;10:54:56.093300
1764;1872;-108;10:54:56.093300
1763;1874;-111;10:54:56.093300
1762;1875;-113;10:54:56.093300
1762;1874;-112;10:54:56.093300
1762;1873;-111;10:54:56.093300
1761;1875;-114;10:54:56.093300
1758;1874;-116;10:54:56.093300
1758;1873;-115;10:54:56.093300
1761;1878;-117;10:54:56.093300
1764;1876;-112;10:54:56.093300
1761;1873;-112;10:54:56.093300
1761;1871;-110;10:54:56.093300
1762;1874;-112;10:54:56.093300
1758;1870;-112;10:54:56.093300
1758;1868;-110;10:54:56.093300
1760;1872;-112;10:54:56.093300
1758;1871;-113;10:54:56.093300
1756;1873;-117;10:54:56.093300
1758;1874;-116;10:54:56.093300
1758;1874;-116;10:54:56.093300
1758;1874;-116;10:54:56.093300
1759;1870;-111;10:54:56.093300
1759;1874;-115;10:54:56.093300
1756;1876;-120;10:54:56.093300
1757;1875;-118;10:54:56.093300
1759;1876;-117;10:54:56.093300
1757;1872;-115;10:54:56.093300
1759;1872;-113;10:54:56.093300
1760;1871;-111;10:54:56.093300
1759;1875;-116;10:54:56.093300
1761;1873;-112;10:54:56.093300
1766;1874;-108;10:54:56.093300
1765;1874;-109;10:54:56.093300
1767;1879;-112;10:54:56.093300
1767;1880;-113;10:54:56.093300
1766;1882;-116;10:54:56.093300
1764;1878;-114;10:54:56.093300
1767;1880;-113;10:54:56.093300
1767;1881;-114;10:54:56.093300
1766;1880;-114;10:54:56.093300
1767;1882;-115;10:54:56.093300
1767;1881;-114;10:54:56.093300
1769;1881;-112;10:54:56.093300
1767;1877;-110;10:54:56.093300
1767;1876;-109;10:54:56.093300
1765;1875;-110;10:54:56.093300
1763;1873;-110;10:54:56.093300
1760;1874;-114;10:54:56.093300
1758;1871;-113;10:54:56.093300
1760;1866;-106;10:54:56.093300
1758;1869;-111;10:54:56.093300
1754;1868;-114;10:54:56.093300
1754;1865;-111;10:54:56.093300
1753;1868;-115;10:54:56.093300
1755;1866;-111;10:54:56.093300
1753;1866;-113;10:54:56.093300
1752;1869;-117;10:54:56.093300
1754;1869;-115;10:54:56.093300
1757;1870;-113;10:54:56.093300
1756;1872;-116;10:54:56.093300
1757;1870;-113;10:54:56.093300
1759;1872;-113;10:54:56.093300
1758;1869;-111;10:54:56.093300
1757;1871;-114;10:54:56.093300
1759;1871;-112;10:54:56.093300
1760;1874;-114;10:54:56.093300
1758;1874;-116;10:54:56.093300
1761;1872;-111;10:54:56.093300
1760;1868;-108;10:54:56.093300
1755;1867;-112;10:54:56.093300
1754;1865;-111;10:54:56.093300
1752;1866;-114;10:54:56.093300
1751;1864;-113;10:54:56.093300
1751;1867;-116;10:54:56.093300
1752;1867;-115;10:54:56.093300
1751;1867;-116;10:54:56.093300
1754;1866;-112;10:54:56.093300
1756;1867;-111;10:54:56.093300
1755;1867;-112;10:54:56.093300
1756;1865;-109;10:54:56.093300
1757;1864;-107;10:54:56.093300
1756;1865;-109;10:54:56.093300
1752;1866;-114;10:54:56.093300
1748;1866;-118;10:54:56.093300
1751;1863;-112;10:54:56.093300
1751;1865;-114;10:54:56.093300
1751;1864;-113;10:54:56.093300
1753;1862;-109;10:54:56.093300
1754;1863;-109;10:54:56.093300
1753;1863;-110;10:54:56.093300
1752;1862;-110;10:54:56.093300
1755;1866;-111;10:54:56.093300
1753;1864;-111;10:54:56.093300
1754;1866;-112;10:54:56.093300
1758;1865;-107;10:54:56.093300
1756;1868;-112;10:54:56.093300
1755;1867;-112;10:54:56.093300
1758;1869;-111;10:54:56.093300
1761;1872;-111;10:54:56.093300
1762;1871;-109;10:54:56.093300
1762;1871;-109;10:54:56.093300
1763;1869;-106;10:54:56.093300
1758;1868;-110;10:54:56.093300
1754;1867;-113;10:54:56.093300
1754;1867;-113;10:54:56.093300
1755;1870;-115;10:54:56.093300
1756;1868;-112;10:54:56.093300
1757;1868;-111;10:54:56.093300
1759;1872;-113;10:54:56.093300
1758;1871;-113;10:54:56.093300
1759;1870;-111;10:54:56.093300
1762;1869;-107;10:54:56.093300
1755;1868;-113;10:54:56.093300
1759;1869;-110;10:54:56.093300
1759;1869;-110;10:54:56.093300
1758;1870;-112;10:54:56.093300
1759;1870;-111;10:54:56.093300
1763;1868;-105;10:54:56.093300
1761;1872;-111;10:54:56.093300
1758;1870;-112;10:54:56.093300
1760;1869;-109;10:54:56.093300
1759;1870;-111;10:54:56.093300
1757;1869;-112;10:54:56.093300
1756;1867;-111;10:54:56.093300
1756;1865;-109;10:54:56.093300
1758;1864;-106;10:54:56.093300
1756;1866;-110;10:54:56.093300
1757;1868;-111;10:54:56.093300
1757;1872;-115;10:54:56.093300
1760;1872;-112;10:54:56.093300
1760;1869;-109;10:54:56.093300
1759;1871;-112;10:54:56.093300
1758;1873;-115;10:54:56.093300
1759;1873;-114;10:54:56.093300
1762;1874;-112;10:54:56.093300
1766;1874;-108;10:54:56.093300
1766;1874;-108;10:54:56.093300
1764;1875;-111;10:54:56.093300
1764;1874;-110;10:54:56.093300
1762;1875;-113;10:54:56.093300
1761;1876;-115;10:54:56.093300
1762;1873;-111;10:54:56.093300
1762;1874;-112;10:54:56.093300
1764;1876;-112;10:54:56.093300
1766;1872;-106;10:54:56.093300
1767;1878;-111;10:54:56.093300
1767;1879;-112;10:54:56.093300
1768;1878;-110;10:54:56.093300
1765;1878;-113;10:54:56.093300
1767;1879;-112;10:54:56.093300
1767;1878;-111;10:54:56.093300
1769;1880;-111;10:54:56.093300
1769;1879;-110;10:54:56.093300
1770;1879;-109;10:54:56.093300
1772;1880;-108;10:54:56.093300
1770;1881;-111;10:54:56.093300
1770;1880;-110;10:54:56.093300
1769;1879;-110;10:54:56.093300
1767;1877;-110;10:54:56.093300
1765;1874;-109;10:54:56.093300
1764;1875;-111;10:54:56.093300
1762;1874;-112;10:54:56.093300
1761;1872;-111;10:54:56.093300
1763;1876;-113;10:54:56.093300
1762;1875;-113;10:54:56.093300
1762;1875;-113;10:54:56.093300
1761;1873;-112;10:54:56.093300
1764;1875;-111;10:54:56.093300
1763;1873;-110;10:54:56.093300
1764;1873;-109;10:54:56.093300
1767;1874;-107;10:54:56.093300
1763;1874;-111;10:54:56.093300
1764;1874;-110;10:54:56.093300
1766;1877;-111;10:54:56.093300
1765;1881;-116;10:54:56.093300
1766;1884;-118;10:54:56.093300
1770;1886;-116;10:54:56.093300
1772;1886;-114;10:54:56.093300
1771;1886;-115;10:54:56.093300
1774;1884;-110;10:54:56.093300
1776;1885;-109;10:54:56.093300
1773;1884;-111;10:54:56.093300
1772;1883;-111;10:54:56.093300
1774;1885;-111;10:54:56.093300
1774;1885;-111;10:54:56.093300
1775;1882;-107;10:54:56.093300
1775;1883;-108;10:54:56.093300
1774;1882;-108;10:54:56.093300
1775;1881;-106;10:54:56.093300
1775;1881;-106;10:54:56.093300
1774;1880;-106;10:54:56.093300
1772;1881;-109;10:54:56.093300
1769;1878;-109;10:54:56.093300
1768;1880;-112;10:54:56.093300
1766;1878;-112;10:54:56.093300
1763;1875;-112;10:54:56.093300
1764;1876;-112;10:54:56.093300
1763;1877;-114;10:54:56.093300
1761;1872;-111;10:54:56.093300
1762;1869;-107;10:54:56.093300
1765;1869;-104;10:54:56.093300
1761;1868;-107;10:54:56.093300
1760;1870;-110;10:54:56.093300
1760;1872;-112;10:54:56.093300
1758;1867;-109;10:54:56.093300
1759;1869;-110;10:54:56.093300
1755;1869;-114;10:54:56.093300
1757;1869;-112;10:54:56.093300
1760;1872;-112;10:54:56.093300
1758;1871;-113;10:54:56.093300
1757;1872;-115;10:54:56.093300
1756;1871;-115;10:54:56.093300
1757;1872;-115;10:54:56.093300
1758;1873;-115;10:54:56.093300
1759;1868;-109;10:54:56.093300
1759;1869;-110;10:54:56.093300
1758;1866;-108;10:54:56.093300
1758;1868;-110;10:54:56.093300
1760;1868;-108;10:54:56.093300
1757;1868;-111;10:54:56.093300
1756;1869;-113;10:54:56.093300
1754;1871;-117;10:54:56.093300
1754;1871;-117;10:54:56.093300
1754;1869;-115;10:54:56.093300
1753;1868;-115;10:54:56.093300
1752;1868;-116;10:54:56.093300
1752;1862;-110;10:54:56.093300
1752;1862;-110;10:54:56.093300
1750;1864;-114;10:54:56.093300
1747;1858;-111;10:54:56.093300
1745;1858;-113;10:54:56.093300
1746;1859;-113;10:54:56.093300
1745;1860;-115;10:54:56.093300
1745;1857;-112;10:54:56.093300
1747;1858;-111;10:54:56.093300
1744;1855;-111;10:54:56.093300
1745;1855;-110;10:54:56.093300
1744;1857;-113;10:54:56.093300
1742;1858;-116;10:54:56.093300
1739;1858;-119;10:54:56.093300
1744;1859;-115;10:54:56.093300
1743;1858;-115;10:54:56.093300
1741;1854;-113;10:54:56.093300
1742;1856;-114;10:54:56.093300
1744;1859;-115;10:54:56.093300
1744;1861;-117;10:54:56.093300
1745;1857;-112;10:54:56.093300
1746;1859;-113;10:54:56.093300
1748;1861;-113;10:54:56.093300
1748;1861;-113;10:54:56.093300
1748;1861;-113;10:54:56.093300
1749;1860;-111;10:54:56.093300
1748;1858;-110;10:54:56.093300
1748;1858;-110;10:54:56.093300
1748;1858;-110;10:54:56.093300
1745;1858;-113;10:54:56.093300
1743;1861;-118;10:54:56.093300
1746;1859;-113;10:54:56.093300
1747;1860;-113;10:54:56.093300
1747;1858;-111;10:54:56.093300
1750;1860;-110;10:54:56.093300
1752;1862;-110;10:54:56.093300
1754;1860;-106;10:54:56.093300
1753;1863;-110;10:54:56.093300
1752;1863;-111;10:54:56.093300
1753;1865;-112;10:54:56.093300
1753;1868;-115;10:54:56.093300
1756;1868;-112;10:54:56.093300
1758;1867;-109;10:54:56.093300
1757;1869;-112;10:54:56.093300
1756;1870;-114;10:54:56.093300
1757;1868;-111;10:54:56.093300
1755;1866;-111;10:54:56.093300
1756;1868;-112;10:54:56.093300
1756;1867;-111;10:54:56.093300
1757;1867;-110;10:54:56.093300
1757;1866;-109;10:54:56.093300
1758;1867;-109;10:54:56.093300
1760;1871;-111;10:54:56.093300
1757;1869;-112;10:54:56.093300
1757;1870;-113;10:54:56.093300
1760;1871;-111;10:54:56.093300
1762;1870;-108;10:54:56.093300
1763;1872;-109;10:54:56.093300
1761;1873;-112;10:54:56.093300
1762;1873;-111;10:54:56.093300
1762;1875;-113;10:54:56.093300
1765;1874;-109;10:54:56.093300
1763;1874;-111;10:54:56.093300
1760;1875;-115;10:54:56.093300
1762;1873;-111;10:54:56.093300
1763;1873;-110;10:54:56.093300
1763;1875;-112;10:54:56.093300
1764;1874;-110;10:54:56.093300
1765;1872;-107;10:54:56.093300
1761;1874;-113;10:54:56.093300
1763;1871;-108;10:54:56.093300
1761;1868;-107;10:54:56.093300
1759;1869;-110;10:54:56.093300
1759;1869;-110;10:54:56.093300
1757;1869;-112;10:54:56.093300
1757;1870;-113;10:54:56.093300
1756;1870;-114;10:54:56.093300
1756;1871;-115;10:54:56.093300
1756;1871;-115;10:54:56.093300
1757;1870;-113;10:54:56.093300
1758;1867;-109;10:54:56.093300
1757;1867;-110;10:54:56.093300
1755;1865;-110;10:54:56.093300
1753;1868;-115;10:54:56.093300
1755;1867;-112;10:54:56.093300
1757;1860;-103;10:54:56.093300
1755;1862;-107;10:54:56.093300
1756;1861;-105;10:54:56.093300
1759;1863;-104;10:54:56.093300
1757;1864;-107;10:54:56.093300
1756;1863;-107;10:54:56.093300
1758;1867;-109;10:54:56.093300
1759;1869;-110;10:54:56.093300
1760;1869;-109;10:54:56.093300
1764;1868;-104;10:54:56.093300
1761;1867;-106;10:54:56.093300
1760;1867;-107;10:54:56.093300
1762;1868;-106;10:54:56.093300
1763;1871;-108;10:54:56.093300
1765;1869;-104;10:54:56.093300
1765;1870;-105;10:54:56.093300
1765;1871;-106;10:54:56.093300
1765;1870;-105;10:54:56.093300
1766;1869;-103;10:54:56.093300
1763;1871;-108;10:54:56.093300
1762;1870;-108;10:54:56.093300
1762;1866;-104;10:54:56.093300
1762;1868;-106;10:54:56.093300
1763;1868;-105;10:54:56.093300
1760;1868;-108;10:54:56.093300
1760;1867;-107;10:54:56.093300
1760;1870;-110;10:54:56.093300
1761;1869;-108;10:54:56.093300
1760;1866;-106;10:54:56.093300
1761;1866;-105;10:54:56.093300
1760;1865;-105;10:54:56.093300
1758;1864;-106;10:54:56.093300
1762;1862;-100;10:54:56.093300
1758;1862;-104;10:54:56.093300
1752;1862;-110;10:54:56.093300
1753;1863;-110;10:54:56.093300
1754;1865;-111;10:54:56.093300
1752;1866;-114;10:54:56.093300
1752;1867;-115;10:54:56.093300
1755;1867;-112;10:54:56.093300
1755;1866;-111;10:54:56.093300
1756;1867;-111;10:54:56.093300
1757;1866;-109;10:54:56.093300
1754;1866;-112;10:54:56.093300
1756;1866;-110;10:54:56.093300
1759;1865;-106;10:54:56.093300
1757;1864;-107;10:54:56.093300
1758;1868;-110;10:54:56.093300
1761;1870;-109;10:54:56.093300
1761;1874;-113;10:54:56.093300
1757;1872;-115;10:54:56.093300
1763;1872;-109;10:54:56.093300
1762;1875;-113;10:54:56.093300
1762;1874;-112;10:54:56.093300
1765;1874;-109;10:54:56.093300
1766;1877;-111;10:54:56.093300
1762;1872;-110;10:54:56.093300
1762;1871;-109;10:54:56.093300
1763;1872;-109;10:54:56.093300
1760;1869;-109;10:54:56.093300
1757;1866;-109;10:54:56.093300
1754;1868;-114;10:54:56.093300
1753;1866;-113;10:54:56.093300
1754;1863;-109;10:54:56.093300
1753;1864;-111;10:54:56.093300
1753;1863;-110;10:54:56.093300
1750;1867;-117;10:54:56.093300
1748;1861;-113;10:54:56.093300
1751;1864;-113;10:54:56.093300
1752;1866;-114;10:54:56.093300
1749;1866;-117;10:54:56.093300
1753;1862;-109;10:54:56.093300
1751;1864;-113;10:54:56.093300
1751;1864;-113;10:54:56.093300
1751;1862;-111;10:54:56.093300
1751;1863;-112;10:54:56.093300
1748;1862;-114;10:54:56.093300
1748;1861;-113;10:54:56.093300
1748;1860;-112;10:54:56.093300
1747;1861;-114;10:54:56.093300
1746;1861;-115;10:54:56.093300
1747;1860;-113;10:54:56.093300
1748;1859;-111;10:54:56.093300
1747;1859;-112;10:54:56.093300
1747;1858;-111;10:54:56.093300
1745;1857;-112;10:54:56.093300
1746;1856;-110;10:54:56.093300
1746;1856;-110;10:54:56.093300
1747;1856;-109;10:54:56.093300
1745;1855;-110;10:54:56.093300
1744;1856;-112;10:54:56.093300
1744;1858;-114;10:54:56.093300
1743;1855;-112;10:54:56.093300
1744;1855;-111;10:54:56.093300
1746;1858;-112;10:54:56.093300
1744;1859;-115;10:54:56.093300
1743;1856;-113;10:54:56.093300
1745;1858;-113;10:54:56.093300
1744;1856;-112;10:54:56.093300
1741;1856;-115;10:54:56.093300
1740;1854;-114;10:54:56.093300
1740;1852;-112;10:54:56.093300
1739;1852;-113;10:54:56.093300
1740;1851;-111;10:54:56.093300
1738;1850;-112;10:54:56.093300
1739;1850;-111;10:54:56.093300
1741;1850;-109;10:54:56.093300
1740;1852;-112;10:54:56.093300
1739;1850;-111;10:54:56.093300
1738;1849;-111;10:54:56.093300
1739;1850;-111;10:54:56.093300
1741;1852;-111;10:54:56.093300
1742;1855;-113;10:54:56.093300
1743;1854;-111;10:54:56.093300
1742;1857;-115;10:54:56.093300
1742;1857;-115;10:54:56.093300
1742;1858;-116;10:54:56.093300
1745;1859;-114;10:54:56.093300
1745;1856;-111;10:54:56.093300
1745;1860;-115;10:54:56.093300
1748;1860;-112;10:54:56.093300
1748;1860;-112;10:54:56.093300
1750;1858;-108;10:54:56.093300
1748;1856;-108;10:54:56.093300
1746;1860;-114;10:54:56.093300
1746;1860;-114;10:54:56.093300
1747;1860;-113;10:54:56.093300
1749;1861;-112;10:54:56.093300
1750;1859;-109;10:54:56.093300
1752;1863;-111;10:54:56.093300
1752;1864;-112;10:54:56.093300
1752;1862;-110;10:54:56.093300
1750;1862;-112;10:54:56.093300
1752;1865;-113;10:54:56.093300
1755;1865;-110;10:54:56.093300
1755;1865;-110;10:54:56.093300
1757;1864;-107;10:54:56.093300
1757;1863;-106;10:54:56.093300
1753;1864;-111;10:54:56.093300
1754;1864;-110;10:54:56.093300
1754;1865;-111;10:54:56.093300
1755;1864;-109;10:54:56.093300
1754;1863;-109;10:54:56.093300
1752;1862;-110;10:54:56.093300
1750;1863;-113;10:54:56.093300
1750;1864;-114;10:54:56.093300
1752;1863;-111;10:54:56.093300
1752;1862;-110;10:54:56.093300
1752;1862;-110;10:54:56.094298
1753;1863;-110;10:54:56.094298
1752;1864;-112;10:54:56.094298
1751;1862;-111;10:54:56.094298
1751;1862;-111;10:54:56.094298
1753;1863;-110;10:54:56.094298
1752;1862;-110;10:54:56.094298
1751;1863;-112;10:54:56.094298
1752;1866;-114;10:54:56.094298
1752;1863;-111;10:54:56.094298
1754;1866;-112;10:54:56.094298
1756;1865;-109;10:54:56.094298
1754;1867;-113;10:54:56.094298
1756;1870;-114;10:54:56.094298
1759;1873;-114;10:54:56.094298
1761;1873;-112;10:54:56.094298
1762;1871;-109;10:54:56.094298
1761;1870;-109;10:54:56.094298
1761;1872;-111;10:54:56.094298
1762;1873;-111;10:54:56.094298
1761;1872;-111;10:54:56.094298
1763;1873;-110;10:54:56.094298
1762;1873;-111;10:54:56.094298
1762;1874;-112;10:54:56.094298
1767;1871;-104;10:54:56.094298
1763;1871;-108;10:54:56.094298
1761;1870;-109;10:54:56.094298
1764;1872;-108;10:54:56.094298
1765;1872;-107;10:54:56.094298
1764;1873;-109;10:54:56.094298
1764;1873;-109;10:54:56.094298
1765;1874;-109;10:54:56.094298
1765;1877;-112;10:54:56.094298
1766;1876;-110;10:54:56.094298
1764;1875;-111;10:54:56.094298
1768;1873;-105;10:54:56.094298
1768;1875;-107;10:54:56.094298
1770;1875;-105;10:54:56.094298
1768;1876;-108;10:54:56.094298
1767;1879;-112;10:54:56.094298
1769;1880;-111;10:54:56.094298
1767;1878;-111;10:54:56.094298
1767;1878;-111;10:54:56.094298
1767;1880;-113;10:54:56.094298
1766;1876;-110;10:54:56.094298
1765;1874;-109;10:54:56.094298
1769;1874;-105;10:54:56.094298
1768;1877;-109;10:54:56.094298
1766;1875;-109;10:54:56.094298
1765;1873;-108;10:54:56.094298
1765;1874;-109;10:54:56.094298
1764;1873;-109;10:54:56.094298
1761;1875;-114;10:54:56.094298
1761;1877;-116;10:54:56.094298
1762;1877;-115;10:54:56.094298
1762;1879;-117;10:54:56.094298
1762;1879;-117;10:54:56.094298
1765;1877;-112;10:54:56.094298
1768;1876;-108;10:54:56.094298
1766;1877;-111;10:54:56.094298
1764;1878;-114;10:54:56.094298
1764;1879;-115;10:54:56.094298
1764;1877;-113;10:54:56.094298
1765;1877;-112;10:54:56.094298
1763;1878;-115;10:54:56.094298
1766;1877;-111;10:54:56.094298
1764;1878;-114;10:54:56.094298
1762;1875;-113;10:54:56.094298
1759;1873;-114;10:54:56.094298
1760;1873;-113;10:54:56.094298
1759;1871;-112;10:54:56.094298
1759;1873;-114;10:54:56.094298
1760;1872;-112;10:54:56.094298
1758;1873;-115;10:54:56.094298
1759;1871;-112;10:54:56.094298
1760;1871;-111;10:54:56.094298
1760;1872;-112;10:54:56.094298
1760;1873;-113;10:54:56.094298
1761;1872;-111;10:54:56.094298
1760;1869;-109;10:54:56.094298
1760;1870;-110;10:54:56.094298
1761;1867;-106;10:54:56.094298
1757;1867;-110;10:54:56.094298
1755;1868;-113;10:54:56.094298
1755;1867;-112;10:54:56.094298
1753;1866;-113;10:54:56.094298
1754;1867;-113;10:54:56.094298
1753;1867;-114;10:54:56.094298
1753;1870;-117;10:54:56.094298
1754;1871;-117;10:54:56.094298
1756;1870;-114;10:54:56.094298
1757;1870;-113;10:54:56.094298
1758;1868;-110;10:54:56.094298
1759;1867;-108;10:54:56.094298
1757;1871;-114;10:54:56.094298
1759;1869;-110;10:54:56.094298
1757;1870;-113;10:54:56.094298
1756;1869;-113;10:54:56.094298
1755;1869;-114;10:54:56.094298
1755;1872;-117;10:54:56.094298
1755;1870;-115;10:54:56.094298
1755;1869;-114;10:54:56.094298
1756;1868;-112;10:54:56.094298
1756;1870;-114;10:54:56.094298
1756;1867;-111;10:54:56.094298
1756;1868;-112;10:54:56.094298
1756;1866;-110;10:54:56.094298
1755;1866;-111;10:54:56.094298
1756;1865;-109;10:54:56.094298
1754;1866;-112;10:54:56.094298
1751;1868;-117;10:54:56.094298
1753;1865;-112;10:54:56.094298
1752;1863;-111;10:54:56.094298
1753;1864;-111;10:54:56.094298
1750;1860;-110;10:54:56.094298
1747;1860;-113;10:54:56.094298
1747;1860;-113;10:54:56.094298
1747;1861;-114;10:54:56.094298
1747;1860;-113;10:54:56.094298
1745;1861;-116;10:54:56.094298
1747;1860;-113;10:54:56.094298
1748;1860;-112;10:54:56.094298
1747;1862;-115;10:54:56.094298
1748;1861;-113;10:54:56.094298
1752;1863;-111;10:54:56.094298
1752;1864;-112;10:54:56.094298
1750;1860;-110;10:54:56.094298
1746;1861;-115;10:54:56.094298
1748;1862;-114;10:54:56.094298
1751;1864;-113;10:54:56.094298
1752;1863;-111;10:54:56.094298
1756;1866;-110;10:54:56.094298
1758;1868;-110;10:54:56.094298
1758;1871;-113;10:54:56.094298
1757;1867;-110;10:54:56.094298
1755;1868;-113;10:54:56.094298
1753;1867;-114;10:54:56.094298
1752;1865;-113;10:54:56.094298
1750;1863;-113;10:54:56.094298
1751;1863;-112;10:54:56.094298
1752;1863;-111;10:54:56.094298
1752;1861;-109;10:54:56.094298
1755;1858;-103;10:54:56.094298
1749;1857;-108;10:54:56.094298
1751;1856;-105;10:54:56.094298
1751;1858;-107;10:54:56.094298
1748;1857;-109;10:54:56.094298
1746;1857;-111;10:54:56.094298
1746;1858;-112;10:54:56.094298
1750;1862;-112;10:54:56.094298
1748;1861;-113;10:54:56.094298
1747;1862;-115;10:54:56.094298
1748;1862;-114;10:54:56.094298
1748;1863;-115;10:54:56.094298
1750;1861;-111;10:54:56.094298
1752;1862;-110;10:54:56.094298
1750;1863;-113;10:54:56.094298
1751;1863;-112;10:54:56.094298
1753;1864;-111;10:54:56.094298
1751;1865;-114;10:54:56.094298
1753;1862;-109;10:54:56.094298
1754;1861;-107;10:54:56.094298
1750;1862;-112;10:54:56.094298
1751;1861;-110;10:54:56.094298
1754;1861;-107;10:54:56.094298
1751;1861;-110;10:54:56.094298
1751;1863;-112;10:54:56.094298
1754;1863;-109;10:54:56.094298
1753;1865;-112;10:54:56.094298
1752;1865;-113;10:54:56.094298
1755;1866;-111;10:54:56.094298
1756;1866;-110;10:54:56.094298
1761;1864;-103;10:54:56.094298
1761;1865;-104;10:54:56.094298
1762;1866;-104;10:54:56.094298
1761;1868;-107;10:54:56.094298
1760;1865;-105;10:54:56.094298
1760;1867;-107;10:54:56.094298
1761;1870;-109;10:54:56.094298
1761;1870;-109;10:54:56.094298
1757;1871;-114;10:54:56.094298
1756;1867;-111;10:54:56.094298
1759;1865;-106;10:54:56.094298
1758;1863;-105;10:54:56.094298
1755;1862;-107;10:54:56.094298
1755;1862;-107;10:54:56.094298
1752;1865;-113;10:54:56.094298
1753;1865;-112;10:54:56.094298
1755;1864;-109;10:54:56.094298
1755;1864;-109;10:54:56.094298
1756;1864;-108;10:54:56.094298
1756;1865;-109;10:54:56.094298
1756;1864;-108;10:54:56.094298
1754;1865;-111;10:54:56.094298
1753;1861;-108;10:54:56.094298
1754;1864;-110;10:54:56.094298
1754;1865;-111;10:54:56.094298
1754;1868;-114;10:54:56.094298
1754;1870;-116;10:54:56.094298
1755;1870;-115;10:54:56.094298
1757;1870;-113;10:54:56.094298
1758;1869;-111;10:54:56.094298
1759;1868;-109;10:54:56.094298
1759;1869;-110;10:54:56.094298
1759;1870;-111;10:54:56.094298
1760;1871;-111;10:54:56.094298
1757;1870;-113;10:54:56.094298
1759;1871;-112;10:54:56.094298
1761;1872;-111;10:54:56.094298
1759;1871;-112;10:54:56.094298
1758;1871;-113;10:54:56.094298
1761;1873;-112;10:54:56.094298
1761;1872;-111;10:54:56.094298
1761;1868;-107;10:54:56.094298
1763;1869;-106;10:54:56.094298
1764;1870;-106;10:54:56.094298
1765;1871;-106;10:54:56.094298
1766;1872;-106;10:54:56.094298
1763;1874;-111;10:54:56.094298
1761;1876;-115;10:54:56.094298
1761;1875;-114;10:54:56.094298
1761;1875;-114;10:54:56.094298
1761;1875;-114;10:54:56.094298
1763;1875;-112;10:54:56.094298
1764;1875;-111;10:54:56.094298
1764;1875;-111;10:54:56.094298
1763;1873;-110;10:54:56.094298
1762;1872;-110;10:54:56.094298
1762;1872;-110;10:54:56.094298
1760;1872;-112;10:54:56.094298
1758;1870;-112;10:54:56.094298
1761;1871;-110;10:54:56.094298
1758;1871;-113;10:54:56.094298
1759;1869;-110;10:54:56.094298
1762;1870;-108;10:54:56.094298
1758;1870;-112;10:54:56.094298
1757;1870;-113;10:54:56.094298
1758;1870;-112;10:54:56.094298
1758;1871;-113;10:54:56.094298
1760;1872;-112;10:54:56.094298
1762;1871;-109;10:54:56.094298
1762;1874;-112;10:54:56.094298
1762;1876;-114;10:54:56.094298
1763;1876;-113;10:54:56.094298
1764;1878;-114;10:54:56.094298
1767;1876;-109;10:54:56.094298
1767;1874;-107;10:54:56.094298
1770;1876;-106;10:54:56.094298
1770;1876;-106;10:54:56.094298
1765;1876;-111;10:54:56.094298
1766;1877;-111;10:54:56.094298
1767;1877;-110;10:54:56.094298
1765;1878;-113;10:54:56.094298
1763;1875;-112;10:54:56.094298
1762;1876;-114;10:54:56.094298
1760;1869;-109;10:54:56.094298
1761;1869;-108;10:54:56.094298
1760;1868;-108;10:54:56.094298
1758;1868;-110;10:54:56.094298
1758;1869;-111;10:54:56.094298
1757;1868;-111;10:54:56.094298
1756;1870;-114;10:54:56.094298
1756;1872;-116;10:54:56.094298
1758;1871;-113;10:54:56.094298
1758;1870;-112;10:54:56.094298
1758;1870;-112;10:54:56.094298
1758;1868;-110;10:54:56.094298
1755;1867;-112;10:54:56.094298
1755;1866;-111;10:54:56.094298
1755;1866;-111;10:54:56.094298
1756;1870;-114;10:54:56.094298
1758;1870;-112;10:54:56.094298
1757;1872;-115;10:54:56.094298
1756;1871;-115;10:54:56.094298
1755;1871;-116;10:54:56.094298
1757;1871;-114;10:54:56.094298
1758;1869;-111;10:54:56.094298
1759;1868;-109;10:54:56.094298
1758;1869;-111;10:54:56.094298
1759;1871;-112;10:54:56.094298
1759;1869;-110;10:54:56.094298
1756;1867;-111;10:54:56.094298
1757;1865;-108;10:54:56.094298
1758;1866;-108;10:54:56.094298
1756;1865;-109;10:54:56.094298
1755;1865;-110;10:54:56.094298
1756;1866;-110;10:54:56.094298
1756;1867;-111;10:54:56.094298
1754;1865;-111;10:54:56.094298
1759;1866;-107;10:54:56.094298
1758;1868;-110;10:54:56.094298
1753;1865;-112;10:54:56.094298
1752;1866;-114;10:54:56.094298
1750;1864;-114;10:54:56.094298
1750;1862;-112;10:54:56.094298
1750;1863;-113;10:54:56.094298
1748;1860;-112;10:54:56.094298
1747;1860;-113;10:54:56.094298
1744;1858;-114;10:54:56.094298
1744;1858;-114;10:54:56.094298
1741;1858;-117;10:54:56.094298
1742;1856;-114;10:54:56.094298
1745;1858;-113;10:54:56.094298
1745;1858;-113;10:54:56.094298
1747;1862;-115;10:54:56.094298
1749;1862;-113;10:54:56.094298
1748;1860;-112;10:54:56.094298
1746;1860;-114;10:54:56.094298
1747;1862;-115;10:54:56.094298
1749;1866;-117;10:54:56.094298
1749;1866;-117;10:54:56.094298
1748;1865;-117;10:54:56.094298
1749;1868;-119;10:54:56.094298
1752;1866;-114;10:54:56.094298
1751;1864;-113;10:54:56.094298
1755;1868;-113;10:54:56.094298
1757;1871;-114;10:54:56.094298
1755;1872;-117;10:54:56.094298
1758;1871;-113;10:54:56.094298
1761;1873;-112;10:54:56.094298
1761;1871;-110;10:54:56.094298
1757;1871;-114;10:54:56.094298
1760;1870;-110;10:54:56.094298
1758;1869;-111;10:54:56.094298
1758;1866;-108;10:54:56.094298
1757;1865;-108;10:54:56.094298
1755;1869;-114;10:54:56.094298
1755;1864;-109;10:54:56.094298
1756;1866;-110;10:54:56.094298
1755;1866;-111;10:54:56.094298
1753;1864;-111;10:54:56.094298
1753;1863;-110;10:54:56.094298
1753;1864;-111;10:54:56.094298
1750;1863;-113;10:54:56.094298
1753;1864;-111;10:54:56.094298
1755;1866;-111;10:54:56.094298
1756;1864;-108;10:54:56.094298
1754;1866;-112;10:54:56.094298
1755;1869;-114;10:54:56.094298
1755;1868;-113;10:54:56.094298
1754;1868;-114;10:54:56.094298
1754;1866;-112;10:54:56.094298
1755;1869;-114;10:54:56.094298
1755;1870;-115;10:54:56.094298
1756;1870;-114;10:54:56.094298
1757;1870;-113;10:54:56.094298
1759;1869;-110;10:54:56.094298
1758;1872;-114;10:54:56.094298
1760;1873;-113;10:54:56.094298
1761;1871;-110;10:54:56.094298
1761;1871;-110;10:54:56.094298
1761;1872;-111;10:54:56.094298
1761;1874;-113;10:54:56.094298
1762;1873;-111;10:54:56.094298
1760;1873;-113;10:54:56.094298
1762;1873;-111;10:54:56.094298
1765;1876;-111;10:54:56.094298
1768;1875;-107;10:54:56.094298
1766;1876;-110;10:54:56.094298
1767;1875;-108;10:54:56.094298
1771;1877;-106;10:54:56.094298
1772;1875;-103;10:54:56.094298
1766;1876;-110;10:54:56.094298
1765;1878;-113;10:54:56.094298
1766;1880;-114;10:54:56.094298
1766;1878;-112;10:54:56.094298
1764;1874;-110;10:54:56.094298
1760;1872;-112;10:54:56.094298
1760;1873;-113;10:54:56.094298
1761;1870;-109;10:54:56.094298
1761;1868;-107;10:54:56.094298
1758;1867;-109;10:54:56.094298
1759;1868;-109;10:54:56.094298
1757;1869;-112;10:54:56.094298
1757;1869;-112;10:54:56.094298
1760;1869;-109;10:54:56.094298
1761;1871;-110;10:54:56.094298
1762;1869;-107;10:54:56.094298
1761;1869;-108;10:54:56.094298
1758;1871;-113;10:54:56.094298
1759;1874;-115;10:54:56.094298
1760;1875;-115;10:54:56.094298
1762;1875;-113;10:54:56.094298
1763;1875;-112;10:54:56.094298
1763;1878;-115;10:54:56.094298
1764;1876;-112;10:54:56.094298
1764;1875;-111;10:54:56.094298
1761;1872;-111;10:54:56.094298
1762;1869;-107;10:54:56.094298
1762;1869;-107;10:54:56.094298
1763;1870;-107;10:54:56.094298
1762;1872;-110;10:54:56.094298
1760;1872;-112;10:54:56.094298
1760;1872;-112;10:54:56.094298
1761;1872;-111;10:54:56.094298
1760;1869;-109;10:54:56.094298
1759;1869;-110;10:54:56.094298
1757;1867;-110;10:54:56.094298
1759;1869;-110;10:54:56.094298
1756;1869;-113;10:54:56.094298
1758;1867;-109;10:54:56.094298
1759;1868;-109;10:54:56.094298
1758;1867;-109;10:54:56.094298
1758;1868;-110;10:54:56.094298
1758;1867;-109;10:54:56.094298
1757;1869;-112;10:54:56.094298
1759;1867;-108;10:54:56.094298
1756;1867;-111;10:54:56.094298
1756;1867;-111;10:54:56.094298
1756;1868;-112;10:54:56.094298
1757;1869;-112;10:54:56.094298
1757;1867;-110;10:54:56.094298
1756;1867;-111;10:54:56.094298
1756;1869;-113;10:54:56.094298
1754;1872;-118;10:54:56.094298
1753;1868;-115;10:54:56.094298
1752;1868;-116;10:54:56.094298
1754;1866;-112;10:54:56.094298
1755;1867;-112;10:54:56.094298
1755;1867;-112;10:54:56.094298
1757;1866;-109;10:54:56.094298
1757;1866;-109;10:54:56.094298
1757;1867;-110;10:54:56.094298
1758;1869;-111;10:54:56.094298
1758;1869;-111;10:54:56.094298
1758;1871;-113;10:54:56.094298
1760;1869;-109;10:54:56.094298
1760;1872;-112;10:54:56.094298
1759;1872;-113;10:54:56.094298
1761;1874;-113;10:54:56.094298
1764;1873;-109;10:54:56.094298
1763;1877;-114;10:54:56.094298
1763;1876;-113;10:54:56.094298
1764;1873;-109;10:54:56.094298
1765;1875;-110;10:54:56.094298
1763;1873;-110;10:54:56.094298
1761;1870;-109;10:54:56.094298
1759;1869;-110;10:54:56.094298
1756;1870;-114;10:54:56.094298
1754;1865;-111;10:54:56.094298
1753;1862;-109;10:54:56.094298
1749;1862;-113;10:54:56.094298
1747;1862;-115;10:54:56.094298
1748;1860;-112;10:54:56.094298
1747;1858;-111;10:54:56.094298
1744;1860;-116;10:54:56.094298
1746;1861;-115;10:54:56.094298
1746;1862;-116;10:54:56.094298
1746;1863;-117;10:54:56.094298
1746;1864;-118;10:54:56.094298
1747;1863;-116;10:54:56.094298
1748;1865;-117;10:54:56.094298
1749;1865;-116;10:54:56.094298
1751;1864;-113;10:54:56.094298
1754;1865;-111;10:54:56.094298
1753;1866;-113;10:54:56.094298
1752;1866;-114;10:54:56.094298
1754;1867;-113;10:54:56.094298
1752;1868;-116;10:54:56.094298
1751;1867;-116;10:54:56.094298
1755;1868;-113;10:54:56.094298
1755;1867;-112;10:54:56.094298
1756;1867;-111;10:54:56.094298
1761;1869;-108;10:54:56.094298
1761;1871;-110;10:54:56.094298
1761;1869;-108;10:54:56.094298
1760;1869;-109;10:54:56.094298
1758;1869;-111;10:54:56.094298
1756;1870;-114;10:54:56.094298
1755;1868;-113;10:54:56.094298
1756;1868;-112;10:54:56.094298
1753;1867;-114;10:54:56.094298
1753;1867;-114;10:54:56.094298
1751;1867;-116;10:54:56.094298
1752;1865;-113;10:54:56.094298
1754;1864;-110;10:54:56.094298
1754;1867;-113;10:54:56.094298
1753;1864;-111;10:54:56.094298
1754;1863;-109;10:54:56.094298
1754;1863;-109;10:54:56.094298
1751;1864;-113;10:54:56.094298
1752;1864;-112;10:54:56.094298
1751;1862;-111;10:54:56.094298
1748;1863;-115;10:54:56.094298
1746;1863;-117;10:54:56.094298
1748;1862;-114;10:54:56.094298
1748;1862;-114;10:54:56.094298
1747;1860;-113;10:54:56.094298
1748;1859;-111;10:54:56.094298
1748;1858;-110;10:54:56.094298
1746;1856;-110;10:54:56.094298
1743;1857;-114;10:54:56.094298
1744;1860;-116;10:54:56.094298
1745;1865;-120;10:54:56.094298
1748;1864;-116;10:54:56.094298
1749;1867;-118;10:54:56.094298
1751;1868;-117;10:54:56.094298
1753;1869;-116;10:54:56.094298
1755;1869;-114;10:54:56.094298
1758;1872;-114;10:54:56.094298
1761;1874;-113;10:54:56.094298
1761;1873;-112;10:54:56.094298
1761;1874;-113;10:54:56.094298
1761;1873;-112;10:54:56.094298
1762;1872;-110;10:54:56.094298
1763;1874;-111;10:54:56.094298
1760;1876;-116;10:54:56.094298
1759;1875;-116;10:54:56.094298
1761;1874;-113;10:54:56.094298
1762;1872;-110;10:54:56.094298
1759;1869;-110;10:54:56.095295
1756;1868;-112;10:54:56.095295
1757;1869;-112;10:54:56.095295
1755;1869;-114;10:54:56.095295
1754;1866;-112;10:54:56.095295
1751;1866;-115;10:54:56.095295
1749;1868;-119;10:54:56.095295
1752;1870;-118;10:54:56.095295
1754;1867;-113;10:54:56.095295
1754;1866;-112;10:54:56.095295
1753;1869;-116;10:54:56.095295
1755;1868;-113;10:54:56.095295
1753;1868;-115;10:54:56.095295
1752;1871;-119;10:54:56.095295
1757;1870;-113;10:54:56.095295
1756;1872;-116;10:54:56.095295
1756;1868;-112;10:54:56.095295
1756;1869;-113;10:54:56.095295
1754;1869;-115;10:54:56.095295
1753;1869;-116;10:54:56.095295
1751;1868;-117;10:54:56.095295
1754;1869;-115;10:54:56.095295
1755;1871;-116;10:54:56.095295
1757;1868;-111;10:54:56.095295
1760;1869;-109;10:54:56.095295
1757;1871;-114;10:54:56.095295
1758;1870;-112;10:54:56.095295
1759;1871;-112;10:54:56.095295
1758;1870;-112;10:54:56.095295
1758;1870;-112;10:54:56.095295
1759;1870;-111;10:54:56.095295
1761;1870;-109;10:54:56.095295
1758;1868;-110;10:54:56.095295
1757;1866;-109;10:54:56.095295
1757;1866;-109;10:54:56.095295
1755;1866;-111;10:54:56.095295
1754;1866;-112;10:54:56.095295
1755;1869;-114;10:54:56.095295
1754;1869;-115;10:54:56.095295
1755;1869;-114;10:54:56.095295
1756;1867;-111;10:54:56.095295
1757;1869;-112;10:54:56.095295
1756;1868;-112;10:54:56.095295
1757;1866;-109;10:54:56.095295
1756;1869;-113;10:54:56.095295
1758;1869;-111;10:54:56.095295
1756;1869;-113;10:54:56.095295
1755;1869;-114;10:54:56.095295
1755;1868;-113;10:54:56.095295
1756;1868;-112;10:54:56.095295
1755;1866;-111;10:54:56.095295
1755;1865;-110;10:54:56.095295
1753;1866;-113;10:54:56.095295
1754;1868;-114;10:54:56.095295
1754;1869;-115;10:54:56.095295
1753;1866;-113;10:54:56.095295
1756;1868;-112;10:54:56.095295
1756;1870;-114;10:54:56.095295
1755;1871;-116;10:54:56.095295
1756;1872;-116;10:54:56.095295
1757;1876;-119;10:54:56.095295
1760;1874;-114;10:54:56.095295
1763;1873;-110;10:54:56.095295
1764;1875;-111;10:54:56.095295
1764;1874;-110;10:54:56.095295
1763;1873;-110;10:54:56.095295
1762;1873;-111;10:54:56.095295
1761;1873;-112;10:54:56.095295
1759;1872;-113;10:54:56.095295
1760;1873;-113;10:54:56.095295
1759;1872;-113;10:54:56.095295
1759;1870;-111;10:54:56.095295
1758;1868;-110;10:54:56.095295
1757;1869;-112;10:54:56.095295
1757;1869;-112;10:54:56.095295
1756;1867;-111;10:54:56.095295
1754;1868;-114;10:54:56.095295
1755;1868;-113;10:54:56.095295
1752;1866;-114;10:54:56.095295
1751;1866;-115;10:54:56.095295
1751;1865;-114;10:54:56.095295
1750;1863;-113;10:54:56.095295
1749;1864;-115;10:54:56.095295
1750;1866;-116;10:54:56.095295
1752;1868;-116;10:54:56.095295
1752;1865;-113;10:54:56.095295
1756;1864;-108;10:54:56.095295
1756;1866;-110;10:54:56.095295
1754;1865;-111;10:54:56.095295
1752;1867;-115;10:54:56.095295
1751;1870;-119;10:54:56.095295
1748;1866;-118;10:54:56.095295
1751;1865;-114;10:54:56.095295
1753;1867;-114;10:54:56.095295
1754;1866;-112;10:54:56.095295
1751;1864;-113;10:54:56.095295
1751;1864;-113;10:54:56.095295
1756;1865;-109;10:54:56.095295
1755;1866;-111;10:54:56.095295
1754;1865;-111;10:54:56.095295
1754;1867;-113;10:54:56.095295
1753;1867;-114;10:54:56.095295
1755;1870;-115;10:54:56.095295
1753;1868;-115;10:54:56.095295
1753;1869;-116;10:54:56.095295
1753;1871;-118;10:54:56.095295
1755;1873;-118;10:54:56.095295
1759;1872;-113;10:54:56.095295
1759;1872;-113;10:54:56.095295
1761;1871;-110;10:54:56.095295
1766;1875;-109;10:54:56.095295
1761;1870;-109;10:54:56.095295
1759;1866;-107;10:54:56.095295
1759;1867;-108;10:54:56.095295
1754;1867;-113;10:54:56.095295
1752;1865;-113;10:54:56.095295
1754;1863;-109;10:54:56.095295
1751;1864;-113;10:54:56.095295
1751;1863;-112;10:54:56.095295
1751;1863;-112;10:54:56.095295
1750;1863;-113;10:54:56.095295
1750;1866;-116;10:54:56.095295
1750;1867;-117;10:54:56.095295
1753;1863;-110;10:54:56.095295
1752;1862;-110;10:54:56.095295
1750;1864;-114;10:54:56.095295
1750;1864;-114;10:54:56.095295
1749;1864;-115;10:54:56.095295
1751;1865;-114;10:54:56.095295
1752;1863;-111;10:54:56.095295
1753;1866;-113;10:54:56.095295
1755;1868;-113;10:54:56.095295
1754;1867;-113;10:54:56.095295
1753;1867;-114;10:54:56.095295
1754;1867;-113;10:54:56.095295
1754;1867;-113;10:54:56.095295
1753;1868;-115;10:54:56.095295
1754;1869;-115;10:54:56.095295
1753;1869;-116;10:54:56.095295
1756;1871;-115;10:54:56.095295
1757;1869;-112;10:54:56.095295
1759;1870;-111;10:54:56.095295
1760;1871;-111;10:54:56.095295
1761;1870;-109;10:54:56.095295
1760;1870;-110;10:54:56.095295
1758;1868;-110;10:54:56.095295
1757;1871;-114;10:54:56.095295
1760;1873;-113;10:54:56.095295
1759;1870;-111;10:54:56.095295
1760;1869;-109;10:54:56.095295
1759;1871;-112;10:54:56.095295
1760;1870;-110;10:54:56.095295
1758;1870;-112;10:54:56.095295
1757;1868;-111;10:54:56.095295
1759;1867;-108;10:54:56.095295
1755;1868;-113;10:54:56.095295
1757;1867;-110;10:54:56.095295
1754;1866;-112;10:54:56.095295
1752;1867;-115;10:54:56.095295
1751;1867;-116;10:54:56.095295
1750;1868;-118;10:54:56.095295
1753;1866;-113;10:54:56.095295
1754;1865;-111;10:54:56.095295
1754;1866;-112;10:54:56.095295
1753;1867;-114;10:54:56.095295
1757;1868;-111;10:54:56.095295
1758;1867;-109;10:54:56.095295
1753;1864;-111;10:54:56.095295
1753;1865;-112;10:54:56.095295
1755;1866;-111;10:54:56.095295
1751;1868;-117;10:54:56.095295
1751;1867;-116;10:54:56.095295
1754;1869;-115;10:54:56.095295
1756;1865;-109;10:54:56.095295
1756;1867;-111;10:54:56.095295
1759;1869;-110;10:54:56.095295
1762;1872;-110;10:54:56.095295
1760;1873;-113;10:54:56.095295
1761;1872;-111;10:54:56.095295
1762;1875;-113;10:54:56.095295
1762;1876;-114;10:54:56.095295
1763;1874;-111;10:54:56.095295
1760;1874;-114;10:54:56.095295
1758;1873;-115;10:54:56.095295
1761;1870;-109;10:54:56.095295
1761;1869;-108;10:54:56.095295
1757;1867;-110;10:54:56.095295
1754;1865;-111;10:54:56.095295
1755;1867;-112;10:54:56.095295
1754;1866;-112;10:54:56.095295
1751;1863;-112;10:54:56.095295
1748;1860;-112;10:54:56.095295
1747;1862;-115;10:54:56.095295
1748;1863;-115;10:54:56.095295
1749;1865;-116;10:54:56.095295
1748;1865;-117;10:54:56.095295
1749;1865;-116;10:54:56.095295
1754;1867;-113;10:54:56.095295
1755;1867;-112;10:54:56.095295
1755;1868;-113;10:54:56.095295
1754;1867;-113;10:54:56.095295
1754;1871;-117;10:54:56.095295
1756;1873;-117;10:54:56.095295
1759;1871;-112;10:54:56.095295
1755;1873;-118;10:54:56.095295
1758;1876;-118;10:54:56.095295
1761;1875;-114;10:54:56.095295
1761;1875;-114;10:54:56.095295
1762;1876;-114;10:54:56.095295
1758;1878;-120;10:54:56.095295
1760;1875;-115;10:54:56.095295
1762;1876;-114;10:54:56.095295
1762;1873;-111;10:54:56.095295
1763;1877;-114;10:54:56.095295
1763;1877;-114;10:54:56.095295
1763;1877;-114;10:54:56.095295
1762;1874;-112;10:54:56.095295
1764;1878;-114;10:54:56.095295
1767;1879;-112;10:54:56.095295
1765;1878;-113;10:54:56.095295
1766;1877;-111;10:54:56.095295
1763;1875;-112;10:54:56.095295
1762;1876;-114;10:54:56.095295
1762;1875;-113;10:54:56.095295
1762;1875;-113;10:54:56.095295
1759;1873;-114;10:54:56.095295
1759;1872;-113;10:54:56.095295
1760;1873;-113;10:54:56.095295
1758;1872;-114;10:54:56.095295
1756;1871;-115;10:54:56.095295
1758;1869;-111;10:54:56.095295
1760;1871;-111;10:54:56.095295
1758;1870;-112;10:54:56.095295
1756;1869;-113;10:54:56.095295
1757;1870;-113;10:54:56.095295
1757;1870;-113;10:54:56.095295
1757;1872;-115;10:54:56.095295
1756;1873;-117;10:54:56.095295
1758;1874;-116;10:54:56.095295
1758;1875;-117;10:54:56.095295
1761;1874;-113;10:54:56.095295
1761;1873;-112;10:54:56.095295
1760;1877;-117;10:54:56.095295
1761;1875;-114;10:54:56.095295
1763;1876;-113;10:54:56.095295
1760;1876;-116;10:54:56.095295
1760;1876;-116;10:54:56.095295
1763;1878;-115;10:54:56.095295
1761;1878;-117;10:54:56.095295
1761;1877;-116;10:54:56.095295
1762;1881;-119;10:54:56.095295
1764;1881;-117;10:54:56.095295
1765;1880;-115;10:54:56.095295
1765;1877;-112;10:54:56.095295
1766;1879;-113;10:54:56.095295
1766;1877;-111;10:54:56.095295
1766;1876;-110;10:54:56.095295
1764;1874;-110;10:54:56.095295
1760;1873;-113;10:54:56.095295
1761;1872;-111;10:54:56.095295
1760;1873;-113;10:54:56.095295
1758;1871;-113;10:54:56.095295
1757;1868;-111;10:54:56.095295
1757;1869;-112;10:54:56.095295
1755;1869;-114;10:54:56.095295
1754;1865;-111;10:54:56.095295
1754;1866;-112;10:54:56.095295
1755;1866;-111;10:54:56.095295
1754;1866;-112;10:54:56.095295
1756;1868;-112;10:54:56.095295
1754;1869;-115;10:54:56.095295
1752;1871;-119;10:54:56.095295
1757;1871;-114;10:54:56.095295
1755;1872;-117;10:54:56.095295
1754;1871;-117;10:54:56.095295
1757;1871;-114;10:54:56.095295
1757;1870;-113;10:54:56.095295
1756;1870;-114;10:54:56.095295
1754;1868;-114;10:54:56.095295
1756;1868;-112;10:54:56.095295
1755;1870;-115;10:54:56.095295
1754;1866;-112;10:54:56.095295
1756;1864;-108;10:54:56.095295
1755;1867;-112;10:54:56.095295
1754;1867;-113;10:54:56.095295
1752;1866;-114;10:54:56.095295
1752;1869;-117;10:54:56.095295
1754;1867;-113;10:54:56.095295
1754;1866;-112;10:54:56.095295
1754;1867;-113;10:54:56.095295
1755;1868;-113;10:54:56.095295
1754;1868;-114;10:54:56.095295
1757;1870;-113;10:54:56.095295
1760;1871;-111;10:54:56.095295
1759;1872;-113;10:54:56.095295
1760;1872;-112;10:54:56.095295
1759;1872;-113;10:54:56.095295
1757;1868;-111;10:54:56.095295
1754;1866;-112;10:54:56.095295
1754;1863;-109;10:54:56.095295
1750;1862;-112;10:54:56.095295
1749;1862;-113;10:54:56.095295
1749;1860;-111;10:54:56.095295
1745;1861;-116;10:54:56.095295
1747;1860;-113;10:54:56.095295
1748;1860;-112;10:54:56.095295
1747;1860;-113;10:54:56.095295
1748;1860;-112;10:54:56.095295
1746;1861;-115;10:54:56.095295
1748;1861;-113;10:54:56.095295
1746;1860;-114;10:54:56.095295
1746;1861;-115;10:54:56.095295
1748;1861;-113;10:54:56.095295
1747;1861;-114;10:54:56.095295
1746;1860;-114;10:54:56.095295
1750;1862;-112;10:54:56.095295
1750;1864;-114;10:54:56.095295
1751;1864;-113;10:54:56.095295
1749;1866;-117;10:54:56.095295
1751;1864;-113;10:54:56.095295
1753;1864;-111;10:54:56.095295
1752;1866;-114;10:54:56.095295
1752;1868;-116;10:54:56.095295
1754;1866;-112;10:54:56.095295
1756;1867;-111;10:54:56.095295
1759;1867;-108;10:54:56.095295
1758;1867;-109;10:54:56.095295
1757;1866;-109;10:54:56.095295
1755;1868;-113;10:54:56.095295
1755;1865;-110;10:54:56.095295
1753;1865;-112;10:54:56.095295
1753;1866;-113;10:54:56.095295
1755;1867;-112;10:54:56.095295
1753;1866;-113;10:54:56.095295
1752;1865;-113;10:54:56.095295
1753;1866;-113;10:54:56.095295
1752;1867;-115;10:54:56.095295
1752;1866;-114;10:54:56.095295
1751;1866;-115;10:54:56.095295
1752;1864;-112;10:54:56.095295
1753;1866;-113;10:54:56.095295
1751;1866;-115;10:54:56.095295
1748;1865;-117;10:54:56.095295
1748;1865;-117;10:54:56.095295
1750;1865;-115;10:54:56.095295
1750;1867;-117;10:54:56.095295
1752;1866;-114;10:54:56.095295
1751;1865;-114;10:54:56.095295
1749;1867;-118;10:54:56.095295
1751;1867;-116;10:54:56.095295
1752;1868;-116;10:54:56.095295
1754;1870;-116;10:54:56.095295
1757;1871;-114;10:54:56.095295
1760;1874;-114;10:54:56.095295
1760;1873;-113;10:54:56.095295
1761;1874;-113;10:54:56.095295
1759;1874;-115;10:54:56.095295
1760;1872;-112;10:54:56.095295
1760;1875;-115;10:54:56.095295
1760;1876;-116;10:54:56.095295
1760;1877;-117;10:54:56.095295
1761;1877;-116;10:54:56.095295
1762;1878;-116;10:54:56.095295
1761;1877;-116;10:54:56.095295
1764;1875;-111;10:54:56.095295
1763;1875;-112;10:54:56.095295
1761;1874;-113;10:54:56.095295
1761;1875;-114;10:54:56.095295
1760;1874;-114;10:54:56.095295
1762;1874;-112;10:54:56.095295
1759;1873;-114;10:54:56.095295
1759;1872;-113;10:54:56.095295
1759;1872;-113;10:54:56.095295
1758;1869;-111;10:54:56.095295
1758;1868;-110;10:54:56.095295
1757;1870;-113;10:54:56.095295
1758;1868;-110;10:54:56.095295
1758;1868;-110;10:54:56.095295
1756;1869;-113;10:54:56.095295
1752;1868;-116;10:54:56.095295
1752;1869;-117;10:54:56.095295
1753;1869;-116;10:54:56.095295
1757;1868;-111;10:54:56.095295
1755;1867;-112;10:54:56.095295
1753;1869;-116;10:54:56.095295
1754;1870;-116;10:54:56.095295
1755;1869;-114;10:54:56.095295
1757;1870;-113;10:54:56.095295
1756;1871;-115;10:54:56.095295
1754;1871;-117;10:54:56.095295
1754;1873;-119;10:54:56.095295
1757;1874;-117;10:54:56.095295
1758;1873;-115;10:54:56.095295
1759;1875;-116;10:54:56.095295
1760;1876;-116;10:54:56.095295
1763;1877;-114;10:54:56.095295
1761;1875;-114;10:54:56.095295
1761;1874;-113;10:54:56.095295
1760;1874;-114;10:54:56.095295
1760;1877;-117;10:54:56.095295
1760;1875;-115;10:54:56.095295
1763;1876;-113;10:54:56.095295
1762;1877;-115;10:54:56.095295
1761;1876;-115;10:54:56.095295
1763;1877;-114;10:54:56.095295
1763;1875;-112;10:54:56.095295
1761;1876;-115;10:54:56.095295
1759;1873;-114;10:54:56.095295
1759;1876;-117;10:54:56.095295
1757;1875;-118;10:54:56.095295
1757;1873;-116;10:54:56.095295
1758;1872;-114;10:54:56.095295
1755;1873;-118;10:54:56.095295
1754;1872;-118;10:54:56.095295
1756;1870;-114;10:54:56.095295
1756;1869;-113;10:54:56.095295
1757;1870;-113;10:54:56.095295
1759;1870;-111;10:54:56.095295
1757;1871;-114;10:54:56.095295
1756;1868;-112;10:54:56.095295
1755;1870;-115;10:54:56.095295
1753;1870;-117;10:54:56.095295
1753;1869;-116;10:54:56.095295
1753;1871;-118;10:54:56.095295
1755;1873;-118;10:54:56.095295
1757;1873;-116;10:54:56.095295
1755;1872;-117;10:54:56.095295
1759;1873;-114;10:54:56.095295
1757;1874;-117;10:54:56.095295
1757;1872;-115;10:54:56.095295
1757;1875;-118;10:54:56.095295
1760;1877;-117;10:54:56.095295
1761;1876;-115;10:54:56.095295
1762;1875;-113;10:54:56.095295
1765;1875;-110;10:54:56.095295
1762;1876;-114;10:54:56.095295
1760;1876;-116;10:54:56.095295
1761;1874;-113;10:54:56.095295
1760;1872;-112;10:54:56.095295
1761;1869;-108;10:54:56.095295
1760;1869;-109;10:54:56.095295
1758;1869;-111;10:54:56.095295
1755;1869;-114;10:54:56.095295
1755;1868;-113;10:54:56.095295
1758;1869;-111;10:54:56.095295
1755;1869;-114;10:54:56.095295
1755;1869;-114;10:54:56.095295
1755;1869;-114;10:54:56.095295
1757;1869;-112;10:54:56.095295
1756;1869;-113;10:54:56.095295
1755;1867;-112;10:54:56.095295
1755;1867;-112;10:54:56.095295
1755;1867;-112;10:54:56.095295
1754;1864;-110;10:54:56.095295
1754;1866;-112;10:54:56.095295
1752;1866;-114;10:54:56.095295
1754;1866;-112;10:54:56.095295
1755;1867;-112;10:54:56.095295
1753;1867;-114;10:54:56.095295
1751;1867;-116;10:54:56.095295
1754;1867;-113;10:54:56.095295
1755;1869;-114;10:54:56.095295
1754;1870;-116;10:54:56.095295
1754;1870;-116;10:54:56.095295
1756;1872;-116;10:54:56.095295
1758;1874;-116;10:54:56.095295
1758;1872;-114;10:54:56.095295
1759;1872;-113;10:54:56.095295
1759;1872;-113;10:54:56.095295
1757;1872;-115;10:54:56.095295
1758;1873;-115;10:54:56.095295
1758;1873;-115;10:54:56.095295
1760;1873;-113;10:54:56.095295
1760;1873;-113;10:54:56.095295
1758;1872;-114;10:54:56.095295
1757;1871;-114;10:54:56.095295
1757;1871;-114;10:54:56.095295
1755;1869;-114;10:54:56.095295
1755;1868;-113;10:54:56.095295
1755;1866;-111;10:54:56.095295
1754;1868;-114;10:54:56.095295
1755;1865;-110;10:54:56.095295
1755;1865;-110;10:54:56.095295
1753;1864;-111;10:54:56.095295
1753;1864;-111;10:54:56.095295
1749;1862;-113;10:54:56.095295
1747;1862;-115;10:54:56.095295
1749;1862;-113;10:54:56.095295
1749;1862;-113;10:54:56.095295
1748;1862;-114;10:54:56.095295
1750;1861;-111;10:54:56.095295
1748;1863;-115;10:54:56.095295
1747;1865;-118;10:54:56.095295
1747;1865;-118;10:54:56.095295
1748;1863;-115;10:54:56.095295
1750;1863;-113;10:54:56.095295
1753;1864;-111;10:54:56.095295
1752;1863;-111;10:54:56.095295
1750;1863;-113;10:54:56.095295
1751;1864;-113;10:54:56.095295
1751;1866;-115;10:54:56.095295
1752;1866;-114;10:54:56.095295
1755;1869;-114;10:54:56.095295
1754;1871;-117;10:54:56.095295
1754;1870;-116;10:54:56.095295
1757;1872;-115;10:54:56.095295
1758;1872;-114;10:54:56.095295
1760;1871;-111;10:54:56.095295
1761;1873;-112;10:54:56.095295
1764;1876;-112;10:54:56.095295
1763;1872;-109;10:54:56.095295
1762;1872;-110;10:54:56.095295
1761;1872;-111;10:54:56.095295
1763;1871;-108;10:54:56.095295
1763;1870;-107;10:54:56.095295
1761;1870;-109;10:54:56.095295
1760;1869;-109;10:54:56.095295
1759;1869;-110;10:54:56.095295
1757;1872;-115;10:54:56.095295
1755;1870;-115;10:54:56.095295
1755;1868;-113;10:54:56.095295
1752;1868;-116;10:54:56.095295
1752;1867;-115;10:54:56.095295
1753;1866;-113;10:54:56.095295
1753;1866;-113;10:54:56.095295
1755;1864;-109;10:54:56.095295
1755;1865;-110;10:54:56.095295
1754;1865;-111;10:54:56.095295
1753;1865;-112;10:54:56.095295
1752;1867;-115;10:54:56.095295
1753;1868;-115;10:54:56.095295
1755;1868;-113;10:54:56.095295
1755;1870;-115;10:54:56.095295
1755;1869;-114;10:54:56.095295
1755;1871;-116;10:54:56.095295
1756;1871;-115;10:54:56.095295
1756;1871;-115;10:54:56.095295
1757;1870;-113;10:54:56.095295
1761;1870;-109;10:54:56.095295
1761;1872;-111;10:54:56.095295
1761;1871;-110;10:54:56.095295
1759;1872;-113;10:54:56.095295
1762;1874;-112;10:54:56.095295
1764;1874;-110;10:54:56.095295
1763;1874;-111;10:54:56.095295
1764;1874;-110;10:54:56.095295
1766;1875;-109;10:54:56.095295
1767;1877;-110;10:54:56.095295
1765;1877;-112;10:54:56.095295
1764;1876;-112;10:54:56.095295
1766;1877;-111;10:54:56.095295
1767;1877;-110;10:54:56.095295
1764;1876;-112;10:54:56.095295
1763;1875;-112;10:54:56.095295
1765;1875;-110;10:54:56.095295
1763;1875;-112;10:54:56.095295
1759;1874;-115;10:54:56.095295
1760;1872;-112;10:54:56.095295
1759;1869;-110;10:54:56.095295
1757;1870;-113;10:54:56.095295
1758;1868;-110;10:54:56.095295
1759;1866;-107;10:54:56.095295
1755;1866;-111;10:54:56.095295
1755;1867;-112;10:54:56.095295
1756;1870;-114;10:54:56.095295
1753;1870;-117;10:54:56.095295
1753;1872;-119;10:54:56.095295
1756;1873;-117;10:54:56.095295
1757;1874;-117;10:54:56.095295
1759;1874;-115;10:54:56.095295
1762;1874;-112;10:54:56.095295
1764;1874;-110;10:54:56.095295
1762;1873;-111;10:54:56.095295
1763;1872;-109;10:54:56.095295
1761;1874;-113;10:54:56.095295
1758;1872;-114;10:54:56.095295
1759;1872;-113;10:54:56.095295
1759;1872;-113;10:54:56.095295
1759;1872;-113;10:54:56.095295
1759;1872;-113;10:54:56.095295
1761;1872;-111;10:54:56.095295
1760;1872;-112;10:54:56.095295
1760;1873;-113;10:54:56.095295
1764;1878;-114;10:54:56.095295
1766;1879;-113;10:54:56.095295
1762;1879;-117;10:54:56.095295
1765;1880;-115;10:54:56.095295
1768;1879;-111;10:54:56.095295
1767;1878;-111;10:54:56.095295
1766;1879;-113;10:54:56.095295
1769;1879;-110;10:54:56.095295
1767;1878;-111;10:54:56.095295
1762;1876;-114;10:54:56.095295
1762;1875;-113;10:54:56.095295
1761;1874;-113;10:54:56.095295
1759;1872;-113;10:54:56.095295
1757;1871;-114;10:54:56.095295
1758;1872;-114;10:54:56.095295
1755;1872;-117;10:54:56.095295
1755;1869;-114;10:54:56.095295
1757;1870;-113;10:54:56.095295
1758;1871;-113;10:54:56.095295
1756;1869;-113;10:54:56.095295
1755;1870;-115;10:54:56.095295
1755;1870;-115;10:54:56.095295
1757;1871;-114;10:54:56.095295
1755;1870;-115;10:54:56.095295
1755;1872;-117;10:54:56.095295
1758;1873;-115;10:54:56.095295
1758;1874;-116;10:54:56.095295
1759;1872;-113;10:54:56.095295
1758;1871;-113;10:54:56.095295
1757;1873;-116;10:54:56.095295
1760;1875;-115;10:54:56.095295
1760;1874;-114;10:54:56.095295
1757;1871;-114;10:54:56.095295
1758;1872;-114;10:54:56.095295
1761;1871;-110;10:54:56.095295
1761;1874;-113;10:54:56.095295
1759;1873;-114;10:54:56.095295
1759;1871;-112;10:54:56.095295
1758;1875;-117;10:54:56.095295
1757;1872;-115;10:54:56.095295
1756;1870;-114;10:54:56.095295
1755;1870;-115;10:54:56.095295
1757;1867;-110;10:54:56.095295
1757;1866;-109;10:54:56.095295
1757;1866;-109;10:54:56.095295
1751;1865;-114;10:54:56.095295
1750;1865;-115;10:54:56.095295
1751;1865;-114;10:54:56.095295
1749;1864;-115;10:54:56.095295
1748;1861;-113;10:54:56.095295
1747;1863;-116;10:54:56.095295
1748;1861;-113;10:54:56.095295
1748;1860;-112;10:54:56.095295
1746;1861;-115;10:54:56.095295
1747;1862;-115;10:54:56.095295
1746;1863;-117;10:54:56.095295
1749;1863;-114;10:54:56.095295
1751;1866;-115;10:54:56.095295
1751;1865;-114;10:54:56.095295
1751;1866;-115;10:54:56.095295
1751;1869;-118;10:54:56.095295
1754;1869;-115;10:54:56.095295
1755;1869;-114;10:54:56.095295
1754;1872;-118;10:54:56.095295
1755;1870;-115;10:54:56.095295
1758;1866;-108;10:54:56.095295
1757;1867;-110;10:54:56.095295
1756;1866;-110;10:54:56.095295
1755;1869;-114;10:54:56.095295
1757;1870;-113;10:54:56.095295
1756;1870;-114;10:54:56.095295
1756;1868;-112;10:54:56.095295
1756;1869;-113;10:54:56.095295
1756;1869;-113;10:54:56.095295
1757;1868;-111;10:54:56.095295
1754;1868;-114;10:54:56.095295
1755;1867;-112;10:54:56.095295
1756;1869;-113;10:54:56.095295
1755;1868;-113;10:54:56.095295
1757;1866;-109;10:54:56.095295
1756;1868;-112;10:54:56.095295
1757;1871;-114;10:54:56.095295
1757;1869;-112;10:54:56.095295
1757;1868;-111;10:54:56.095295
1754;1866;-112;10:54:56.095295
1753;1864;-111;10:54:56.095295
1752;1865;-113;10:54:56.095295
1751;1867;-116;10:54:56.095295
1751;1863;-112;10:54:56.095295
1753;1864;-111;10:54:56.095295
1752;1863;-111;10:54:56.095295
1749;1862;-113;10:54:56.095295
1748;1865;-117;10:54:56.095295
1750;1865;-115;10:54:56.095295
1750;1866;-116;10:54:56.095295
1752;1864;-112;10:54:56.095295
1754;1865;-111;10:54:56.095295
1755;1865;-110;10:54:56.095295
1755;1865;-110;10:54:56.095295
1757;1866;-109;10:54:56.095295
1752;1867;-115;10:54:56.095295
1751;1868;-117;10:54:56.095295
1754;1869;-115;10:54:56.095295
1753;1869;-116;10:54:56.095295
1751;1870;-119;10:54:56.095295
1751;1871;-120;10:54:56.095295
1756;1868;-112;10:54:56.095295
1757;1867;-110;10:54:56.095295
1757;1867;-110;10:54:56.095295
1759;1869;-110;10:54:56.095295
1758;1869;-111;10:54:56.095295
1760;1868;-108;10:54:56.095295
1761;1870;-109;10:54:56.095295
1759;1871;-112;10:54:56.095295
1760;1870;-110;10:54:56.095295
1759;1871;-112;10:54:56.095295
1758;1872;-114;10:54:56.095295
1759;1872;-113;10:54:56.095295
1759;1869;-110;10:54:56.095295
1759;1870;-111;10:54:56.095295
1761;1871;-110;10:54:56.095295
1758;1871;-113;10:54:56.095295
1756;1871;-115;10:54:56.095295
1756;1871;-115;10:54:56.095295
1756;1870;-114;10:54:56.095295
1754;1866;-112;10:54:56.095295
1753;1864;-111;10:54:56.095295
1753;1863;-110;10:54:56.095295
1751;1862;-111;10:54:56.095295
1752;1861;-109;10:54:56.095295
1749;1863;-114;10:54:56.095295
1749;1863;-114;10:54:56.095295
1750;1863;-113;10:54:56.095295
1749;1863;-114;10:54:56.095295
1748;1862;-114;10:54:56.095295
1750;1861;-111;10:54:56.095295
1750;1863;-113;10:54:56.095295
1750;1864;-114;10:54:56.095295
1748;1862;-114;10:54:56.095295
1750;1864;-114;10:54:56.095295
1751;1864;-113;10:54:56.095295
1752;1865;-113;10:54:56.095295
1753;1865;-112;10:54:56.095295
1754;1868;-114;10:54:56.095295
1757;1868;-111;10:54:56.095295
1760;1868;-108;10:54:56.095295
1759;1868;-109;10:54:56.095295
1759;1870;-111;10:54:56.095295
1762;1875;-113;10:54:56.095295
1765;1875;-110;10:54:56.095295
1763;1876;-113;10:54:56.095295
1763;1876;-113;10:54:56.095295
1766;1877;-111;10:54:56.095295
1763;1878;-115;10:54:56.095295
1762;1875;-113;10:54:56.095295
1766;1878;-112;10:54:56.095295
1763;1878;-115;10:54:56.095295
1764;1875;-111;10:54:56.095295
1762;1874;-112;10:54:56.095295
1764;1873;-109;10:54:56.095295
1762;1871;-109;10:54:56.095295
1761;1870;-109;10:54:56.095295
1760;1871;-111;10:54:56.095295
1759;1873;-114;10:54:56.095295
1761;1873;-112;10:54:56.095295
1760;1875;-115;10:54:56.095295
1757;1874;-117;10:54:56.095295
1758;1873;-115;10:54:56.095295
1759;1874;-115;10:54:56.095295
1759;1874;-115;10:54:56.095295
1761;1873;-112;10:54:56.095295
1760;1875;-115;10:54:56.095295
1760;1876;-116;10:54:56.095295
1762;1875;-113;10:54:56.095295
1762;1876;-114;10:54:56.095295
1762;1879;-117;10:54:56.095295
1763;1880;-117;10:54:56.095295
1765;1882;-117;10:54:56.095295
1766;1881;-115;10:54:56.095295
1765;1880;-115;10:54:56.095295
1765;1882;-117;10:54:56.095295
1768;1881;-113;10:54:56.095295
1766;1879;-113;10:54:56.096293
1767;1877;-110;10:54:56.096293
1767;1880;-113;10:54:56.096293
1766;1879;-113;10:54:56.096293
1765;1880;-115;10:54:56.096293
1768;1880;-112;10:54:56.096293
1767;1877;-110;10:54:56.096293
1765;1876;-111;10:54:56.096293
1765;1873;-108;10:54:56.096293
1764;1873;-109;10:54:56.096293
1761;1876;-115;10:54:56.096293
1762;1875;-113;10:54:56.096293
1762;1874;-112;10:54:56.096293
1762;1874;-112;10:54:56.096293
1762;1875;-113;10:54:56.096293
1761;1874;-113;10:54:56.096293
1757;1877;-120;10:54:56.096293
1758;1874;-116;10:54:56.096293
1761;1872;-111;10:54:56.096293
1762;1873;-111;10:54:56.096293
1757;1873;-116;10:54:56.096293
1758;1872;-114;10:54:56.096293
1759;1874;-115;10:54:56.096293
1759;1873;-114;10:54:56.096293
1759;1871;-112;10:54:56.096293
1757;1873;-116;10:54:56.096293
1756;1873;-117;10:54:56.096293
1758;1871;-113;10:54:56.096293
1760;1873;-113;10:54:56.096293
1760;1874;-114;10:54:56.096293
1758;1876;-118;10:54:56.096293
1760;1875;-115;10:54:56.096293
1758;1877;-119;10:54:56.096293
1759;1876;-117;10:54:56.096293
1761;1875;-114;10:54:56.096293
1762;1878;-116;10:54:56.096293
1763;1877;-114;10:54:56.096293
1764;1877;-113;10:54:56.096293
1765;1878;-113;10:54:56.096293
1765;1879;-114;10:54:56.096293
1764;1881;-117;10:54:56.096293
1763;1882;-119;10:54:56.096293
1763;1881;-118;10:54:56.096293
1764;1879;-115;10:54:56.096293
1763;1875;-112;10:54:56.096293
1763;1875;-112;10:54:56.096293
1763;1873;-110;10:54:56.096293
1761;1874;-113;10:54:56.096293
1761;1873;-112;10:54:56.096293
1758;1872;-114;10:54:56.096293
1757;1872;-115;10:54:56.096293
1758;1874;-116;10:54:56.096293
1756;1873;-117;10:54:56.096293
1755;1874;-119;10:54:56.096293
1757;1873;-116;10:54:56.096293
1757;1871;-114;10:54:56.096293
1756;1870;-114;10:54:56.096293
1758;1871;-113;10:54:56.096293
1761;1872;-111;10:54:56.096293
1759;1874;-115;10:54:56.096293
1758;1875;-117;10:54:56.096293
1757;1875;-118;10:54:56.096293
1757;1876;-119;10:54:56.096293
1759;1875;-116;10:54:56.096293
1760;1874;-114;10:54:56.096293
1758;1874;-116;10:54:56.096293
1758;1872;-114;10:54:56.096293
1760;1872;-112;10:54:56.096293
1760;1873;-113;10:54:56.096293
1761;1873;-112;10:54:56.096293
1763;1874;-111;10:54:56.096293
1762;1875;-113;10:54:56.096293
1760;1876;-116;10:54:56.096293
1761;1874;-113;10:54:56.096293
1761;1876;-115;10:54:56.096293
1759;1875;-116;10:54:56.096293
1759;1876;-117;10:54:56.096293
1759;1876;-117;10:54:56.096293
1758;1875;-117;10:54:56.096293
1758;1874;-116;10:54:56.096293
1759;1874;-115;10:54:56.096293
1762;1875;-113;10:54:56.096293
1759;1872;-113;10:54:56.096293
1759;1873;-114;10:54:56.096293
1764;1875;-111;10:54:56.096293
1761;1873;-112;10:54:56.096293
1760;1873;-113;10:54:56.096293
1763;1875;-112;10:54:56.096293
1759;1872;-113;10:54:56.096293
1755;1869;-114;10:54:56.096293
1755;1871;-116;10:54:56.096293
1755;1869;-114;10:54:56.096293
1753;1870;-117;10:54:56.096293
1753;1869;-116;10:54:56.096293
1754;1871;-117;10:54:56.096293
1754;1871;-117;10:54:56.096293
1757;1873;-116;10:54:56.096293
1759;1873;-114;10:54:56.096293
1757;1870;-113;10:54:56.096293
1757;1869;-112;10:54:56.096293
1758;1873;-115;10:54:56.096293
1756;1872;-116;10:54:56.096293
1753;1869;-116;10:54:56.096293
1753;1870;-117;10:54:56.096293
1757;1873;-116;10:54:56.096293
1756;1873;-117;10:54:56.096293
1757;1872;-115;10:54:56.096293
1758;1873;-115;10:54:56.096293
1760;1873;-113;10:54:56.096293
1760;1871;-111;10:54:56.096293
1760;1871;-111;10:54:56.096293
1758;1871;-113;10:54:56.096293
1759;1872;-113;10:54:56.096293
1761;1873;-112;10:54:56.096293
1758;1875;-117;10:54:56.096293
1757;1872;-115;10:54:56.096293
1761;1876;-115;10:54:56.096293
1761;1877;-116;10:54:56.096293
1759;1873;-114;10:54:56.096293
1758;1871;-113;10:54:56.096293
1761;1873;-112;10:54:56.096293
1761;1872;-111;10:54:56.096293
1758;1872;-114;10:54:56.096293
1758;1874;-116;10:54:56.096293
1759;1874;-115;10:54:56.096293
1759;1872;-113;10:54:56.096293
1758;1871;-113;10:54:56.096293
1756;1872;-116;10:54:56.096293
1756;1873;-117;10:54:56.096293
1759;1873;-114;10:54:56.096293
1759;1871;-112;10:54:56.096293
1755;1869;-114;10:54:56.096293
1755;1872;-117;10:54:56.096293
1758;1876;-118;10:54:56.096293
1757;1874;-117;10:54:56.096293
1756;1872;-116;10:54:56.096293
1756;1873;-117;10:54:56.096293
1758;1874;-116;10:54:56.096293
1761;1873;-112;10:54:56.096293
1762;1874;-112;10:54:56.096293
1763;1876;-113;10:54:56.096293
1762;1877;-115;10:54:56.096293
1763;1881;-118;10:54:56.096293
1765;1878;-113;10:54:56.096293
1763;1878;-115;10:54:56.096293
1765;1878;-113;10:54:56.096293
1765;1878;-113;10:54:56.096293
1765;1876;-111;10:54:56.096293
1764;1875;-111;10:54:56.096293
1767;1876;-109;10:54:56.096293
1769;1878;-109;10:54:56.096293
1767;1878;-111;10:54:56.096293
1767;1879;-112;10:54:56.096293
1770;1880;-110;10:54:56.096293
1766;1880;-114;10:54:56.096293
1765;1879;-114;10:54:56.096293
1764;1878;-114;10:54:56.096293
1765;1880;-115;10:54:56.096293
1768;1880;-112;10:54:56.096293
1767;1879;-112;10:54:56.096293
1766;1878;-112;10:54:56.096293
1767;1877;-110;10:54:56.096293
1766;1878;-112;10:54:56.096293
1765;1875;-110;10:54:56.096293
1763;1872;-109;10:54:56.096293
1763;1872;-109;10:54:56.096293
1762;1874;-112;10:54:56.096293
1761;1874;-113;10:54:56.096293
1760;1872;-112;10:54:56.096293
1760;1874;-114;10:54:56.096293
1761;1874;-113;10:54:56.096293
1760;1875;-115;10:54:56.096293
1759;1876;-117;10:54:56.096293
1758;1876;-118;10:54:56.096293
1758;1875;-117;10:54:56.096293
1758;1876;-118;10:54:56.096293
1760;1875;-115;10:54:56.096293
1759;1874;-115;10:54:56.096293
1761;1875;-114;10:54:56.096293
1760;1873;-113;10:54:56.096293
1761;1873;-112;10:54:56.096293
1761;1877;-116;10:54:56.096293
1762;1878;-116;10:54:56.096293
1761;1876;-115;10:54:56.096293
1761;1876;-115;10:54:56.096293
1762;1877;-115;10:54:56.096293
1762;1877;-115;10:54:56.096293
1761;1878;-117;10:54:56.096293
1764;1878;-114;10:54:56.096293
1764;1877;-113;10:54:56.096293
1764;1878;-114;10:54:56.096293
1764;1877;-113;10:54:56.096293
1764;1877;-113;10:54:56.096293
1762;1872;-110;10:54:56.096293
1760;1872;-112;10:54:56.096293
1762;1872;-110;10:54:56.096293
1763;1871;-108;10:54:56.096293
1758;1871;-113;10:54:56.096293
1757;1871;-114;10:54:56.096293
1755;1872;-117;10:54:56.096293
1756;1871;-115;10:54:56.096293
1757;1869;-112;10:54:56.096293
1752;1868;-116;10:54:56.096293
1753;1867;-114;10:54:56.096293
1754;1870;-116;10:54:56.096293
1757;1869;-112;10:54:56.096293
1756;1868;-112;10:54:56.096293
1754;1865;-111;10:54:56.096293
1756;1866;-110;10:54:56.096293
1755;1865;-110;10:54:56.096293
1753;1862;-109;10:54:56.096293
1751;1863;-112;10:54:56.096293
1754;1865;-111;10:54:56.096293
1754;1864;-110;10:54:56.096293
1752;1864;-112;10:54:56.096293
1755;1865;-110;10:54:56.096293
1752;1867;-115;10:54:56.096293
1751;1866;-115;10:54:56.096293
1754;1868;-114;10:54:56.096293
1752;1868;-116;10:54:56.096293
1753;1869;-116;10:54:56.096293
1755;1869;-114;10:54:56.096293
1755;1869;-114;10:54:56.096293
1754;1867;-113;10:54:56.096293
1755;1867;-112;10:54:56.096293
1755;1867;-112;10:54:56.096293
1754;1865;-111;10:54:56.096293
1755;1866;-111;10:54:56.096293
1755;1865;-110;10:54:56.096293
1754;1865;-111;10:54:56.096293
1755;1864;-109;10:54:56.096293
1755;1864;-109;10:54:56.096293
1753;1864;-111;10:54:56.096293
1754;1864;-110;10:54:56.096293
1753;1864;-111;10:54:56.096293
1753;1864;-111;10:54:56.096293
1754;1865;-111;10:54:56.096293
1753;1867;-114;10:54:56.096293
1754;1867;-113;10:54:56.096293
1753;1866;-113;10:54:56.096293
1754;1865;-111;10:54:56.096293
1754;1865;-111;10:54:56.096293
1754;1865;-111;10:54:56.096293
1753;1866;-113;10:54:56.096293
1751;1866;-115;10:54:56.096293
1753;1867;-114;10:54:56.096293
1752;1865;-113;10:54:56.096293
1751;1864;-113;10:54:56.096293
1751;1863;-112;10:54:56.096293
1749;1865;-116;10:54:56.096293
1748;1862;-114;10:54:56.096293
1750;1862;-112;10:54:56.096293
1750;1861;-111;10:54:56.096293
1750;1862;-112;10:54:56.096293
1751;1862;-111;10:54:56.096293
1749;1866;-117;10:54:56.096293
1751;1866;-115;10:54:56.096293
1755;1865;-110;10:54:56.096293
1752;1866;-114;10:54:56.096293
1751;1866;-115;10:54:56.096293
1752;1867;-115;10:54:56.096293
1752;1866;-114;10:54:56.096293
1752;1863;-111;10:54:56.096293
1751;1863;-112;10:54:56.096293
1752;1862;-110;10:54:56.096293
1751;1865;-114;10:54:56.096293
1749;1863;-114;10:54:56.096293
1751;1864;-113;10:54:56.096293
1749;1865;-116;10:54:56.096293
1753;1864;-111;10:54:56.096293
1755;1862;-107;10:54:56.096293
1753;1863;-110;10:54:56.096293
1753;1864;-111;10:54:56.096293
1751;1866;-115;10:54:56.096293
1752;1866;-114;10:54:56.096293
1753;1864;-111;10:54:56.096293
1752;1865;-113;10:54:56.096293
1751;1866;-115;10:54:56.096293
1750;1866;-116;10:54:56.096293
1752;1866;-114;10:54:56.096293
1750;1868;-118;10:54:56.096293
1754;1872;-118;10:54:56.096293
1756;1867;-111;10:54:56.096293
1757;1866;-109;10:54:56.096293
1759;1867;-108;10:54:56.096293
1758;1867;-109;10:54:56.096293
1757;1868;-111;10:54:56.096293
1758;1867;-109;10:54:56.096293
1752;1871;-119;10:54:56.096293
1754;1870;-116;10:54:56.096293
1757;1872;-115;10:54:56.096293
1757;1873;-116;10:54:56.096293
1756;1875;-119;10:54:56.096293
1757;1873;-116;10:54:56.096293
1760;1872;-112;10:54:56.096293
1762;1873;-111;10:54:56.096293
1761;1871;-110;10:54:56.096293
1763;1872;-109;10:54:56.096293
1761;1874;-113;10:54:56.096293
1762;1875;-113;10:54:56.096293
1762;1875;-113;10:54:56.096293
1761;1875;-114;10:54:56.096293
1762;1875;-113;10:54:56.096293
1763;1877;-114;10:54:56.096293
1762;1875;-113;10:54:56.096293
1762;1874;-112;10:54:56.096293
1761;1871;-110;10:54:56.096293
1759;1870;-111;10:54:56.096293
1757;1871;-114;10:54:56.096293
1757;1872;-115;10:54:56.096293
1755;1870;-115;10:54:56.096293
1755;1869;-114;10:54:56.096293
1757;1870;-113;10:54:56.096293
1759;1872;-113;10:54:56.096293
1758;1869;-111;10:54:56.096293
1761;1869;-108;10:54:56.096293
1756;1872;-116;10:54:56.096293
1756;1871;-115;10:54:56.096293
1758;1872;-114;10:54:56.096293
1758;1871;-113;10:54:56.096293
1756;1870;-114;10:54:56.096293
1753;1872;-119;10:54:56.096293
1755;1872;-117;10:54:56.096293
1756;1872;-116;10:54:56.096293
1757;1869;-112;10:54:56.096293
1760;1870;-110;10:54:56.096293
1762;1873;-111;10:54:56.096293
1764;1874;-110;10:54:56.096293
1763;1873;-110;10:54:56.096293
1761;1876;-115;10:54:56.096293
1763;1877;-114;10:54:56.096293
1762;1878;-116;10:54:56.096293
1765;1877;-112;10:54:56.096293
1763;1878;-115;10:54:56.096293
1765;1879;-114;10:54:56.096293
1765;1879;-114;10:54:56.096293
1765;1878;-113;10:54:56.096293
1766;1877;-111;10:54:56.096293
1765;1877;-112;10:54:56.096293
1766;1877;-111;10:54:56.096293
1764;1877;-113;10:54:56.096293
1758;1874;-116;10:54:56.096293
1761;1873;-112;10:54:56.096293
1760;1872;-112;10:54:56.096293
1764;1872;-108;10:54:56.096293
1763;1873;-110;10:54:56.096293
1761;1873;-112;10:54:56.096293
1762;1873;-111;10:54:56.096293
1762;1875;-113;10:54:56.096293
1761;1870;-109;10:54:56.096293
1760;1871;-111;10:54:56.096293
1761;1871;-110;10:54:56.096293
1761;1872;-111;10:54:56.096293
1759;1872;-113;10:54:56.096293
1758;1874;-116;10:54:56.096293
1762;1873;-111;10:54:56.096293
1761;1873;-112;10:54:56.096293
1760;1874;-114;10:54:56.096293
1759;1873;-114;10:54:56.096293
1761;1870;-109;10:54:56.096293
1759;1870;-111;10:54:56.096293
1757;1868;-111;10:54:56.096293
1760;1870;-110;10:54:56.096293
1757;1869;-112;10:54:56.096293
1754;1868;-114;10:54:56.096293
1755;1868;-113;10:54:56.096293
1754;1870;-116;10:54:56.096293
1755;1866;-111;10:54:56.096293
1753;1867;-114;10:54:56.096293
1755;1866;-111;10:54:56.096293
1757;1868;-111;10:54:56.096293
1759;1868;-109;10:54:56.096293
1757;1869;-112;10:54:56.096293
1756;1869;-113;10:54:56.096293
1756;1871;-115;10:54:56.096293
1759;1873;-114;10:54:56.096293
1757;1870;-113;10:54:56.096293
1757;1871;-114;10:54:56.096293
1760;1870;-110;10:54:56.096293
1758;1869;-111;10:54:56.096293
1757;1869;-112;10:54:56.096293
1758;1871;-113;10:54:56.096293
1756;1870;-114;10:54:56.096293
1756;1867;-111;10:54:56.096293
1756;1868;-112;10:54:56.096293
1756;1868;-112;10:54:56.096293
1754;1865;-111;10:54:56.096293
1754;1865;-111;10:54:56.096293
1755;1867;-112;10:54:56.096293
1754;1863;-109;10:54:56.096293
1752;1863;-111;10:54:56.096293
1755;1863;-108;10:54:56.096293
1754;1865;-111;10:54:56.096293
1754;1866;-112;10:54:56.096293
1752;1864;-112;10:54:56.096293
1751;1864;-113;10:54:56.096293
1750;1864;-114;10:54:56.096293
1750;1861;-111;10:54:56.096293
1749;1859;-110;10:54:56.096293
1749;1859;-110;10:54:56.096293
1749;1860;-111;10:54:56.096293
1748;1862;-114;10:54:56.096293
1746;1862;-116;10:54:56.096293
1747;1863;-116;10:54:56.096293
1752;1863;-111;10:54:56.096293
1754;1863;-109;10:54:56.096293
1753;1864;-111;10:54:56.096293
1753;1865;-112;10:54:56.096293
1757;1867;-110;10:54:56.096293
1756;1865;-109;10:54:56.096293
1757;1865;-108;10:54:56.096293
1758;1864;-106;10:54:56.096293
1758;1866;-108;10:54:56.096293
1755;1865;-110;10:54:56.096293
1753;1864;-111;10:54:56.096293
1752;1862;-110;10:54:56.096293
1754;1862;-108;10:54:56.096293
1755;1862;-107;10:54:56.096293
1755;1863;-108;10:54:56.096293
1753;1860;-107;10:54:56.096293
1755;1862;-107;10:54:56.096293
1755;1863;-108;10:54:56.096293
1753;1861;-108;10:54:56.096293
1752;1860;-108;10:54:56.096293
1753;1861;-108;10:54:56.096293
1753;1862;-109;10:54:56.096293
1754;1862;-108;10:54:56.096293
1756;1865;-109;10:54:56.096293
1755;1867;-112;10:54:56.096293
1756;1865;-109;10:54:56.096293
1755;1865;-110;10:54:56.096293
1756;1867;-111;10:54:56.096293
1754;1866;-112;10:54:56.096293
1752;1863;-111;10:54:56.096293
1753;1864;-111;10:54:56.096293
1750;1866;-116;10:54:56.096293
1749;1865;-116;10:54:56.096293
1751;1864;-113;10:54:56.096293
1752;1863;-111;10:54:56.096293
1754;1862;-108;10:54:56.096293
1755;1863;-108;10:54:56.096293
1756;1863;-107;10:54:56.096293
1755;1866;-111;10:54:56.096293
1757;1868;-111;10:54:56.096293
1759;1869;-110;10:54:56.096293
1758;1869;-111;10:54:56.096293
1761;1871;-110;10:54:56.096293
1761;1872;-111;10:54:56.096293
1759;1873;-114;10:54:56.096293
1759;1871;-112;10:54:56.096293
1760;1870;-110;10:54:56.096293
1761;1869;-108;10:54:56.096293
1760;1868;-108;10:54:56.096293
1758;1867;-109;10:54:56.096293
1759;1866;-107;10:54:56.096293
1757;1866;-109;10:54:56.096293
1756;1865;-109;10:54:56.096293
1755;1865;-110;10:54:56.096293
1751;1863;-112;10:54:56.096293
1752;1862;-110;10:54:56.096293
1753;1863;-110;10:54:56.096293
1754;1860;-106;10:54:56.096293
1754;1861;-107;10:54:56.096293
1751;1863;-112;10:54:56.096293
1752;1863;-111;10:54:56.096293
1755;1865;-110;10:54:56.096293
1754;1869;-115;10:54:56.096293
1755;1868;-113;10:54:56.096293
1756;1869;-113;10:54:56.096293
1757;1869;-112;10:54:56.096293
1758;1869;-111;10:54:56.096293
1757;1867;-110;10:54:56.096293
1756;1864;-108;10:54:56.096293
1756;1867;-111;10:54:56.096293
1756;1868;-112;10:54:56.096293
1755;1868;-113;10:54:56.096293
1754;1868;-114;10:54:56.096293
1755;1870;-115;10:54:56.096293
1757;1870;-113;10:54:56.096293
1759;1869;-110;10:54:56.096293
1758;1870;-112;10:54:56.096293
1759;1870;-111;10:54:56.096293
1761;1871;-110;10:54:56.096293
1762;1871;-109;10:54:56.096293
1764;1871;-107;10:54:56.096293
1766;1874;-108;10:54:56.096293
1766;1874;-108;10:54:56.096293
1762;1874;-112;10:54:56.096293
1764;1874;-110;10:54:56.096293
1764;1873;-109;10:54:56.096293
1761;1873;-112;10:54:56.096293
1763;1870;-107;10:54:56.096293
1764;1873;-109;10:54:56.096293
1764;1873;-109;10:54:56.096293
1764;1872;-108;10:54:56.096293
1764;1871;-107;10:54:56.096293
1763;1873;-110;10:54:56.096293
1762;1875;-113;10:54:56.096293
1762;1873;-111;10:54:56.096293
1761;1872;-111;10:54:56.096293
1762;1871;-109;10:54:56.096293
1761;1870;-109;10:54:56.096293
1759;1869;-110;10:54:56.096293
1758;1868;-110;10:54:56.096293
1760;1869;-109;10:54:56.096293
1758;1870;-112;10:54:56.096293
1759;1867;-108;10:54:56.096293
1758;1870;-112;10:54:56.096293
1756;1870;-114;10:54:56.096293
1755;1869;-114;10:54:56.096293
1754;1867;-113;10:54:56.097290
1755;1868;-113;10:54:56.097290
1756;1868;-112;10:54:56.097290
1758;1868;-110;10:54:56.097290
1757;1867;-110;10:54:56.097290
1760;1867;-107;10:54:56.097290
1760;1865;-105;10:54:56.097290
1758;1868;-110;10:54:56.097290
1759;1870;-111;10:54:56.097290
1759;1874;-115;10:54:56.097290
1760;1874;-114;10:54:56.097290
1761;1874;-113;10:54:56.097290
1763;1874;-111;10:54:56.097290
1762;1874;-112;10:54:56.097290
1763;1873;-110;10:54:56.097290
1765;1872;-107;10:54:56.097290
1762;1873;-111;10:54:56.097290
1761;1873;-112;10:54:56.097290
1763;1871;-108;10:54:56.097290
1762;1874;-112;10:54:56.097290
1760;1873;-113;10:54:56.097290
1759;1870;-111;10:54:56.097290
1761;1871;-110;10:54:56.097290
1758;1869;-111;10:54:56.097290
1759;1869;-110;10:54:56.097290
1759;1869;-110;10:54:56.097290
1758;1868;-110;10:54:56.097290
1758;1866;-108;10:54:56.097290
1757;1869;-112;10:54:56.097290
1754;1871;-117;10:54:56.097290
1756;1869;-113;10:54:56.097290
1758;1873;-115;10:54:56.097290
1758;1875;-117;10:54:56.097290
1760;1874;-114;10:54:56.097290
1762;1876;-114;10:54:56.097290
1762;1874;-112;10:54:56.097290
1759;1873;-114;10:54:56.097290
1760;1872;-112;10:54:56.097290
1757;1871;-114;10:54:56.097290
1755;1871;-116;10:54:56.097290
1754;1869;-115;10:54:56.097290
1751;1870;-119;10:54:56.097290
1754;1871;-117;10:54:56.097290
1756;1867;-111;10:54:56.097290
1752;1866;-114;10:54:56.097290
1755;1870;-115;10:54:56.097290
1755;1869;-114;10:54:56.097290
1756;1870;-114;10:54:56.097290
1755;1870;-115;10:54:56.097290
1755;1868;-113;10:54:56.097290
1757;1869;-112;10:54:56.097290
1760;1872;-112;10:54:56.097290
1758;1871;-113;10:54:56.097290
1758;1873;-115;10:54:56.097290
1760;1873;-113;10:54:56.097290
1763;1872;-109;10:54:56.097290
1761;1869;-108;10:54:56.097290
1759;1870;-111;10:54:56.097290
1755;1871;-116;10:54:56.097290
1753;1872;-119;10:54:56.097290
1755;1870;-115;10:54:56.097290
1754;1869;-115;10:54:56.097290
1751;1869;-118;10:54:56.097290
1753;1869;-116;10:54:56.097290
1753;1868;-115;10:54:56.097290
1752;1865;-113;10:54:56.097290
1753;1864;-111;10:54:56.097290
1754;1865;-111;10:54:56.097290
1753;1866;-113;10:54:56.097290
1755;1866;-111;10:54:56.097290
1755;1866;-111;10:54:56.097290
1757;1869;-112;10:54:56.097290
1759;1872;-113;10:54:56.097290
1758;1871;-113;10:54:56.097290
1760;1871;-111;10:54:56.097290
1762;1875;-113;10:54:56.097290
1762;1875;-113;10:54:56.097290
1763;1876;-113;10:54:56.097290
1765;1879;-114;10:54:56.097290
1761;1879;-118;10:54:56.097290
1763;1876;-113;10:54:56.097290
1764;1875;-111;10:54:56.097290
1764;1874;-110;10:54:56.097290
1763;1874;-111;10:54:56.097290
1764;1873;-109;10:54:56.097290
1763;1874;-111;10:54:56.097290
1761;1875;-114;10:54:56.097290
1763;1875;-112;10:54:56.097290
1766;1878;-112;10:54:56.097290
1764;1878;-114;10:54:56.097290
1764;1877;-113;10:54:56.097290
1766;1875;-109;10:54:56.097290
1764;1874;-110;10:54:56.097290
1765;1872;-107;10:54:56.097290
1764;1872;-108;10:54:56.097290
1759;1871;-112;10:54:56.097290
1758;1872;-114;10:54:56.097290
1761;1875;-114;10:54:56.097290
1759;1874;-115;10:54:56.097290
1759;1874;-115;10:54:56.097290
1762;1875;-113;10:54:56.097290
1764;1874;-110;10:54:56.097290
1765;1874;-109;10:54:56.097290
1767;1871;-104;10:54:56.097290
1765;1875;-110;10:54:56.097290
1767;1877;-110;10:54:56.097290
1765;1877;-112;10:54:56.097290
1764;1879;-115;10:54:56.097290
1763;1877;-114;10:54:56.097290
1763;1878;-115;10:54:56.097290
1763;1876;-113;10:54:56.097290
1763;1875;-112;10:54:56.097290
1762;1873;-111;10:54:56.097290
1764;1873;-109;10:54:56.097290
1765;1872;-107;10:54:56.097290
1766;1872;-106;10:54:56.097290
1765;1875;-110;10:54:56.097290
1766;1876;-110;10:54:56.097290
1764;1877;-113;10:54:56.097290
1764;1879;-115;10:54:56.097290
1765;1880;-115;10:54:56.097290
1766;1879;-113;10:54:56.097290
1765;1879;-114;10:54:56.097290
1769;1880;-111;10:54:56.097290
1769;1882;-113;10:54:56.097290
1772;1881;-109;10:54:56.097290
1771;1882;-111;10:54:56.097290
1772;1880;-108;10:54:56.097290
1771;1882;-111;10:54:56.097290
1772;1883;-111;10:54:56.097290
1774;1880;-106;10:54:56.097290
1773;1882;-109;10:54:56.097290
1774;1879;-105;10:54:56.097290
1772;1877;-105;10:54:56.097290
1770;1876;-106;10:54:56.097290
1770;1876;-106;10:54:56.097290
1769;1875;-106;10:54:56.097290
1766;1875;-109;10:54:56.097290
1765;1875;-110;10:54:56.097290
1766;1875;-109;10:54:56.097290
1765;1877;-112;10:54:56.097290
1767;1876;-109;10:54:56.097290
1768;1877;-109;10:54:56.097290
1768;1878;-110;10:54:56.097290
1768;1876;-108;10:54:56.097290
1770;1877;-107;10:54:56.097290
1771;1877;-106;10:54:56.097290
1769;1878;-109;10:54:56.097290
1769;1878;-109;10:54:56.097290
1770;1879;-109;10:54:56.097290
1768;1880;-112;10:54:56.097290
1765;1879;-114;10:54:56.097290
1767;1879;-112;10:54:56.097290
1769;1881;-112;10:54:56.097290
1770;1881;-111;10:54:56.097290
1769;1880;-111;10:54:56.097290
1770;1878;-108;10:54:56.097290
1771;1879;-108;10:54:56.097290
1769;1878;-109;10:54:56.097290
1770;1878;-108;10:54:56.097290
1771;1876;-105;10:54:56.097290
1769;1877;-108;10:54:56.097290
1767;1876;-109;10:54:56.097290
1767;1876;-109;10:54:56.097290
1765;1873;-108;10:54:56.097290
1766;1874;-108;10:54:56.097290
1766;1876;-110;10:54:56.097290
1768;1877;-109;10:54:56.097290
1768;1876;-108;10:54:56.097290
1768;1877;-109;10:54:56.097290
1767;1879;-112;10:54:56.097290
1767;1878;-111;10:54:56.097290
1770;1877;-107;10:54:56.097290
1771;1878;-107;10:54:56.097290
1769;1877;-108;10:54:56.097290
1771;1876;-105;10:54:56.097290
1768;1876;-108;10:54:56.097290
1765;1875;-110;10:54:56.097290
1764;1874;-110;10:54:56.097290
1764;1875;-111;10:54:56.097290
1765;1874;-109;10:54:56.097290
1764;1874;-110;10:54:56.097290
1763;1870;-107;10:54:56.097290
1760;1872;-112;10:54:56.097290
1758;1871;-113;10:54:56.097290
1760;1870;-110;10:54:56.097290
1759;1871;-112;10:54:56.097290
1761;1871;-110;10:54:56.097290
1762;1874;-112;10:54:56.097290
1761;1872;-111;10:54:56.097290
1762;1873;-111;10:54:56.097290
1762;1874;-112;10:54:56.097290
1763;1874;-111;10:54:56.097290
1765;1874;-109;10:54:56.097290
1765;1875;-110;10:54:56.097290
1765;1872;-107;10:54:56.097290
1764;1875;-111;10:54:56.097290
1762;1875;-113;10:54:56.097290
1766;1874;-108;10:54:56.097290
1765;1874;-109;10:54:56.097290
1764;1875;-111;10:54:56.097290
1762;1875;-113;10:54:56.097290
1763;1874;-111;10:54:56.097290
1763;1873;-110;10:54:56.097290
1762;1870;-108;10:54:56.097290
1761;1869;-108;10:54:56.097290
1760;1869;-109;10:54:56.097290
1760;1868;-108;10:54:56.097290
1759;1869;-110;10:54:56.097290
1759;1869;-110;10:54:56.097290
1760;1871;-111;10:54:56.097290
1759;1871;-112;10:54:56.097290
1758;1870;-112;10:54:56.097290
1758;1869;-111;10:54:56.097290
1755;1869;-114;10:54:56.097290
1755;1868;-113;10:54:56.097290
1752;1869;-117;10:54:56.097290
1755;1869;-114;10:54:56.097290
1757;1869;-112;10:54:56.097290
1758;1868;-110;10:54:56.097290
1757;1868;-111;10:54:56.097290
1758;1869;-111;10:54:56.097290
1760;1871;-111;10:54:56.097290
1758;1869;-111;10:54:56.097290
1758;1870;-112;10:54:56.097290
1758;1870;-112;10:54:56.097290
1757;1871;-114;10:54:56.097290
1760;1870;-110;10:54:56.097290
1761;1872;-111;10:54:56.097290
1760;1874;-114;10:54:56.097290
1758;1876;-118;10:54:56.097290
1760;1871;-111;10:54:56.097290
1763;1870;-107;10:54:56.097290
1761;1868;-107;10:54:56.097290
1762;1867;-105;10:54:56.097290
1765;1870;-105;10:54:56.097290
1763;1869;-106;10:54:56.097290
1760;1867;-107;10:54:56.097290
1761;1869;-108;10:54:56.097290
1762;1868;-106;10:54:56.097290
1762;1865;-103;10:54:56.097290
1760;1864;-104;10:54:56.097290
1758;1864;-106;10:54:56.097290
1756;1865;-109;10:54:56.097290
1757;1864;-107;10:54:56.097290
1758;1866;-108;10:54:56.097290
1757;1868;-111;10:54:56.097290
1758;1866;-108;10:54:56.097290
1760;1867;-107;10:54:56.097290
1761;1866;-105;10:54:56.097290
1762;1864;-102;10:54:56.097290
1761;1866;-105;10:54:56.097290
1760;1868;-108;10:54:56.097290
1757;1868;-111;10:54:56.097290
1759;1867;-108;10:54:56.097290
1756;1869;-113;10:54:56.097290
1757;1867;-110;10:54:56.097290
1756;1867;-111;10:54:56.097290
1756;1867;-111;10:54:56.097290
1756;1866;-110;10:54:56.097290
1755;1865;-110;10:54:56.097290
1757;1867;-110;10:54:56.097290
1755;1868;-113;10:54:56.097290
1757;1869;-112;10:54:56.097290
1760;1872;-112;10:54:56.097290
1760;1874;-114;10:54:56.097290
1765;1875;-110;10:54:56.097290
1766;1875;-109;10:54:56.097290
1765;1875;-110;10:54:56.097290
1763;1875;-112;10:54:56.097290
1764;1874;-110;10:54:56.097290
1765;1873;-108;10:54:56.097290
1762;1874;-112;10:54:56.097290
1760;1872;-112;10:54:56.097290
1760;1874;-114;10:54:56.097290
1761;1873;-112;10:54:56.097290
1763;1870;-107;10:54:56.097290
1765;1871;-106;10:54:56.097290
1766;1871;-105;10:54:56.097290
1762;1870;-108;10:54:56.097290
1758;1870;-112;10:54:56.097290
1760;1869;-109;10:54:56.097290
1759;1869;-110;10:54:56.097290
1758;1867;-109;10:54:56.097290
1758;1869;-111;10:54:56.097290
1756;1869;-113;10:54:56.097290
1755;1870;-115;10:54:56.097290
1757;1871;-114;10:54:56.097290
1757;1869;-112;10:54:56.097290
1758;1870;-112;10:54:56.097290
1761;1869;-108;10:54:56.097290
1760;1869;-109;10:54:56.097290
1757;1871;-114;10:54:56.097290
1757;1871;-114;10:54:56.097290
1758;1872;-114;10:54:56.097290
1757;1872;-115;10:54:56.097290
1759;1872;-113;10:54:56.097290
1763;1870;-107;10:54:56.097290
1760;1869;-109;10:54:56.097290
1760;1867;-107;10:54:56.097290
1765;1870;-105;10:54:56.097290
1765;1870;-105;10:54:56.097290
1764;1871;-107;10:54:56.097290
1763;1872;-109;10:54:56.097290
1763;1876;-113;10:54:56.097290
1763;1874;-111;10:54:56.097290
1765;1874;-109;10:54:56.097290
1764;1875;-111;10:54:56.097290
1762;1876;-114;10:54:56.097290
1767;1877;-110;10:54:56.097290
1766;1878;-112;10:54:56.097290
1769;1876;-107;10:54:56.097290
1768;1876;-108;10:54:56.097290
1769;1875;-106;10:54:56.097290
1767;1874;-107;10:54:56.097290
1763;1873;-110;10:54:56.097290
1763;1872;-109;10:54:56.097290
1762;1873;-111;10:54:56.097290
1761;1873;-112;10:54:56.097290
1763;1871;-108;10:54:56.097290
1764;1871;-107;10:54:56.097290
1761;1869;-108;10:54:56.097290
1761;1869;-108;10:54:56.097290
1762;1871;-109;10:54:56.097290
1762;1871;-109;10:54:56.097290
1761;1873;-112;10:54:56.097290
1760;1874;-114;10:54:56.097290
1760;1875;-115;10:54:56.097290
1760;1875;-115;10:54:56.097290
1759;1875;-116;10:54:56.097290
1759;1874;-115;10:54:56.097290
1760;1872;-112;10:54:56.097290
1763;1872;-109;10:54:56.097290
1763;1874;-111;10:54:56.097290
1759;1871;-112;10:54:56.097290
1760;1872;-112;10:54:56.097290
1765;1872;-107;10:54:56.097290
1762;1873;-111;10:54:56.097290
1763;1871;-108;10:54:56.097290
1763;1874;-111;10:54:56.097290
1762;1877;-115;10:54:56.097290
1760;1876;-116;10:54:56.097290
1765;1875;-110;10:54:56.097290
1765;1875;-110;10:54:56.097290
1764;1874;-110;10:54:56.097290
1765;1870;-105;10:54:56.097290
1761;1868;-107;10:54:56.097290
1758;1869;-111;10:54:56.097290
1760;1868;-108;10:54:56.097290
1759;1869;-110;10:54:56.097290
1756;1868;-112;10:54:56.097290
1756;1868;-112;10:54:56.097290
1756;1869;-113;10:54:56.097290
1757;1867;-110;10:54:56.097290
1757;1868;-111;10:54:56.097290
1757;1868;-111;10:54:56.097290
1757;1866;-109;10:54:56.097290
1756;1867;-111;10:54:56.097290
1756;1867;-111;10:54:56.097290
1757;1866;-109;10:54:56.097290
1756;1869;-113;10:54:56.097290
1757;1867;-110;10:54:56.097290
1756;1868;-112;10:54:56.097290
1755;1867;-112;10:54:56.097290
1754;1866;-112;10:54:56.097290
1754;1868;-114;10:54:56.097290
1757;1867;-110;10:54:56.097290
1757;1865;-108;10:54:56.097290
1754;1864;-110;10:54:56.097290
1754;1865;-111;10:54:56.097290
1754;1866;-112;10:54:56.097290
1755;1866;-111;10:54:56.097290
1755;1868;-113;10:54:56.097290
1757;1866;-109;10:54:56.097290
1758;1868;-110;10:54:56.097290
1757;1867;-110;10:54:56.097290
1756;1866;-110;10:54:56.097290
1755;1865;-110;10:54:56.097290
1756;1867;-111;10:54:56.097290
1758;1864;-106;10:54:56.097290
1755;1863;-108;10:54:56.097290
1757;1864;-107;10:54:56.097290
1759;1867;-108;10:54:56.097290
1758;1864;-106;10:54:56.097290
1755;1864;-109;10:54:56.097290
1755;1865;-110;10:54:56.097290
1756;1868;-112;10:54:56.097290
1753;1867;-114;10:54:56.097290
1758;1866;-108;10:54:56.097290
1758;1866;-108;10:54:56.097290
1756;1865;-109;10:54:56.097290
1753;1864;-111;10:54:56.097290
1751;1862;-111;10:54:56.097290
1750;1858;-108;10:54:56.097290
1750;1860;-110;10:54:56.097290
1751;1860;-109;10:54:56.097290
1749;1861;-112;10:54:56.097290
1751;1861;-110;10:54:56.097290
1753;1862;-109;10:54:56.097290
1751;1861;-110;10:54:56.097290
1749;1859;-110;10:54:56.097290
1751;1861;-110;10:54:56.097290
1751;1863;-112;10:54:56.097290
1749;1861;-112;10:54:56.097290
1750;1861;-111;10:54:56.097290
1751;1863;-112;10:54:56.097290
1751;1864;-113;10:54:56.097290
1754;1863;-109;10:54:56.097290
1753;1863;-110;10:54:56.097290
1751;1860;-109;10:54:56.097290
1750;1861;-111;10:54:56.097290
1750;1861;-111;10:54:56.097290
1750;1863;-113;10:54:56.097290
1749;1862;-113;10:54:56.097290
1749;1862;-113;10:54:56.097290
1753;1863;-110;10:54:56.097290
1753;1863;-110;10:54:56.097290
1751;1863;-112;10:54:56.097290
1750;1865;-115;10:54:56.097290
1752;1867;-115;10:54:56.097290
1755;1867;-112;10:54:56.097290
1759;1866;-107;10:54:56.097290
1758;1865;-107;10:54:56.097290
1758;1865;-107;10:54:56.097290
1760;1866;-106;10:54:56.097290
1760;1866;-106;10:54:56.097290
1755;1866;-111;10:54:56.097290
1756;1868;-112;10:54:56.097290
1758;1870;-112;10:54:56.097290
1754;1868;-114;10:54:56.097290
1753;1866;-113;10:54:56.097290
1757;1869;-112;10:54:56.097290
1755;1867;-112;10:54:56.097290
1754;1861;-107;10:54:56.097290
1753;1861;-108;10:54:56.097290
1751;1860;-109;10:54:56.097290
1750;1861;-111;10:54:56.097290
1751;1859;-108;10:54:56.097290
1750;1859;-109;10:54:56.097290
1749;1859;-110;10:54:56.097290
1751;1861;-110;10:54:56.097290
1753;1862;-109;10:54:56.097290
1753;1861;-108;10:54:56.097290
1753;1861;-108;10:54:56.097290
1753;1866;-113;10:54:56.097290
1753;1865;-112;10:54:56.097290
1752;1864;-112;10:54:56.097290
1752;1866;-114;10:54:56.097290
1752;1866;-114;10:54:56.097290
1755;1866;-111;10:54:56.097290
1756;1864;-108;10:54:56.097290
1758;1865;-107;10:54:56.097290
1757;1865;-108;10:54:56.097290
1758;1864;-106;10:54:56.097290
1759;1865;-106;10:54:56.097290
1758;1866;-108;10:54:56.097290
1756;1866;-110;10:54:56.097290
1755;1865;-110;10:54:56.097290
1755;1867;-112;10:54:56.097290
1756;1868;-112;10:54:56.097290
1756;1867;-111;10:54:56.097290
1758;1868;-110;10:54:56.097290
1760;1870;-110;10:54:56.097290
1759;1867;-108;10:54:56.097290
1759;1866;-107;10:54:56.097290
1762;1868;-106;10:54:56.097290
1761;1868;-107;10:54:56.097290
1760;1867;-107;10:54:56.097290
1757;1868;-111;10:54:56.097290
1757;1870;-113;10:54:56.097290
1759;1868;-109;10:54:56.097290
1759;1865;-106;10:54:56.097290
1754;1865;-111;10:54:56.097290
1756;1867;-111;10:54:56.097290
1755;1867;-112;10:54:56.097290
1756;1867;-111;10:54:56.097290
1756;1868;-112;10:54:56.097290
1756;1867;-111;10:54:56.097290
1758;1869;-111;10:54:56.097290
1756;1869;-113;10:54:56.097290
1760;1867;-107;10:54:56.097290
1757;1867;-110;10:54:56.097290
1755;1868;-113;10:54:56.097290
1758;1868;-110;10:54:56.097290
1758;1868;-110;10:54:56.097290
1760;1868;-108;10:54:56.097290
1758;1869;-111;10:54:56.097290
1760;1871;-111;10:54:56.097290
1760;1870;-110;10:54:56.097290
1757;1869;-112;10:54:56.097290
1759;1872;-113;10:54:56.097290
1760;1872;-112;10:54:56.097290
1759;1871;-112;10:54:56.097290
1761;1871;-110;10:54:56.097290
1760;1871;-111;10:54:56.097290
1762;1870;-108;10:54:56.097290
1761;1871;-110;10:54:56.097290
1761;1869;-108;10:54:56.097290
1762;1869;-107;10:54:56.097290
1760;1870;-110;10:54:56.097290
1760;1870;-110;10:54:56.097290
1760;1868;-108;10:54:56.097290
1759;1866;-107;10:54:56.097290
1759;1865;-106;10:54:56.097290
1756;1865;-109;10:54:56.097290
1754;1863;-109;10:54:56.097290
1753;1862;-109;10:54:56.097290
1750;1862;-112;10:54:56.097290
1751;1862;-111;10:54:56.097290
1750;1860;-110;10:54:56.097290
1750;1864;-114;10:54:56.098286
1750;1863;-113;10:54:56.098286
1753;1862;-109;10:54:56.098286
1753;1864;-111;10:54:56.098286
1753;1862;-109;10:54:56.098286
1752;1864;-112;10:54:56.098286
1752;1867;-115;10:54:56.098286
1754;1869;-115;10:54:56.098286
1755;1868;-113;10:54:56.098286
1758;1868;-110;10:54:56.098286
1759;1868;-109;10:54:56.098286
1758;1868;-110;10:54:56.098286
1758;1868;-110;10:54:56.098286
1757;1867;-110;10:54:56.098286
1757;1865;-108;10:54:56.098286
1757;1867;-110;10:54:56.098286
1758;1868;-110;10:54:56.098286
1757;1869;-112;10:54:56.098286
1759;1868;-109;10:54:56.098286
1760;1867;-107;10:54:56.098286
1758;1867;-109;10:54:56.098286
1757;1867;-110;10:54:56.098286
1757;1866;-109;10:54:56.098286
1755;1865;-110;10:54:56.098286
1754;1863;-109;10:54:56.098286
1754;1864;-110;10:54:56.098286
1754;1864;-110;10:54:56.098286
1753;1865;-112;10:54:56.098286
1753;1864;-111;10:54:56.098286
1755;1862;-107;10:54:56.098286
1755;1862;-107;10:54:56.098286
1756;1860;-104;10:54:56.098286
1754;1860;-106;10:54:56.098286
1751;1861;-110;10:54:56.098286
1752;1859;-107;10:54:56.098286
1752;1860;-108;10:54:56.098286
1750;1861;-111;10:54:56.098286
1750;1864;-114;10:54:56.098286
1751;1861;-110;10:54:56.098286
1749;1862;-113;10:54:56.098286
1750;1860;-110;10:54:56.098286
1749;1860;-111;10:54:56.098286
1750;1858;-108;10:54:56.098286
1750;1860;-110;10:54:56.098286
1750;1859;-109;10:54:56.098286
1750;1859;-109;10:54:56.098286
1749;1862;-113;10:54:56.098286
1749;1861;-112;10:54:56.098286
1750;1864;-114;10:54:56.098286
1751;1864;-113;10:54:56.098286
1754;1861;-107;10:54:56.098286
1752;1861;-109;10:54:56.098286
1752;1861;-109;10:54:56.098286
1751;1861;-110;10:54:56.098286
1753;1864;-111;10:54:56.098286
1754;1865;-111;10:54:56.098286
1752;1866;-114;10:54:56.098286
1755;1867;-112;10:54:56.098286
1755;1866;-111;10:54:56.098286
1757;1867;-110;10:54:56.098286
1756;1864;-108;10:54:56.098286
1760;1867;-107;10:54:56.098286
1760;1866;-106;10:54:56.098286
1757;1864;-107;10:54:56.098286
1757;1863;-106;10:54:56.098286
1757;1865;-108;10:54:56.098286
1755;1863;-108;10:54:56.098286
1756;1862;-106;10:54:56.098286
1754;1861;-107;10:54:56.098286
1750;1860;-110;10:54:56.098286
1750;1860;-110;10:54:56.098286
1751;1862;-111;10:54:56.098286
1751;1860;-109;10:54:56.098286
1751;1861;-110;10:54:56.098286
1751;1861;-110;10:54:56.098286
1750;1861;-111;10:54:56.098286
1748;1858;-110;10:54:56.098286
1750;1859;-109;10:54:56.098286
1749;1860;-111;10:54:56.098286
1751;1863;-112;10:54:56.098286
1752;1863;-111;10:54:56.098286
1754;1865;-111;10:54:56.098286
1754;1865;-111;10:54:56.098286
1754;1863;-109;10:54:56.098286
1754;1863;-109;10:54:56.098286
1755;1865;-110;10:54:56.098286
1754;1862;-108;10:54:56.098286
1756;1864;-108;10:54:56.098286
1754;1864;-110;10:54:56.098286
1755;1862;-107;10:54:56.098286
1755;1864;-109;10:54:56.098286
1755;1866;-111;10:54:56.098286
1753;1863;-110;10:54:56.098286
1751;1866;-115;10:54:56.098286
1754;1863;-109;10:54:56.098286
1755;1865;-110;10:54:56.098286
1754;1861;-107;10:54:56.098286
1758;1862;-104;10:54:56.098286
1759;1864;-105;10:54:56.098286
1757;1863;-106;10:54:56.098286
1754;1866;-112;10:54:56.098286
1758;1867;-109;10:54:56.098286
1755;1868;-113;10:54:56.098286
1756;1865;-109;10:54:56.098286
1759;1869;-110;10:54:56.098286
1756;1868;-112;10:54:56.098286
1751;1863;-112;10:54:56.098286
1752;1863;-111;10:54:56.098286
1752;1862;-110;10:54:56.098286
1753;1860;-107;10:54:56.098286
1751;1856;-105;10:54:56.098286
1753;1859;-106;10:54:56.098286
1754;1861;-107;10:54:56.098286
1754;1860;-106;10:54:56.098286
1751;1860;-109;10:54:56.098286
1752;1862;-110;10:54:56.098286
1751;1861;-110;10:54:56.098286
1750;1860;-110;10:54:56.098286
1750;1862;-112;10:54:56.098286
1747;1861;-114;10:54:56.098286
1749;1862;-113;10:54:56.098286
1753;1864;-111;10:54:56.098286
1753;1864;-111;10:54:56.098286
1753;1865;-112;10:54:56.098286
1756;1865;-109;10:54:56.098286
1757;1864;-107;10:54:56.098286
1756;1864;-108;10:54:56.098286
1758;1864;-106;10:54:56.098286
1758;1863;-105;10:54:56.098286
1757;1864;-107;10:54:56.098286
1757;1863;-106;10:54:56.098286
1758;1863;-105;10:54:56.098286
1756;1862;-106;10:54:56.098286
1753;1860;-107;10:54:56.098286
1752;1861;-109;10:54:56.098286
1755;1863;-108;10:54:56.098286
1755;1862;-107;10:54:56.098286
1755;1861;-106;10:54:56.098286
1756;1863;-107;10:54:56.098286
1754;1864;-110;10:54:56.098286
1758;1861;-103;10:54:56.098286
1756;1860;-104;10:54:56.098286
1755;1858;-103;10:54:56.098286
1754;1859;-105;10:54:56.098286
1755;1860;-105;10:54:56.098286
1753;1862;-109;10:54:56.098286
1751;1863;-112;10:54:56.098286
1753;1862;-109;10:54:56.098286
1754;1865;-111;10:54:56.098286
1756;1867;-111;10:54:56.098286
1756;1867;-111;10:54:56.098286
1758;1865;-107;10:54:56.098286
1759;1865;-106;10:54:56.098286
1759;1867;-108;10:54:56.098286
1758;1865;-107;10:54:56.098286
1759;1865;-106;10:54:56.098286
1758;1865;-107;10:54:56.098286
1757;1868;-111;10:54:56.098286
1758;1871;-113;10:54:56.098286
1759;1870;-111;10:54:56.098286
1760;1870;-110;10:54:56.098286
1763;1870;-107;10:54:56.098286
1762;1869;-107;10:54:56.098286
1760;1868;-108;10:54:56.098286
1762;1866;-104;10:54:56.098286
1759;1867;-108;10:54:56.098286
1756;1866;-110;10:54:56.098286
1758;1867;-109;10:54:56.098286
1757;1866;-109;10:54:56.098286
1756;1867;-111;10:54:56.098286
1757;1866;-109;10:54:56.098286
1756;1866;-110;10:54:56.098286
1757;1869;-112;10:54:56.098286
1760;1870;-110;10:54:56.098286
1762;1871;-109;10:54:56.098286
1762;1869;-107;10:54:56.098286
1761;1868;-107;10:54:56.098286
1759;1869;-110;10:54:56.098286
1759;1867;-108;10:54:56.098286
1757;1867;-110;10:54:56.098286
1755;1866;-111;10:54:56.098286
1755;1866;-111;10:54:56.098286
1754;1866;-112;10:54:56.098286
1756;1866;-110;10:54:56.098286
1755;1865;-110;10:54:56.098286
1755;1867;-112;10:54:56.098286
1756;1865;-109;10:54:56.098286
1758;1866;-108;10:54:56.098286
1755;1864;-109;10:54:56.098286
1753;1862;-109;10:54:56.098286
1753;1865;-112;10:54:56.098286
1753;1865;-112;10:54:56.098286
1751;1866;-115;10:54:56.098286
1753;1867;-114;10:54:56.098286
1753;1866;-113;10:54:56.098286
1753;1865;-112;10:54:56.098286
1754;1868;-114;10:54:56.098286
1752;1869;-117;10:54:56.098286
1753;1869;-116;10:54:56.098286
1754;1867;-113;10:54:56.098286
1756;1868;-112;10:54:56.098286
1758;1869;-111;10:54:56.098286
1758;1870;-112;10:54:56.098286
1760;1872;-112;10:54:56.098286
1761;1874;-113;10:54:56.098286
1764;1876;-112;10:54:56.098286
1766;1875;-109;10:54:56.098286
1764;1874;-110;10:54:56.098286
1764;1875;-111;10:54:56.098286
1766;1873;-107;10:54:56.098286
1764;1873;-109;10:54:56.098286
1762;1873;-111;10:54:56.098286
1761;1874;-113;10:54:56.098286
1760;1874;-114;10:54:56.098286
1759;1871;-112;10:54:56.098286
1760;1870;-110;10:54:56.098286
1761;1872;-111;10:54:56.098286
1760;1872;-112;10:54:56.098286
1761;1871;-110;10:54:56.098286
1760;1870;-110;10:54:56.098286
1760;1870;-110;10:54:56.098286
1760;1868;-108;10:54:56.098286
1757;1868;-111;10:54:56.098286
1757;1869;-112;10:54:56.098286
1757;1869;-112;10:54:56.098286
1757;1866;-109;10:54:56.098286
1755;1867;-112;10:54:56.098286
1754;1868;-114;10:54:56.098286
1757;1867;-110;10:54:56.098286
1755;1869;-114;10:54:56.098286
1755;1867;-112;10:54:56.098286
1755;1867;-112;10:54:56.098286
1753;1868;-115;10:54:56.098286
1754;1868;-114;10:54:56.098286
1752;1868;-116;10:54:56.098286
1751;1870;-119;10:54:56.098286
1755;1870;-115;10:54:56.098286
1755;1868;-113;10:54:56.098286
1754;1869;-115;10:54:56.098286
1756;1867;-111;10:54:56.098286
1757;1868;-111;10:54:56.098286
1758;1868;-110;10:54:56.098286
1756;1869;-113;10:54:56.098286
1759;1871;-112;10:54:56.098286
1760;1872;-112;10:54:56.098286
1758;1869;-111;10:54:56.098286
1760;1870;-110;10:54:56.098286
1760;1872;-112;10:54:56.098286
1761;1873;-112;10:54:56.098286
1758;1872;-114;10:54:56.098286
1756;1873;-117;10:54:56.098286
1758;1872;-114;10:54:56.098286
1759;1872;-113;10:54:56.098286
1761;1870;-109;10:54:56.098286
1760;1869;-109;10:54:56.098286
1770;1877;-107;10:54:56.098286
1767;1878;-111;10:54:56.098286
1766;1877;-111;10:54:56.098286
1765;1875;-110;10:54:56.098286
1763;1874;-111;10:54:56.098286
1764;1874;-110;10:54:56.098286
1765;1876;-111;10:54:56.098286
1761;1875;-114;10:54:56.098286
1764;1876;-112;10:54:56.098286
1765;1875;-110;10:54:56.098286
1762;1876;-114;10:54:56.098286
1760;1874;-114;10:54:56.098286
1760;1875;-115;10:54:56.098286
1761;1874;-113;10:54:56.098286
1763;1872;-109;10:54:56.098286
1762;1871;-109;10:54:56.098286
1763;1872;-109;10:54:56.098286
1763;1872;-109;10:54:56.098286
1763;1871;-108;10:54:56.098286
1762;1872;-110;10:54:56.098286
1761;1873;-112;10:54:56.098286
1762;1874;-112;10:54:56.098286
1759;1874;-115;10:54:56.098286
1758;1874;-116;10:54:56.098286
1758;1875;-117;10:54:56.098286
1758;1873;-115;10:54:56.098286
1762;1875;-113;10:54:56.098286
1760;1873;-113;10:54:56.098286
1760;1871;-111;10:54:56.098286
1761;1871;-110;10:54:56.098286
1761;1873;-112;10:54:56.098286
1760;1872;-112;10:54:56.098286
1761;1872;-111;10:54:56.098286
1763;1872;-109;10:54:56.098286
1759;1872;-113;10:54:56.098286
1760;1875;-115;10:54:56.098286
1761;1874;-113;10:54:56.098286
1759;1873;-114;10:54:56.098286
1758;1870;-112;10:54:56.098286
1757;1869;-112;10:54:56.098286
1756;1868;-112;10:54:56.098286
1757;1864;-107;10:54:56.098286
1756;1866;-110;10:54:56.098286
1753;1865;-112;10:54:56.098286
1753;1866;-113;10:54:56.098286
1754;1867;-113;10:54:56.098286
1753;1868;-115;10:54:56.098286
1751;1868;-117;10:54:56.098286
1752;1867;-115;10:54:56.098286
1755;1866;-111;10:54:56.098286
1756;1867;-111;10:54:56.098286
1755;1866;-111;10:54:56.098286
1754;1868;-114;10:54:56.098286
1753;1869;-116;10:54:56.098286
1754;1871;-117;10:54:56.098286
1754;1871;-117;10:54:56.098286
1756;1871;-115;10:54:56.098286
1755;1871;-116;10:54:56.098286
1754;1872;-118;10:54:56.098286
1757;1870;-113;10:54:56.098286
1760;1869;-109;10:54:56.098286
1760;1868;-108;10:54:56.098286
1762;1868;-106;10:54:56.098286
1761;1871;-110;10:54:56.098286
1761;1871;-110;10:54:56.098286
1763;1872;-109;10:54:56.098286
1761;1874;-113;10:54:56.098286
1759;1872;-113;10:54:56.098286
1762;1872;-110;10:54:56.098286
1761;1873;-112;10:54:56.098286
1760;1871;-111;10:54:56.098286
1761;1870;-109;10:54:56.098286
1757;1870;-113;10:54:56.098286
1759;1868;-109;10:54:56.098286
1759;1868;-109;10:54:56.098286
1756;1865;-109;10:54:56.098286
1751;1865;-114;10:54:56.098286
1749;1863;-114;10:54:56.098286
1751;1861;-110;10:54:56.098286
1749;1859;-110;10:54:56.098286
1748;1860;-112;10:54:56.098286
1747;1858;-111;10:54:56.098286
1746;1859;-113;10:54:56.098286
1747;1860;-113;10:54:56.098286
1748;1860;-112;10:54:56.098286
1747;1860;-113;10:54:56.098286
1747;1860;-113;10:54:56.098286
1748;1861;-113;10:54:56.098286
1751;1862;-111;10:54:56.098286
1749;1862;-113;10:54:56.098286
1750;1864;-114;10:54:56.098286
1754;1864;-110;10:54:56.098286
1755;1866;-111;10:54:56.098286
1755;1864;-109;10:54:56.098286
1752;1866;-114;10:54:56.098286
1756;1869;-113;10:54:56.098286
1760;1867;-107;10:54:56.098286
1759;1868;-109;10:54:56.098286
1758;1868;-110;10:54:56.098286
1758;1869;-111;10:54:56.098286
1757;1868;-111;10:54:56.098286
1758;1870;-112;10:54:56.098286
1758;1869;-111;10:54:56.098286
1757;1870;-113;10:54:56.098286
1758;1873;-115;10:54:56.098286
1759;1872;-113;10:54:56.098286
1762;1872;-110;10:54:56.098286
1762;1871;-109;10:54:56.098286
1761;1871;-110;10:54:56.098286
1763;1871;-108;10:54:56.098286
1761;1868;-107;10:54:56.098286
1758;1867;-109;10:54:56.098286
1760;1866;-106;10:54:56.098286
1759;1868;-109;10:54:56.098286
1757;1867;-110;10:54:56.098286
1758;1866;-108;10:54:56.098286
1758;1867;-109;10:54:56.098286
1759;1868;-109;10:54:56.098286
1759;1870;-111;10:54:56.098286
1757;1866;-109;10:54:56.098286
1754;1868;-114;10:54:56.098286
1753;1866;-113;10:54:56.098286
1752;1867;-115;10:54:56.098286
1753;1867;-114;10:54:56.098286
1756;1867;-111;10:54:56.098286
1755;1867;-112;10:54:56.098286
1751;1865;-114;10:54:56.098286
1753;1866;-113;10:54:56.098286
1756;1866;-110;10:54:56.098286
1753;1866;-113;10:54:56.098286
1755;1867;-112;10:54:56.098286
1755;1871;-116;10:54:56.098286
1752;1870;-118;10:54:56.098286
1755;1872;-117;10:54:56.098286
1757;1872;-115;10:54:56.098286
1760;1872;-112;10:54:56.098286
1764;1877;-113;10:54:56.098286
1767;1878;-111;10:54:56.098286
1768;1880;-112;10:54:56.098286
1767;1880;-113;10:54:56.098286
1768;1878;-110;10:54:56.098286
1767;1877;-110;10:54:56.098286
1768;1874;-106;10:54:56.098286
1766;1874;-108;10:54:56.098286
1763;1873;-110;10:54:56.098286
1765;1874;-109;10:54:56.098286
1763;1872;-109;10:54:56.098286
1761;1872;-111;10:54:56.098286
1762;1874;-112;10:54:56.098286
1761;1873;-112;10:54:56.098286
1762;1873;-111;10:54:56.098286
1762;1873;-111;10:54:56.098286
1758;1872;-114;10:54:56.098286
1758;1872;-114;10:54:56.098286
1758;1873;-115;10:54:56.098286
1757;1872;-115;10:54:56.098286
1757;1872;-115;10:54:56.098286
1756;1873;-117;10:54:56.098286
1759;1873;-114;10:54:56.098286
1760;1870;-110;10:54:56.098286
1759;1870;-111;10:54:56.098286
1759;1871;-112;10:54:56.098286
1761;1874;-113;10:54:56.098286
1762;1876;-114;10:54:56.098286
1760;1876;-116;10:54:56.098286
1759;1877;-118;10:54:56.098286
1763;1878;-115;10:54:56.098286
1764;1879;-115;10:54:56.098286
1764;1878;-114;10:54:56.098286
1764;1878;-114;10:54:56.098286
1766;1878;-112;10:54:56.098286
1766;1878;-112;10:54:56.098286
1766;1877;-111;10:54:56.098286
1768;1876;-108;10:54:56.098286
1766;1877;-111;10:54:56.098286
1765;1875;-110;10:54:56.098286
1763;1876;-113;10:54:56.098286
1762;1875;-113;10:54:56.098286
1760;1874;-114;10:54:56.098286
1758;1875;-117;10:54:56.098286
1761;1873;-112;10:54:56.098286
1761;1873;-112;10:54:56.098286
1760;1871;-111;10:54:56.098286
1761;1872;-111;10:54:56.098286
1758;1872;-114;10:54:56.098286
1757;1871;-114;10:54:56.098286
1759;1873;-114;10:54:56.098286
1758;1875;-117;10:54:56.098286
1757;1873;-116;10:54:56.098286
1759;1873;-114;10:54:56.098286
1757;1873;-116;10:54:56.098286
1759;1871;-112;10:54:56.098286
1758;1871;-113;10:54:56.098286
1759;1872;-113;10:54:56.098286
1758;1874;-116;10:54:56.098286
1758;1874;-116;10:54:56.098286
1759;1870;-111;10:54:56.098286
1754;1869;-115;10:54:56.098286
1753;1869;-116;10:54:56.098286
1754;1868;-114;10:54:56.098286
1754;1867;-113;10:54:56.098286
1752;1865;-113;10:54:56.098286
1751;1865;-114;10:54:56.098286
1752;1867;-115;10:54:56.098286
1755;1867;-112;10:54:56.098286
1754;1867;-113;10:54:56.098286
1755;1868;-113;10:54:56.098286
1757;1871;-114;10:54:56.098286
1756;1870;-114;10:54:56.098286
1758;1871;-113;10:54:56.098286
1761;1873;-112;10:54:56.098286
1759;1872;-113;10:54:56.098286
1761;1872;-111;10:54:56.098286
1762;1873;-111;10:54:56.098286
1757;1872;-115;10:54:56.098286
1756;1872;-116;10:54:56.098286
1757;1870;-113;10:54:56.098286
1755;1868;-113;10:54:56.098286
1758;1870;-112;10:54:56.098286
1758;1869;-111;10:54:56.098286
1755;1866;-111;10:54:56.098286
1755;1864;-109;10:54:56.098286
1753;1861;-108;10:54:56.098286
1752;1860;-108;10:54:56.098286
1749;1859;-110;10:54:56.098286
1749;1861;-112;10:54:56.098286
1749;1861;-112;10:54:56.098286
1748;1860;-112;10:54:56.098286
1747;1862;-115;10:54:56.098286
1746;1864;-118;10:54:56.098286
1748;1862;-114;10:54:56.098286
1748;1860;-112;10:54:56.098286
1747;1864;-117;10:54:56.098286
1749;1864;-115;10:54:56.098286
1750;1861;-111;10:54:56.098286
1749;1860;-111;10:54:56.098286
1752;1861;-109;10:54:56.098286
1752;1863;-111;10:54:56.098286
1753;1865;-112;10:54:56.098286
1750;1863;-113;10:54:56.098286
1750;1864;-114;10:54:56.098286
1750;1865;-115;10:54:56.098286
1751;1865;-114;10:54:56.098286
1751;1863;-112;10:54:56.098286
1751;1865;-114;10:54:56.098286
1751;1865;-114;10:54:56.098286
1755;1863;-108;10:54:56.098286
1754;1863;-109;10:54:56.098286
1756;1865;-109;10:54:56.098286
1755;1867;-112;10:54:56.098286
1757;1867;-110;10:54:56.098286
1756;1866;-110;10:54:56.098286
1757;1865;-108;10:54:56.098286
1753;1865;-112;10:54:56.098286
1753;1864;-111;10:54:56.098286
1754;1867;-113;10:54:56.098286
1752;1867;-115;10:54:56.098286
1752;1866;-114;10:54:56.098286
1754;1865;-111;10:54:56.098286
1751;1863;-112;10:54:56.098286
1748;1862;-114;10:54:56.098286
1747;1859;-112;10:54:56.098286
1747;1860;-113;10:54:56.098286
1747;1858;-111;10:54:56.098286
1747;1857;-110;10:54:56.098286
1748;1857;-109;10:54:56.098286
1746;1858;-112;10:54:56.098286
1745;1858;-113;10:54:56.098286
1745;1861;-116;10:54:56.098286
1746;1859;-113;10:54:56.098286
1745;1859;-114;10:54:56.098286
1744;1861;-117;10:54:56.098286
1744;1861;-117;10:54:56.098286
1746;1863;-117;10:54:56.098286
1750;1864;-114;10:54:56.098286
1752;1864;-112;10:54:56.098286
1751;1862;-111;10:54:56.098286
1752;1863;-111;10:54:56.098286
1752;1866;-114;10:54:56.098286
1753;1866;-113;10:54:56.098286
1750;1865;-115;10:54:56.098286
1755;1864;-109;10:54:56.098286
1754;1866;-112;10:54:56.098286
1751;1866;-115;10:54:56.098286
1752;1866;-114;10:54:56.098286
1755;1866;-111;10:54:56.098286
1756;1870;-114;10:54:56.098286
1757;1866;-109;10:54:56.098286
1756;1865;-109;10:54:56.098286
1753;1866;-113;10:54:56.098286
1753;1868;-115;10:54:56.098286
1754;1866;-112;10:54:56.098286
1755;1866;-111;10:54:56.098286
1754;1866;-112;10:54:56.098286
1753;1866;-113;10:54:56.098286
1754;1866;-112;10:54:56.098286
1754;1865;-111;10:54:56.098286
1757;1865;-108;10:54:56.098286
1756;1862;-106;10:54:56.098286
1753;1862;-109;10:54:56.098286
1752;1863;-111;10:54:56.098286
1753;1863;-110;10:54:56.098286
1751;1865;-114;10:54:56.098286
1751;1868;-117;10:54:56.098286
1753;1867;-114;10:54:56.098286
1755;1869;-114;10:54:56.098286
1753;1868;-115;10:54:56.098286
1753;1868;-115;10:54:56.098286
1756;1868;-112;10:54:56.098286
1755;1867;-112;10:54:56.098286
1756;1868;-112;10:54:56.098286
1757;1864;-107;10:54:56.098286
1756;1865;-109;10:54:56.098286
1753;1864;-111;10:54:56.098286
1753;1864;-111;10:54:56.098286
1752;1864;-112;10:54:56.098286
1752;1862;-110;10:54:56.098286
1751;1863;-112;10:54:56.098286
1750;1865;-115;10:54:56.098286
1751;1864;-113;10:54:56.098286
1753;1865;-112;10:54:56.098286
1754;1865;-111;10:54:56.098286
1757;1868;-111;10:54:56.098286
1758;1869;-111;10:54:56.098286
1759;1868;-109;10:54:56.098286
1757;1868;-111;10:54:56.098286
1757;1871;-114;10:54:56.098286
1759;1871;-112;10:54:56.098286
1758;1873;-115;10:54:56.098286
1757;1873;-116;10:54:56.098286
1760;1875;-115;10:54:56.098286
1759;1875;-116;10:54:56.098286
1760;1874;-114;10:54:56.098286
1759;1873;-114;10:54:56.098286
1760;1876;-116;10:54:56.098286
1761;1876;-115;10:54:56.098286
1761;1874;-113;10:54:56.098286
1762;1870;-108;10:54:56.098286
1762;1870;-108;10:54:56.098286
1761;1870;-109;10:54:56.098286
1760;1871;-111;10:54:56.098286
1759;1872;-113;10:54:56.098286
1759;1872;-113;10:54:56.098286
1760;1873;-113;10:54:56.098286
1757;1871;-114;10:54:56.098286
1757;1870;-113;10:54:56.098286
1758;1870;-112;10:54:56.098286
1757;1869;-112;10:54:56.098286
1754;1871;-117;10:54:56.098286
1757;1871;-114;10:54:56.098286
1759;1874;-115;10:54:56.098286
1761;1872;-111;10:54:56.098286
1761;1875;-114;10:54:56.098286
1762;1876;-114;10:54:56.098286
1760;1874;-114;10:54:56.098286
1760;1874;-114;10:54:56.098286
1761;1874;-113;10:54:56.098286
1762;1876;-114;10:54:56.098286
1760;1874;-114;10:54:56.098286
1760;1873;-113;10:54:56.098286
1759;1873;-114;10:54:56.098286
1759;1874;-115;10:54:56.098286
1759;1875;-116;10:54:56.098286
1759;1876;-117;10:54:56.098286
1760;1877;-117;10:54:56.098286
1761;1877;-116;10:54:56.098286
1762;1875;-113;10:54:56.098286
1764;1872;-108;10:54:56.098286
1762;1873;-111;10:54:56.098286
1760;1872;-112;10:54:56.098286
1760;1870;-110;10:54:56.098286
1758;1867;-109;10:54:56.098286
1756;1868;-112;10:54:56.098286
1756;1868;-112;10:54:56.098286
1756;1867;-111;10:54:56.098286
1754;1866;-112;10:54:56.098286
1754;1866;-112;10:54:56.098286
1754;1867;-113;10:54:56.098286
1755;1865;-110;10:54:56.098286
1755;1866;-111;10:54:56.098286
1754;1867;-113;10:54:56.098286
1754;1867;-113;10:54:56.098286
1753;1869;-116;10:54:56.098286
1755;1867;-112;10:54:56.098286
1755;1866;-111;10:54:56.098286
1756;1867;-111;10:54:56.098286
1756;1868;-112;10:54:56.098286
1757;1869;-112;10:54:56.098286
1756;1871;-115;10:54:56.098286
1756;1871;-115;10:54:56.098286
1759;1875;-116;10:54:56.098286
1760;1873;-113;10:54:56.098286
1760;1872;-112;10:54:56.098286
1759;1872;-113;10:54:56.098286
1757;1870;-113;10:54:56.098286
1756;1868;-112;10:54:56.098286
1756;1865;-109;10:54:56.098286
1754;1867;-113;10:54:56.098286
1755;1868;-113;10:54:56.098286
1758;1868;-110;10:54:56.098286
1754;1868;-114;10:54:56.098286
1757;1869;-112;10:54:56.098286
1761;1871;-110;10:54:56.098286
1762;1871;-109;10:54:56.098286
1758;1869;-111;10:54:56.098286
1758;1869;-111;10:54:56.098286
1757;1869;-112;10:54:56.098286
1754;1870;-116;10:54:56.098286
1754;1868;-114;10:54:56.098286
1758;1866;-108;10:54:56.098286
1756;1869;-113;10:54:56.098286
1757;1865;-108;10:54:56.098286
1756;1864;-108;10:54:56.098286
1753;1863;-110;10:54:56.098286
1751;1862;-111;10:54:56.098286
1752;1863;-111;10:54:56.098286
1753;1863;-110;10:54:56.098286
1751;1861;-110;10:54:56.098286
1750;1863;-113;10:54:56.098286
1751;1864;-113;10:54:56.098286
1750;1863;-113;10:54:56.098286
1750;1863;-113;10:54:56.098286
1751;1865;-114;10:54:56.098286
1751;1865;-114;10:54:56.098286
1750;1864;-114;10:54:56.098286
1754;1865;-111;10:54:56.098286
1755;1867;-112;10:54:56.098286
1752;1865;-113;10:54:56.098286
1753;1865;-112;10:54:56.098286
1754;1865;-111;10:54:56.098286
1755;1865;-110;10:54:56.098286
1758;1863;-105;10:54:56.098286
1756;1865;-109;10:54:56.098286
1754;1864;-110;10:54:56.098286
1758;1864;-106;10:54:56.098286
1755;1864;-109;10:54:56.098286
1756;1863;-107;10:54:56.098286
1752;1863;-111;10:54:56.098286
1750;1863;-113;10:54:56.098286
1751;1862;-111;10:54:56.098286
1750;1860;-110;10:54:56.098286
1752;1861;-109;10:54:56.098286
1752;1859;-107;10:54:56.098286
1752;1859;-107;10:54:56.098286
1752;1859;-107;10:54:56.098286
1750;1861;-111;10:54:56.098286
1749;1863;-114;10:54:56.098286
1748;1862;-114;10:54:56.098286
1747;1861;-114;10:54:56.098286
1749;1862;-113;10:54:56.098286
1750;1861;-111;10:54:56.098286
1751;1860;-109;10:54:56.098286
1750;1862;-112;10:54:56.098286
1751;1861;-110;10:54:56.098286
1753;1861;-108;10:54:56.098286
1756;1863;-107;10:54:56.098286
1754;1862;-108;10:54:56.098286
1751;1862;-111;10:54:56.098286
1754;1864;-110;10:54:56.098286
1754;1866;-112;10:54:56.098286
1753;1865;-112;10:54:56.098286
1755;1865;-110;10:54:56.098286
1755;1867;-112;10:54:56.098286
1754;1866;-112;10:54:56.098286
1754;1863;-109;10:54:56.098286
1753;1862;-109;10:54:56.098286
1753;1863;-110;10:54:56.098286
1752;1860;-108;10:54:56.098286
1753;1859;-106;10:54:56.098286
1750;1860;-110;10:54:56.098286
1748;1859;-111;10:54:56.098286
1750;1863;-113;10:54:56.098286
1752;1863;-111;10:54:56.098286
1751;1861;-110;10:54:56.098286
1752;1862;-110;10:54:56.098286
1751;1864;-113;10:54:56.098286
1752;1865;-113;10:54:56.098286
1753;1866;-113;10:54:56.098286
1754;1867;-113;10:54:56.098286
1757;1868;-111;10:54:56.098286
1758;1868;-110;10:54:56.098286
1760;1867;-107;10:54:56.098286
1759;1866;-107;10:54:56.098286
1758;1865;-107;10:54:56.098286
1759;1866;-107;10:54:56.098286
1759;1867;-108;10:54:56.098286
1756;1866;-110;10:54:56.098286
1756;1865;-109;10:54:56.098286
1755;1867;-112;10:54:56.098286
1754;1865;-111;10:54:56.098286
1753;1865;-112;10:54:56.098286
1752;1865;-113;10:54:56.098286
1751;1865;-114;10:54:56.098286
1748;1864;-116;10:54:56.098286
1751;1862;-111;10:54:56.098286
1752;1863;-111;10:54:56.098286
1751;1865;-114;10:54:56.098286
1751;1864;-113;10:54:56.098286
1753;1862;-109;10:54:56.098286
1751;1863;-112;10:54:56.098286
1751;1865;-114;10:54:56.098286
1755;1868;-113;10:54:56.098286
1755;1868;-113;10:54:56.098286
1757;1867;-110;10:54:56.098286
1757;1867;-110;10:54:56.098286
1756;1869;-113;10:54:56.098286
1758;1869;-111;10:54:56.098286
1758;1870;-112;10:54:56.098286
1758;1870;-112;10:54:56.098286
1759;1871;-112;10:54:56.098286
1763;1870;-107;10:54:56.099284
1763;1869;-106;10:54:56.099284
1762;1871;-109;10:54:56.099284
1764;1874;-110;10:54:56.099284
1765;1872;-107;10:54:56.099284
1764;1875;-111;10:54:56.099284
1763;1874;-111;10:54:56.099284
1762;1875;-113;10:54:56.099284
1760;1875;-115;10:54:56.099284
1760;1874;-114;10:54:56.099284
1759;1871;-112;10:54:56.099284
1757;1871;-114;10:54:56.099284
1756;1867;-111;10:54:56.099284
1756;1865;-109;10:54:56.099284
1754;1865;-111;10:54:56.099284
1753;1863;-110;10:54:56.099284
1753;1863;-110;10:54:56.099284
1750;1863;-113;10:54:56.099284
1749;1861;-112;10:54:56.099284
1750;1863;-113;10:54:56.099284
1750;1865;-115;10:54:56.099284
1750;1864;-114;10:54:56.099284
1752;1866;-114;10:54:56.099284
1754;1869;-115;10:54:56.099284
1755;1870;-115;10:54:56.099284
1757;1873;-116;10:54:56.099284
1760;1874;-114;10:54:56.099284
1762;1874;-112;10:54:56.099284
1764;1874;-110;10:54:56.099284
1761;1873;-112;10:54:56.099284
1762;1875;-113;10:54:56.099284
1763;1874;-111;10:54:56.099284
1761;1873;-112;10:54:56.099284
1763;1871;-108;10:54:56.099284
1759;1869;-110;10:54:56.099284
1759;1868;-109;10:54:56.099284
1760;1870;-110;10:54:56.099284
1758;1866;-108;10:54:56.099284
1755;1866;-111;10:54:56.099284
1757;1866;-109;10:54:56.099284
1757;1866;-109;10:54:56.099284
1755;1865;-110;10:54:56.099284
1757;1865;-108;10:54:56.099284
1757;1868;-111;10:54:56.099284
1755;1866;-111;10:54:56.099284
1756;1865;-109;10:54:56.099284
1757;1867;-110;10:54:56.099284
1754;1866;-112;10:54:56.099284
1756;1867;-111;10:54:56.099284
1756;1868;-112;10:54:56.099284
1756;1867;-111;10:54:56.099284
1758;1868;-110;10:54:56.099284
1756;1867;-111;10:54:56.099284
1756;1868;-112;10:54:56.099284
1755;1868;-113;10:54:56.099284
1757;1868;-111;10:54:56.099284
1756;1870;-114;10:54:56.099284
1759;1869;-110;10:54:56.099284
1760;1868;-108;10:54:56.099284
1760;1867;-107;10:54:56.099284
1758;1867;-109;10:54:56.099284
1757;1869;-112;10:54:56.099284
1757;1868;-111;10:54:56.099284
1759;1867;-108;10:54:56.099284
1757;1868;-111;10:54:56.099284
1759;1867;-108;10:54:56.099284
1760;1870;-110;10:54:56.099284
1757;1870;-113;10:54:56.099284
1757;1869;-112;10:54:56.099284
1758;1870;-112;10:54:56.099284
1757;1869;-112;10:54:56.099284
1754;1867;-113;10:54:56.099284
1754;1869;-115;10:54:56.099284
1755;1870;-115;10:54:56.099284
1754;1868;-114;10:54:56.099284
1756;1868;-112;10:54:56.099284
1756;1873;-117;10:54:56.099284
1760;1871;-111;10:54:56.099284
1760;1871;-111;10:54:56.099284
1758;1871;-113;10:54:56.099284
1757;1871;-114;10:54:56.099284
1759;1871;-112;10:54:56.099284
1759;1870;-111;10:54:56.099284
1756;1869;-113;10:54:56.099284
1755;1868;-113;10:54:56.099284
1758;1869;-111;10:54:56.099284
1758;1868;-110;10:54:56.099284
1756;1866;-110;10:54:56.099284
1755;1867;-112;10:54:56.099284
1754;1866;-112;10:54:56.099284
1753;1868;-115;10:54:56.099284
1750;1869;-119;10:54:56.099284
1751;1867;-116;10:54:56.099284
1752;1865;-113;10:54:56.099284
1752;1866;-114;10:54:56.099284
1752;1866;-114;10:54:56.099284
1751;1864;-113;10:54:56.099284
1752;1864;-112;10:54:56.099284
1751;1864;-113;10:54:56.099284
1750;1864;-114;10:54:56.099284
1751;1867;-116;10:54:56.099284
1751;1868;-117;10:54:56.099284
1753;1869;-116;10:54:56.099284
1756;1871;-115;10:54:56.099284
1757;1871;-114;10:54:56.099284
1761;1874;-113;10:54:56.099284
1760;1876;-116;10:54:56.099284
1759;1878;-119;10:54:56.099284
1763;1876;-113;10:54:56.099284
1765;1877;-112;10:54:56.099284
1765;1878;-113;10:54:56.099284
1762;1879;-117;10:54:56.099284
1763;1879;-116;10:54:56.099284
1762;1879;-117;10:54:56.099284
1765;1877;-112;10:54:56.099284
1767;1877;-110;10:54:56.099284
1765;1874;-109;10:54:56.099284
1760;1870;-110;10:54:56.099284
1759;1869;-110;10:54:56.099284
1759;1869;-110;10:54:56.099284
1756;1868;-112;10:54:56.099284
1758;1867;-109;10:54:56.099284
1756;1870;-114;10:54:56.099284
1757;1870;-113;10:54:56.099284
1756;1870;-114;10:54:56.099284
1753;1868;-115;10:54:56.099284
1752;1867;-115;10:54:56.099284
1753;1866;-113;10:54:56.099284
1752;1867;-115;10:54:56.099284
1753;1867;-114;10:54:56.099284
1754;1868;-114;10:54:56.099284
1756;1872;-116;10:54:56.099284
1757;1871;-114;10:54:56.099284
1760;1872;-112;10:54:56.099284
1760;1874;-114;10:54:56.099284
1761;1873;-112;10:54:56.099284
1762;1876;-114;10:54:56.099284
1764;1878;-114;10:54:56.099284
1764;1879;-115;10:54:56.099284
1766;1879;-113;10:54:56.099284
1765;1877;-112;10:54:56.099284
1764;1880;-116;10:54:56.099284
1766;1878;-112;10:54:56.099284
1764;1879;-115;10:54:56.099284
1766;1879;-113;10:54:56.099284
1766;1879;-113;10:54:56.099284
1763;1878;-115;10:54:56.099284
1763;1879;-116;10:54:56.099284
1764;1880;-116;10:54:56.099284
1763;1878;-115;10:54:56.099284
1764;1878;-114;10:54:56.099284
1763;1877;-114;10:54:56.099284
1761;1875;-114;10:54:56.099284
1763;1874;-111;10:54:56.099284
1762;1872;-110;10:54:56.099284
1760;1872;-112;10:54:56.099284
1761;1872;-111;10:54:56.099284
1761;1871;-110;10:54:56.099284
1762;1871;-109;10:54:56.099284
1758;1870;-112;10:54:56.099284
1758;1872;-114;10:54:56.099284
1759;1872;-113;10:54:56.099284
1758;1872;-114;10:54:56.099284
1757;1871;-114;10:54:56.099284
1758;1873;-115;10:54:56.099284
1758;1874;-116;10:54:56.099284
1759;1873;-114;10:54:56.099284
1760;1873;-113;10:54:56.099284
1760;1872;-112;10:54:56.099284
1758;1872;-114;10:54:56.099284
1759;1874;-115;10:54:56.099284
1759;1872;-113;10:54:56.099284
1757;1871;-114;10:54:56.099284
1756;1871;-115;10:54:56.099284
1754;1871;-117;10:54:56.099284
1755;1869;-114;10:54:56.099284
1754;1869;-115;10:54:56.099284
1757;1871;-114;10:54:56.099284
1758;1871;-113;10:54:56.099284
1756;1871;-115;10:54:56.099284
1759;1871;-112;10:54:56.099284
1759;1872;-113;10:54:56.099284
1757;1872;-115;10:54:56.099284
1758;1872;-114;10:54:56.099284
1758;1873;-115;10:54:56.099284
1761;1875;-114;10:54:56.099284
1764;1874;-110;10:54:56.099284
1765;1874;-109;10:54:56.099284
1764;1874;-110;10:54:56.099284
1764;1875;-111;10:54:56.099284
1763;1875;-112;10:54:56.099284
1761;1875;-114;10:54:56.099284
1760;1872;-112;10:54:56.099284
1761;1875;-114;10:54:56.099284
1759;1874;-115;10:54:56.099284
1758;1871;-113;10:54:56.099284
1760;1872;-112;10:54:56.099284
1761;1871;-110;10:54:56.099284
1760;1866;-106;10:54:56.099284
1757;1866;-109;10:54:56.099284
1757;1867;-110;10:54:56.099284
1756;1866;-110;10:54:56.099284
1753;1864;-111;10:54:56.099284
1753;1864;-111;10:54:56.099284
1753;1863;-110;10:54:56.099284
1751;1862;-111;10:54:56.099284
1750;1863;-113;10:54:56.099284
1750;1863;-113;10:54:56.099284
1749;1864;-115;10:54:56.099284
1751;1864;-113;10:54:56.099284
1751;1862;-111;10:54:56.099284
1749;1863;-114;10:54:56.099284
1748;1862;-114;10:54:56.099284
1750;1866;-116;10:54:56.099284
1753;1867;-114;10:54:56.099284
1754;1868;-114;10:54:56.099284
1758;1868;-110;10:54:56.099284
1758;1867;-109;10:54:56.099284
1757;1868;-111;10:54:56.099284
1759;1868;-109;10:54:56.099284
1759;1869;-110;10:54:56.099284
1755;1870;-115;10:54:56.099284
1755;1870;-115;10:54:56.099284
1758;1871;-113;10:54:56.099284
1758;1871;-113;10:54:56.099284
1755;1867;-112;10:54:56.099284
1755;1867;-112;10:54:56.099284
1756;1868;-112;10:54:56.099284
1755;1868;-113;10:54:56.099284
1754;1867;-113;10:54:56.099284
1751;1867;-116;10:54:56.099284
1752;1868;-116;10:54:56.099284
1751;1866;-115;10:54:56.099284
1751;1868;-117;10:54:56.099284
1753;1866;-113;10:54:56.099284
1753;1865;-112;10:54:56.099284
1751;1866;-115;10:54:56.099284
1753;1866;-113;10:54:56.099284
1753;1866;-113;10:54:56.099284
1752;1866;-114;10:54:56.099284
1752;1866;-114;10:54:56.099284
1751;1865;-114;10:54:56.099284
1750;1868;-118;10:54:56.099284
1750;1867;-117;10:54:56.099284
1748;1865;-117;10:54:56.099284
1749;1863;-114;10:54:56.099284
1752;1865;-113;10:54:56.099284
1753;1863;-110;10:54:56.099284
1750;1862;-112;10:54:56.099284
1753;1861;-108;10:54:56.099284
1752;1864;-112;10:54:56.099284
1753;1864;-111;10:54:56.099284
1753;1868;-115;10:54:56.099284
1754;1868;-114;10:54:56.099284
1755;1869;-114;10:54:56.099284
1755;1872;-117;10:54:56.099284
1755;1871;-116;10:54:56.099284
1754;1868;-114;10:54:56.099284
1753;1867;-114;10:54:56.099284
1754;1868;-114;10:54:56.099284
1756;1867;-111;10:54:56.099284
1757;1866;-109;10:54:56.099284
1757;1867;-110;10:54:56.099284
1756;1866;-110;10:54:56.099284
1756;1867;-111;10:54:56.099284
1756;1867;-111;10:54:56.099284
1754;1864;-110;10:54:56.099284
1751;1864;-113;10:54:56.099284
1752;1864;-112;10:54:56.099284
1754;1865;-111;10:54:56.099284
1754;1864;-110;10:54:56.099284
1755;1867;-112;10:54:56.099284
1755;1869;-114;10:54:56.099284
1758;1869;-111;10:54:56.099284
1758;1872;-114;10:54:56.099284
1758;1873;-115;10:54:56.099284
1758;1874;-116;10:54:56.099284
1758;1876;-118;10:54:56.099284
1761;1873;-112;10:54:56.099284
1759;1875;-116;10:54:56.099284
1758;1873;-115;10:54:56.099284
1761;1874;-113;10:54:56.099284
1762;1876;-114;10:54:56.099284
1761;1873;-112;10:54:56.099284
1758;1872;-114;10:54:56.099284
1758;1872;-114;10:54:56.099284
1760;1873;-113;10:54:56.099284
1761;1874;-113;10:54:56.099284
1765;1876;-111;10:54:56.099284
1764;1875;-111;10:54:56.099284
1762;1872;-110;10:54:56.099284
1765;1875;-110;10:54:56.099284
1764;1876;-112;10:54:56.099284
1764;1877;-113;10:54:56.099284
1765;1878;-113;10:54:56.099284
1767;1880;-113;10:54:56.099284
1770;1879;-109;10:54:56.099284
1769;1880;-111;10:54:56.099284
1766;1882;-116;10:54:56.099284
1769;1883;-114;10:54:56.099284
1771;1885;-114;10:54:56.099284
1773;1885;-112;10:54:56.099284
1771;1885;-114;10:54:56.099284
1771;1882;-111;10:54:56.099284
1772;1882;-110;10:54:56.099284
1770;1879;-109;10:54:56.099284
1769;1878;-109;10:54:56.099284
1769;1876;-107;10:54:56.099284
1770;1875;-105;10:54:56.099284
1769;1879;-110;10:54:56.099284
1766;1877;-111;10:54:56.099284
1765;1878;-113;10:54:56.099284
1764;1878;-114;10:54:56.099284
1767;1878;-111;10:54:56.099284
1764;1878;-114;10:54:56.099284
1765;1876;-111;10:54:56.099284
1765;1877;-112;10:54:56.099284
1764;1879;-115;10:54:56.099284
1765;1880;-115;10:54:56.099284
1766;1880;-114;10:54:56.099284
1769;1881;-112;10:54:56.099284
1770;1880;-110;10:54:56.099284
1771;1882;-111;10:54:56.099284
1770;1879;-109;10:54:56.099284
1772;1882;-110;10:54:56.099284
1774;1884;-110;10:54:56.099284
1773;1883;-110;10:54:56.099284
1773;1884;-111;10:54:56.099284
1771;1884;-113;10:54:56.099284
1772;1885;-113;10:54:56.099284
1773;1883;-110;10:54:56.099284
1774;1884;-110;10:54:56.099284
1772;1884;-112;10:54:56.099284
1773;1884;-111;10:54:56.099284
1774;1882;-108;10:54:56.099284
1772;1879;-107;10:54:56.099284
1773;1877;-104;10:54:56.099284
1773;1879;-106;10:54:56.099284
1770;1878;-108;10:54:56.099284
1767;1879;-112;10:54:56.099284
1767;1879;-112;10:54:56.099284
1768;1878;-110;10:54:56.099284
1767;1877;-110;10:54:56.099284
1767;1875;-108;10:54:56.099284
1765;1877;-112;10:54:56.099284
1767;1876;-109;10:54:56.099284
1767;1877;-110;10:54:56.099284
1766;1875;-109;10:54:56.099284
1765;1876;-111;10:54:56.099284
1764;1878;-114;10:54:56.099284
1763;1877;-114;10:54:56.099284
1764;1877;-113;10:54:56.099284
1764;1877;-113;10:54:56.099284
1766;1877;-111;10:54:56.099284
1768;1877;-109;10:54:56.099284
1768;1877;-109;10:54:56.099284
1765;1877;-112;10:54:56.099284
1765;1877;-112;10:54:56.099284
1767;1877;-110;10:54:56.099284
1766;1876;-110;10:54:56.099284
1764;1875;-111;10:54:56.099284
1763;1877;-114;10:54:56.099284
1763;1876;-113;10:54:56.099284
1764;1876;-112;10:54:56.099284
1764;1877;-113;10:54:56.099284
1761;1877;-116;10:54:56.099284
1762;1877;-115;10:54:56.099284
1763;1878;-115;10:54:56.099284
1763;1875;-112;10:54:56.099284
1761;1874;-113;10:54:56.099284
1762;1876;-114;10:54:56.099284
1765;1875;-110;10:54:56.099284
1762;1873;-111;10:54:56.099284
1761;1874;-113;10:54:56.099284
1762;1875;-113;10:54:56.099284
1762;1875;-113;10:54:56.099284
1761;1872;-111;10:54:56.099284
1760;1872;-112;10:54:56.099284
1761;1873;-112;10:54:56.099284
1758;1873;-115;10:54:56.099284
1760;1871;-111;10:54:56.099284
1759;1872;-113;10:54:56.099284
1759;1872;-113;10:54:56.099284
1761;1874;-113;10:54:56.099284
1759;1875;-116;10:54:56.099284
1759;1875;-116;10:54:56.099284
1762;1877;-115;10:54:56.099284
1763;1875;-112;10:54:56.099284
1762;1874;-112;10:54:56.099284
1762;1873;-111;10:54:56.099284
1762;1874;-112;10:54:56.099284
1763;1874;-111;10:54:56.099284
1763;1873;-110;10:54:56.099284
1763;1875;-112;10:54:56.099284
1763;1875;-112;10:54:56.099284
1763;1875;-112;10:54:56.099284
1759;1876;-117;10:54:56.099284
1758;1875;-117;10:54:56.099284
1759;1874;-115;10:54:56.099284
1758;1873;-115;10:54:56.099284
1758;1870;-112;10:54:56.099284
1757;1870;-113;10:54:56.099284
1758;1870;-112;10:54:56.099284
1757;1868;-111;10:54:56.099284
1755;1866;-111;10:54:56.099284
1756;1865;-109;10:54:56.099284
1756;1865;-109;10:54:56.099284
1753;1866;-113;10:54:56.099284
1753;1864;-111;10:54:56.099284
1752;1867;-115;10:54:56.099284
1753;1865;-112;10:54:56.099284
1753;1865;-112;10:54:56.099284
1751;1864;-113;10:54:56.099284
1754;1865;-111;10:54:56.099284
1752;1865;-113;10:54:56.099284
1753;1865;-112;10:54:56.099284
1753;1866;-113;10:54:56.099284
1752;1865;-113;10:54:56.099284
1753;1865;-112;10:54:56.099284
1753;1865;-112;10:54:56.099284
1751;1867;-116;10:54:56.099284
1753;1869;-116;10:54:56.099284
1755;1868;-113;10:54:56.099284
1755;1868;-113;10:54:56.099284
1752;1867;-115;10:54:56.099284
1754;1867;-113;10:54:56.099284
1753;1866;-113;10:54:56.099284
1751;1864;-113;10:54:56.099284
1750;1865;-115;10:54:56.099284
1749;1867;-118;10:54:56.099284
1750;1868;-118;10:54:56.099284
1754;1867;-113;10:54:56.099284
1753;1867;-114;10:54:56.099284
1753;1867;-114;10:54:56.099284
1754;1869;-115;10:54:56.099284
1756;1869;-113;10:54:56.099284
1759;1871;-112;10:54:56.099284
1759;1871;-112;10:54:56.099284
1760;1871;-111;10:54:56.099284
1760;1875;-115;10:54:56.099284
1761;1875;-114;10:54:56.099284
1760;1876;-116;10:54:56.099284
1761;1875;-114;10:54:56.099284
1762;1875;-113;10:54:56.099284
1761;1876;-115;10:54:56.099284
1761;1875;-114;10:54:56.099284
1762;1876;-114;10:54:56.099284
1764;1878;-114;10:54:56.099284
1765;1876;-111;10:54:56.099284
1766;1876;-110;10:54:56.099284
1763;1876;-113;10:54:56.099284
1763;1877;-114;10:54:56.099284
1765;1875;-110;10:54:56.099284
1763;1876;-113;10:54:56.099284
1764;1874;-110;10:54:56.099284
1766;1876;-110;10:54:56.099284
1764;1874;-110;10:54:56.099284
1763;1876;-113;10:54:56.099284
1762;1878;-116;10:54:56.099284
1762;1878;-116;10:54:56.099284
1761;1877;-116;10:54:56.099284
1760;1879;-119;10:54:56.099284
1762;1879;-117;10:54:56.099284
1766;1879;-113;10:54:56.099284
1765;1878;-113;10:54:56.099284
1764;1877;-113;10:54:56.099284
1768;1875;-107;10:54:56.099284
1768;1875;-107;10:54:56.099284
1766;1876;-110;10:54:56.099284
1765;1880;-115;10:54:56.099284
1764;1882;-118;10:54:56.099284
1767;1885;-118;10:54:56.099284
1769;1887;-118;10:54:56.099284
1770;1887;-117;10:54:56.099284
1771;1890;-119;10:54:56.099284
1774;1891;-117;10:54:56.099284
1777;1890;-113;10:54:56.099284
1777;1889;-112;10:54:56.099284
1777;1887;-110;10:54:56.099284
1776;1888;-112;10:54:56.099284
1777;1886;-109;10:54:56.099284
1775;1885;-110;10:54:56.099284
1774;1885;-111;10:54:56.099284
1772;1884;-112;10:54:56.099284
1772;1882;-110;10:54:56.099284
1772;1879;-107;10:54:56.099284
1768;1878;-110;10:54:56.099284
1770;1877;-107;10:54:56.099284
1769;1880;-111;10:54:56.099284
1765;1880;-115;10:54:56.099284
1767;1879;-112;10:54:56.099284
1768;1881;-113;10:54:56.099284
1770;1879;-109;10:54:56.099284
1769;1879;-110;10:54:56.099284
1768;1878;-110;10:54:56.099284
1766;1878;-112;10:54:56.099284
1766;1877;-111;10:54:56.099284
1765;1878;-113;10:54:56.099284
1766;1876;-110;10:54:56.099284
1764;1876;-112;10:54:56.099284
1761;1874;-113;10:54:56.099284
1760;1875;-115;10:54:56.099284
1760;1875;-115;10:54:56.099284
1760;1874;-114;10:54:56.099284
1762;1872;-110;10:54:56.099284
1760;1875;-115;10:54:56.099284
1756;1873;-117;10:54:56.099284
1756;1871;-115;10:54:56.099284
1757;1873;-116;10:54:56.099284
1759;1873;-114;10:54:56.099284
1760;1870;-110;10:54:56.100282
1758;1871;-113;10:54:56.100282
1757;1870;-113;10:54:56.100282
1758;1870;-112;10:54:56.100282
1759;1869;-110;10:54:56.100282
1759;1873;-114;10:54:56.100282
1761;1873;-112;10:54:56.100282
1759;1873;-114;10:54:56.100282
1756;1873;-117;10:54:56.100282
1758;1874;-116;10:54:56.100282
1760;1876;-116;10:54:56.100282
1763;1876;-113;10:54:56.100282
1764;1876;-112;10:54:56.100282
1767;1875;-108;10:54:56.100282
1765;1876;-111;10:54:56.100282
1763;1874;-111;10:54:56.100282
1762;1874;-112;10:54:56.100282
1761;1872;-111;10:54:56.100282
1756;1871;-115;10:54:56.100282
1756;1871;-115;10:54:56.100282
1757;1871;-114;10:54:56.100282
1755;1870;-115;10:54:56.100282
1756;1868;-112;10:54:56.100282
1756;1869;-113;10:54:56.100282
1756;1868;-112;10:54:56.100282
1758;1868;-110;10:54:56.100282
1758;1868;-110;10:54:56.100282
1759;1869;-110;10:54:56.100282
1758;1869;-111;10:54:56.100282
1758;1869;-111;10:54:56.100282
1760;1872;-112;10:54:56.100282
1760;1874;-114;10:54:56.100282
1761;1874;-113;10:54:56.100282
1760;1873;-113;10:54:56.100282
1760;1874;-114;10:54:56.100282
1760;1875;-115;10:54:56.100282
1762;1877;-115;10:54:56.100282
1762;1876;-114;10:54:56.100282
1763;1874;-111;10:54:56.100282
1764;1876;-112;10:54:56.100282
1765;1879;-114;10:54:56.100282
1763;1877;-114;10:54:56.100282
1765;1876;-111;10:54:56.100282
1765;1875;-110;10:54:56.100282
1765;1873;-108;10:54:56.100282
1764;1872;-108;10:54:56.100282
1762;1871;-109;10:54:56.100282
1761;1872;-111;10:54:56.100282
1759;1872;-113;10:54:56.100282
1759;1873;-114;10:54:56.100282
1762;1873;-111;10:54:56.100282
1757;1872;-115;10:54:56.100282
1755;1870;-115;10:54:56.100282
1755;1871;-116;10:54:56.100282
1751;1868;-117;10:54:56.100282
1752;1865;-113;10:54:56.100282
1752;1861;-109;10:54:56.100282
1750;1858;-108;10:54:56.100282
1748;1859;-111;10:54:56.100282
1750;1859;-109;10:54:56.100282
1749;1861;-112;10:54:56.100282
1750;1862;-112;10:54:56.100282
1753;1862;-109;10:54:56.100282
1752;1863;-111;10:54:56.100282
1751;1863;-112;10:54:56.100282
1749;1867;-118;10:54:56.100282
1751;1867;-116;10:54:56.100282
1752;1867;-115;10:54:56.100282
1752;1867;-115;10:54:56.100282
1752;1866;-114;10:54:56.100282
1752;1867;-115;10:54:56.100282
1753;1866;-113;10:54:56.100282
1754;1868;-114;10:54:56.100282
1755;1869;-114;10:54:56.100282
1755;1868;-113;10:54:56.100282
1758;1868;-110;10:54:56.100282
1759;1868;-109;10:54:56.100282
1757;1869;-112;10:54:56.100282
1757;1870;-113;10:54:56.100282
1760;1872;-112;10:54:56.100282
1760;1871;-111;10:54:56.100282
1760;1870;-110;10:54:56.100282
1760;1868;-108;10:54:56.100282
1759;1868;-109;10:54:56.100282
1759;1870;-111;10:54:56.100282
1760;1869;-109;10:54:56.100282
1759;1865;-106;10:54:56.100282
1754;1864;-110;10:54:56.100282
1752;1864;-112;10:54:56.100282
1750;1862;-112;10:54:56.100282
1748;1861;-113;10:54:56.100282
1748;1860;-112;10:54:56.100282
1751;1862;-111;10:54:56.100282
1750;1859;-109;10:54:56.100282
1750;1858;-108;10:54:56.100282
1750;1860;-110;10:54:56.100282
1751;1862;-111;10:54:56.100282
1755;1864;-109;10:54:56.100282
1755;1867;-112;10:54:56.100282
1758;1869;-111;10:54:56.100282
1758;1869;-111;10:54:56.100282
1756;1870;-114;10:54:56.100282
1756;1869;-113;10:54:56.100282
1756;1870;-114;10:54:56.100282
1758;1869;-111;10:54:56.100282
1761;1868;-107;10:54:56.100282
1761;1868;-107;10:54:56.100282
1757;1869;-112;10:54:56.100282
1755;1871;-116;10:54:56.100282
1759;1872;-113;10:54:56.100282
1761;1872;-111;10:54:56.100282
1762;1872;-110;10:54:56.100282
1763;1872;-109;10:54:56.100282
1763;1872;-109;10:54:56.100282
1761;1870;-109;10:54:56.100282
1758;1871;-113;10:54:56.100282
1759;1874;-115;10:54:56.100282
1759;1873;-114;10:54:56.100282
1762;1874;-112;10:54:56.100282
1761;1876;-115;10:54:56.100282
1762;1875;-113;10:54:56.100282
1767;1873;-106;10:54:56.100282
1766;1873;-107;10:54:56.100282
1767;1872;-105;10:54:56.100282
1765;1872;-107;10:54:56.100282
1763;1872;-109;10:54:56.100282
1762;1873;-111;10:54:56.100282
1760;1871;-111;10:54:56.100282
1760;1873;-113;10:54:56.100282
1762;1872;-110;10:54:56.100282
1760;1869;-109;10:54:56.100282
1756;1869;-113;10:54:56.100282
1754;1868;-114;10:54:56.100282
1755;1868;-113;10:54:56.100282
1754;1869;-115;10:54:56.100282
1753;1870;-117;10:54:56.100282
1753;1872;-119;10:54:56.100282
1755;1872;-117;10:54:56.100282
1756;1871;-115;10:54:56.100282
1757;1867;-110;10:54:56.100282
1755;1866;-111;10:54:56.100282
1756;1864;-108;10:54:56.100282
1754;1864;-110;10:54:56.100282
1752;1863;-111;10:54:56.100282
1752;1863;-111;10:54:56.100282
1752;1869;-117;10:54:56.100282
1754;1868;-114;10:54:56.100282
1755;1867;-112;10:54:56.100282
1756;1868;-112;10:54:56.100282
1757;1866;-109;10:54:56.100282
1757;1863;-106;10:54:56.100282
1756;1865;-109;10:54:56.100282
1756;1869;-113;10:54:56.100282
1756;1871;-115;10:54:56.100282
1759;1871;-112;10:54:56.100282
1760;1870;-110;10:54:56.100282
1758;1869;-111;10:54:56.100282
1758;1870;-112;10:54:56.100282
1756;1868;-112;10:54:56.100282
1754;1869;-115;10:54:56.100282
1755;1870;-115;10:54:56.100282
1755;1871;-116;10:54:56.100282
1755;1871;-116;10:54:56.100282
1754;1869;-115;10:54:56.100282
1754;1867;-113;10:54:56.100282
1754;1866;-112;10:54:56.100282
1754;1863;-109;10:54:56.100282
1753;1865;-112;10:54:56.100282
1751;1865;-114;10:54:56.100282
1750;1866;-116;10:54:56.100282
1752;1870;-118;10:54:56.100282
1753;1870;-117;10:54:56.100282
1754;1869;-115;10:54:56.100282
1755;1869;-114;10:54:56.100282
1757;1868;-111;10:54:56.100282
1758;1868;-110;10:54:56.100282
1754;1863;-109;10:54:56.100282
1754;1862;-108;10:54:56.100282
1754;1860;-106;10:54:56.100282
1749;1861;-112;10:54:56.100282
1747;1860;-113;10:54:56.100282
1747;1861;-114;10:54:56.100282
1747;1861;-114;10:54:56.100282
1747;1860;-113;10:54:56.100282
1748;1862;-114;10:54:56.100282
1750;1864;-114;10:54:56.100282
1753;1866;-113;10:54:56.100282
1753;1868;-115;10:54:56.100282
1754;1868;-114;10:54:56.100282
1754;1868;-114;10:54:56.100282
1757;1866;-109;10:54:56.100282
1754;1869;-115;10:54:56.100282
1752;1865;-113;10:54:56.100282
1752;1863;-111;10:54:56.100282
1751;1864;-113;10:54:56.100282
1750;1865;-115;10:54:56.100282
1750;1866;-116;10:54:56.100282
1752;1866;-114;10:54:56.100282
1751;1865;-114;10:54:56.100282
1751;1863;-112;10:54:56.100282
1753;1860;-107;10:54:56.100282
1751;1859;-108;10:54:56.100282
1749;1856;-107;10:54:56.100282
1745;1857;-112;10:54:56.100282
1744;1860;-116;10:54:56.100282
1746;1861;-115;10:54:56.100282
1750;1861;-111;10:54:56.100282
1750;1861;-111;10:54:56.100282
1749;1859;-110;10:54:56.100282
1750;1858;-108;10:54:56.100282
1748;1856;-108;10:54:56.100282
1745;1858;-113;10:54:56.100282
1746;1855;-109;10:54:56.100282
1746;1857;-111;10:54:56.100282
1750;1861;-111;10:54:56.100282
1748;1863;-115;10:54:56.100282
1748;1865;-117;10:54:56.100282
1753;1865;-112;10:54:56.100282
1752;1862;-110;10:54:56.100282
1753;1859;-106;10:54:56.100282
1750;1862;-112;10:54:56.100282
1749;1863;-114;10:54:56.100282
1750;1865;-115;10:54:56.100282
1753;1866;-113;10:54:56.100282
1754;1867;-113;10:54:56.100282
1755;1865;-110;10:54:56.100282
1758;1865;-107;10:54:56.100282
1756;1865;-109;10:54:56.100282
1753;1868;-115;10:54:56.100282
1752;1866;-114;10:54:56.100282
1755;1866;-111;10:54:56.100282
1757;1866;-109;10:54:56.100282
1755;1865;-110;10:54:56.100282
1755;1863;-108;10:54:56.100282
1752;1862;-110;10:54:56.100282
1747;1861;-114;10:54:56.100282
1744;1857;-113;10:54:56.100282
1744;1853;-109;10:54:56.100282
1742;1854;-112;10:54:56.100282
1739;1856;-117;10:54:56.100282
1738;1855;-117;10:54:56.100282
1740;1853;-113;10:54:56.100282
1742;1855;-113;10:54:56.100282
1746;1857;-111;10:54:56.100282
1749;1860;-111;10:54:56.100282
1751;1864;-113;10:54:56.100282
1754;1866;-112;10:54:56.100282
1754;1865;-111;10:54:56.100282
1756;1864;-108;10:54:56.100282
1757;1865;-108;10:54:56.100282
1754;1867;-113;10:54:56.100282
1754;1865;-111;10:54:56.100282
1756;1868;-112;10:54:56.100282
1758;1865;-107;10:54:56.100282
1757;1864;-107;10:54:56.100282
1760;1872;-112;10:54:56.100282
1760;1873;-113;10:54:56.100282
1762;1872;-110;10:54:56.100282
1764;1874;-110;10:54:56.100282
1766;1877;-111;10:54:56.100282
1766;1877;-111;10:54:56.100282
1764;1875;-111;10:54:56.100282
1764;1878;-114;10:54:56.100282
1763;1877;-114;10:54:56.100282
1763;1873;-110;10:54:56.100282
1764;1874;-110;10:54:56.100282
1767;1875;-108;10:54:56.100282
1767;1875;-108;10:54:56.100282
1764;1875;-111;10:54:56.100282
1764;1877;-113;10:54:56.100282
1764;1876;-112;10:54:56.100282
1765;1876;-111;10:54:56.100282
1767;1878;-111;10:54:56.100282
1765;1880;-115;10:54:56.100282
1765;1879;-114;10:54:56.100282
1766;1877;-111;10:54:56.100282
1766;1877;-111;10:54:56.100282
1766;1876;-110;10:54:56.100282
1767;1877;-110;10:54:56.100282
1766;1877;-111;10:54:56.100282
1766;1875;-109;10:54:56.100282
1767;1874;-107;10:54:56.100282
1767;1875;-108;10:54:56.100282
1766;1876;-110;10:54:56.100282
1765;1878;-113;10:54:56.100282
1764;1877;-113;10:54:56.100282
1762;1878;-116;10:54:56.100282
1763;1878;-115;10:54:56.100282
1765;1876;-111;10:54:56.100282
1765;1873;-108;10:54:56.100282
1763;1872;-109;10:54:56.100282
1763;1875;-112;10:54:56.100282
1765;1877;-112;10:54:56.100282
1763;1878;-115;10:54:56.100282
1762;1876;-114;10:54:56.100282
1763;1876;-113;10:54:56.100282
1762;1875;-113;10:54:56.100282
1760;1872;-112;10:54:56.100282
1762;1871;-109;10:54:56.100282
1760;1871;-111;10:54:56.100282
1760;1867;-107;10:54:56.100282
1759;1871;-112;10:54:56.100282
1755;1872;-117;10:54:56.100282
1754;1871;-117;10:54:56.100282
1756;1871;-115;10:54:56.100282
1758;1871;-113;10:54:56.100282
1759;1871;-112;10:54:56.100282
1756;1870;-114;10:54:56.100282
1754;1867;-113;10:54:56.100282
1755;1868;-113;10:54:56.100282
1755;1867;-112;10:54:56.100282
1753;1866;-113;10:54:56.100282
1750;1867;-117;10:54:56.100282
1751;1864;-113;10:54:56.100282
1752;1863;-111;10:54:56.100282
1750;1858;-108;10:54:56.100282
1746;1858;-112;10:54:56.100282
1746;1859;-113;10:54:56.100282
1746;1861;-115;10:54:56.100282
1743;1863;-120;10:54:56.100282
1742;1863;-121;10:54:56.100282
1740;1864;-124;10:54:56.100282
1745;1864;-119;10:54:56.100282
1750;1866;-116;10:54:56.100282
1753;1866;-113;10:54:56.100282
1752;1867;-115;10:54:56.100282
1753;1870;-117;10:54:56.100282
1755;1872;-117;10:54:56.100282
1755;1871;-116;10:54:56.100282
1754;1871;-117;10:54:56.100282
1754;1873;-119;10:54:56.100282
1756;1873;-117;10:54:56.100282
1756;1873;-117;10:54:56.100282
1759;1870;-111;10:54:56.100282
1761;1870;-109;10:54:56.100282
1761;1871;-110;10:54:56.100282
1759;1870;-111;10:54:56.100282
1758;1868;-110;10:54:56.100282
1759;1867;-108;10:54:56.100282
1755;1866;-111;10:54:56.100282
1755;1866;-111;10:54:56.100282
1753;1866;-113;10:54:56.100282
1753;1863;-110;10:54:56.100282
1751;1861;-110;10:54:56.100282
1749;1863;-114;10:54:56.100282
1750;1865;-115;10:54:56.100282
1753;1867;-114;10:54:56.100282
1750;1865;-115;10:54:56.100282
1748;1863;-115;10:54:56.100282
1748;1860;-112;10:54:56.100282
1749;1859;-110;10:54:56.100282
1744;1856;-112;10:54:56.100282
1741;1852;-111;10:54:56.100282
1741;1853;-112;10:54:56.100282
1741;1847;-106;10:54:56.100282
1739;1844;-105;10:54:56.100282
1737;1846;-109;10:54:56.100282
1741;1850;-109;10:54:56.100282
1742;1850;-108;10:54:56.100282
1743;1850;-107;10:54:56.100282
1746;1854;-108;10:54:56.100282
1747;1859;-112;10:54:56.100282
1747;1861;-114;10:54:56.100282
1749;1865;-116;10:54:56.100282
1752;1868;-116;10:54:56.100282
1753;1867;-114;10:54:56.100282
1755;1866;-111;10:54:56.100282
1757;1868;-111;10:54:56.100282
1758;1867;-109;10:54:56.100282
1759;1865;-106;10:54:56.100282
1761;1865;-104;10:54:56.100282
1761;1866;-105;10:54:56.100282
1757;1865;-108;10:54:56.100282
1755;1864;-109;10:54:56.100282
1758;1864;-106;10:54:56.100282
1756;1864;-108;10:54:56.100282
1755;1864;-109;10:54:56.100282
1757;1864;-107;10:54:56.100282
1756;1866;-110;10:54:56.100282
1755;1867;-112;10:54:56.100282
1753;1869;-116;10:54:56.100282
1753;1870;-117;10:54:56.100282
1755;1867;-112;10:54:56.100282
1754;1866;-112;10:54:56.100282
1752;1864;-112;10:54:56.100282
1753;1863;-110;10:54:56.100282
1755;1860;-105;10:54:56.100282
1755;1862;-107;10:54:56.100282
1753;1863;-110;10:54:56.100282
1753;1865;-112;10:54:56.100282
1752;1867;-115;10:54:56.100282
1753;1867;-114;10:54:56.100282
1754;1869;-115;10:54:56.100282
1755;1869;-114;10:54:56.100282
1755;1869;-114;10:54:56.100282
1754;1865;-111;10:54:56.100282
1756;1865;-109;10:54:56.100282
1760;1867;-107;10:54:56.100282
1759;1863;-104;10:54:56.100282
1757;1860;-103;10:54:56.100282
1752;1862;-110;10:54:56.100282
1754;1863;-109;10:54:56.100282
1758;1864;-106;10:54:56.100282
1759;1866;-107;10:54:56.100282
1761;1870;-109;10:54:56.100282
1762;1876;-114;10:54:56.100282
1763;1880;-117;10:54:56.100282
1769;1883;-114;10:54:56.100282
1771;1884;-113;10:54:56.100282
1772;1882;-110;10:54:56.100282
1773;1883;-110;10:54:56.100282
1773;1882;-109;10:54:56.100282
1774;1883;-109;10:54:56.100282
1775;1883;-108;10:54:56.100282
1771;1885;-114;10:54:56.100282
1769;1883;-114;10:54:56.100282
1771;1882;-111;10:54:56.100282
1772;1881;-109;10:54:56.100282
1772;1879;-107;10:54:56.100282
1771;1877;-106;10:54:56.100282
1769;1875;-106;10:54:56.100282
1766;1873;-107;10:54:56.100282
1766;1876;-110;10:54:56.100282
1763;1878;-115;10:54:56.100282
1763;1877;-114;10:54:56.100282
1762;1875;-113;10:54:56.100282
1763;1874;-111;10:54:56.100282
1762;1871;-109;10:54:56.100282
1764;1868;-104;10:54:56.100282
1761;1868;-107;10:54:56.100282
1762;1870;-108;10:54:56.100282
1765;1868;-103;10:54:56.100282
1760;1867;-107;10:54:56.100282
1756;1870;-114;10:54:56.100282
1751;1869;-118;10:54:56.100282
1750;1867;-117;10:54:56.100282
1752;1868;-116;10:54:56.100282
1753;1868;-115;10:54:56.100282
1752;1866;-114;10:54:56.100282
1754;1866;-112;10:54:56.100282
1753;1863;-110;10:54:56.100282
1753;1864;-111;10:54:56.100282
1752;1865;-113;10:54:56.100282
1751;1865;-114;10:54:56.100282
1752;1865;-113;10:54:56.100282
1753;1864;-111;10:54:56.100282
1753;1865;-112;10:54:56.100282
1750;1862;-112;10:54:56.100282
1750;1860;-110;10:54:56.100282
1749;1862;-113;10:54:56.100282
1747;1860;-113;10:54:56.100282
1747;1862;-115;10:54:56.100282
1746;1861;-115;10:54:56.100282
1743;1862;-119;10:54:56.100282
1743;1858;-115;10:54:56.100282
1745;1856;-111;10:54:56.100282
1744;1854;-110;10:54:56.100282
1741;1853;-112;10:54:56.100282
1741;1855;-114;10:54:56.100282
1741;1856;-115;10:54:56.100282
1742;1859;-117;10:54:56.100282
1746;1858;-112;10:54:56.100282
1747;1858;-111;10:54:56.100282
1745;1856;-111;10:54:56.100282
1741;1858;-117;10:54:56.100282
1741;1858;-117;10:54:56.100282
1743;1859;-116;10:54:56.100282
1744;1862;-118;10:54:56.100282
1744;1866;-122;10:54:56.100282
1744;1865;-121;10:54:56.100282
1746;1865;-119;10:54:56.100282
1752;1865;-113;10:54:56.100282
1755;1867;-112;10:54:56.100282
1754;1867;-113;10:54:56.100282
1755;1868;-113;10:54:56.100282
1755;1869;-114;10:54:56.100282
1759;1872;-113;10:54:56.100282
1761;1870;-109;10:54:56.100282
1757;1869;-112;10:54:56.100282
1759;1872;-113;10:54:56.100282
1764;1874;-110;10:54:56.100282
1767;1873;-106;10:54:56.100282
1766;1874;-108;10:54:56.100282
1767;1877;-110;10:54:56.100282
1769;1879;-110;10:54:56.100282
1772;1881;-109;10:54:56.100282
1771;1879;-108;10:54:56.100282
1770;1878;-108;10:54:56.100282
1769;1877;-108;10:54:56.100282
1764;1879;-115;10:54:56.100282
1766;1877;-111;10:54:56.100282
1769;1877;-108;10:54:56.100282
1769;1877;-108;10:54:56.100282
1772;1877;-105;10:54:56.100282
1776;1878;-102;10:54:56.100282
1775;1879;-104;10:54:56.100282
1775;1881;-106;10:54:56.100282
1774;1883;-109;10:54:56.100282
1774;1882;-108;10:54:56.100282
1772;1886;-114;10:54:56.100282
1771;1884;-113;10:54:56.100282
1769;1882;-113;10:54:56.100282
1770;1882;-112;10:54:56.100282
1771;1882;-111;10:54:56.100282
1774;1882;-108;10:54:56.100282
1776;1884;-108;10:54:56.100282
1776;1884;-108;10:54:56.100282
1771;1884;-113;10:54:56.100282
1769;1883;-114;10:54:56.100282
1773;1880;-107;10:54:56.100282
1766;1875;-109;10:54:56.101279
1766;1876;-110;10:54:56.101279
1762;1874;-112;10:54:56.101279
1765;1871;-106;10:54:56.101279
1767;1871;-104;10:54:56.101279
1763;1870;-107;10:54:56.101279
1762;1870;-108;10:54:56.101279
1761;1870;-109;10:54:56.101279
1761;1872;-111;10:54:56.101279
1761;1870;-109;10:54:56.101279
1762;1873;-111;10:54:56.101279
1762;1874;-112;10:54:56.101279
1760;1872;-112;10:54:56.101279
1761;1873;-112;10:54:56.101279
1758;1868;-110;10:54:56.101279
1754;1866;-112;10:54:56.101279
1756;1867;-111;10:54:56.101279
1758;1866;-108;10:54:56.101279
1756;1864;-108;10:54:56.101279
1758;1865;-107;10:54:56.101279
1758;1868;-110;10:54:56.101279
1758;1870;-112;10:54:56.101279
1752;1869;-117;10:54:56.101279
1753;1870;-117;10:54:56.101279
1754;1869;-115;10:54:56.101279
1753;1866;-113;10:54:56.101279
1754;1864;-110;10:54:56.101279
1754;1868;-114;10:54:56.101279
1757;1872;-115;10:54:56.101279
1759;1872;-113;10:54:56.101279
1760;1876;-116;10:54:56.101279
1763;1875;-112;10:54:56.101279
1762;1874;-112;10:54:56.101279
1761;1872;-111;10:54:56.101279
1758;1871;-113;10:54:56.101279
1757;1867;-110;10:54:56.101279
1754;1869;-115;10:54:56.101279
1753;1869;-116;10:54:56.101279
1752;1866;-114;10:54:56.101279
1755;1867;-112;10:54:56.101279
1752;1868;-116;10:54:56.101279
1747;1867;-120;10:54:56.101279
1748;1864;-116;10:54:56.101279
1752;1868;-116;10:54:56.101279
1753;1869;-116;10:54:56.101279
1753;1868;-115;10:54:56.101279
1756;1872;-116;10:54:56.101279
1758;1869;-111;10:54:56.101279
1757;1870;-113;10:54:56.101279
1758;1867;-109;10:54:56.101279
1754;1870;-116;10:54:56.101279
1754;1871;-117;10:54:56.101279
1755;1872;-117;10:54:56.101279
1756;1872;-116;10:54:56.101279
1756;1871;-115;10:54:56.101279
1754;1868;-114;10:54:56.101279
1757;1868;-111;10:54:56.101279
1757;1869;-112;10:54:56.101279
1759;1869;-110;10:54:56.101279
1763;1870;-107;10:54:56.101279
1760;1872;-112;10:54:56.101279
1756;1869;-113;10:54:56.101279
1755;1871;-116;10:54:56.101279
1759;1874;-115;10:54:56.101279
1762;1876;-114;10:54:56.101279
1767;1878;-111;10:54:56.101279
1766;1877;-111;10:54:56.101279
1766;1875;-109;10:54:56.101279
1767;1875;-108;10:54:56.101279
1766;1875;-109;10:54:56.101279
1762;1877;-115;10:54:56.101279
1760;1875;-115;10:54:56.101279
1763;1876;-113;10:54:56.101279
1763;1874;-111;10:54:56.101279
1761;1874;-113;10:54:56.101279
1762;1873;-111;10:54:56.101279
1763;1879;-116;10:54:56.101279
1762;1876;-114;10:54:56.101279
1764;1874;-110;10:54:56.101279
1764;1873;-109;10:54:56.101279
1761;1877;-116;10:54:56.101279
1763;1875;-112;10:54:56.101279
1763;1874;-111;10:54:56.101279
1762;1873;-111;10:54:56.101279
1765;1873;-108;10:54:56.101279
1762;1875;-113;10:54:56.101279
1759;1873;-114;10:54:56.101279
1760;1873;-113;10:54:56.101279
1762;1876;-114;10:54:56.101279
1761;1876;-115;10:54:56.101279
1761;1876;-115;10:54:56.101279
1766;1875;-109;10:54:56.101279
1771;1876;-105;10:54:56.101279
1771;1876;-105;10:54:56.101279
1767;1878;-111;10:54:56.101279
1767;1878;-111;10:54:56.101279
1771;1878;-107;10:54:56.101279
1770;1880;-110;10:54:56.101279
1766;1879;-113;10:54:56.101279
1769;1881;-112;10:54:56.101279
1767;1882;-115;10:54:56.101279
1766;1882;-116;10:54:56.101279
1767;1880;-113;10:54:56.101279
1770;1885;-115;10:54:56.101279
1773;1883;-110;10:54:56.101279
1775;1881;-106;10:54:56.101279
1773;1880;-107;10:54:56.101279
1770;1884;-114;10:54:56.101279
1770;1884;-114;10:54:56.101279
1766;1881;-115;10:54:56.101279
1764;1876;-112;10:54:56.101279
1766;1879;-113;10:54:56.101279
1767;1878;-111;10:54:56.101279
1764;1875;-111;10:54:56.101279
1764;1873;-109;10:54:56.101279
1765;1876;-111;10:54:56.101279
1768;1880;-112;10:54:56.101279
1768;1881;-113;10:54:56.101279
1770;1881;-111;10:54:56.101279
1766;1879;-113;10:54:56.101279
1767;1878;-111;10:54:56.101279
1771;1879;-108;10:54:56.101279
1770;1879;-109;10:54:56.101279
1771;1881;-110;10:54:56.101279
1768;1880;-112;10:54:56.101279
1764;1878;-114;10:54:56.101279
1765;1880;-115;10:54:56.101279
1765;1877;-112;10:54:56.101279
1765;1877;-112;10:54:56.101279
1764;1875;-111;10:54:56.101279
1768;1875;-107;10:54:56.101279
1767;1874;-107;10:54:56.101279
1766;1878;-112;10:54:56.101279
1765;1881;-116;10:54:56.101279
1764;1878;-114;10:54:56.101279
1763;1876;-113;10:54:56.101279
1764;1870;-106;10:54:56.101279
1764;1867;-103;10:54:56.101279
1767;1872;-105;10:54:56.101279
1764;1873;-109;10:54:56.101279
1760;1874;-114;10:54:56.101279
1761;1874;-113;10:54:56.101279
1764;1874;-110;10:54:56.101279
1765;1878;-113;10:54:56.101279
1764;1877;-113;10:54:56.101279
1762;1875;-113;10:54:56.101279
1759;1878;-119;10:54:56.101279
1756;1879;-123;10:54:56.101279
1758;1876;-118;10:54:56.101279
1760;1870;-110;10:54:56.101279
1761;1870;-109;10:54:56.101279
1764;1872;-108;10:54:56.101279
1764;1870;-106;10:54:56.101279
1757;1868;-111;10:54:56.101279
1757;1869;-112;10:54:56.101279
1755;1873;-118;10:54:56.101279
1753;1873;-120;10:54:56.101279
1752;1870;-118;10:54:56.101279
1752;1871;-119;10:54:56.101279
1753;1871;-118;10:54:56.101279
1755;1870;-115;10:54:56.101279
1753;1864;-111;10:54:56.101279
1752;1866;-114;10:54:56.101279
1752;1867;-115;10:54:56.101279
1754;1864;-110;10:54:56.101279
1753;1860;-107;10:54:56.101279
1754;1861;-107;10:54:56.101279
1757;1867;-110;10:54:56.101279
1754;1869;-115;10:54:56.101279
1753;1865;-112;10:54:56.101279
1754;1865;-111;10:54:56.101279
1758;1866;-108;10:54:56.101279
1755;1866;-111;10:54:56.101279
1750;1869;-119;10:54:56.101279
1750;1867;-117;10:54:56.101279
1757;1869;-112;10:54:56.101279
1757;1863;-106;10:54:56.101279
1753;1864;-111;10:54:56.101279
1750;1865;-115;10:54:56.101279
1751;1866;-115;10:54:56.101279
1749;1862;-113;10:54:56.101279
1749;1859;-110;10:54:56.101279
1748;1860;-112;10:54:56.101279
1747;1857;-110;10:54:56.101279
1749;1857;-108;10:54:56.101279
1748;1853;-105;10:54:56.101279
1745;1856;-111;10:54:56.101279
1746;1860;-114;10:54:56.101279
1746;1857;-111;10:54:56.101279
1744;1855;-111;10:54:56.101279
1745;1858;-113;10:54:56.101279
1751;1862;-111;10:54:56.101279
1746;1860;-114;10:54:56.101279
1744;1859;-115;10:54:56.101279
1749;1861;-112;10:54:56.101279
1752;1867;-115;10:54:56.101279
1754;1863;-109;10:54:56.101279
1752;1864;-112;10:54:56.101279
1755;1870;-115;10:54:56.101279
1757;1869;-112;10:54:56.101279
1760;1870;-110;10:54:56.101279
1758;1866;-108;10:54:56.101279
1755;1865;-110;10:54:56.101279
1753;1864;-111;10:54:56.101279
1750;1867;-117;10:54:56.101279
1746;1865;-119;10:54:56.101279
1753;1862;-109;10:54:56.101279
1758;1862;-104;10:54:56.101279
1754;1862;-108;10:54:56.101279
1753;1860;-107;10:54:56.101279
1752;1863;-111;10:54:56.101279
1749;1866;-117;10:54:56.101279
1747;1864;-117;10:54:56.101279
1750;1862;-112;10:54:56.101279
1755;1866;-111;10:54:56.101279
1758;1865;-107;10:54:56.101279
1760;1866;-106;10:54:56.101279
1760;1865;-105;10:54:56.101279
1757;1866;-109;10:54:56.101279
1754;1864;-110;10:54:56.101279
1750;1867;-117;10:54:56.101279
1752;1868;-116;10:54:56.101279
1757;1867;-110;10:54:56.101279
1757;1866;-109;10:54:56.101279
1758;1872;-114;10:54:56.101279
1758;1871;-113;10:54:56.101279
1758;1873;-115;10:54:56.101279
1762;1871;-109;10:54:56.101279
1761;1874;-113;10:54:56.101279
1759;1876;-117;10:54:56.101279
1762;1877;-115;10:54:56.101279
1759;1876;-117;10:54:56.101279
1760;1874;-114;10:54:56.101279
1763;1871;-108;10:54:56.101279
1765;1873;-108;10:54:56.101279
1765;1875;-110;10:54:56.101279
1765;1876;-111;10:54:56.101279
1768;1875;-107;10:54:56.101279
1769;1875;-106;10:54:56.101279
1764;1880;-116;10:54:56.101279
1764;1883;-119;10:54:56.101279
1763;1884;-121;10:54:56.101279
1763;1884;-121;10:54:56.101279
1766;1883;-117;10:54:56.101279
1765;1878;-113;10:54:56.101279
1764;1878;-114;10:54:56.101279
1769;1878;-109;10:54:56.101279
1771;1882;-111;10:54:56.101279
1771;1882;-111;10:54:56.101279
1767;1883;-116;10:54:56.101279
1768;1882;-114;10:54:56.101279
1767;1879;-112;10:54:56.101279
1766;1878;-112;10:54:56.101279
1773;1881;-108;10:54:56.101279
1772;1883;-111;10:54:56.101279
1772;1882;-110;10:54:56.101279
1775;1881;-106;10:54:56.101279
1773;1882;-109;10:54:56.101279
1770;1886;-116;10:54:56.101279
1766;1888;-122;10:54:56.101279
1768;1882;-114;10:54:56.101279
1774;1879;-105;10:54:56.101279
1772;1877;-105;10:54:56.101279
1767;1875;-108;10:54:56.101279
1760;1876;-116;10:54:56.101279
1758;1878;-120;10:54:56.101279
1760;1874;-114;10:54:56.101279
1762;1873;-111;10:54:56.101279
1765;1874;-109;10:54:56.101279
1768;1879;-111;10:54:56.101279
1768;1880;-112;10:54:56.101279
1771;1881;-110;10:54:56.101279
1769;1883;-114;10:54:56.101279
1766;1885;-119;10:54:56.101279
1765;1882;-117;10:54:56.101279
1767;1877;-110;10:54:56.101279
1763;1875;-112;10:54:56.101279
1763;1873;-110;10:54:56.101279
1759;1870;-111;10:54:56.101279
1755;1867;-112;10:54:56.101279
1757;1865;-108;10:54:56.101279
1757;1865;-108;10:54:56.101279
1757;1866;-109;10:54:56.101279
1750;1865;-115;10:54:56.101279
1748;1863;-115;10:54:56.101279
1749;1862;-113;10:54:56.101279
1748;1859;-111;10:54:56.101279
1744;1855;-111;10:54:56.101279
1740;1854;-114;10:54:56.101279
1740;1854;-114;10:54:56.101279
1739;1856;-117;10:54:56.101279
1742;1856;-114;10:54:56.101279
1747;1858;-111;10:54:56.101279
1746;1865;-119;10:54:56.101279
1743;1865;-122;10:54:56.101279
1742;1861;-119;10:54:56.101279
1751;1862;-111;10:54:56.101279
1751;1864;-113;10:54:56.101279
1748;1864;-116;10:54:56.101279
1745;1862;-117;10:54:56.101279
1743;1862;-119;10:54:56.101279
1744;1861;-117;10:54:56.101279
1742;1859;-117;10:54:56.101279
1743;1856;-113;10:54:56.101279
1742;1853;-111;10:54:56.101279
1738;1850;-112;10:54:56.101279
1739;1852;-113;10:54:56.101279
1744;1854;-110;10:54:56.101279
1747;1854;-107;10:54:56.101279
1753;1860;-107;10:54:56.101279
1752;1859;-107;10:54:56.101279
1747;1863;-116;10:54:56.101279
1745;1866;-121;10:54:56.101279
1746;1860;-114;10:54:56.101279
1745;1860;-115;10:54:56.101279
1749;1861;-112;10:54:56.101279
1748;1865;-117;10:54:56.101279
1749;1862;-113;10:54:56.101279
1750;1864;-114;10:54:56.101279
1752;1863;-111;10:54:56.101279
1747;1858;-111;10:54:56.101279
1745;1858;-113;10:54:56.101279
1742;1856;-114;10:54:56.101279
1740;1854;-114;10:54:56.101279
1738;1850;-112;10:54:56.101279
1735;1849;-114;10:54:56.101279
1736;1851;-115;10:54:56.101279
1739;1852;-113;10:54:56.101279
1736;1849;-113;10:54:56.101279
1735;1851;-116;10:54:56.101279
1737;1852;-115;10:54:56.101279
1736;1846;-110;10:54:56.101279
1735;1847;-112;10:54:56.101279
1736;1848;-112;10:54:56.101279
1741;1854;-113;10:54:56.101279
1744;1855;-111;10:54:56.101279
1744;1855;-111;10:54:56.101279
1741;1860;-119;10:54:56.101279
1741;1858;-117;10:54:56.101279
1741;1857;-116;10:54:56.101279
1743;1856;-113;10:54:56.101279
1747;1860;-113;10:54:56.101279
1752;1863;-111;10:54:56.101279
1754;1862;-108;10:54:56.101279
1751;1861;-110;10:54:56.101279
1752;1867;-115;10:54:56.101279
1754;1868;-114;10:54:56.101279
1755;1869;-114;10:54:56.101279
1758;1874;-116;10:54:56.101279
1755;1872;-117;10:54:56.101279
1755;1872;-117;10:54:56.101279
1753;1868;-115;10:54:56.101279
1752;1867;-115;10:54:56.101279
1756;1863;-107;10:54:56.101279
1759;1865;-106;10:54:56.101279
1760;1863;-103;10:54:56.101279
1758;1863;-105;10:54:56.101279
1754;1864;-110;10:54:56.101279
1749;1859;-110;10:54:56.101279
1748;1858;-110;10:54:56.101279
1749;1860;-111;10:54:56.101279
1743;1862;-119;10:54:56.101279
1742;1865;-123;10:54:56.101279
1746;1864;-118;10:54:56.101279
1749;1865;-116;10:54:56.101279
1752;1860;-108;10:54:56.101279
1752;1859;-107;10:54:56.101279
1750;1857;-107;10:54:56.101279
1746;1859;-113;10:54:56.101279
1751;1865;-114;10:54:56.101279
1754;1868;-114;10:54:56.101279
1758;1869;-111;10:54:56.101279
1756;1869;-113;10:54:56.101279
1754;1870;-116;10:54:56.101279
1760;1873;-113;10:54:56.101279
1765;1875;-110;10:54:56.101279
1762;1877;-115;10:54:56.101279
1765;1883;-118;10:54:56.101279
1769;1882;-113;10:54:56.101279
1771;1880;-109;10:54:56.101279
1770;1880;-110;10:54:56.101279
1767;1877;-110;10:54:56.101279
1764;1874;-110;10:54:56.101279
1765;1874;-109;10:54:56.101279
1764;1876;-112;10:54:56.101279
1760;1872;-112;10:54:56.101279
1758;1868;-110;10:54:56.101279
1758;1870;-112;10:54:56.101279
1754;1870;-116;10:54:56.101279
1756;1870;-114;10:54:56.101279
1754;1869;-115;10:54:56.101279
1754;1868;-114;10:54:56.101279
1755;1863;-108;10:54:56.101279
1758;1867;-109;10:54:56.101279
1758;1872;-114;10:54:56.101279
1755;1871;-116;10:54:56.101279
1758;1871;-113;10:54:56.101279
1761;1875;-114;10:54:56.101279
1761;1876;-115;10:54:56.101279
1759;1874;-115;10:54:56.101279
1756;1867;-111;10:54:56.101279
1755;1863;-108;10:54:56.101279
1752;1867;-115;10:54:56.101279
1754;1865;-111;10:54:56.101279
1757;1873;-116;10:54:56.101279
1759;1875;-116;10:54:56.101279
1755;1871;-116;10:54:56.101279
1757;1870;-113;10:54:56.101279
1758;1870;-112;10:54:56.101279
1755;1873;-118;10:54:56.101279
1761;1882;-121;10:54:56.101279
1765;1881;-116;10:54:56.101279
1771;1883;-112;10:54:56.101279
1773;1883;-110;10:54:56.101279
1774;1884;-110;10:54:56.101279
1771;1882;-111;10:54:56.101279
1772;1884;-112;10:54:56.101279
1772;1883;-111;10:54:56.101279
1767;1882;-115;10:54:56.101279
1761;1879;-118;10:54:56.101279
1766;1878;-112;10:54:56.101279
1769;1877;-108;10:54:56.101279
1771;1873;-102;10:54:56.101279
1766;1874;-108;10:54:56.101279
1766;1874;-108;10:54:56.101279
1763;1874;-111;10:54:56.101279
1767;1870;-103;10:54:56.101279
1768;1868;-100;10:54:56.101279
1763;1871;-108;10:54:56.101279
1761;1873;-112;10:54:56.101279
1761;1871;-110;10:54:56.101279
1758;1875;-117;10:54:56.101279
1763;1878;-115;10:54:56.101279
1766;1878;-112;10:54:56.101279
1766;1872;-106;10:54:56.101279
1766;1874;-108;10:54:56.101279
1759;1872;-113;10:54:56.101279
1759;1869;-110;10:54:56.101279
1761;1874;-113;10:54:56.101279
1760;1880;-120;10:54:56.101279
1760;1883;-123;10:54:56.101279
1765;1879;-114;10:54:56.101279
1766;1878;-112;10:54:56.101279
1767;1882;-115;10:54:56.101279
1764;1879;-115;10:54:56.101279
1761;1880;-119;10:54:56.101279
1762;1879;-117;10:54:56.101279
1763;1877;-114;10:54:56.101279
1759;1874;-115;10:54:56.101279
1758;1872;-114;10:54:56.101279
1762;1870;-108;10:54:56.101279
1764;1868;-104;10:54:56.101279
1758;1866;-108;10:54:56.101279
1757;1866;-109;10:54:56.101279
1754;1869;-115;10:54:56.101279
1747;1869;-122;10:54:56.101279
1745;1865;-120;10:54:56.101279
1748;1865;-117;10:54:56.101279
1749;1867;-118;10:54:56.101279
1754;1870;-116;10:54:56.101279
1758;1864;-106;10:54:56.101279
1763;1867;-104;10:54:56.101279
1760;1866;-106;10:54:56.101279
1756;1866;-110;10:54:56.101279
1756;1869;-113;10:54:56.101279
1759;1877;-118;10:54:56.101279
1762;1879;-117;10:54:56.101279
1758;1879;-121;10:54:56.101279
1758;1875;-117;10:54:56.101279
1757;1872;-115;10:54:56.101279
1752;1866;-114;10:54:56.101279
1751;1862;-111;10:54:56.101279
1748;1862;-114;10:54:56.101279
1745;1863;-118;10:54:56.101279
1744;1866;-122;10:54:56.101279
1745;1864;-119;10:54:56.101279
1746;1858;-112;10:54:56.101279
1749;1857;-108;10:54:56.101279
1745;1852;-107;10:54:56.101279
1745;1851;-106;10:54:56.101279
1744;1860;-116;10:54:56.101279
1743;1863;-120;10:54:56.101279
1749;1864;-115;10:54:56.101279
1748;1862;-114;10:54:56.101279
1740;1859;-119;10:54:56.101279
1737;1860;-123;10:54:56.101279
1738;1859;-121;10:54:56.101279
1740;1858;-118;10:54:56.101279
1746;1856;-110;10:54:56.101279
1749;1858;-109;10:54:56.101279
1742;1862;-120;10:54:56.101279
1744;1861;-117;10:54:56.101279
1746;1868;-122;10:54:56.101279
1752;1865;-113;10:54:56.101279
1756;1864;-108;10:54:56.101279
1750;1864;-114;10:54:56.101279
1747;1860;-113;10:54:56.101279
1741;1859;-118;10:54:56.101279
1741;1859;-118;10:54:56.101279
1742;1859;-117;10:54:56.101279
1741;1857;-116;10:54:56.101279
1744;1854;-110;10:54:56.101279
1743;1851;-108;10:54:56.101279
1738;1848;-110;10:54:56.101279
1735;1849;-114;10:54:56.101279
1735;1855;-120;10:54:56.101279
1733;1853;-120;10:54:56.101279
1733;1851;-118;10:54:56.101279
1732;1853;-121;10:54:56.101279
1735;1855;-120;10:54:56.101279
1733;1852;-119;10:54:56.102277
1738;1850;-112;10:54:56.102277
1741;1846;-105;10:54:56.102277
1737;1850;-113;10:54:56.102277
1741;1858;-117;10:54:56.102277
1744;1861;-117;10:54:56.102277
1741;1866;-125;10:54:56.102277
1741;1870;-129;10:54:56.102277
1746;1868;-122;10:54:56.102277
1747;1862;-115;10:54:56.102277
1751;1862;-111;10:54:56.102277
1746;1866;-120;10:54:56.102277
1746;1865;-119;10:54:56.102277
1752;1869;-117;10:54:56.102277
1761;1871;-110;10:54:56.102277
1759;1868;-109;10:54:56.102277
1756;1869;-113;10:54:56.102277
1763;1869;-106;10:54:56.102277
1763;1870;-107;10:54:56.102277
1757;1870;-113;10:54:56.102277
1757;1870;-113;10:54:56.102277
1760;1866;-106;10:54:56.102277
1757;1867;-110;10:54:56.102277
1756;1870;-114;10:54:56.102277
1754;1873;-119;10:54:56.102277
1762;1872;-110;10:54:56.102277
1763;1871;-108;10:54:56.102277
1760;1868;-108;10:54:56.102277
1756;1867;-111;10:54:56.102277
1751;1866;-115;10:54:56.102277
1749;1867;-118;10:54:56.102277
1750;1870;-120;10:54:56.102277
1754;1868;-114;10:54:56.102277
1756;1866;-110;10:54:56.102277
1757;1867;-110;10:54:56.102277
1753;1863;-110;10:54:56.102277
1756;1864;-108;10:54:56.102277
1756;1867;-111;10:54:56.102277
1754;1868;-114;10:54:56.102277
1755;1872;-117;10:54:56.102277
1756;1866;-110;10:54:56.102277
1755;1869;-114;10:54:56.102277
1762;1867;-105;10:54:56.102277
1761;1869;-108;10:54:56.102277
1761;1866;-105;10:54:56.102277
1763;1862;-99;10:54:56.102277
1759;1871;-112;10:54:56.102277
1763;1881;-118;10:54:56.102277
1762;1884;-122;10:54:56.102277
1767;1888;-121;10:54:56.102277
1773;1888;-115;10:54:56.102277
1772;1890;-118;10:54:56.102277
1773;1882;-109;10:54:56.102277
1777;1880;-103;10:54:56.102277
1775;1885;-110;10:54:56.102277
1774;1891;-117;10:54:56.102277
1776;1892;-116;10:54:56.102277
1778;1891;-113;10:54:56.102277
1777;1890;-113;10:54:56.102277
1780;1890;-110;10:54:56.102277
1781;1887;-106;10:54:56.102277
1777;1882;-105;10:54:56.102277
1773;1877;-104;10:54:56.102277
1765;1873;-108;10:54:56.102277
1763;1870;-107;10:54:56.102277
1761;1869;-108;10:54:56.102277
1762;1869;-107;10:54:56.102277
1756;1869;-113;10:54:56.102277
1749;1869;-120;10:54:56.102277
1752;1863;-111;10:54:56.102277
1754;1863;-109;10:54:56.102277
1751;1859;-108;10:54:56.102277
1753;1864;-111;10:54:56.102277
1754;1870;-116;10:54:56.102277
1761;1874;-113;10:54:56.102277
1766;1875;-109;10:54:56.102277
1768;1876;-108;10:54:56.102277
1768;1877;-109;10:54:56.102277
1763;1882;-119;10:54:56.102277
1766;1879;-113;10:54:56.102277
1763;1875;-112;10:54:56.102277
1760;1870;-110;10:54:56.102277
1763;1875;-112;10:54:56.102277
1763;1876;-113;10:54:56.102277
1760;1876;-116;10:54:56.102277
1760;1874;-114;10:54:56.102277
1760;1874;-114;10:54:56.102277
1758;1867;-109;10:54:56.102277
1755;1868;-113;10:54:56.102277
1751;1864;-113;10:54:56.102277
1748;1861;-113;10:54:56.102277
1746;1862;-116;10:54:56.102277
1751;1863;-112;10:54:56.102277
1755;1862;-107;10:54:56.102277
1757;1866;-109;10:54:56.102277
1758;1868;-110;10:54:56.102277
1760;1864;-104;10:54:56.102277
1760;1869;-109;10:54:56.102277
1754;1873;-119;10:54:56.102277
1751;1879;-128;10:54:56.102277
1755;1881;-126;10:54:56.102277
1761;1878;-117;10:54:56.102277
1771;1878;-107;10:54:56.102277
1770;1883;-113;10:54:56.102277
1762;1882;-120;10:54:56.102277
1760;1877;-117;10:54:56.102277
1762;1868;-106;10:54:56.102277
1753;1862;-109;10:54:56.102277
1742;1863;-121;10:54:56.102277
1739;1862;-123;10:54:56.102277
1743;1858;-115;10:54:56.102277
1744;1856;-112;10:54:56.102277
1749;1857;-108;10:54:56.102277
1745;1860;-115;10:54:56.102277
1741;1861;-120;10:54:56.102277
1738;1858;-120;10:54:56.102277
1739;1858;-119;10:54:56.102277
1737;1857;-120;10:54:56.102277
1733;1852;-119;10:54:56.102277
1736;1848;-112;10:54:56.102277
1738;1843;-105;10:54:56.102277
1737;1843;-106;10:54:56.102277
1738;1851;-113;10:54:56.102277
1734;1856;-122;10:54:56.102277
1733;1852;-119;10:54:56.102277
1735;1854;-119;10:54:56.102277
1736;1856;-120;10:54:56.102277
1740;1858;-118;10:54:56.102277
1743;1859;-116;10:54:56.102277
1745;1864;-119;10:54:56.102277
1749;1863;-114;10:54:56.102277
1749;1860;-111;10:54:56.102277
1751;1864;-113;10:54:56.102277
1751;1865;-114;10:54:56.102277
1753;1863;-110;10:54:56.102277
1756;1862;-106;10:54:56.102277
1762;1863;-101;10:54:56.102277
1760;1862;-102;10:54:56.102277
1753;1862;-109;10:54:56.102277
1753;1865;-112;10:54:56.102277
1749;1868;-119;10:54:56.102277
1751;1869;-118;10:54:56.102277
1754;1866;-112;10:54:56.102277
1749;1860;-111;10:54:56.102277
1747;1860;-113;10:54:56.102277
1751;1863;-112;10:54:56.102277
1759;1860;-101;10:54:56.102277
1761;1859;-98;10:54:56.102277
1757;1863;-106;10:54:56.102277
1754;1872;-118;10:54:56.102277
1752;1873;-121;10:54:56.102277
1752;1867;-115;10:54:56.102277
1755;1869;-114;10:54:56.102277
1759;1872;-113;10:54:56.102277
1763;1876;-113;10:54:56.102277
1763;1877;-114;10:54:56.102277
1766;1877;-111;10:54:56.102277
1767;1874;-107;10:54:56.102277
1772;1876;-104;10:54:56.102277
1773;1877;-104;10:54:56.102277
1773;1879;-106;10:54:56.102277
1775;1883;-108;10:54:56.102277
1775;1887;-112;10:54:56.102277
1773;1883;-110;10:54:56.102277
1781;1884;-103;10:54:56.102277
1784;1890;-106;10:54:56.102277
1780;1894;-114;10:54:56.102277
1777;1888;-111;10:54:56.102277
1775;1884;-109;10:54:56.102277
1770;1882;-112;10:54:56.102277
1772;1885;-113;10:54:56.102277
1771;1886;-115;10:54:56.102277
1774;1882;-108;10:54:56.102277
1778;1883;-105;10:54:56.102277
1776;1879;-103;10:54:56.102277
1770;1879;-109;10:54:56.102277
1772;1882;-110;10:54:56.102277
1774;1885;-111;10:54:56.102277
1780;1884;-104;10:54:56.102277
1784;1892;-108;10:54:56.102277
1784;1899;-115;10:54:56.102277
1785;1904;-119;10:54:56.102277
1784;1901;-117;10:54:56.102277
1786;1899;-113;10:54:56.102277
1788;1898;-110;10:54:56.102277
1787;1895;-108;10:54:56.102277
1784;1890;-106;10:54:56.102277
1783;1889;-106;10:54:56.102277
1781;1881;-100;10:54:56.102277
1775;1879;-104;10:54:56.102277
1770;1873;-103;10:54:56.102277
1768;1876;-108;10:54:56.102277
1765;1876;-111;10:54:56.102277
1769;1876;-107;10:54:56.102277
1769;1873;-104;10:54:56.102277
1769;1877;-108;10:54:56.102277
1766;1880;-114;10:54:56.102277
1767;1885;-118;10:54:56.102277
1774;1888;-114;10:54:56.102277
1776;1892;-116;10:54:56.102277
1773;1892;-119;10:54:56.102277
1771;1893;-122;10:54:56.102277
1774;1890;-116;10:54:56.102277
1779;1887;-108;10:54:56.102277
1781;1887;-106;10:54:56.102277
1784;1890;-106;10:54:56.102277
1781;1897;-116;10:54:56.102277
1781;1891;-110;10:54:56.102277
1776;1885;-109;10:54:56.102277
1784;1885;-101;10:54:56.102277
1779;1884;-105;10:54:56.102277
1773;1888;-115;10:54:56.102277
1773;1889;-116;10:54:56.102277
1779;1886;-107;10:54:56.102277
1780;1884;-104;10:54:56.102277
1779;1887;-108;10:54:56.102277
1770;1884;-114;10:54:56.102277
1769;1884;-115;10:54:56.102277
1763;1880;-117;10:54:56.102277
1761;1876;-115;10:54:56.102277
1760;1871;-111;10:54:56.102277
1755;1866;-111;10:54:56.102277
1755;1865;-110;10:54:56.102277
1756;1864;-108;10:54:56.102277
1756;1867;-111;10:54:56.102277
1756;1868;-112;10:54:56.102277
1751;1872;-121;10:54:56.102277
1755;1870;-115;10:54:56.102277
1763;1870;-107;10:54:56.102277
1768;1873;-105;10:54:56.102277
1769;1875;-106;10:54:56.102277
1757;1873;-116;10:54:56.102277
1756;1870;-114;10:54:56.102277
1761;1873;-112;10:54:56.102277
1764;1874;-110;10:54:56.102277
1761;1873;-112;10:54:56.102277
1756;1873;-117;10:54:56.102277
1755;1865;-110;10:54:56.102277
1752;1863;-111;10:54:56.102277
1748;1853;-105;10:54:56.102277
1744;1856;-112;10:54:56.102277
1744;1860;-116;10:54:56.102277
1742;1858;-116;10:54:56.102277
1742;1846;-104;10:54:56.102277
1742;1846;-104;10:54:56.102277
1738;1842;-104;10:54:56.102277
1736;1847;-111;10:54:56.102277
1737;1850;-113;10:54:56.102277
1735;1852;-117;10:54:56.102277
1736;1854;-118;10:54:56.102277
1738;1854;-116;10:54:56.102277
1735;1850;-115;10:54:56.102277
1737;1848;-111;10:54:56.102277
1740;1849;-109;10:54:56.102277
1745;1847;-102;10:54:56.102277
1742;1849;-107;10:54:56.102277
1740;1851;-111;10:54:56.102277
1737;1848;-111;10:54:56.102277
1738;1850;-112;10:54:56.102277
1738;1848;-110;10:54:56.102277
1736;1850;-114;10:54:56.102277
1735;1848;-113;10:54:56.102277
1735;1843;-108;10:54:56.102277
1739;1843;-104;10:54:56.102277
1744;1844;-100;10:54:56.102277
1745;1856;-111;10:54:56.102277
1747;1865;-118;10:54:56.102277
1746;1867;-121;10:54:56.102277
1748;1868;-120;10:54:56.102277
1751;1865;-114;10:54:56.102277
1747;1865;-118;10:54:56.102277
1744;1860;-116;10:54:56.102277
1747;1859;-112;10:54:56.102277
1750;1856;-106;10:54:56.102277
1747;1855;-108;10:54:56.102277
1745;1853;-108;10:54:56.102277
1748;1858;-110;10:54:56.102277
1751;1859;-108;10:54:56.102277
1757;1863;-106;10:54:56.102277
1760;1864;-104;10:54:56.102277
1761;1869;-108;10:54:56.102277
1761;1869;-108;10:54:56.102277
1759;1874;-115;10:54:56.102277
1761;1879;-118;10:54:56.102277
1765;1882;-117;10:54:56.102277
1767;1875;-108;10:54:56.102277
1768;1875;-107;10:54:56.102277
1761;1871;-110;10:54:56.102277
1763;1868;-105;10:54:56.102277
1760;1866;-106;10:54:56.102277
1764;1863;-99;10:54:56.102277
1765;1865;-100;10:54:56.102277
1760;1862;-102;10:54:56.102277
1754;1866;-112;10:54:56.102277
1752;1869;-117;10:54:56.102277
1758;1870;-112;10:54:56.102277
1761;1873;-112;10:54:56.102277
1762;1870;-108;10:54:56.102277
1768;1868;-100;10:54:56.102277
1767;1873;-106;10:54:56.102277
1768;1875;-107;10:54:56.102277
1771;1882;-111;10:54:56.102277
1771;1885;-114;10:54:56.102277
1775;1893;-118;10:54:56.102277
1774;1895;-121;10:54:56.102277
1782;1892;-110;10:54:56.102277
1782;1893;-111;10:54:56.102277
1783;1893;-110;10:54:56.102277
1789;1897;-108;10:54:56.102277
1790;1898;-108;10:54:56.102277
1790;1899;-109;10:54:56.102277
1785;1896;-111;10:54:56.102277
1783;1896;-113;10:54:56.102277
1784;1895;-111;10:54:56.102277
1782;1891;-109;10:54:56.102277
1784;1889;-105;10:54:56.102277
1777;1891;-114;10:54:56.102277
1776;1887;-111;10:54:56.102277
1772;1884;-112;10:54:56.102277
1770;1884;-114;10:54:56.102277
1768;1882;-114;10:54:56.102277
1771;1877;-106;10:54:56.102277
1767;1872;-105;10:54:56.102277
1761;1870;-109;10:54:56.102277
1760;1865;-105;10:54:56.102277
1762;1865;-103;10:54:56.102277
1763;1871;-108;10:54:56.102277
1761;1876;-115;10:54:56.102277
1762;1877;-115;10:54:56.102277
1759;1871;-112;10:54:56.102277
1758;1871;-113;10:54:56.102277
1759;1873;-114;10:54:56.102277
1761;1874;-113;10:54:56.102277
1759;1876;-117;10:54:56.102277
1761;1874;-113;10:54:56.102277
1760;1870;-110;10:54:56.102277
1760;1870;-110;10:54:56.102277
1759;1871;-112;10:54:56.102277
1755;1869;-114;10:54:56.102277
1749;1861;-112;10:54:56.102277
1751;1858;-107;10:54:56.102277
1750;1854;-104;10:54:56.102277
1748;1852;-104;10:54:56.102277
1743;1857;-114;10:54:56.102277
1741;1863;-122;10:54:56.102277
1747;1867;-120;10:54:56.102277
1748;1870;-122;10:54:56.102277
1755;1872;-117;10:54:56.102277
1758;1876;-118;10:54:56.102277
1756;1876;-120;10:54:56.102277
1761;1873;-112;10:54:56.102277
1764;1875;-111;10:54:56.102277
1760;1872;-112;10:54:56.102277
1755;1870;-115;10:54:56.102277
1757;1870;-113;10:54:56.102277
1754;1864;-110;10:54:56.102277
1756;1862;-106;10:54:56.102277
1758;1862;-104;10:54:56.102277
1757;1857;-100;10:54:56.102277
1757;1855;-98;10:54:56.102277
1752;1862;-110;10:54:56.102277
1752;1862;-110;10:54:56.102277
1751;1862;-111;10:54:56.102277
1755;1864;-109;10:54:56.102277
1755;1870;-115;10:54:56.102277
1755;1868;-113;10:54:56.102277
1754;1867;-113;10:54:56.102277
1755;1862;-107;10:54:56.102277
1756;1864;-108;10:54:56.102277
1756;1861;-105;10:54:56.102277
1754;1864;-110;10:54:56.102277
1750;1871;-121;10:54:56.102277
1752;1869;-117;10:54:56.102277
1752;1865;-113;10:54:56.102277
1755;1864;-109;10:54:56.102277
1758;1863;-105;10:54:56.102277
1756;1860;-104;10:54:56.102277
1751;1856;-105;10:54:56.102277
1745;1859;-114;10:54:56.102277
1741;1856;-115;10:54:56.102277
1742;1859;-117;10:54:56.102277
1749;1860;-111;10:54:56.102277
1749;1858;-109;10:54:56.102277
1750;1861;-111;10:54:56.102277
1749;1863;-114;10:54:56.102277
1748;1862;-114;10:54:56.102277
1747;1856;-109;10:54:56.102277
1749;1861;-112;10:54:56.102277
1749;1865;-116;10:54:56.102277
1747;1869;-122;10:54:56.102277
1750;1863;-113;10:54:56.102277
1753;1862;-109;10:54:56.102277
1755;1865;-110;10:54:56.102277
1757;1864;-107;10:54:56.102277
1757;1862;-105;10:54:56.102277
1749;1859;-110;10:54:56.102277
1746;1857;-111;10:54:56.102277
1746;1857;-111;10:54:56.102277
1749;1862;-113;10:54:56.102277
1757;1866;-109;10:54:56.102277
1756;1860;-104;10:54:56.102277
1751;1860;-109;10:54:56.102277
1744;1856;-112;10:54:56.102277
1748;1858;-110;10:54:56.102277
1746;1858;-112;10:54:56.102277
1742;1856;-114;10:54:56.102277
1747;1856;-109;10:54:56.102277
1756;1861;-105;10:54:56.102277
1755;1862;-107;10:54:56.102277
1755;1860;-105;10:54:56.102277
1759;1864;-105;10:54:56.102277
1762;1863;-101;10:54:56.102277
1758;1864;-106;10:54:56.102277
1759;1864;-105;10:54:56.102277
1758;1867;-109;10:54:56.102277
1756;1868;-112;10:54:56.102277
1757;1870;-113;10:54:56.102277
1762;1869;-107;10:54:56.102277
1765;1869;-104;10:54:56.102277
1765;1873;-108;10:54:56.102277
1766;1871;-105;10:54:56.102277
1761;1871;-110;10:54:56.102277
1762;1871;-109;10:54:56.102277
1764;1877;-113;10:54:56.102277
1766;1874;-108;10:54:56.102277
1768;1873;-105;10:54:56.102277
1769;1877;-108;10:54:56.102277
1767;1882;-115;10:54:56.102277
1766;1878;-112;10:54:56.102277
1767;1876;-109;10:54:56.102277
1769;1877;-108;10:54:56.102277
1773;1875;-102;10:54:56.102277
1775;1875;-100;10:54:56.102277
1770;1877;-107;10:54:56.102277
1766;1880;-114;10:54:56.102277
1766;1881;-115;10:54:56.102277
1765;1881;-116;10:54:56.102277
1762;1878;-116;10:54:56.102277
1763;1874;-111;10:54:56.102277
1758;1871;-113;10:54:56.102277
1754;1867;-113;10:54:56.102277
1754;1864;-110;10:54:56.102277
1748;1858;-110;10:54:56.102277
1750;1851;-101;10:54:56.102277
1747;1849;-102;10:54:56.102277
1741;1849;-108;10:54:56.102277
1738;1853;-115;10:54:56.102277
1739;1859;-120;10:54:56.102277
1740;1860;-120;10:54:56.102277
1739;1858;-119;10:54:56.102277
1733;1858;-125;10:54:56.102277
1730;1856;-126;10:54:56.102277
1730;1854;-124;10:54:56.102277
1729;1851;-122;10:54:56.102277
1731;1849;-118;10:54:56.102277
1733;1847;-114;10:54:56.102277
1735;1846;-111;10:54:56.102277
1732;1844;-112;10:54:56.102277
1734;1848;-114;10:54:56.102277
1739;1849;-110;10:54:56.102277
1738;1852;-114;10:54:56.102277
1739;1854;-115;10:54:56.102277
1742;1856;-114;10:54:56.102277
1742;1854;-112;10:54:56.102277
1742;1861;-119;10:54:56.102277
1748;1868;-120;10:54:56.102277
1754;1868;-114;10:54:56.102277
1760;1871;-111;10:54:56.102277
1764;1873;-109;10:54:56.102277
1762;1868;-106;10:54:56.102277
1758;1868;-110;10:54:56.102277
1762;1866;-104;10:54:56.102277
1760;1867;-107;10:54:56.102277
1760;1865;-105;10:54:56.102277
1760;1870;-110;10:54:56.102277
1762;1871;-109;10:54:56.102277
1763;1868;-105;10:54:56.102277
1766;1870;-104;10:54:56.102277
1766;1873;-107;10:54:56.102277
1764;1877;-113;10:54:56.102277
1768;1876;-108;10:54:56.102277
1767;1877;-110;10:54:56.102277
1764;1874;-110;10:54:56.102277
1764;1876;-112;10:54:56.102277
1765;1879;-114;10:54:56.102277
1765;1880;-115;10:54:56.102277
1772;1886;-114;10:54:56.102277
1777;1886;-109;10:54:56.102277
1778;1883;-105;10:54:56.102277
1776;1885;-109;10:54:56.102277
1778;1886;-108;10:54:56.102277
1778;1885;-107;10:54:56.102277
1771;1887;-116;10:54:56.102277
1771;1883;-112;10:54:56.102277
1774;1885;-111;10:54:56.102277
1769;1885;-116;10:54:56.102277
1768;1883;-115;10:54:56.102277
1764;1882;-118;10:54:56.102277
1761;1876;-115;10:54:56.102277
1759;1870;-111;10:54:56.102277
1757;1863;-106;10:54:56.102277
1757;1863;-106;10:54:56.102277
1756;1865;-109;10:54:56.102277
1755;1866;-111;10:54:56.102277
1755;1860;-105;10:54:56.102277
1757;1857;-100;10:54:56.102277
1754;1860;-106;10:54:56.102277
1749;1860;-111;10:54:56.102277
1744;1862;-118;10:54:56.102277
1743;1864;-121;10:54:56.102277
1749;1863;-114;10:54:56.102277
1751;1862;-111;10:54:56.102277
1754;1862;-108;10:54:56.102277
1757;1858;-101;10:54:56.102277
1756;1862;-106;10:54:56.102277
1755;1862;-107;10:54:56.102277
1753;1860;-107;10:54:56.102277
1749;1860;-111;10:54:56.102277
1751;1860;-109;10:54:56.102277
1749;1866;-117;10:54:56.102277
1748;1868;-120;10:54:56.102277
1750;1872;-122;10:54:56.102277
1751;1867;-116;10:54:56.102277
1753;1865;-112;10:54:56.102277
1753;1865;-112;10:54:56.102277
1756;1865;-109;10:54:56.102277
1760;1868;-108;10:54:56.102277
1761;1861;-100;10:54:56.102277
1756;1865;-109;10:54:56.102277
1752;1867;-115;10:54:56.102277
1749;1871;-122;10:54:56.102277
1755;1875;-120;10:54:56.102277
1762;1880;-118;10:54:56.102277
1765;1880;-115;10:54:56.102277
1767;1884;-117;10:54:56.102277
1769;1885;-116;10:54:56.102277
1774;1883;-109;10:54:56.102277
1778;1889;-111;10:54:56.102277
1780;1891;-111;10:54:56.102277
1780;1892;-112;10:54:56.102277
1773;1891;-118;10:54:56.102277
1769;1891;-122;10:54:56.102277
1769;1887;-118;10:54:56.102277
1769;1875;-106;10:54:56.102277
1771;1872;-101;10:54:56.102277
1765;1867;-102;10:54:56.102277
1757;1864;-107;10:54:56.102277
1759;1864;-105;10:54:56.102277
1756;1861;-105;10:54:56.102277
1754;1857;-103;10:54:56.102277
1753;1862;-109;10:54:56.102277
1748;1858;-110;10:54:56.102277
1742;1855;-113;10:54:56.102277
1739;1852;-113;10:54:56.102277
1742;1854;-112;10:54:56.102277
1742;1858;-116;10:54:56.102277
1743;1858;-115;10:54:56.102277
1744;1860;-116;10:54:56.102277
1743;1857;-114;10:54:56.102277
1744;1852;-108;10:54:56.102277
1740;1851;-111;10:54:56.102277
1741;1849;-108;10:54:56.102277
1740;1849;-109;10:54:56.102277
1738;1846;-108;10:54:56.102277
1737;1846;-109;10:54:56.102277
1733;1848;-115;10:54:56.102277
1734;1850;-116;10:54:56.102277
1732;1850;-118;10:54:56.102277
1732;1850;-118;10:54:56.102277
1735;1842;-107;10:54:56.102277
1737;1844;-107;10:54:56.102277
1736;1852;-116;10:54:56.102277
1738;1853;-115;10:54:56.102277
1739;1856;-117;10:54:56.102277
1746;1858;-112;10:54:56.102277
1747;1859;-112;10:54:56.102277
1748;1864;-116;10:54:56.102277
1754;1868;-114;10:54:56.102277
1759;1871;-112;10:54:56.102277
1767;1875;-108;10:54:56.102277
1770;1879;-109;10:54:56.102277
1767;1879;-112;10:54:56.102277
1767;1879;-112;10:54:56.102277
1770;1880;-110;10:54:56.102277
1771;1876;-105;10:54:56.102277
1769;1876;-107;10:54:56.102277
1769;1875;-106;10:54:56.102277
1766;1869;-103;10:54:56.102277
1768;1870;-102;10:54:56.102277
1768;1872;-104;10:54:56.102277
1767;1875;-108;10:54:56.102277
1761;1877;-116;10:54:56.102277
1756;1879;-123;10:54:56.102277
1758;1872;-114;10:54:56.102277
1760;1871;-111;10:54:56.102277
1764;1872;-108;10:54:56.102277
1763;1870;-107;10:54:56.102277
1762;1875;-113;10:54:56.102277
1764;1876;-112;10:54:56.102277
1768;1874;-106;10:54:56.102277
1764;1872;-108;10:54:56.102277
1762;1872;-110;10:54:56.102277
1762;1874;-112;10:54:56.102277
1760;1879;-119;10:54:56.102277
1764;1885;-121;10:54:56.102277
1773;1886;-113;10:54:56.102277
1775;1886;-111;10:54:56.102277
1775;1890;-115;10:54:56.102277
1775;1888;-113;10:54:56.102277
1772;1887;-115;10:54:56.102277
1774;1886;-112;10:54:56.102277
1777;1884;-107;10:54:56.102277
1771;1883;-112;10:54:56.102277
1769;1883;-114;10:54:56.102277
1771;1879;-108;10:54:56.102277
1774;1877;-103;10:54:56.102277
1774;1875;-101;10:54:56.102277
1768;1875;-107;10:54:56.102277
1764;1876;-112;10:54:56.102277
1763;1877;-114;10:54:56.102277
1761;1879;-118;10:54:56.102277
1761;1874;-113;10:54:56.102277
1766;1877;-111;10:54:56.102277
1769;1878;-109;10:54:56.102277
1763;1871;-108;10:54:56.102277
1760;1872;-112;10:54:56.102277
1763;1871;-108;10:54:56.102277
1762;1869;-107;10:54:56.102277
1760;1868;-108;10:54:56.102277
1761;1871;-110;10:54:56.102277
1759;1871;-112;10:54:56.102277
1756;1868;-112;10:54:56.102277
1762;1873;-111;10:54:56.102277
1763;1875;-112;10:54:56.102277
1761;1874;-113;10:54:56.102277
1761;1875;-114;10:54:56.102277
1765;1876;-111;10:54:56.102277
1767;1876;-109;10:54:56.102277
1765;1879;-114;10:54:56.102277
1765;1884;-119;10:54:56.102277
1764;1883;-119;10:54:56.102277
1769;1881;-112;10:54:56.102277
1771;1879;-108;10:54:56.102277
1769;1877;-108;10:54:56.102277
1769;1879;-110;10:54:56.102277
1767;1878;-111;10:54:56.102277
1763;1874;-111;10:54:56.102277
1764;1871;-107;10:54:56.102277
1761;1870;-109;10:54:56.102277
1761;1873;-112;10:54:56.102277
1764;1871;-107;10:54:56.102277
1764;1869;-105;10:54:56.102277
1763;1871;-108;10:54:56.102277
1759;1874;-115;10:54:56.102277
1757;1876;-119;10:54:56.102277
1754;1872;-118;10:54:56.102277
1751;1873;-122;10:54:56.102277
1754;1872;-118;10:54:56.102277
1759;1870;-111;10:54:56.102277
1757;1867;-110;10:54:56.102277
1755;1865;-110;10:54:56.102277
1756;1865;-109;10:54:56.102277
1757;1862;-105;10:54:56.102277
1758;1863;-105;10:54:56.102277
1751;1863;-112;10:54:56.102277
1750;1862;-112;10:54:56.102277
1744;1858;-114;10:54:56.102277
1739;1852;-113;10:54:56.102277
1738;1850;-112;10:54:56.102277
1736;1851;-115;10:54:56.102277
1734;1853;-119;10:54:56.102277
1734;1849;-115;10:54:56.102277
1739;1850;-111;10:54:56.102277
1742;1852;-110;10:54:56.102277
1746;1854;-108;10:54:56.102277
1746;1857;-111;10:54:56.102277
1742;1861;-119;10:54:56.102277
1745;1861;-116;10:54:56.102277
1746;1857;-111;10:54:56.102277
1744;1854;-110;10:54:56.102277
1743;1858;-115;10:54:56.102277
1743;1863;-120;10:54:56.102277
1746;1864;-118;10:54:56.102277
1749;1863;-114;10:54:56.102277
1750;1859;-109;10:54:56.102277
1750;1855;-105;10:54:56.102277
1751;1857;-106;10:54:56.102277
1753;1857;-104;10:54:56.102277
1757;1863;-106;10:54:56.102277
1760;1865;-105;10:54:56.102277
1763;1870;-107;10:54:56.102277
1768;1873;-105;10:54:56.102277
1767;1873;-106;10:54:56.102277
1763;1874;-111;10:54:56.102277
1766;1874;-108;10:54:56.102277
1765;1870;-105;10:54:56.102277
1763;1868;-105;10:54:56.102277
1763;1867;-104;10:54:56.102277
1763;1872;-109;10:54:56.102277
1763;1871;-108;10:54:56.102277
1763;1871;-108;10:54:56.102277
1766;1870;-104;10:54:56.102277
1768;1870;-102;10:54:56.102277
1762;1869;-107;10:54:56.102277
1761;1874;-113;10:54:56.102277
1761;1878;-117;10:54:56.102277
1767;1883;-116;10:54:56.102277
1770;1885;-115;10:54:56.102277
1773;1887;-114;10:54:56.102277
1773;1884;-111;10:54:56.102277
1774;1876;-102;10:54:56.102277
1771;1875;-104;10:54:56.102277
1767;1877;-110;10:54:56.102277
1768;1876;-108;10:54:56.102277
1770;1878;-108;10:54:56.102277
1768;1878;-110;10:54:56.102277
1762;1871;-109;10:54:56.102277
1757;1868;-111;10:54:56.102277
1759;1872;-113;10:54:56.102277
1761;1866;-105;10:54:56.102277
1761;1864;-103;10:54:56.102277
1760;1868;-108;10:54:56.102277
1758;1868;-110;10:54:56.102277
1756;1868;-112;10:54:56.102277
1749;1868;-119;10:54:56.102277
1747;1871;-124;10:54:56.102277
1753;1869;-116;10:54:56.102277
1752;1866;-114;10:54:56.102277
1748;1860;-112;10:54:56.102277
1746;1858;-112;10:54:56.102277
1746;1854;-108;10:54:56.102277
1746;1858;-112;10:54:56.102277
1745;1857;-112;10:54:56.102277
1751;1861;-110;10:54:56.102277
1751;1862;-111;10:54:56.102277
1750;1867;-117;10:54:56.102277
1753;1863;-110;10:54:56.102277
1759;1863;-104;10:54:56.102277
1758;1866;-108;10:54:56.102277
1754;1871;-117;10:54:56.102277
1751;1868;-117;10:54:56.102277
1751;1868;-117;10:54:56.102277
1751;1869;-118;10:54:56.102277
1757;1868;-111;10:54:56.102277
1765;1867;-102;10:54:56.102277
1763;1872;-109;10:54:56.102277
1757;1878;-121;10:54:56.102277
1759;1878;-119;10:54:56.102277
1757;1876;-119;10:54:56.102277
1759;1877;-118;10:54:56.102277
1768;1879;-111;10:54:56.102277
1767;1881;-114;10:54:56.102277
1765;1882;-117;10:54:56.102277
1771;1885;-114;10:54:56.102277
1773;1885;-112;10:54:56.102277
1775;1882;-107;10:54:56.102277
1778;1885;-107;10:54:56.102277
1775;1880;-105;10:54:56.102277
1771;1882;-111;10:54:56.102277
1769;1883;-114;10:54:56.102277
1767;1886;-119;10:54:56.102277
1768;1883;-115;10:54:56.102277
1768;1881;-113;10:54:56.102277
1763;1873;-110;10:54:56.102277
1760;1875;-115;10:54:56.102277
1761;1869;-108;10:54:56.103274
1761;1867;-106;10:54:56.103274
1758;1866;-108;10:54:56.103274
1750;1864;-114;10:54:56.103274
1746;1861;-115;10:54:56.103274
1742;1856;-114;10:54:56.103274
1738;1853;-115;10:54:56.103274
1742;1852;-110;10:54:56.103274
1738;1849;-111;10:54:56.103274
1739;1845;-106;10:54:56.103274
1737;1845;-108;10:54:56.103274
1737;1848;-111;10:54:56.103274
1735;1851;-116;10:54:56.103274
1728;1853;-125;10:54:56.103274
1732;1856;-124;10:54:56.103274
1733;1856;-123;10:54:56.103274
1734;1856;-122;10:54:56.103274
1737;1858;-121;10:54:56.103274
1741;1858;-117;10:54:56.103274
1747;1859;-112;10:54:56.103274
1746;1856;-110;10:54:56.103274
1747;1857;-110;10:54:56.103274
1747;1857;-110;10:54:56.103274
1742;1862;-120;10:54:56.103274
1746;1860;-114;10:54:56.103274
1749;1859;-110;10:54:56.103274
1748;1857;-109;10:54:56.103274
1749;1860;-111;10:54:56.103274
1752;1864;-112;10:54:56.103274
1751;1860;-109;10:54:56.103274
1754;1864;-110;10:54:56.103274
1759;1872;-113;10:54:56.103274
1756;1869;-113;10:54:56.103274
1756;1865;-109;10:54:56.103274
1756;1866;-110;10:54:56.103274
1758;1868;-110;10:54:56.103274
1761;1871;-110;10:54:56.103274
1760;1876;-116;10:54:56.103274
1758;1874;-116;10:54:56.103274
1759;1868;-109;10:54:56.103274
1761;1870;-109;10:54:56.103274
1763;1876;-113;10:54:56.103274
1765;1875;-110;10:54:56.103274
1763;1877;-114;10:54:56.103274
1761;1882;-121;10:54:56.103274
1764;1882;-118;10:54:56.103274
1771;1879;-108;10:54:56.103274
1771;1876;-105;10:54:56.103274
1774;1883;-109;10:54:56.103274
1771;1881;-110;10:54:56.103274
1767;1880;-113;10:54:56.103274
1767;1882;-115;10:54:56.103274
1772;1884;-112;10:54:56.103274
1771;1880;-109;10:54:56.103274
1768;1879;-111;10:54:56.103274
1768;1883;-115;10:54:56.103274
1765;1883;-118;10:54:56.103274
1764;1881;-117;10:54:56.103274
1765;1883;-118;10:54:56.103274
1767;1881;-114;10:54:56.103274
1766;1884;-118;10:54:56.103274
1765;1880;-115;10:54:56.103274
1765;1879;-114;10:54:56.103274
1767;1881;-114;10:54:56.103274
1770;1879;-109;10:54:56.103274
1768;1877;-109;10:54:56.103274
1768;1881;-113;10:54:56.103274
1775;1884;-109;10:54:56.103274
1775;1883;-108;10:54:56.103274
1774;1879;-105;10:54:56.103274
1776;1884;-108;10:54:56.103274
1770;1884;-114;10:54:56.103274
1769;1879;-110;10:54:56.103274
1768;1881;-113;10:54:56.103274
1771;1879;-108;10:54:56.103274
1772;1880;-108;10:54:56.103274
1768;1879;-111;10:54:56.103274
1769;1880;-111;10:54:56.103274
1770;1882;-112;10:54:56.103274
1770;1883;-113;10:54:56.103274
1771;1886;-115;10:54:56.103274
1772;1886;-114;10:54:56.103274
1773;1883;-110;10:54:56.103274
1772;1888;-116;10:54:56.103274
1770;1885;-115;10:54:56.103274
1773;1887;-114;10:54:56.103274
1774;1886;-112;10:54:56.103274
1775;1887;-112;10:54:56.103274
1774;1880;-106;10:54:56.103274
1771;1883;-112;10:54:56.103274
1770;1885;-115;10:54:56.103274
1771;1879;-108;10:54:56.103274
1774;1878;-104;10:54:56.103274
1779;1882;-103;10:54:56.103274
1782;1886;-104;10:54:56.103274
1781;1888;-107;10:54:56.103274
1780;1889;-109;10:54:56.103274
1779;1887;-108;10:54:56.103274
1780;1889;-109;10:54:56.103274
1779;1893;-114;10:54:56.103274
1775;1884;-109;10:54:56.103274
1771;1885;-114;10:54:56.103274
1771;1889;-118;10:54:56.103274
1772;1888;-116;10:54:56.103274
1775;1887;-112;10:54:56.103274
1774;1882;-108;10:54:56.103274
1774;1876;-102;10:54:56.103274
1766;1876;-110;10:54:56.103274
1761;1876;-115;10:54:56.103274
1766;1876;-110;10:54:56.103274
1766;1873;-107;10:54:56.103274
1766;1869;-103;10:54:56.103274
1765;1874;-109;10:54:56.103274
1766;1871;-105;10:54:56.103274
1762;1873;-111;10:54:56.103274
1761;1877;-116;10:54:56.103274
1762;1879;-117;10:54:56.103274
1761;1879;-118;10:54:56.103274
1765;1881;-116;10:54:56.103274
1766;1879;-113;10:54:56.103274
1757;1873;-116;10:54:56.103274
1752;1873;-121;10:54:56.103274
1757;1869;-112;10:54:56.103274
1761;1864;-103;10:54:56.103274
1754;1857;-103;10:54:56.103274
1750;1859;-109;10:54:56.103274
1750;1857;-107;10:54:56.103274
1750;1857;-107;10:54:56.103274
1746;1857;-111;10:54:56.103274
1745;1859;-114;10:54:56.103274
1744;1859;-115;10:54:56.103274
1739;1855;-116;10:54:56.103274
1738;1852;-114;10:54:56.103274
1742;1857;-115;10:54:56.103274
1741;1860;-119;10:54:56.103274
1740;1860;-120;10:54:56.103274
1739;1859;-120;10:54:56.103274
1736;1855;-119;10:54:56.103274
1738;1853;-115;10:54:56.103274
1732;1849;-117;10:54:56.103274
1735;1849;-114;10:54:56.103274
1742;1853;-111;10:54:56.103274
1746;1849;-103;10:54:56.103274
1751;1853;-102;10:54:56.103274
1748;1854;-106;10:54:56.103274
1749;1855;-106;10:54:56.103274
1749;1866;-117;10:54:56.103274
1754;1866;-112;10:54:56.103274
1756;1868;-112;10:54:56.103274
1756;1865;-109;10:54:56.103274
1758;1865;-107;10:54:56.103274
1762;1867;-105;10:54:56.103274
1765;1865;-100;10:54:56.103274
1765;1867;-102;10:54:56.103274
1767;1870;-103;10:54:56.103274
1769;1871;-102;10:54:56.103274
1763;1871;-108;10:54:56.103274
1763;1872;-109;10:54:56.103274
1766;1878;-112;10:54:56.103274
1768;1881;-113;10:54:56.103274
1767;1880;-113;10:54:56.103274
1772;1884;-112;10:54:56.103274
1778;1881;-103;10:54:56.103274
1777;1890;-113;10:54:56.103274
1778;1894;-116;10:54:56.103274
1778;1896;-118;10:54:56.103274
1784;1896;-112;10:54:56.103274
1787;1892;-105;10:54:56.103274
1784;1888;-104;10:54:56.103274
1780;1885;-105;10:54:56.103274
1774;1886;-112;10:54:56.103274
1769;1882;-113;10:54:56.103274
1772;1877;-105;10:54:56.103274
1767;1876;-109;10:54:56.103274
1765;1868;-103;10:54:56.103274
1763;1868;-105;10:54:56.103274
1759;1867;-108;10:54:56.103274
1758;1866;-108;10:54:56.103274
1755;1864;-109;10:54:56.103274
1754;1864;-110;10:54:56.103274
1752;1866;-114;10:54:56.103274
1750;1866;-116;10:54:56.103274
1749;1863;-114;10:54:56.103274
1748;1870;-122;10:54:56.103274
1751;1871;-120;10:54:56.103274
1747;1866;-119;10:54:56.103274
1748;1865;-117;10:54:56.103274
1752;1867;-115;10:54:56.103274
1754;1868;-114;10:54:56.103274
1750;1862;-112;10:54:56.103274
1750;1862;-112;10:54:56.103274
1755;1859;-104;10:54:56.103274
1753;1865;-112;10:54:56.103274
1751;1866;-115;10:54:56.103274
1754;1867;-113;10:54:56.103274
1757;1871;-114;10:54:56.103274
1760;1865;-105;10:54:56.103274
1758;1866;-108;10:54:56.103274
1754;1869;-115;10:54:56.103274
1756;1872;-116;10:54:56.103274
1757;1871;-114;10:54:56.103274
1762;1871;-109;10:54:56.103274
1756;1874;-118;10:54:56.103274
1751;1870;-119;10:54:56.103274
1750;1865;-115;10:54:56.103274
1754;1867;-113;10:54:56.103274
1757;1865;-108;10:54:56.103274
1762;1866;-104;10:54:56.103274
1764;1871;-107;10:54:56.103274
1763;1872;-109;10:54:56.103274
1763;1869;-106;10:54:56.103274
1767;1873;-106;10:54:56.103274
1768;1879;-111;10:54:56.103274
1768;1881;-113;10:54:56.103274
1768;1879;-111;10:54:56.103274
1768;1878;-110;10:54:56.103274
1767;1876;-109;10:54:56.103274
1773;1879;-106;10:54:56.103274
1771;1885;-114;10:54:56.103274
1775;1887;-112;10:54:56.103274
1776;1888;-112;10:54:56.103274
1774;1888;-114;10:54:56.103274
1775;1887;-112;10:54:56.103274
1774;1880;-106;10:54:56.103274
1775;1878;-103;10:54:56.103274
1777;1879;-102;10:54:56.103274
1773;1878;-105;10:54:56.103274
1769;1874;-105;10:54:56.103274
1766;1877;-111;10:54:56.103274
1760;1878;-118;10:54:56.103274
1761;1873;-112;10:54:56.103274
1763;1872;-109;10:54:56.103274
1761;1866;-105;10:54:56.103274
1754;1864;-110;10:54:56.103274
1752;1864;-112;10:54:56.103274
1747;1863;-116;10:54:56.103274
1743;1863;-120;10:54:56.103274
1743;1865;-122;10:54:56.103274
1746;1862;-116;10:54:56.103274
1747;1854;-107;10:54:56.103274
1749;1857;-108;10:54:56.103274
1745;1862;-117;10:54:56.103274
1738;1858;-120;10:54:56.103274
1734;1858;-124;10:54:56.103274
1740;1860;-120;10:54:56.103274
1743;1861;-118;10:54:56.103274
1745;1859;-114;10:54:56.103274
1741;1857;-116;10:54:56.103274
1741;1858;-117;10:54:56.103274
1741;1854;-113;10:54:56.103274
1744;1851;-107;10:54:56.103274
1742;1856;-114;10:54:56.103274
1745;1862;-117;10:54:56.103274
1749;1867;-118;10:54:56.103274
1754;1865;-111;10:54:56.103274
1755;1873;-118;10:54:56.103274
1759;1874;-115;10:54:56.103274
1758;1871;-113;10:54:56.103274
1758;1871;-113;10:54:56.103274
1762;1879;-117;10:54:56.103274
1762;1884;-122;10:54:56.103274
1761;1883;-122;10:54:56.103274
1766;1885;-119;10:54:56.103274
1772;1882;-110;10:54:56.103274
1772;1883;-111;10:54:56.103274
1775;1880;-105;10:54:56.103274
1776;1886;-110;10:54:56.103274
1776;1886;-110;10:54:56.103274
1781;1884;-103;10:54:56.103274
1780;1888;-108;10:54:56.103274
1778;1885;-107;10:54:56.103274
1771;1886;-115;10:54:56.103274
1777;1889;-112;10:54:56.103274
1782;1884;-102;10:54:56.103274
1779;1880;-101;10:54:56.103274
1779;1880;-101;10:54:56.103274
1779;1882;-103;10:54:56.103274
1778;1890;-112;10:54:56.103274
1783;1891;-108;10:54:56.103274
1781;1891;-110;10:54:56.103274
1785;1896;-111;10:54:56.103274
1789;1902;-113;10:54:56.103274
1791;1902;-111;10:54:56.103274
1786;1899;-113;10:54:56.103274
1787;1895;-108;10:54:56.103274
1783;1890;-107;10:54:56.103274
1776;1891;-115;10:54:56.103274
1776;1886;-110;10:54:56.103274
1772;1879;-107;10:54:56.103274
1768;1872;-104;10:54:56.103274
1762;1868;-106;10:54:56.103274
1753;1865;-112;10:54:56.103274
1754;1865;-111;10:54:56.103274
1758;1863;-105;10:54:56.103274
1756;1861;-105;10:54:56.103274
1756;1860;-104;10:54:56.103274
1756;1859;-103;10:54:56.103274
1754;1863;-109;10:54:56.103274
1751;1863;-112;10:54:56.103274
1747;1862;-115;10:54:56.103274
1748;1860;-112;10:54:56.103274
1747;1858;-111;10:54:56.103274
1745;1857;-112;10:54:56.103274
1741;1859;-118;10:54:56.103274
1738;1850;-112;10:54:56.103274
1740;1852;-112;10:54:56.103274
1733;1855;-122;10:54:56.103274
1731;1856;-125;10:54:56.103274
1737;1864;-127;10:54:56.103274
1742;1865;-123;10:54:56.103274
1747;1866;-119;10:54:56.103274
1750;1865;-115;10:54:56.103274
1751;1867;-116;10:54:56.103274
1751;1869;-118;10:54:56.103274
1755;1864;-109;10:54:56.103274
1761;1865;-104;10:54:56.103274
1765;1870;-105;10:54:56.103274
1758;1869;-111;10:54:56.103274
1750;1870;-120;10:54:56.103274
1751;1869;-118;10:54:56.103274
1750;1864;-114;10:54:56.103274
1748;1867;-119;10:54:56.103274
1751;1866;-115;10:54:56.103274
1752;1867;-115;10:54:56.103274
1757;1867;-110;10:54:56.103274
1758;1862;-104;10:54:56.103274
1753;1861;-108;10:54:56.103274
1753;1863;-110;10:54:56.103274
1758;1868;-110;10:54:56.103274
1761;1870;-109;10:54:56.103274
1761;1868;-107;10:54:56.103274
1764;1874;-110;10:54:56.103274
1769;1874;-105;10:54:56.103274
1762;1871;-109;10:54:56.103274
1761;1872;-111;10:54:56.103274
1760;1874;-114;10:54:56.103274
1763;1871;-108;10:54:56.103274
1762;1869;-107;10:54:56.103274
1755;1867;-112;10:54:56.103274
1755;1872;-117;10:54:56.103274
1754;1869;-115;10:54:56.103274
1751;1865;-114;10:54:56.103274
1749;1862;-113;10:54:56.103274
1745;1860;-115;10:54:56.103274
1740;1854;-114;10:54:56.103274
1741;1854;-113;10:54:56.103274
1739;1856;-117;10:54:56.103274
1739;1855;-116;10:54:56.103274
1740;1856;-116;10:54:56.103274
1742;1856;-114;10:54:56.103274
1746;1857;-111;10:54:56.103274
1747;1859;-112;10:54:56.103274
1741;1860;-119;10:54:56.103274
1739;1857;-118;10:54:56.103274
1741;1856;-115;10:54:56.103274
1739;1860;-121;10:54:56.103274
1741;1862;-121;10:54:56.103274
1746;1862;-116;10:54:56.103274
1746;1861;-115;10:54:56.103274
1747;1859;-112;10:54:56.103274
1748;1856;-108;10:54:56.103274
1750;1859;-109;10:54:56.103274
1748;1862;-114;10:54:56.103274
1750;1868;-118;10:54:56.103274
1751;1867;-116;10:54:56.103274
1754;1864;-110;10:54:56.103274
1752;1863;-111;10:54:56.103274
1752;1868;-116;10:54:56.103274
1756;1864;-108;10:54:56.103274
1756;1864;-108;10:54:56.103274
1751;1867;-116;10:54:56.103274
1756;1866;-110;10:54:56.103274
1759;1866;-107;10:54:56.103274
1762;1869;-107;10:54:56.103274
1766;1873;-107;10:54:56.103274
1767;1878;-111;10:54:56.103274
1772;1879;-107;10:54:56.103274
1778;1883;-105;10:54:56.103274
1778;1883;-105;10:54:56.103274
1780;1888;-108;10:54:56.103274
1779;1891;-112;10:54:56.103274
1782;1892;-110;10:54:56.103274
1782;1893;-111;10:54:56.103274
1784;1892;-108;10:54:56.103274
1789;1893;-104;10:54:56.103274
1786;1891;-105;10:54:56.103274
1787;1892;-105;10:54:56.103274
1792;1895;-103;10:54:56.103274
1794;1899;-105;10:54:56.103274
1794;1902;-108;10:54:56.103274
1791;1902;-111;10:54:56.103274
1791;1904;-113;10:54:56.103274
1790;1904;-114;10:54:56.103274
1792;1908;-116;10:54:56.103274
1796;1909;-113;10:54:56.103274
1801;1908;-107;10:54:56.103274
1800;1906;-106;10:54:56.103274
1798;1903;-105;10:54:56.103274
1808;1903;-95;10:54:56.103274
1805;1901;-96;10:54:56.103274
1797;1898;-101;10:54:56.103274
1795;1896;-101;10:54:56.103274
1792;1896;-104;10:54:56.103274
1787;1897;-110;10:54:56.103274
1785;1898;-113;10:54:56.103274
1787;1898;-111;10:54:56.103274
1785;1895;-110;10:54:56.103274
1779;1890;-111;10:54:56.103274
1782;1888;-106;10:54:56.103274
1779;1886;-107;10:54:56.103274
1775;1882;-107;10:54:56.103274
1769;1885;-116;10:54:56.103274
1765;1887;-122;10:54:56.103274
1770;1883;-113;10:54:56.103274
1769;1882;-113;10:54:56.103274
1767;1878;-111;10:54:56.103274
1762;1868;-106;10:54:56.103274
1760;1868;-108;10:54:56.103274
1759;1867;-108;10:54:56.103274
1755;1868;-113;10:54:56.103274
1755;1867;-112;10:54:56.103274
1754;1863;-109;10:54:56.103274
1752;1862;-110;10:54:56.103274
1752;1862;-110;10:54:56.103274
1745;1863;-118;10:54:56.103274
1746;1864;-118;10:54:56.103274
1745;1866;-121;10:54:56.103274
1746;1867;-121;10:54:56.103274
1749;1871;-122;10:54:56.103274
1758;1866;-108;10:54:56.103274
1766;1870;-104;10:54:56.103274
1770;1874;-104;10:54:56.103274
1765;1874;-109;10:54:56.103274
1766;1874;-108;10:54:56.103274
1768;1873;-105;10:54:56.103274
1766;1871;-105;10:54:56.103274
1759;1871;-112;10:54:56.103274
1755;1868;-113;10:54:56.103274
1752;1868;-116;10:54:56.103274
1747;1864;-117;10:54:56.103274
1746;1863;-117;10:54:56.103274
1743;1855;-112;10:54:56.103274
1745;1851;-106;10:54:56.103274
1739;1853;-114;10:54:56.103274
1737;1855;-118;10:54:56.103274
1737;1856;-119;10:54:56.103274
1736;1857;-121;10:54:56.103274
1741;1856;-115;10:54:56.103274
1737;1858;-121;10:54:56.103274
1735;1855;-120;10:54:56.103274
1742;1857;-115;10:54:56.103274
1745;1856;-111;10:54:56.103274
1743;1852;-109;10:54:56.103274
1742;1851;-109;10:54:56.103274
1740;1852;-112;10:54:56.103274
1739;1849;-110;10:54:56.103274
1738;1851;-113;10:54:56.103274
1737;1850;-113;10:54:56.103274
1733;1848;-115;10:54:56.103274
1729;1845;-116;10:54:56.103274
1729;1849;-120;10:54:56.103274
1735;1850;-115;10:54:56.103274
1733;1849;-116;10:54:56.103274
1735;1847;-112;10:54:56.103274
1734;1844;-110;10:54:56.103274
1734;1845;-111;10:54:56.103274
1733;1849;-116;10:54:56.103274
1735;1849;-114;10:54:56.103274
1732;1848;-116;10:54:56.103274
1726;1849;-123;10:54:56.103274
1733;1849;-116;10:54:56.103274
1732;1847;-115;10:54:56.103274
1734;1843;-109;10:54:56.103274
1738;1843;-105;10:54:56.103274
1737;1848;-111;10:54:56.103274
1738;1849;-111;10:54:56.103274
1745;1849;-104;10:54:56.103274
1751;1853;-102;10:54:56.103274
1749;1855;-106;10:54:56.103274
1751;1864;-113;10:54:56.103274
1758;1871;-113;10:54:56.103274
1761;1867;-106;10:54:56.103274
1761;1866;-105;10:54:56.103274
1763;1872;-109;10:54:56.103274
1771;1877;-106;10:54:56.103274
1771;1875;-104;10:54:56.103274
1772;1875;-103;10:54:56.103274
1776;1880;-104;10:54:56.103274
1770;1879;-109;10:54:56.103274
1765;1882;-117;10:54:56.103274
1766;1881;-115;10:54:56.103274
1767;1879;-112;10:54:56.103274
1769;1876;-107;10:54:56.103274
1777;1879;-102;10:54:56.103274
1780;1880;-100;10:54:56.103274
1779;1880;-101;10:54:56.103274
1773;1880;-107;10:54:56.103274
1772;1883;-111;10:54:56.103274
1770;1881;-111;10:54:56.103274
1772;1885;-113;10:54:56.103274
1777;1887;-110;10:54:56.103274
1774;1887;-113;10:54:56.103274
1773;1883;-110;10:54:56.103274
1776;1885;-109;10:54:56.103274
1776;1881;-105;10:54:56.103274
1782;1882;-100;10:54:56.103274
1776;1889;-113;10:54:56.103274
1773;1891;-118;10:54:56.103274
1774;1888;-114;10:54:56.103274
1777;1891;-114;10:54:56.103274
1780;1888;-108;10:54:56.103274
1778;1886;-108;10:54:56.103274
1774;1882;-108;10:54:56.103274
1771;1882;-111;10:54:56.103274
1771;1880;-109;10:54:56.103274
1767;1884;-117;10:54:56.103274
1765;1876;-111;10:54:56.103274
1763;1877;-114;10:54:56.103274
1762;1874;-112;10:54:56.103274
1763;1868;-105;10:54:56.103274
1760;1875;-115;10:54:56.103274
1761;1877;-116;10:54:56.103274
1763;1878;-115;10:54:56.103274
1761;1874;-113;10:54:56.103274
1761;1873;-112;10:54:56.103274
1762;1872;-110;10:54:56.103274
1763;1873;-110;10:54:56.103274
1768;1875;-107;10:54:56.103274
1766;1875;-109;10:54:56.103274
1764;1874;-110;10:54:56.103274
1759;1878;-119;10:54:56.103274
1760;1882;-122;10:54:56.103274
1762;1885;-123;10:54:56.103274
1757;1880;-123;10:54:56.103274
1758;1879;-121;10:54:56.103274
1762;1881;-119;10:54:56.103274
1766;1880;-114;10:54:56.103274
1770;1878;-108;10:54:56.103274
1771;1881;-110;10:54:56.103274
1770;1882;-112;10:54:56.103274
1772;1885;-113;10:54:56.103274
1771;1886;-115;10:54:56.103274
1768;1889;-121;10:54:56.103274
1773;1886;-113;10:54:56.103274
1772;1886;-114;10:54:56.103274
1771;1886;-115;10:54:56.103274
1773;1884;-111;10:54:56.103274
1779;1886;-107;10:54:56.103274
1782;1887;-105;10:54:56.103274
1779;1891;-112;10:54:56.103274
1779;1893;-114;10:54:56.103274
1771;1888;-117;10:54:56.103274
1767;1884;-117;10:54:56.103274
1769;1881;-112;10:54:56.103274
1772;1886;-114;10:54:56.103274
1772;1884;-112;10:54:56.103274
1778;1883;-105;10:54:56.103274
1773;1882;-109;10:54:56.103274
1774;1879;-105;10:54:56.103274
1776;1877;-101;10:54:56.103274
1768;1873;-105;10:54:56.103274
1761;1873;-112;10:54:56.103274
1755;1870;-115;10:54:56.103274
1748;1862;-114;10:54:56.103274
1745;1851;-106;10:54:56.103274
1743;1848;-105;10:54:56.103274
1744;1846;-102;10:54:56.103274
1735;1846;-111;10:54:56.103274
1733;1847;-114;10:54:56.103274
1737;1850;-113;10:54:56.103274
1743;1852;-109;10:54:56.103274
1741;1852;-111;10:54:56.103274
1743;1858;-115;10:54:56.103274
1746;1860;-114;10:54:56.103274
1749;1863;-114;10:54:56.103274
1747;1859;-112;10:54:56.103274
1746;1858;-112;10:54:56.103274
1745;1860;-115;10:54:56.103274
1743;1858;-115;10:54:56.103274
1742;1855;-113;10:54:56.103274
1737;1858;-121;10:54:56.103274
1737;1856;-119;10:54:56.103274
1735;1852;-117;10:54:56.103274
1741;1850;-109;10:54:56.103274
1743;1852;-109;10:54:56.103274
1741;1853;-112;10:54:56.103274
1740;1851;-111;10:54:56.103274
1745;1855;-110;10:54:56.103274
1748;1857;-109;10:54:56.103274
1750;1860;-110;10:54:56.103274
1751;1858;-107;10:54:56.103274
1755;1864;-109;10:54:56.103274
1754;1867;-113;10:54:56.103274
1755;1869;-114;10:54:56.103274
1753;1868;-115;10:54:56.103274
1752;1868;-116;10:54:56.103274
1755;1865;-110;10:54:56.103274
1755;1867;-112;10:54:56.103274
1754;1864;-110;10:54:56.103274
1753;1858;-105;10:54:56.103274
1756;1861;-105;10:54:56.103274
1757;1861;-104;10:54:56.103274
1755;1860;-105;10:54:56.103274
1754;1864;-110;10:54:56.103274
1758;1870;-112;10:54:56.103274
1760;1867;-107;10:54:56.103274
1759;1870;-111;10:54:56.103274
1764;1875;-111;10:54:56.103274
1768;1881;-113;10:54:56.103274
1768;1883;-115;10:54:56.103274
1772;1883;-111;10:54:56.103274
1775;1887;-112;10:54:56.103274
1775;1890;-115;10:54:56.103274
1777;1889;-112;10:54:56.103274
1781;1885;-104;10:54:56.103274
1775;1887;-112;10:54:56.103274
1773;1884;-111;10:54:56.103274
1772;1883;-111;10:54:56.103274
1767;1882;-115;10:54:56.103274
1768;1876;-108;10:54:56.103274
1768;1878;-110;10:54:56.103274
1765;1870;-105;10:54:56.103274
1763;1870;-107;10:54:56.103274
1760;1869;-109;10:54:56.103274
1753;1869;-116;10:54:56.103274
1752;1867;-115;10:54:56.103274
1756;1866;-110;10:54:56.103274
1755;1868;-113;10:54:56.103274
1751;1863;-112;10:54:56.103274
1751;1861;-110;10:54:56.103274
1749;1858;-109;10:54:56.103274
1745;1860;-115;10:54:56.103274
1745;1861;-116;10:54:56.103274
1743;1857;-114;10:54:56.103274
1739;1854;-115;10:54:56.103274
1733;1850;-117;10:54:56.103274
1737;1851;-114;10:54:56.103274
1742;1854;-112;10:54:56.103274
1740;1860;-120;10:54:56.103274
1743;1865;-122;10:54:56.103274
1742;1865;-123;10:54:56.103274
1746;1866;-120;10:54:56.103274
1748;1868;-120;10:54:56.103274
1747;1865;-118;10:54:56.103274
1749;1870;-121;10:54:56.103274
1747;1870;-123;10:54:56.103274
1749;1867;-118;10:54:56.103274
1747;1864;-117;10:54:56.103274
1746;1864;-118;10:54:56.103274
1749;1870;-121;10:54:56.103274
1750;1871;-121;10:54:56.103274
1748;1867;-119;10:54:56.103274
1748;1865;-117;10:54:56.103274
1752;1867;-115;10:54:56.103274
1756;1866;-110;10:54:56.103274
1762;1871;-109;10:54:56.103274
1763;1878;-115;10:54:56.103274
1761;1878;-117;10:54:56.103274
1760;1876;-116;10:54:56.103274
1759;1881;-122;10:54:56.103274
1763;1880;-117;10:54:56.103274
1762;1881;-119;10:54:56.103274
1762;1882;-120;10:54:56.103274
1759;1878;-119;10:54:56.103274
1760;1877;-117;10:54:56.103274
1762;1877;-115;10:54:56.103274
1764;1875;-111;10:54:56.103274
1761;1877;-116;10:54:56.103274
1761;1873;-112;10:54:56.103274
1765;1876;-111;10:54:56.103274
1764;1871;-107;10:54:56.103274
1761;1872;-111;10:54:56.103274
1762;1875;-113;10:54:56.103274
1761;1877;-116;10:54:56.103274
1753;1883;-130;10:54:56.103274
1758;1879;-121;10:54:56.103274
1757;1879;-122;10:54:56.103274
1755;1877;-122;10:54:56.103274
1761;1874;-113;10:54:56.103274
1762;1873;-111;10:54:56.103274
1757;1871;-114;10:54:56.103274
1754;1869;-115;10:54:56.103274
1753;1865;-112;10:54:56.103274
1751;1864;-113;10:54:56.103274
1747;1863;-116;10:54:56.103274
1746;1863;-117;10:54:56.103274
1743;1858;-115;10:54:56.103274
1744;1856;-112;10:54:56.103274
1746;1855;-109;10:54:56.103274
1748;1854;-106;10:54:56.103274
1745;1854;-109;10:54:56.103274
1746;1861;-115;10:54:56.103274
1751;1865;-114;10:54:56.103274
1754;1869;-115;10:54:56.103274
1756;1870;-114;10:54:56.103274
1758;1871;-113;10:54:56.103274
1758;1870;-112;10:54:56.103274
1755;1867;-112;10:54:56.103274
1761;1872;-111;10:54:56.103274
1762;1874;-112;10:54:56.103274
1767;1873;-106;10:54:56.103274
1765;1873;-108;10:54:56.103274
1762;1876;-114;10:54:56.103274
1759;1875;-116;10:54:56.103274
1758;1874;-116;10:54:56.103274
1760;1872;-112;10:54:56.103274
1762;1876;-114;10:54:56.103274
1763;1874;-111;10:54:56.103274
1767;1874;-107;10:54:56.103274
1771;1878;-107;10:54:56.103274
1779;1882;-103;10:54:56.103274
1774;1884;-110;10:54:56.103274
1772;1881;-109;10:54:56.103274
1772;1882;-110;10:54:56.103274
1770;1882;-112;10:54:56.103274
1773;1882;-109;10:54:56.103274
1775;1884;-109;10:54:56.103274
1773;1886;-113;10:54:56.103274
1775;1885;-110;10:54:56.103274
1774;1888;-114;10:54:56.103274
1774;1887;-113;10:54:56.103274
1772;1889;-117;10:54:56.103274
1771;1890;-119;10:54:56.103274
1773;1884;-111;10:54:56.103274
1771;1881;-110;10:54:56.103274
1772;1880;-108;10:54:56.103274
1769;1876;-107;10:54:56.103274
1763;1879;-116;10:54:56.103274
1766;1877;-111;10:54:56.103274
1768;1880;-112;10:54:56.103274
1764;1879;-115;10:54:56.103274
1763;1877;-114;10:54:56.103274
1767;1877;-110;10:54:56.103274
1766;1871;-105;10:54:56.103274
1759;1869;-110;10:54:56.103274
1755;1868;-113;10:54:56.103274
1755;1868;-113;10:54:56.103274
1756;1865;-109;10:54:56.103274
1755;1858;-103;10:54:56.103274
1753;1862;-109;10:54:56.103274
1754;1860;-106;10:54:56.103274
1754;1863;-109;10:54:56.103274
1749;1863;-114;10:54:56.103274
1746;1859;-113;10:54:56.103274
1748;1860;-112;10:54:56.103274
1748;1860;-112;10:54:56.103274
1745;1862;-117;10:54:56.103274
1741;1865;-124;10:54:56.103274
1741;1862;-121;10:54:56.103274
1743;1858;-115;10:54:56.103274
1744;1854;-110;10:54:56.103274
1743;1848;-105;10:54:56.103274
1741;1851;-110;10:54:56.103274
1738;1854;-116;10:54:56.103274
1745;1853;-108;10:54:56.103274
1749;1856;-107;10:54:56.103274
1748;1859;-111;10:54:56.103274
1751;1863;-112;10:54:56.103274
1759;1867;-108;10:54:56.103274
1761;1869;-108;10:54:56.103274
1762;1873;-111;10:54:56.103274
1765;1879;-114;10:54:56.103274
1764;1881;-117;10:54:56.103274
1766;1881;-115;10:54:56.103274
1768;1887;-119;10:54:56.103274
1771;1880;-109;10:54:56.104271
1779;1881;-102;10:54:56.104271
1782;1887;-105;10:54:56.104271
1781;1891;-110;10:54:56.104271
1780;1893;-113;10:54:56.104271
1784;1894;-110;10:54:56.104271
1788;1893;-105;10:54:56.104271
1789;1892;-103;10:54:56.104271
1785;1893;-108;10:54:56.104271
1784;1893;-109;10:54:56.104271
1782;1890;-108;10:54:56.104271
1783;1888;-105;10:54:56.104271
1788;1886;-98;10:54:56.104271
1784;1887;-103;10:54:56.104271
1779;1884;-105;10:54:56.104271
1781;1884;-103;10:54:56.104271
1778;1882;-104;10:54:56.104271
1775;1878;-103;10:54:56.104271
1772;1876;-104;10:54:56.104271
1767;1880;-113;10:54:56.104271
1767;1879;-112;10:54:56.104271
1769;1878;-109;10:54:56.104271
1766;1878;-112;10:54:56.104271
1763;1877;-114;10:54:56.104271
1766;1876;-110;10:54:56.104271
1769;1877;-108;10:54:56.104271
1767;1878;-111;10:54:56.104271
1769;1878;-109;10:54:56.104271
1766;1883;-117;10:54:56.104271
1766;1881;-115;10:54:56.104271
1768;1881;-113;10:54:56.104271
1767;1882;-115;10:54:56.104271
1766;1878;-112;10:54:56.104271
1764;1873;-109;10:54:56.104271
1760;1869;-109;10:54:56.104271
1756;1862;-106;10:54:56.104271
1751;1861;-110;10:54:56.104271
1750;1869;-119;10:54:56.104271
1750;1870;-120;10:54:56.104271
1749;1870;-121;10:54:56.104271
1745;1868;-123;10:54:56.104271
1744;1867;-123;10:54:56.104271
1743;1860;-117;10:54:56.104271
1739;1853;-114;10:54:56.104271
1738;1854;-116;10:54:56.104271
1744;1855;-111;10:54:56.104271
1748;1853;-105;10:54:56.104271
1745;1852;-107;10:54:56.104271
1741;1854;-113;10:54:56.104271
1737;1858;-121;10:54:56.104271
1739;1852;-113;10:54:56.104271
1732;1854;-122;10:54:56.104271
1729;1851;-122;10:54:56.104271
1732;1848;-116;10:54:56.104271
1732;1844;-112;10:54:56.104271
1728;1845;-117;10:54:56.104271
1727;1845;-118;10:54:56.104271
1727;1844;-117;10:54:56.104271
1726;1835;-109;10:54:56.104271
1722;1838;-116;10:54:56.104271
1718;1838;-120;10:54:56.104271
1720;1842;-122;10:54:56.104271
1723;1841;-118;10:54:56.104271
1726;1844;-118;10:54:56.104271
1730;1844;-114;10:54:56.104271
1734;1846;-112;10:54:56.104271
1730;1848;-118;10:54:56.104271
1728;1849;-121;10:54:56.104271
1729;1844;-115;10:54:56.104271
1730;1846;-116;10:54:56.104271
1733;1845;-112;10:54:56.104271
1732;1847;-115;10:54:56.104271
1733;1848;-115;10:54:56.104271
1731;1850;-119;10:54:56.104271
1733;1855;-122;10:54:56.104271
1734;1857;-123;10:54:56.104271
1735;1856;-121;10:54:56.104271
1743;1857;-114;10:54:56.104271
1745;1858;-113;10:54:56.104271
1747;1859;-112;10:54:56.104271
1750;1863;-113;10:54:56.104271
1753;1867;-114;10:54:56.104271
1756;1870;-114;10:54:56.104271
1760;1866;-106;10:54:56.104271
1757;1867;-110;10:54:56.104271
1760;1869;-109;10:54:56.104271
1760;1872;-112;10:54:56.104271
1755;1870;-115;10:54:56.104271
1758;1869;-111;10:54:56.104271
1764;1871;-107;10:54:56.104271
1767;1870;-103;10:54:56.104271
1766;1870;-104;10:54:56.104271
1768;1875;-107;10:54:56.104271
1769;1879;-110;10:54:56.104271
1772;1880;-108;10:54:56.104271
1772;1877;-105;10:54:56.104271
1767;1874;-107;10:54:56.104271
1764;1876;-112;10:54:56.104271
1761;1876;-115;10:54:56.104271
1763;1877;-114;10:54:56.104271
1768;1876;-108;10:54:56.104271
1771;1880;-109;10:54:56.104271
1774;1882;-108;10:54:56.104271
1772;1879;-107;10:54:56.104271
1771;1881;-110;10:54:56.104271
1772;1876;-104;10:54:56.104271
1770;1879;-109;10:54:56.104271
1774;1884;-110;10:54:56.104271
1773;1887;-114;10:54:56.104271
1771;1884;-113;10:54:56.104271
1772;1882;-110;10:54:56.104271
1770;1882;-112;10:54:56.104271
1768;1879;-111;10:54:56.104271
1770;1877;-107;10:54:56.104271
1768;1878;-110;10:54:56.104271
1761;1878;-117;10:54:56.104271
1763;1874;-111;10:54:56.104271
1769;1875;-106;10:54:56.104271
1772;1876;-104;10:54:56.104271
1774;1880;-106;10:54:56.104271
1777;1883;-106;10:54:56.104271
1773;1885;-112;10:54:56.104271
1772;1881;-109;10:54:56.104271
1773;1883;-110;10:54:56.104271
1778;1888;-110;10:54:56.104271
1781;1894;-113;10:54:56.104271
1783;1897;-114;10:54:56.104271
1783;1895;-112;10:54:56.104271
1787;1896;-109;10:54:56.104271
1787;1893;-106;10:54:56.104271
1783;1892;-109;10:54:56.104271
1780;1894;-114;10:54:56.104271
1777;1895;-118;10:54:56.104271
1777;1891;-114;10:54:56.104271
1777;1891;-114;10:54:56.104271
1777;1890;-113;10:54:56.104271
1776;1887;-111;10:54:56.104271
1779;1883;-104;10:54:56.104271
1772;1881;-109;10:54:56.104271
1770;1874;-104;10:54:56.104271
1768;1873;-105;10:54:56.104271
1767;1874;-107;10:54:56.104271
1765;1875;-110;10:54:56.104271
1765;1875;-110;10:54:56.104271
1764;1874;-110;10:54:56.104271
1763;1872;-109;10:54:56.104271
1765;1869;-104;10:54:56.104271
1765;1870;-105;10:54:56.104271
1762;1874;-112;10:54:56.104271
1761;1877;-116;10:54:56.104271
1762;1879;-117;10:54:56.104271
1763;1882;-119;10:54:56.104271
1763;1879;-116;10:54:56.104271
1769;1884;-115;10:54:56.104271
1769;1887;-118;10:54:56.104271
1770;1882;-112;10:54:56.104271
1774;1886;-112;10:54:56.104271
1778;1889;-111;10:54:56.104271
1774;1887;-113;10:54:56.104271
1773;1891;-118;10:54:56.104271
1775;1890;-115;10:54:56.104271
1778;1887;-109;10:54:56.104271
1780;1886;-106;10:54:56.104271
1775;1889;-114;10:54:56.104271
1777;1892;-115;10:54:56.104271
1780;1890;-110;10:54:56.104271
1781;1886;-105;10:54:56.104271
1782;1884;-102;10:54:56.104271
1774;1882;-108;10:54:56.104271
1770;1879;-109;10:54:56.104271
1769;1877;-108;10:54:56.104271
1765;1870;-105;10:54:56.104271
1761;1862;-101;10:54:56.104271
1760;1865;-105;10:54:56.104271
1757;1860;-103;10:54:56.104271
1751;1859;-108;10:54:56.104271
1748;1862;-114;10:54:56.104271
1745;1863;-118;10:54:56.104271
1747;1860;-113;10:54:56.104271
1749;1858;-109;10:54:56.104271
1750;1859;-109;10:54:56.104271
1752;1863;-111;10:54:56.104271
1751;1863;-112;10:54:56.104271
1751;1864;-113;10:54:56.104271
1751;1864;-113;10:54:56.104271
1752;1861;-109;10:54:56.104271
1750;1855;-105;10:54:56.104271
1746;1854;-108;10:54:56.104271
1746;1854;-108;10:54:56.104271
1750;1853;-103;10:54:56.104271
1750;1855;-105;10:54:56.104271
1750;1857;-107;10:54:56.104271
1749;1861;-112;10:54:56.104271
1747;1865;-118;10:54:56.104271
1747;1865;-118;10:54:56.104271
1755;1866;-111;10:54:56.104271
1759;1871;-112;10:54:56.104271
1759;1871;-112;10:54:56.104271
1762;1874;-112;10:54:56.104271
1761;1875;-114;10:54:56.104271
1761;1872;-111;10:54:56.104271
1762;1871;-109;10:54:56.104271
1760;1869;-109;10:54:56.104271
1758;1866;-108;10:54:56.104271
1757;1864;-107;10:54:56.104271
1753;1862;-109;10:54:56.104271
1749;1862;-113;10:54:56.104271
1748;1860;-112;10:54:56.104271
1749;1860;-111;10:54:56.104271
1747;1858;-111;10:54:56.104271
1748;1854;-106;10:54:56.104271
1752;1859;-107;10:54:56.104271
1755;1862;-107;10:54:56.104271
1756;1863;-107;10:54:56.104271
1754;1864;-110;10:54:56.104271
1755;1862;-107;10:54:56.104271
1757;1864;-107;10:54:56.104271
1758;1863;-105;10:54:56.104271
1754;1864;-110;10:54:56.104271
1755;1865;-110;10:54:56.104271
1754;1866;-112;10:54:56.104271
1753;1866;-113;10:54:56.104271
1752;1862;-110;10:54:56.104271
1749;1862;-113;10:54:56.104271
1746;1861;-115;10:54:56.104271
1744;1856;-112;10:54:56.104271
1741;1854;-113;10:54:56.104271
1739;1853;-114;10:54:56.104271
1740;1857;-117;10:54:56.104271
1742;1855;-113;10:54:56.104271
1743;1854;-111;10:54:56.104271
1743;1855;-112;10:54:56.104271
1745;1853;-108;10:54:56.104271
1744;1856;-112;10:54:56.104271
1749;1860;-111;10:54:56.104271
1754;1868;-114;10:54:56.104271
1752;1871;-119;10:54:56.104271
1753;1871;-118;10:54:56.104271
1759;1872;-113;10:54:56.104271
1759;1872;-113;10:54:56.104271
1755;1872;-117;10:54:56.104271
1758;1871;-113;10:54:56.104271
1758;1864;-106;10:54:56.104271
1755;1860;-105;10:54:56.104271
1752;1862;-110;10:54:56.104271
1753;1866;-113;10:54:56.104271
1751;1865;-114;10:54:56.104271
1751;1863;-112;10:54:56.104271
1749;1860;-111;10:54:56.104271
1747;1855;-108;10:54:56.104271
1745;1851;-106;10:54:56.104271
1744;1853;-109;10:54:56.104271
1744;1855;-111;10:54:56.104271
1741;1859;-118;10:54:56.104271
1744;1859;-115;10:54:56.104271
1743;1861;-118;10:54:56.104271
1738;1861;-123;10:54:56.104271
1740;1860;-120;10:54:56.104271
1739;1857;-118;10:54:56.104271
1738;1855;-117;10:54:56.104271
1743;1850;-107;10:54:56.104271
1739;1850;-111;10:54:56.104271
1735;1848;-113;10:54:56.104271
1739;1846;-107;10:54:56.104271
1738;1847;-109;10:54:56.104271
1738;1851;-113;10:54:56.104271
1745;1854;-109;10:54:56.104271
1748;1857;-109;10:54:56.104271
1747;1859;-112;10:54:56.104271
1745;1857;-112;10:54:56.104271
1746;1861;-115;10:54:56.104271
1750;1861;-111;10:54:56.104271
1755;1863;-108;10:54:56.104271
1756;1861;-105;10:54:56.104271
1759;1864;-105;10:54:56.104271
1759;1864;-105;10:54:56.104271
1759;1869;-110;10:54:56.104271
1756;1871;-115;10:54:56.104271
1756;1871;-115;10:54:56.104271
1754;1869;-115;10:54:56.104271
1756;1871;-115;10:54:56.104271
1752;1870;-118;10:54:56.104271
1747;1868;-121;10:54:56.104271
1752;1867;-115;10:54:56.104271
1756;1865;-109;10:54:56.104271
1753;1865;-112;10:54:56.104271
1753;1863;-110;10:54:56.104271
1754;1862;-108;10:54:56.104271
1754;1862;-108;10:54:56.104271
1755;1862;-107;10:54:56.104271
1756;1864;-108;10:54:56.104271
1754;1867;-113;10:54:56.104271
1756;1864;-108;10:54:56.104271
1759;1868;-109;10:54:56.104271
1760;1869;-109;10:54:56.104271
1761;1866;-105;10:54:56.104271
1762;1868;-106;10:54:56.104271
1764;1874;-110;10:54:56.104271
1767;1877;-110;10:54:56.104271
1768;1880;-112;10:54:56.104271
1769;1884;-115;10:54:56.104271
1772;1885;-113;10:54:56.104271
1780;1889;-109;10:54:56.104271
1783;1893;-110;10:54:56.104271
1784;1894;-110;10:54:56.104271
1783;1893;-110;10:54:56.104271
1787;1894;-107;10:54:56.104271
1792;1895;-103;10:54:56.104271
1791;1896;-105;10:54:56.104271
1789;1899;-110;10:54:56.104271
1785;1900;-115;10:54:56.104271
1783;1899;-116;10:54:56.104271
1785;1892;-107;10:54:56.104271
1784;1890;-106;10:54:56.104271
1781;1887;-106;10:54:56.104271
1782;1886;-104;10:54:56.104271
1780;1886;-106;10:54:56.104271
1774;1883;-109;10:54:56.104271
1771;1880;-109;10:54:56.104271
1768;1876;-108;10:54:56.104271
1762;1872;-110;10:54:56.104271
1759;1869;-110;10:54:56.104271
1759;1872;-113;10:54:56.104271
1760;1870;-110;10:54:56.104271
1759;1866;-107;10:54:56.104271
1759;1864;-105;10:54:56.104271
1759;1866;-107;10:54:56.104271
1760;1868;-108;10:54:56.104271
1757;1866;-109;10:54:56.104271
1754;1868;-114;10:54:56.104271
1756;1869;-113;10:54:56.104271
1757;1869;-112;10:54:56.104271
1759;1871;-112;10:54:56.104271
1757;1872;-115;10:54:56.104271
1755;1873;-118;10:54:56.104271
1755;1876;-121;10:54:56.104271
1758;1877;-119;10:54:56.104271
1760;1881;-121;10:54:56.104271
1763;1881;-118;10:54:56.104271
1764;1880;-116;10:54:56.104271
1763;1881;-118;10:54:56.104271
1760;1880;-120;10:54:56.104271
1763;1879;-116;10:54:56.104271
1763;1877;-114;10:54:56.104271
1761;1874;-113;10:54:56.104271
1760;1873;-113;10:54:56.104271
1753;1872;-119;10:54:56.104271
1753;1870;-117;10:54:56.104271
1754;1868;-114;10:54:56.104271
1753;1867;-114;10:54:56.104271
1753;1863;-110;10:54:56.104271
1751;1862;-111;10:54:56.104271
1750;1860;-110;10:54:56.104271
1748;1860;-112;10:54:56.104271
1748;1860;-112;10:54:56.104271
1746;1863;-117;10:54:56.104271
1746;1863;-117;10:54:56.104271
1747;1865;-118;10:54:56.104271
1751;1863;-112;10:54:56.104271
1755;1864;-109;10:54:56.104271
1751;1865;-114;10:54:56.104271
1751;1865;-114;10:54:56.104271
1753;1869;-116;10:54:56.104271
1755;1870;-115;10:54:56.104271
1758;1870;-112;10:54:56.104271
1760;1873;-113;10:54:56.104271
1759;1875;-116;10:54:56.104271
1756;1878;-122;10:54:56.104271
1758;1874;-116;10:54:56.104271
1762;1873;-111;10:54:56.104271
1762;1872;-110;10:54:56.104271
1756;1871;-115;10:54:56.104271
1751;1872;-121;10:54:56.104271
1753;1873;-120;10:54:56.104271
1755;1870;-115;10:54:56.104271
1753;1867;-114;10:54:56.104271
1754;1865;-111;10:54:56.104271
1752;1863;-111;10:54:56.104271
1750;1859;-109;10:54:56.104271
1743;1857;-114;10:54:56.104271
1738;1856;-118;10:54:56.104271
1737;1856;-119;10:54:56.104271
1739;1856;-117;10:54:56.104271
1742;1854;-112;10:54:56.104271
1740;1850;-110;10:54:56.104271
1745;1851;-106;10:54:56.104271
1744;1850;-106;10:54:56.104271
1738;1849;-111;10:54:56.104271
1734;1849;-115;10:54:56.104271
1735;1853;-118;10:54:56.104271
1735;1851;-116;10:54:56.104271
1734;1852;-118;10:54:56.104271
1738;1853;-115;10:54:56.104271
1734;1854;-120;10:54:56.104271
1738;1852;-114;10:54:56.104271
1740;1853;-113;10:54:56.104271
1739;1848;-109;10:54:56.104271
1737;1847;-110;10:54:56.104271
1737;1850;-113;10:54:56.104271
1739;1853;-114;10:54:56.104271
1740;1854;-114;10:54:56.104271
1738;1856;-118;10:54:56.104271
1737;1857;-120;10:54:56.104271
1736;1857;-121;10:54:56.104271
1735;1858;-123;10:54:56.104271
1738;1858;-120;10:54:56.104271
1742;1856;-114;10:54:56.104271
1749;1855;-106;10:54:56.104271
1751;1860;-109;10:54:56.104271
1747;1863;-116;10:54:56.104271
1749;1865;-116;10:54:56.104271
1750;1867;-117;10:54:56.104271
1752;1869;-117;10:54:56.104271
1755;1864;-109;10:54:56.104271
1757;1866;-109;10:54:56.104271
1758;1870;-112;10:54:56.104271
1756;1872;-116;10:54:56.104271
1759;1872;-113;10:54:56.104271
1763;1876;-113;10:54:56.104271
1761;1879;-118;10:54:56.104271
1763;1879;-116;10:54:56.104271
1764;1879;-115;10:54:56.104271
1763;1875;-112;10:54:56.104271
1764;1876;-112;10:54:56.104271
1769;1878;-109;10:54:56.104271
1775;1881;-106;10:54:56.104271
1773;1880;-107;10:54:56.104271
1768;1881;-113;10:54:56.104271
1769;1882;-113;10:54:56.104271
1770;1879;-109;10:54:56.104271
1768;1881;-113;10:54:56.104271
1766;1879;-113;10:54:56.104271
1765;1875;-110;10:54:56.104271
1763;1873;-110;10:54:56.104271
1758;1875;-117;10:54:56.104271
1760;1878;-118;10:54:56.104271
1761;1879;-118;10:54:56.104271
1764;1878;-114;10:54:56.104271
1765;1881;-116;10:54:56.104271
1765;1881;-116;10:54:56.104271
1767;1880;-113;10:54:56.104271
1766;1881;-115;10:54:56.104271
1764;1881;-117;10:54:56.104271
1764;1878;-114;10:54:56.104271
1764;1880;-116;10:54:56.104271
1767;1883;-116;10:54:56.104271
1770;1885;-115;10:54:56.104271
1773;1882;-109;10:54:56.104271
1774;1882;-108;10:54:56.104271
1775;1881;-106;10:54:56.104271
1772;1883;-111;10:54:56.104271
1773;1885;-112;10:54:56.104271
1772;1887;-115;10:54:56.104271
1770;1883;-113;10:54:56.104271
1771;1884;-113;10:54:56.104271
1771;1888;-117;10:54:56.104271
1773;1890;-117;10:54:56.104271
1775;1891;-116;10:54:56.104271
1776;1889;-113;10:54:56.104271
1777;1887;-110;10:54:56.104271
1775;1887;-112;10:54:56.104271
1776;1887;-111;10:54:56.104271
1774;1884;-110;10:54:56.104271
1769;1882;-113;10:54:56.104271
1766;1882;-116;10:54:56.104271
1757;1878;-121;10:54:56.104271
1757;1872;-115;10:54:56.104271
1757;1869;-112;10:54:56.104271
1752;1863;-111;10:54:56.104271
1750;1862;-112;10:54:56.104271
1749;1860;-111;10:54:56.104271
1750;1860;-110;10:54:56.104271
1746;1858;-112;10:54:56.104271
1745;1859;-114;10:54:56.104271
1745;1857;-112;10:54:56.104271
1747;1857;-110;10:54:56.104271
1746;1859;-113;10:54:56.104271
1748;1857;-109;10:54:56.104271
1747;1857;-110;10:54:56.104271
1743;1858;-115;10:54:56.104271
1746;1859;-113;10:54:56.104271
1748;1859;-111;10:54:56.104271
1749;1859;-110;10:54:56.104271
1754;1860;-106;10:54:56.104271
1749;1863;-114;10:54:56.104271
1747;1863;-116;10:54:56.104271
1750;1862;-112;10:54:56.104271
1753;1863;-110;10:54:56.104271
1755;1863;-108;10:54:56.104271
1755;1867;-112;10:54:56.104271
1752;1869;-117;10:54:56.104271
1750;1866;-116;10:54:56.104271
1754;1862;-108;10:54:56.104271
1755;1862;-107;10:54:56.104271
1749;1864;-115;10:54:56.104271
1745;1862;-117;10:54:56.104271
1744;1859;-115;10:54:56.104271
1746;1856;-110;10:54:56.104271
1746;1855;-109;10:54:56.104271
1743;1857;-114;10:54:56.104271
1742;1859;-117;10:54:56.104271
1744;1860;-116;10:54:56.104271
1746;1855;-109;10:54:56.104271
1744;1852;-108;10:54:56.104271
1742;1851;-109;10:54:56.104271
1738;1852;-114;10:54:56.104271
1736;1851;-115;10:54:56.104271
1739;1848;-109;10:54:56.104271
1743;1848;-105;10:54:56.104271
1740;1852;-112;10:54:56.104271
1745;1856;-111;10:54:56.105268
1742;1859;-117;10:54:56.105268
1743;1859;-116;10:54:56.105268
1748;1863;-115;10:54:56.105268
1750;1864;-114;10:54:56.105268
1751;1864;-113;10:54:56.105268
1750;1864;-114;10:54:56.105268
1758;1866;-108;10:54:56.105268
1756;1865;-109;10:54:56.105268
1753;1866;-113;10:54:56.105268
1757;1866;-109;10:54:56.105268
1760;1870;-110;10:54:56.105268
1761;1872;-111;10:54:56.105268
1759;1872;-113;10:54:56.105268
1760;1870;-110;10:54:56.105268
1763;1873;-110;10:54:56.105268
1760;1874;-114;10:54:56.105268
1759;1876;-117;10:54:56.105268
1760;1877;-117;10:54:56.105268
1764;1880;-116;10:54:56.105268
1763;1878;-115;10:54:56.105268
1762;1876;-114;10:54:56.105268
1765;1876;-111;10:54:56.105268
1764;1874;-110;10:54:56.105268
1765;1871;-106;10:54:56.105268
1763;1875;-112;10:54:56.105268
1762;1879;-117;10:54:56.105268
1767;1878;-111;10:54:56.105268
1768;1878;-110;10:54:56.105268
1773;1881;-108;10:54:56.105268
1777;1885;-108;10:54:56.105268
1777;1885;-108;10:54:56.105268
1776;1888;-112;10:54:56.105268
1775;1887;-112;10:54:56.105268
1773;1886;-113;10:54:56.105268
1772;1888;-116;10:54:56.105268
1773;1886;-113;10:54:56.105268
1774;1888;-114;10:54:56.105268
1774;1890;-116;10:54:56.105268
1779;1889;-110;10:54:56.105268
1778;1885;-107;10:54:56.105268
1774;1888;-114;10:54:56.105268
1773;1886;-113;10:54:56.105268
1770;1884;-114;10:54:56.105268
1771;1879;-108;10:54:56.105268
1770;1881;-111;10:54:56.105268
1766;1876;-110;10:54:56.105268
1765;1875;-110;10:54:56.105268
1760;1876;-116;10:54:56.105268
1760;1876;-116;10:54:56.105268
1762;1879;-117;10:54:56.105268
1762;1876;-114;10:54:56.105268
1761;1874;-113;10:54:56.105268
1759;1874;-115;10:54:56.105268
1758;1873;-115;10:54:56.105268
1757;1873;-116;10:54:56.105268
1757;1873;-116;10:54:56.105268
1755;1873;-118;10:54:56.105268
1756;1872;-116;10:54:56.105268
1759;1872;-113;10:54:56.105268
1760;1873;-113;10:54:56.105268
1760;1871;-111;10:54:56.105268
1762;1872;-110;10:54:56.105268
1761;1873;-112;10:54:56.105268
1762;1877;-115;10:54:56.105268
1761;1884;-123;10:54:56.105268
1764;1885;-121;10:54:56.105268
1767;1884;-117;10:54:56.105268
1760;1882;-122;10:54:56.105268
1756;1877;-121;10:54:56.105268
1757;1878;-121;10:54:56.105268
1758;1874;-116;10:54:56.105268
1756;1871;-115;10:54:56.105268
1756;1872;-116;10:54:56.105268
1756;1868;-112;10:54:56.105268
1752;1868;-116;10:54:56.105268
1746;1868;-122;10:54:56.105268
1742;1868;-126;10:54:56.105268
1744;1866;-122;10:54:56.105268
1743;1860;-117;10:54:56.105268
1738;1852;-114;10:54:56.105268
1737;1853;-116;10:54:56.105268
1735;1853;-118;10:54:56.105268
1735;1853;-118;10:54:56.105268
1737;1850;-113;10:54:56.105268
1740;1854;-114;10:54:56.105268
1741;1855;-114;10:54:56.105268
1742;1856;-114;10:54:56.105268
1740;1857;-117;10:54:56.105268
1741;1858;-117;10:54:56.105268
1743;1859;-116;10:54:56.105268
1745;1862;-117;10:54:56.105268
1746;1864;-118;10:54:56.105268
1750;1868;-118;10:54:56.105268
1753;1865;-112;10:54:56.105268
1754;1861;-107;10:54:56.105268
1752;1865;-113;10:54:56.105268
1754;1869;-115;10:54:56.105268
1754;1873;-119;10:54:56.105268
1754;1870;-116;10:54:56.105268
1754;1871;-117;10:54:56.105268
1756;1876;-120;10:54:56.105268
1756;1873;-117;10:54:56.105268
1761;1869;-108;10:54:56.105268
1761;1870;-109;10:54:56.105268
1753;1869;-116;10:54:56.105268
1751;1865;-114;10:54:56.105268
1752;1866;-114;10:54:56.105268
1749;1864;-115;10:54:56.105268
1748;1865;-117;10:54:56.105268
1750;1863;-113;10:54:56.105268
1749;1861;-112;10:54:56.105268
1749;1862;-113;10:54:56.105268
1747;1860;-113;10:54:56.105268
1749;1861;-112;10:54:56.105268
1752;1864;-112;10:54:56.105268
1755;1865;-110;10:54:56.105268
1757;1867;-110;10:54:56.105268
1756;1870;-114;10:54:56.105268
1760;1873;-113;10:54:56.105268
1763;1874;-111;10:54:56.105268
1763;1876;-113;10:54:56.105268
1764;1876;-112;10:54:56.105268
1764;1874;-110;10:54:56.105268
1764;1875;-111;10:54:56.105268
1762;1875;-113;10:54:56.105268
1764;1876;-112;10:54:56.105268
1764;1879;-115;10:54:56.105268
1760;1879;-119;10:54:56.105268
1764;1877;-113;10:54:56.105268
1765;1879;-114;10:54:56.105268
1764;1876;-112;10:54:56.105268
1764;1878;-114;10:54:56.105268
1765;1880;-115;10:54:56.105268
1770;1884;-114;10:54:56.105268
1771;1883;-112;10:54:56.105268
1772;1882;-110;10:54:56.105268
1772;1881;-109;10:54:56.105268
1766;1881;-115;10:54:56.105268
1763;1879;-116;10:54:56.105268
1764;1877;-113;10:54:56.105268
1763;1876;-113;10:54:56.105268
1763;1873;-110;10:54:56.105268
1764;1873;-109;10:54:56.105268
1761;1869;-108;10:54:56.105268
1761;1868;-107;10:54:56.105268
1762;1870;-108;10:54:56.105268
1759;1869;-110;10:54:56.105268
1758;1871;-113;10:54:56.105268
1759;1874;-115;10:54:56.105268
1763;1877;-114;10:54:56.105268
1768;1878;-110;10:54:56.105268
1769;1882;-113;10:54:56.105268
1773;1887;-114;10:54:56.105268
1772;1888;-116;10:54:56.105268
1773;1887;-114;10:54:56.105268
1773;1884;-111;10:54:56.105268
1772;1886;-114;10:54:56.105268
1768;1887;-119;10:54:56.105268
1765;1888;-123;10:54:56.105268
1767;1886;-119;10:54:56.105268
1768;1882;-114;10:54:56.105268
1766;1879;-113;10:54:56.105268
1766;1876;-110;10:54:56.105268
1761;1875;-114;10:54:56.105268
1757;1871;-114;10:54:56.105268
1758;1870;-112;10:54:56.105268
1760;1870;-110;10:54:56.105268
1761;1872;-111;10:54:56.105268
1762;1873;-111;10:54:56.105268
1762;1880;-118;10:54:56.105268
1760;1880;-120;10:54:56.105268
1759;1877;-118;10:54:56.105268
1764;1875;-111;10:54:56.105268
1766;1874;-108;10:54:56.105268
1764;1876;-112;10:54:56.105268
1763;1877;-114;10:54:56.105268
1764;1878;-114;10:54:56.105268
1763;1876;-113;10:54:56.105268
1762;1874;-112;10:54:56.105268
1763;1875;-112;10:54:56.105268
1760;1873;-113;10:54:56.105268
1756;1871;-115;10:54:56.105268
1756;1871;-115;10:54:56.105268
1759;1868;-109;10:54:56.105268
1758;1870;-112;10:54:56.105268
1758;1867;-109;10:54:56.105268
1754;1869;-115;10:54:56.105268
1750;1869;-119;10:54:56.105268
1751;1867;-116;10:54:56.105268
1754;1869;-115;10:54:56.105268
1752;1871;-119;10:54:56.105268
1750;1869;-119;10:54:56.105268
1746;1869;-123;10:54:56.105268
1748;1869;-121;10:54:56.105268
1748;1867;-119;10:54:56.105268
1753;1871;-118;10:54:56.105268
1754;1873;-119;10:54:56.105268
1750;1868;-118;10:54:56.105268
1753;1867;-114;10:54:56.105268
1757;1868;-111;10:54:56.105268
1754;1865;-111;10:54:56.105268
1751;1865;-114;10:54:56.105268
1756;1865;-109;10:54:56.105268
1754;1867;-113;10:54:56.105268
1751;1864;-113;10:54:56.105268
1753;1863;-110;10:54:56.105268
1752;1865;-113;10:54:56.105268
1751;1865;-114;10:54:56.105268
1751;1865;-114;10:54:56.105268
1753;1867;-114;10:54:56.105268
1753;1867;-114;10:54:56.105268
1753;1866;-113;10:54:56.105268
1756;1869;-113;10:54:56.105268
1755;1868;-113;10:54:56.105268
1755;1865;-110;10:54:56.105268
1756;1867;-111;10:54:56.105268
1754;1866;-112;10:54:56.105268
1756;1866;-110;10:54:56.105268
1755;1867;-112;10:54:56.105268
1755;1867;-112;10:54:56.105268
1755;1866;-111;10:54:56.105268
1755;1870;-115;10:54:56.105268
1758;1871;-113;10:54:56.105268
1755;1871;-116;10:54:56.105268
1753;1869;-116;10:54:56.105268
1753;1868;-115;10:54:56.105268
1751;1868;-117;10:54:56.105268
1749;1868;-119;10:54:56.105268
1752;1869;-117;10:54:56.105268
1752;1868;-116;10:54:56.105268
1752;1866;-114;10:54:56.105268
1752;1869;-117;10:54:56.105268
1755;1871;-116;10:54:56.105268
1756;1874;-118;10:54:56.105268
1759;1875;-116;10:54:56.105268
1762;1876;-114;10:54:56.105268
1763;1880;-117;10:54:56.105268
1765;1883;-118;10:54:56.105268
1766;1886;-120;10:54:56.105268
1766;1891;-125;10:54:56.105268
1773;1892;-119;10:54:56.105268
1775;1893;-118;10:54:56.105268
1776;1892;-116;10:54:56.105268
1775;1891;-116;10:54:56.105268
1777;1892;-115;10:54:56.105268
1778;1893;-115;10:54:56.105268
1775;1890;-115;10:54:56.105268
1776;1891;-115;10:54:56.105268
1780;1891;-111;10:54:56.105268
1776;1891;-115;10:54:56.105268
1772;1889;-117;10:54:56.105268
1773;1890;-117;10:54:56.105268
1774;1891;-117;10:54:56.105268
1773;1889;-116;10:54:56.105268
1770;1885;-115;10:54:56.105268
1768;1883;-115;10:54:56.105268
1768;1879;-111;10:54:56.105268
1769;1876;-107;10:54:56.105268
1766;1873;-107;10:54:56.105268
1764;1874;-110;10:54:56.105268
1758;1871;-113;10:54:56.105268
1754;1867;-113;10:54:56.105268
1757;1863;-106;10:54:56.105268
1755;1863;-108;10:54:56.105268
1755;1866;-111;10:54:56.105268
1755;1870;-115;10:54:56.105268
1758;1870;-112;10:54:56.105268
1757;1872;-115;10:54:56.105268
1755;1875;-120;10:54:56.105268
1756;1878;-122;10:54:56.105268
1759;1882;-123;10:54:56.105268
1764;1884;-120;10:54:56.105268
1765;1883;-118;10:54:56.105268
1767;1883;-116;10:54:56.105268
1766;1882;-116;10:54:56.105268
1764;1883;-119;10:54:56.105268
1763;1880;-117;10:54:56.105268
1762;1877;-115;10:54:56.105268
1762;1875;-113;10:54:56.105268
1761;1874;-113;10:54:56.105268
1757;1874;-117;10:54:56.105268
1752;1872;-120;10:54:56.105268
1752;1873;-121;10:54:56.105268
1752;1869;-117;10:54:56.105268
1751;1868;-117;10:54:56.105268
1751;1868;-117;10:54:56.105268
1751;1867;-116;10:54:56.105268
1749;1867;-118;10:54:56.105268
1746;1861;-115;10:54:56.105268
1743;1860;-117;10:54:56.105268
1744;1858;-114;10:54:56.105268
1745;1856;-111;10:54:56.105268
1742;1856;-114;10:54:56.105268
1736;1857;-121;10:54:56.105268
1737;1854;-117;10:54:56.105268
1734;1852;-118;10:54:56.105268
1731;1850;-119;10:54:56.105268
1732;1849;-117;10:54:56.105268
1732;1850;-118;10:54:56.105268
1734;1851;-117;10:54:56.105268
1735;1848;-113;10:54:56.105268
1734;1849;-115;10:54:56.105268
1735;1853;-118;10:54:56.105268
1739;1855;-116;10:54:56.105268
1739;1855;-116;10:54:56.105268
1739;1857;-118;10:54:56.105268
1739;1856;-117;10:54:56.105268
1739;1856;-117;10:54:56.105268
1740;1858;-118;10:54:56.105268
1740;1860;-120;10:54:56.105268
1739;1860;-121;10:54:56.105268
1736;1857;-121;10:54:56.105268
1736;1857;-121;10:54:56.105268
1737;1854;-117;10:54:56.105268
1738;1852;-114;10:54:56.105268
1735;1853;-118;10:54:56.105268
1732;1850;-118;10:54:56.105268
1731;1848;-117;10:54:56.105268
1737;1849;-112;10:54:56.105268
1740;1852;-112;10:54:56.105268
1741;1849;-108;10:54:56.105268
1741;1851;-110;10:54:56.105268
1741;1853;-112;10:54:56.105268
1743;1853;-110;10:54:56.105268
1744;1856;-112;10:54:56.105268
1748;1860;-112;10:54:56.105268
1749;1864;-115;10:54:56.105268
1751;1865;-114;10:54:56.105268
1752;1863;-111;10:54:56.105268
1749;1865;-116;10:54:56.105268
1750;1866;-116;10:54:56.105268
1753;1866;-113;10:54:56.105268
1754;1869;-115;10:54:56.105268
1753;1870;-117;10:54:56.105268
1757;1871;-114;10:54:56.105268
1758;1870;-112;10:54:56.105268
1763;1872;-109;10:54:56.105268
1759;1871;-112;10:54:56.105268
1757;1872;-115;10:54:56.105268
1758;1876;-118;10:54:56.105268
1760;1876;-116;10:54:56.105268
1762;1873;-111;10:54:56.105268
1761;1876;-115;10:54:56.105268
1759;1877;-118;10:54:56.105268
1762;1875;-113;10:54:56.105268
1765;1877;-112;10:54:56.105268
1768;1878;-110;10:54:56.105268
1769;1876;-107;10:54:56.105268
1771;1877;-106;10:54:56.105268
1773;1882;-109;10:54:56.105268
1774;1886;-112;10:54:56.105268
1779;1885;-106;10:54:56.105268
1783;1889;-106;10:54:56.105268
1782;1893;-111;10:54:56.105268
1783;1894;-111;10:54:56.105268
1783;1895;-112;10:54:56.105268
1782;1897;-115;10:54:56.105268
1783;1896;-113;10:54:56.105268
1787;1898;-111;10:54:56.105268
1785;1899;-114;10:54:56.105268
1783;1898;-115;10:54:56.105268
1782;1896;-114;10:54:56.105268
1781;1896;-115;10:54:56.105268
1779;1894;-115;10:54:56.105268
1783;1893;-110;10:54:56.105268
1781;1893;-112;10:54:56.105268
1780;1890;-110;10:54:56.105268
1780;1889;-109;10:54:56.105268
1779;1889;-110;10:54:56.105268
1779;1889;-110;10:54:56.105268
1778;1893;-115;10:54:56.105268
1778;1892;-114;10:54:56.105268
1777;1892;-115;10:54:56.105268
1777;1890;-113;10:54:56.105268
1778;1888;-110;10:54:56.105268
1778;1890;-112;10:54:56.105268
1777;1889;-112;10:54:56.105268
1777;1887;-110;10:54:56.105268
1778;1888;-110;10:54:56.105268
1781;1887;-106;10:54:56.105268
1779;1886;-107;10:54:56.105268
1782;1888;-106;10:54:56.105268
1780;1891;-111;10:54:56.105268
1780;1892;-112;10:54:56.105268
1783;1893;-110;10:54:56.105268
1782;1892;-110;10:54:56.105268
1783;1890;-107;10:54:56.105268
1782;1889;-107;10:54:56.105268
1778;1886;-108;10:54:56.105268
1773;1884;-111;10:54:56.105268
1770;1881;-111;10:54:56.105268
1769;1880;-111;10:54:56.105268
1766;1876;-110;10:54:56.105268
1764;1876;-112;10:54:56.105268
1766;1876;-110;10:54:56.105268
1763;1873;-110;10:54:56.105268
1764;1870;-106;10:54:56.105268
1761;1868;-107;10:54:56.105268
1757;1865;-108;10:54:56.105268
1754;1864;-110;10:54:56.105268
1753;1867;-114;10:54:56.105268
1752;1867;-115;10:54:56.105268
1752;1869;-117;10:54:56.105268
1752;1868;-116;10:54:56.105268
1755;1868;-113;10:54:56.105268
1754;1868;-114;10:54:56.105268
1756;1867;-111;10:54:56.105268
1751;1866;-115;10:54:56.105268
1750;1863;-113;10:54:56.105268
1752;1861;-109;10:54:56.105268
1748;1859;-111;10:54:56.105268
1749;1858;-109;10:54:56.105268
1749;1858;-109;10:54:56.105268
1743;1856;-113;10:54:56.105268
1744;1854;-110;10:54:56.105268
1741;1854;-113;10:54:56.105268
1740;1855;-115;10:54:56.105268
1742;1857;-115;10:54:56.105268
1742;1857;-115;10:54:56.105268
1740;1855;-115;10:54:56.105268
1741;1858;-117;10:54:56.105268
1745;1857;-112;10:54:56.105268
1743;1860;-117;10:54:56.105268
1745;1859;-114;10:54:56.105268
1749;1865;-116;10:54:56.105268
1752;1865;-113;10:54:56.105268
1754;1861;-107;10:54:56.105268
1754;1863;-109;10:54:56.105268
1754;1866;-112;10:54:56.105268
1751;1865;-114;10:54:56.105268
1753;1863;-110;10:54:56.105268
1752;1863;-111;10:54:56.105268
1750;1861;-111;10:54:56.105268
1749;1856;-107;10:54:56.105268
1747;1859;-112;10:54:56.105268
1747;1858;-111;10:54:56.105268
1746;1857;-111;10:54:56.105268
1746;1855;-109;10:54:56.105268
1747;1858;-111;10:54:56.105268
1753;1858;-105;10:54:56.105268
1751;1856;-105;10:54:56.105268
1748;1855;-107;10:54:56.105268
1750;1857;-107;10:54:56.105268
1751;1859;-108;10:54:56.105268
1749;1859;-110;10:54:56.105268
1748;1860;-112;10:54:56.105268
1750;1864;-114;10:54:56.105268
1758;1865;-107;10:54:56.105268
1754;1867;-113;10:54:56.105268
1754;1867;-113;10:54:56.105268
1757;1870;-113;10:54:56.105268
1758;1872;-114;10:54:56.105268
1760;1872;-112;10:54:56.105268
1763;1873;-110;10:54:56.105268
1766;1876;-110;10:54:56.105268
1766;1877;-111;10:54:56.105268
1767;1878;-111;10:54:56.105268
1771;1880;-109;10:54:56.105268
1773;1880;-107;10:54:56.105268
1775;1877;-102;10:54:56.105268
1775;1877;-102;10:54:56.105268
1773;1876;-103;10:54:56.105268
1774;1875;-101;10:54:56.105268
1771;1875;-104;10:54:56.105268
1767;1874;-107;10:54:56.105268
1764;1871;-107;10:54:56.105268
1764;1874;-110;10:54:56.105268
1765;1873;-108;10:54:56.105268
1762;1872;-110;10:54:56.105268
1763;1868;-105;10:54:56.105268
1762;1869;-107;10:54:56.105268
1763;1871;-108;10:54:56.105268
1762;1870;-108;10:54:56.105268
1761;1870;-109;10:54:56.105268
1759;1869;-110;10:54:56.105268
1761;1872;-111;10:54:56.105268
1762;1873;-111;10:54:56.105268
1760;1876;-116;10:54:56.105268
1762;1876;-114;10:54:56.105268
1763;1878;-115;10:54:56.105268
1767;1880;-113;10:54:56.105268
1767;1877;-110;10:54:56.105268
1765;1881;-116;10:54:56.105268
1768;1884;-116;10:54:56.105268
1769;1886;-117;10:54:56.105268
1770;1885;-115;10:54:56.105268
1771;1887;-116;10:54:56.105268
1774;1887;-113;10:54:56.105268
1774;1887;-113;10:54:56.105268
1775;1884;-109;10:54:56.105268
1774;1886;-112;10:54:56.105268
1775;1887;-112;10:54:56.105268
1773;1886;-113;10:54:56.105268
1772;1887;-115;10:54:56.105268
1770;1889;-119;10:54:56.105268
1769;1888;-119;10:54:56.105268
1771;1884;-113;10:54:56.105268
1769;1879;-110;10:54:56.105268
1767;1876;-109;10:54:56.105268
1764;1874;-110;10:54:56.105268
1763;1875;-112;10:54:56.105268
1763;1873;-110;10:54:56.105268
1760;1871;-111;10:54:56.105268
1762;1872;-110;10:54:56.105268
1763;1877;-114;10:54:56.105268
1762;1876;-114;10:54:56.105268
1759;1877;-118;10:54:56.105268
1760;1877;-117;10:54:56.105268
1759;1873;-114;10:54:56.105268
1737;1853;-116;10:54:56.106265
1739;1856;-117;10:54:56.106265
1743;1858;-115;10:54:56.106265
1746;1859;-113;10:54:56.106265
1742;1858;-116;10:54:56.106265
1744;1860;-116;10:54:56.106265
1748;1860;-112;10:54:56.106265
1747;1863;-116;10:54:56.106265
1748;1864;-116;10:54:56.106265
1752;1865;-113;10:54:56.106265
1752;1866;-114;10:54:56.106265
1753;1867;-114;10:54:56.106265
1755;1866;-111;10:54:56.106265
1758;1869;-111;10:54:56.106265
1758;1870;-112;10:54:56.106265
1756;1872;-116;10:54:56.106265
1761;1872;-111;10:54:56.106265
1765;1877;-112;10:54:56.106265
1763;1879;-116;10:54:56.106265
1767;1880;-113;10:54:56.106265
1769;1887;-118;10:54:56.106265
1768;1888;-120;10:54:56.106265
1772;1889;-117;10:54:56.106265
1772;1892;-120;10:54:56.106265
1775;1892;-117;10:54:56.106265
1776;1891;-115;10:54:56.106265
1777;1891;-114;10:54:56.106265
1778;1892;-114;10:54:56.106265
1777;1894;-117;10:54:56.106265
1779;1893;-114;10:54:56.106265
1780;1893;-113;10:54:56.106265
1779;1892;-113;10:54:56.106265
1781;1893;-112;10:54:56.106265
1781;1892;-111;10:54:56.106265
1778;1890;-112;10:54:56.106265
1778;1890;-112;10:54:56.106265
1780;1890;-110;10:54:56.106265
1783;1885;-102;10:54:56.106265
1780;1885;-105;10:54:56.106265
1779;1885;-106;10:54:56.106265
1779;1888;-109;10:54:56.106265
1776;1885;-109;10:54:56.106265
1777;1886;-109;10:54:56.106265
1775;1885;-110;10:54:56.106265
1773;1884;-111;10:54:56.106265
1775;1886;-111;10:54:56.106265
1776;1884;-108;10:54:56.106265
1776;1887;-111;10:54:56.106265
1773;1886;-113;10:54:56.106265
1772;1888;-116;10:54:56.106265
1775;1890;-115;10:54:56.106265
1775;1886;-111;10:54:56.106265
1773;1885;-112;10:54:56.106265
1773;1885;-112;10:54:56.106265
1777;1887;-110;10:54:56.106265
1773;1889;-116;10:54:56.106265
1774;1890;-116;10:54:56.106265
1777;1888;-111;10:54:56.106265
1774;1886;-112;10:54:56.106265
1773;1883;-110;10:54:56.106265
1773;1882;-109;10:54:56.106265
1770;1884;-114;10:54:56.106265
1768;1881;-113;10:54:56.106265
1768;1883;-115;10:54:56.106265
1767;1880;-113;10:54:56.106265
1768;1878;-110;10:54:56.106265
1770;1878;-108;10:54:56.106265
1768;1878;-110;10:54:56.106265
1766;1877;-111;10:54:56.106265
1768;1879;-111;10:54:56.106265
1770;1881;-111;10:54:56.106265
1767;1881;-114;10:54:56.106265
1769;1879;-110;10:54:56.106265
1768;1879;-111;10:54:56.106265
1769;1878;-109;10:54:56.106265
1766;1877;-111;10:54:56.106265
1766;1876;-110;10:54:56.106265
1764;1877;-113;10:54:56.106265
1763;1874;-111;10:54:56.106265
1767;1875;-108;10:54:56.106265
1767;1873;-106;10:54:56.106265
1768;1872;-104;10:54:56.106265
1770;1872;-102;10:54:56.106265
1767;1876;-109;10:54:56.106265
1765;1875;-110;10:54:56.106265
1765;1877;-112;10:54:56.106265
1766;1880;-114;10:54:56.106265
1765;1879;-114;10:54:56.106265
1764;1881;-117;10:54:56.106265
1763;1878;-115;10:54:56.106265
1761;1879;-118;10:54:56.106265
1762;1877;-115;10:54:56.106265
1765;1873;-108;10:54:56.106265
1761;1872;-111;10:54:56.106265
1758;1868;-110;10:54:56.106265
1758;1866;-108;10:54:56.106265
1758;1862;-104;10:54:56.106265
1757;1862;-105;10:54:56.106265
1756;1864;-108;10:54:56.106265
1755;1863;-108;10:54:56.106265
1752;1862;-110;10:54:56.106265
1751;1864;-113;10:54:56.106265
1752;1865;-113;10:54:56.106265
1754;1863;-109;10:54:56.106265
1754;1865;-111;10:54:56.106265
1753;1865;-112;10:54:56.106265
1752;1865;-113;10:54:56.106265
1753;1866;-113;10:54:56.106265
1752;1866;-114;10:54:56.106265
1754;1868;-114;10:54:56.106265
1759;1869;-110;10:54:56.106265
1759;1869;-110;10:54:56.106265
1759;1868;-109;10:54:56.106265
1755;1868;-113;10:54:56.106265
1754;1868;-114;10:54:56.106265
1753;1866;-113;10:54:56.106265
1753;1865;-112;10:54:56.106265
1752;1866;-114;10:54:56.106265
1752;1866;-114;10:54:56.106265
1750;1863;-113;10:54:56.106265
1748;1864;-116;10:54:56.106265
1749;1864;-115;10:54:56.106265
1749;1862;-113;10:54:56.106265
1748;1860;-112;10:54:56.106265
1748;1861;-113;10:54:56.106265
1746;1863;-117;10:54:56.106265
1750;1865;-115;10:54:56.106265
1751;1864;-113;10:54:56.106265
1754;1862;-108;10:54:56.106265
1753;1860;-107;10:54:56.106265
1752;1863;-111;10:54:56.106265
1754;1864;-110;10:54:56.106265
1753;1867;-114;10:54:56.106265
1750;1866;-116;10:54:56.106265
1756;1868;-112;10:54:56.106265
1757;1870;-113;10:54:56.106265
1757;1871;-114;10:54:56.106265
1759;1873;-114;10:54:56.106265
1761;1875;-114;10:54:56.106265
1762;1876;-114;10:54:56.106265
1762;1878;-116;10:54:56.106265
1764;1880;-116;10:54:56.106265
1765;1878;-113;10:54:56.106265
1765;1877;-112;10:54:56.106265
1765;1876;-111;10:54:56.106265
1763;1875;-112;10:54:56.106265
1761;1876;-115;10:54:56.106265
1758;1872;-114;10:54:56.106265
1757;1874;-117;10:54:56.106265
1756;1871;-115;10:54:56.106265
1756;1872;-116;10:54:56.106265
1756;1871;-115;10:54:56.106265
1756;1870;-114;10:54:56.106265
1757;1872;-115;10:54:56.106265
1759;1872;-113;10:54:56.106265
1760;1872;-112;10:54:56.106265
1760;1873;-113;10:54:56.106265
1762;1876;-114;10:54:56.106265
1764;1877;-113;10:54:56.106265
1764;1877;-113;10:54:56.106265
1764;1878;-114;10:54:56.106265
1764;1879;-115;10:54:56.106265
1768;1881;-113;10:54:56.106265
1768;1880;-112;10:54:56.106265
1769;1880;-111;10:54:56.106265
1768;1881;-113;10:54:56.106265
1767;1882;-115;10:54:56.106265
1770;1885;-115;10:54:56.106265
1771;1885;-114;10:54:56.106265
1769;1882;-113;10:54:56.106265
1768;1884;-116;10:54:56.106265
1769;1883;-114;10:54:56.106265
1771;1883;-112;10:54:56.106265
1773;1883;-110;10:54:56.106265
1774;1885;-111;10:54:56.106265
1772;1884;-112;10:54:56.106265
1773;1883;-110;10:54:56.106265
1774;1885;-111;10:54:56.106265
1773;1886;-113;10:54:56.106265
1772;1885;-113;10:54:56.106265
1773;1885;-112;10:54:56.106265
1774;1888;-114;10:54:56.106265
1775;1884;-109;10:54:56.106265
1776;1883;-107;10:54:56.106265
1776;1884;-108;10:54:56.106265
1776;1883;-107;10:54:56.106265
1779;1881;-102;10:54:56.106265
1775;1882;-107;10:54:56.106265
1768;1877;-109;10:54:56.106265
1767;1879;-112;10:54:56.106265
1767;1882;-115;10:54:56.106265
1766;1879;-113;10:54:56.106265
1762;1873;-111;10:54:56.106265
1761;1870;-109;10:54:56.106265
1759;1868;-109;10:54:56.106265
1757;1867;-110;10:54:56.106265
1756;1868;-112;10:54:56.106265
1756;1869;-113;10:54:56.106265
1758;1869;-111;10:54:56.106265
1757;1865;-108;10:54:56.106265
1756;1866;-110;10:54:56.106265
1755;1866;-111;10:54:56.106265
1751;1867;-116;10:54:56.106265
1754;1867;-113;10:54:56.106265
1755;1868;-113;10:54:56.106265
1753;1865;-112;10:54:56.106265
1752;1862;-110;10:54:56.106265
1753;1865;-112;10:54:56.106265
1754;1866;-112;10:54:56.106265
1756;1868;-112;10:54:56.106265
1760;1868;-108;10:54:56.106265
1762;1870;-108;10:54:56.106265
1762;1870;-108;10:54:56.106265
1764;1871;-107;10:54:56.106265
1764;1878;-114;10:54:56.106265
1762;1879;-117;10:54:56.106265
1761;1876;-115;10:54:56.106265
1764;1879;-115;10:54:56.106265
1763;1880;-117;10:54:56.106265
1761;1879;-118;10:54:56.106265
1763;1878;-115;10:54:56.106265
1763;1877;-114;10:54:56.106265
1764;1873;-109;10:54:56.106265
1765;1872;-107;10:54:56.106265
1763;1870;-107;10:54:56.106265
1762;1872;-110;10:54:56.106265
1761;1871;-110;10:54:56.106265
1758;1870;-112;10:54:56.106265
1758;1868;-110;10:54:56.106265
1759;1868;-109;10:54:56.106265
1756;1869;-113;10:54:56.106265
1756;1869;-113;10:54:56.106265
1756;1870;-114;10:54:56.106265
1756;1870;-114;10:54:56.106265
1757;1873;-116;10:54:56.106265
1756;1875;-119;10:54:56.106265
1756;1874;-118;10:54:56.106265
1759;1874;-115;10:54:56.106265
1757;1874;-117;10:54:56.106265
1755;1874;-119;10:54:56.106265
1755;1872;-117;10:54:56.106265
1753;1869;-116;10:54:56.106265
1753;1868;-115;10:54:56.106265
1757;1869;-112;10:54:56.106265
1756;1869;-113;10:54:56.106265
1753;1868;-115;10:54:56.106265
1755;1867;-112;10:54:56.106265
1756;1870;-114;10:54:56.106265
1757;1871;-114;10:54:56.106265
1756;1869;-113;10:54:56.106265
1759;1871;-112;10:54:56.106265
1760;1870;-110;10:54:56.106265
1762;1873;-111;10:54:56.106265
1762;1871;-109;10:54:56.106265
1762;1871;-109;10:54:56.106265
1766;1873;-107;10:54:56.106265
1767;1872;-105;10:54:56.106265
1762;1873;-111;10:54:56.106265
1763;1875;-112;10:54:56.106265
1761;1873;-112;10:54:56.106265
1762;1870;-108;10:54:56.106265
1761;1870;-109;10:54:56.106265
1760;1868;-108;10:54:56.106265
1757;1868;-111;10:54:56.106265
1757;1870;-113;10:54:56.106265
1756;1867;-111;10:54:56.106265
1753;1865;-112;10:54:56.106265
1752;1862;-110;10:54:56.106265
1751;1864;-113;10:54:56.106265
1750;1863;-113;10:54:56.106265
1749;1863;-114;10:54:56.106265
1747;1864;-117;10:54:56.106265
1750;1862;-112;10:54:56.106265
1745;1862;-117;10:54:56.106265
1746;1863;-117;10:54:56.106265
1748;1867;-119;10:54:56.106265
1748;1868;-120;10:54:56.106265
1752;1863;-111;10:54:56.106265
1754;1866;-112;10:54:56.106265
1754;1869;-115;10:54:56.106265
1758;1871;-113;10:54:56.106265
1756;1869;-113;10:54:56.106265
1757;1867;-110;10:54:56.106265
1756;1867;-111;10:54:56.106265
1758;1867;-109;10:54:56.106265
1759;1864;-105;10:54:56.106265
1757;1864;-107;10:54:56.106265
1754;1865;-111;10:54:56.106265
1756;1869;-113;10:54:56.106265
1757;1871;-114;10:54:56.106265
1757;1871;-114;10:54:56.106265
1755;1873;-118;10:54:56.106265
1755;1871;-116;10:54:56.106265
1757;1871;-114;10:54:56.106265
1760;1871;-111;10:54:56.106265
1764;1870;-106;10:54:56.106265
1761;1869;-108;10:54:56.106265
1761;1870;-109;10:54:56.106265
1760;1871;-111;10:54:56.106265
1757;1868;-111;10:54:56.106265
1759;1868;-109;10:54:56.106265
1756;1868;-112;10:54:56.106265
1756;1869;-113;10:54:56.106265
1756;1868;-112;10:54:56.106265
1759;1867;-108;10:54:56.106265
1760;1867;-107;10:54:56.106265
1758;1870;-112;10:54:56.106265
1756;1868;-112;10:54:56.106265
1758;1869;-111;10:54:56.106265
1756;1869;-113;10:54:56.106265
1757;1871;-114;10:54:56.106265
1758;1871;-113;10:54:56.106265
1757;1870;-113;10:54:56.106265
1758;1869;-111;10:54:56.106265
1758;1870;-112;10:54:56.106265
1756;1872;-116;10:54:56.106265
1755;1871;-116;10:54:56.106265
1756;1869;-113;10:54:56.106265
1757;1870;-113;10:54:56.106265
1753;1869;-116;10:54:56.106265
1757;1870;-113;10:54:56.106265
1759;1870;-111;10:54:56.106265
1758;1867;-109;10:54:56.106265
1760;1868;-108;10:54:56.106265
1763;1870;-107;10:54:56.106265
1765;1872;-107;10:54:56.106265
1766;1874;-108;10:54:56.106265
1766;1878;-112;10:54:56.106265
1769;1881;-112;10:54:56.106265
1773;1880;-107;10:54:56.106265
1774;1878;-104;10:54:56.106265
1776;1879;-103;10:54:56.106265
1774;1880;-106;10:54:56.106265
1771;1881;-110;10:54:56.106265
1771;1883;-112;10:54:56.106265
1770;1882;-112;10:54:56.106265
1771;1880;-109;10:54:56.106265
1769;1881;-112;10:54:56.106265
1768;1882;-114;10:54:56.106265
1766;1878;-112;10:54:56.106265
1768;1875;-107;10:54:56.106265
1767;1874;-107;10:54:56.106265
1767;1873;-106;10:54:56.106265
1770;1875;-105;10:54:56.106265
1765;1870;-105;10:54:56.106265
1762;1869;-107;10:54:56.106265
1762;1871;-109;10:54:56.106265
1762;1873;-111;10:54:56.106265
1762;1870;-108;10:54:56.106265
1760;1873;-113;10:54:56.106265
1763;1874;-111;10:54:56.106265
1760;1873;-113;10:54:56.106265
1760;1869;-109;10:54:56.106265
1760;1872;-112;10:54:56.106265
1758;1876;-118;10:54:56.106265
1761;1876;-115;10:54:56.106265
1761;1875;-114;10:54:56.106265
1763;1875;-112;10:54:56.106265
1765;1875;-110;10:54:56.106265
1765;1875;-110;10:54:56.106265
1765;1876;-111;10:54:56.106265
1762;1876;-114;10:54:56.106265
1760;1872;-112;10:54:56.106265
1764;1874;-110;10:54:56.106265
1760;1875;-115;10:54:56.106265
1758;1873;-115;10:54:56.106265
1759;1874;-115;10:54:56.106265
1762;1873;-111;10:54:56.106265
1763;1873;-110;10:54:56.106265
1762;1872;-110;10:54:56.106265
1762;1871;-109;10:54:56.106265
1760;1871;-111;10:54:56.106265
1761;1871;-110;10:54:56.106265
1762;1874;-112;10:54:56.106265
1761;1871;-110;10:54:56.106265
1759;1871;-112;10:54:56.106265
1758;1871;-113;10:54:56.106265
1758;1870;-112;10:54:56.106265
1754;1869;-115;10:54:56.106265
1754;1866;-112;10:54:56.106265
1755;1866;-111;10:54:56.106265
1754;1865;-111;10:54:56.106265
1751;1866;-115;10:54:56.106265
1752;1871;-119;10:54:56.106265
1754;1872;-118;10:54:56.106265
1753;1869;-116;10:54:56.106265
1753;1867;-114;10:54:56.106265
1755;1870;-115;10:54:56.106265
1757;1869;-112;10:54:56.106265
1757;1869;-112;10:54:56.106265
1758;1869;-111;10:54:56.106265
1756;1872;-116;10:54:56.106265
1760;1872;-112;10:54:56.106265
1764;1875;-111;10:54:56.106265
1765;1875;-110;10:54:56.106265
1767;1879;-112;10:54:56.106265
1767;1884;-117;10:54:56.106265
1767;1881;-114;10:54:56.106265
1770;1882;-112;10:54:56.106265
1770;1881;-111;10:54:56.106265
1769;1882;-113;10:54:56.106265
1771;1881;-110;10:54:56.106265
1773;1880;-107;10:54:56.106265
1771;1877;-106;10:54:56.106265
1770;1876;-106;10:54:56.106265
1767;1873;-106;10:54:56.106265
1765;1874;-109;10:54:56.106265
1761;1871;-110;10:54:56.106265
1757;1871;-114;10:54:56.106265
1758;1869;-111;10:54:56.106265
1754;1866;-112;10:54:56.106265
1753;1867;-114;10:54:56.106265
1753;1865;-112;10:54:56.106265
1753;1866;-113;10:54:56.106265
1750;1865;-115;10:54:56.106265
1750;1861;-111;10:54:56.106265
1751;1860;-109;10:54:56.106265
1747;1860;-113;10:54:56.106265
1748;1863;-115;10:54:56.106265
1749;1862;-113;10:54:56.106265
1751;1864;-113;10:54:56.106265
1752;1864;-112;10:54:56.106265
1754;1864;-110;10:54:56.106265
1751;1864;-113;10:54:56.106265
1756;1865;-109;10:54:56.106265
1758;1866;-108;10:54:56.106265
1756;1870;-114;10:54:56.106265
1756;1870;-114;10:54:56.106265
1760;1874;-114;10:54:56.106265
1761;1875;-114;10:54:56.106265
1760;1875;-115;10:54:56.106265
1761;1874;-113;10:54:56.106265
1760;1876;-116;10:54:56.106265
1759;1877;-118;10:54:56.106265
1761;1872;-111;10:54:56.106265
1762;1872;-110;10:54:56.106265
1762;1872;-110;10:54:56.106265
1761;1869;-108;10:54:56.106265
1759;1871;-112;10:54:56.106265
1758;1869;-111;10:54:56.106265
1757;1870;-113;10:54:56.106265
1759;1868;-109;10:54:56.106265
1759;1870;-111;10:54:56.106265
1759;1867;-108;10:54:56.106265
1758;1869;-111;10:54:56.106265
1759;1870;-111;10:54:56.106265
1759;1872;-113;10:54:56.106265
1761;1871;-110;10:54:56.106265
1762;1871;-109;10:54:56.106265
1759;1874;-115;10:54:56.106265
1759;1876;-117;10:54:56.106265
1760;1876;-116;10:54:56.106265
1762;1876;-114;10:54:56.106265
1767;1880;-113;10:54:56.106265
1764;1876;-112;10:54:56.106265
1764;1876;-112;10:54:56.106265
1765;1879;-114;10:54:56.106265
1765;1878;-113;10:54:56.106265
1762;1875;-113;10:54:56.106265
1762;1872;-110;10:54:56.106265
1761;1873;-112;10:54:56.106265
1760;1870;-110;10:54:56.106265
1756;1870;-114;10:54:56.106265
1754;1871;-117;10:54:56.106265
1753;1870;-117;10:54:56.106265
1755;1867;-112;10:54:56.106265
1756;1868;-112;10:54:56.106265
1757;1868;-111;10:54:56.106265
1758;1866;-108;10:54:56.106265
1760;1869;-109;10:54:56.106265
1756;1871;-115;10:54:56.106265
1756;1871;-115;10:54:56.106265
1760;1872;-112;10:54:56.106265
1761;1874;-113;10:54:56.106265
1760;1874;-114;10:54:56.106265
1760;1875;-115;10:54:56.106265
1759;1872;-113;10:54:56.106265
1757;1872;-115;10:54:56.106265
1755;1871;-116;10:54:56.106265
1756;1870;-114;10:54:56.106265
1758;1870;-112;10:54:56.106265
1757;1867;-110;10:54:56.106265
1757;1865;-108;10:54:56.106265
1754;1864;-110;10:54:56.106265
1748;1860;-112;10:54:56.106265
1747;1856;-109;10:54:56.106265
1743;1855;-112;10:54:56.106265
1742;1852;-110;10:54:56.106265
1741;1852;-111;10:54:56.106265
1743;1850;-107;10:54:56.106265
1742;1852;-110;10:54:56.106265
1742;1856;-114;10:54:56.106265
1742;1856;-114;10:54:56.106265
1742;1858;-116;10:54:56.106265
1744;1858;-114;10:54:56.106265
1747;1860;-113;10:54:56.106265
1744;1862;-118;10:54:56.106265
1747;1865;-118;10:54:56.106265
1748;1867;-119;10:54:56.106265
1751;1865;-114;10:54:56.106265
1753;1865;-112;10:54:56.106265
1754;1867;-113;10:54:56.106265
1753;1869;-116;10:54:56.106265
1753;1871;-118;10:54:56.106265
1755;1872;-117;10:54:56.106265
1758;1875;-117;10:54:56.106265
1760;1873;-113;10:54:56.106265
1761;1875;-114;10:54:56.106265
1764;1876;-112;10:54:56.106265
1764;1878;-114;10:54:56.106265
1770;1881;-111;10:54:56.106265
1772;1880;-108;10:54:56.106265
1773;1882;-109;10:54:56.106265
1776;1883;-107;10:54:56.106265
1776;1888;-112;10:54:56.106265
1774;1888;-114;10:54:56.106265
1777;1886;-109;10:54:56.106265
1777;1887;-110;10:54:56.106265
1776;1887;-111;10:54:56.106265
1774;1888;-114;10:54:56.106265
1773;1887;-114;10:54:56.106265
1774;1887;-113;10:54:56.106265
1773;1886;-113;10:54:56.106265
1776;1889;-113;10:54:56.106265
1778;1887;-109;10:54:56.106265
1776;1886;-110;10:54:56.106265
1774;1880;-106;10:54:56.106265
1776;1884;-108;10:54:56.106265
1776;1884;-108;10:54:56.106265
1775;1884;-109;10:54:56.106265
1775;1884;-109;10:54:56.106265
1776;1887;-111;10:54:56.106265
1775;1886;-111;10:54:56.106265
1778;1886;-108;10:54:56.106265
1775;1886;-111;10:54:56.106265
1775;1886;-111;10:54:56.106265
1776;1886;-110;10:54:56.106265
1779;1887;-108;10:54:56.106265
1777;1886;-109;10:54:56.106265
1774;1886;-112;10:54:56.106265
1777;1887;-110;10:54:56.106265
1778;1886;-108;10:54:56.106265
1778;1884;-106;10:54:56.106265
1779;1882;-103;10:54:56.106265
1777;1884;-107;10:54:56.106265
1775;1885;-110;10:54:56.106265
1775;1882;-107;10:54:56.106265
1775;1882;-107;10:54:56.106265
1775;1880;-105;10:54:56.106265
1771;1880;-109;10:54:56.106265
1772;1881;-109;10:54:56.106265
1768;1880;-112;10:54:56.106265
1765;1879;-114;10:54:56.106265
1766;1876;-110;10:54:56.106265
1765;1876;-111;10:54:56.106265
1761;1872;-111;10:54:56.106265
1763;1870;-107;10:54:56.106265
1761;1873;-112;10:54:56.106265
1763;1872;-109;10:54:56.106265
1760;1870;-110;10:54:56.106265
1760;1867;-107;10:54:56.106265
1757;1866;-109;10:54:56.106265
1756;1864;-108;10:54:56.106265
1751;1863;-112;10:54:56.106265
1750;1862;-112;10:54:56.106265
1746;1861;-115;10:54:56.106265
1750;1862;-112;10:54:56.106265
1751;1862;-111;10:54:56.106265
1749;1861;-112;10:54:56.106265
1748;1861;-113;10:54:56.106265
1752;1861;-109;10:54:56.106265
1749;1858;-109;10:54:56.106265
1748;1863;-115;10:54:56.106265
1751;1866;-115;10:54:56.106265
1751;1866;-115;10:54:56.106265
1753;1864;-111;10:54:56.106265
1756;1865;-109;10:54:56.106265
1753;1866;-113;10:54:56.106265
1751;1866;-115;10:54:56.106265
1750;1865;-115;10:54:56.106265
1751;1866;-115;10:54:56.106265
1748;1865;-117;10:54:56.106265
1748;1864;-116;10:54:56.106265
1748;1861;-113;10:54:56.106265
1746;1859;-113;10:54:56.106265
1748;1858;-110;10:54:56.106265
1752;1861;-109;10:54:56.106265
1750;1859;-109;10:54:56.106265
1746;1856;-110;10:54:56.106265
1749;1858;-109;10:54:56.106265
1745;1853;-108;10:54:56.106265
1745;1856;-111;10:54:56.106265
1747;1855;-108;10:54:56.106265
1746;1856;-110;10:54:56.106265
1743;1855;-112;10:54:56.106265
1742;1856;-114;10:54:56.106265
1745;1858;-113;10:54:56.106265
1743;1858;-115;10:54:56.106265
1742;1857;-115;10:54:56.106265
1743;1858;-115;10:54:56.106265
1745;1857;-112;10:54:56.106265
1745;1853;-108;10:54:56.106265
1746;1856;-110;10:54:56.106265
1745;1857;-112;10:54:56.106265
1746;1858;-112;10:54:56.106265
1750;1861;-111;10:54:56.106265
1753;1863;-110;10:54:56.106265
1754;1864;-110;10:54:56.106265
1755;1863;-108;10:54:56.106265
1752;1866;-114;10:54:56.106265
1754;1868;-114;10:54:56.106265
1760;1869;-109;10:54:56.106265
1764;1870;-106;10:54:56.106265
1764;1873;-109;10:54:56.106265
1763;1876;-113;10:54:56.106265
1769;1876;-107;10:54:56.106265
1769;1877;-108;10:54:56.106265
1767;1876;-109;10:54:56.106265
1771;1877;-106;10:54:56.106265
1774;1881;-107;10:54:56.106265
1773;1878;-105;10:54:56.106265
1774;1880;-106;10:54:56.106265
1773;1880;-107;10:54:56.106265
1772;1882;-110;10:54:56.106265
1772;1881;-109;10:54:56.106265
1777;1883;-106;10:54:56.106265
1779;1884;-105;10:54:56.106265
1778;1883;-105;10:54:56.106265
1776;1886;-110;10:54:56.106265
1774;1886;-112;10:54:56.106265
1776;1886;-110;10:54:56.106265
1780;1885;-105;10:54:56.106265
1780;1883;-103;10:54:56.106265
1776;1883;-107;10:54:56.106265
1775;1879;-104;10:54:56.106265
1773;1877;-104;10:54:56.106265
1768;1877;-109;10:54:56.106265
1763;1878;-115;10:54:56.106265
1766;1878;-112;10:54:56.106265
1766;1874;-108;10:54:56.106265
1766;1871;-105;10:54:56.106265
1763;1870;-107;10:54:56.106265
1761;1871;-110;10:54:56.106265
1764;1869;-105;10:54:56.106265
1761;1869;-108;10:54:56.106265
1757;1866;-109;10:54:56.106265
1752;1866;-114;10:54:56.106265
1752;1864;-112;10:54:56.106265
1752;1866;-114;10:54:56.106265
1752;1863;-111;10:54:56.106265
1752;1865;-113;10:54:56.106265
1750;1866;-116;10:54:56.106265
1750;1862;-112;10:54:56.106265
1752;1861;-109;10:54:56.106265
1751;1859;-108;10:54:56.106265
1752;1861;-109;10:54:56.106265
1748;1860;-112;10:54:56.106265
1747;1860;-113;10:54:56.106265
1751;1859;-108;10:54:56.106265
1748;1859;-111;10:54:56.106265
1746;1856;-110;10:54:56.106265
1748;1856;-108;10:54:56.106265
1748;1858;-110;10:54:56.106265
1749;1857;-108;10:54:56.106265
1748;1858;-110;10:54:56.106265
1747;1856;-109;10:54:56.106265
1746;1855;-109;10:54:56.106265
1746;1854;-108;10:54:56.106265
1750;1854;-104;10:54:56.106265
1744;1857;-113;10:54:56.106265
1742;1853;-111;10:54:56.106265
1738;1851;-113;10:54:56.106265
1738;1852;-114;10:54:56.106265
1738;1852;-114;10:54:56.106265
1736;1854;-118;10:54:56.106265
1736;1854;-118;10:54:56.106265
1739;1856;-117;10:54:56.106265
1743;1856;-113;10:54:56.106265
1746;1858;-112;10:54:56.106265
1745;1858;-113;10:54:56.106265
1750;1860;-110;10:54:56.106265
1752;1861;-109;10:54:56.106265
1755;1861;-106;10:54:56.106265
1754;1860;-106;10:54:56.106265
1753;1861;-108;10:54:56.106265
1753;1862;-109;10:54:56.106265
1754;1865;-111;10:54:56.106265
1753;1866;-113;10:54:56.106265
1752;1865;-113;10:54:56.106265
1753;1865;-112;10:54:56.106265
1755;1867;-112;10:54:56.106265
1751;1867;-116;10:54:56.106265
1750;1867;-117;10:54:56.106265
1754;1867;-113;10:54:56.106265
1754;1866;-112;10:54:56.106265
1755;1863;-108;10:54:56.106265
1754;1864;-110;10:54:56.106265
1752;1863;-111;10:54:56.106265
1754;1863;-109;10:54:56.106265
1753;1862;-109;10:54:56.106265
1755;1862;-107;10:54:56.106265
1754;1861;-107;10:54:56.106265
1751;1858;-107;10:54:56.106265
1749;1858;-109;10:54:56.106265
1749;1859;-110;10:54:56.106265
1749;1860;-111;10:54:56.106265
1747;1860;-113;10:54:56.106265
1750;1860;-110;10:54:56.106265
1750;1862;-112;10:54:56.106265
1750;1864;-114;10:54:56.106265
1754;1864;-110;10:54:56.106265
1758;1865;-107;10:54:56.106265
1758;1864;-106;10:54:56.106265
1759;1867;-108;10:54:56.106265
1758;1869;-111;10:54:56.106265
1758;1871;-113;10:54:56.106265
1759;1870;-111;10:54:56.106265
1760;1868;-108;10:54:56.106265
1759;1869;-110;10:54:56.106265
1759;1870;-111;10:54:56.106265
1761;1869;-108;10:54:56.106265
1758;1869;-111;10:54:56.106265
1757;1870;-113;10:54:56.106265
1760;1870;-110;10:54:56.106265
1760;1871;-111;10:54:56.106265
1762;1871;-109;10:54:56.106265
1765;1874;-109;10:54:56.106265
1765;1877;-112;10:54:56.106265
1764;1875;-111;10:54:56.106265
1765;1876;-111;10:54:56.106265
1769;1877;-108;10:54:56.106265
1769;1883;-114;10:54:56.106265
1770;1879;-109;10:54:56.106265
1775;1884;-109;10:54:56.106265
1774;1885;-111;10:54:56.106265
1773;1886;-113;10:54:56.106265
1772;1885;-113;10:54:56.106265
1775;1885;-110;10:54:56.106265
1777;1885;-108;10:54:56.106265
1777;1888;-111;10:54:56.106265
1779;1887;-108;10:54:56.106265
1777;1885;-108;10:54:56.106265
1778;1885;-107;10:54:56.106265
1780;1885;-105;10:54:56.106265
1778;1885;-107;10:54:56.106265
1777;1883;-106;10:54:56.106265
1776;1883;-107;10:54:56.106265
1773;1883;-110;10:54:56.106265
1767;1877;-110;10:54:56.106265
1764;1874;-110;10:54:56.106265
1765;1873;-108;10:54:56.106265
1762;1871;-109;10:54:56.106265
1759;1869;-110;10:54:56.106265
1760;1872;-112;10:54:56.106265
1756;1871;-115;10:54:56.106265
1755;1869;-114;10:54:56.106265
1756;1872;-116;10:54:56.106265
1759;1874;-115;10:54:56.106265
1759;1872;-113;10:54:56.106265
1760;1872;-112;10:54:56.106265
1760;1874;-114;10:54:56.106265
1760;1875;-115;10:54:56.106265
1759;1876;-117;10:54:56.106265
1760;1873;-113;10:54:56.106265
1760;1870;-110;10:54:56.106265
1759;1865;-106;10:54:56.107263
1754;1865;-111;10:54:56.107263
1751;1865;-114;10:54:56.107263
1752;1864;-112;10:54:56.107263
1752;1863;-111;10:54:56.107263
1752;1864;-112;10:54:56.107263
1753;1866;-113;10:54:56.107263
1754;1868;-114;10:54:56.107263
1755;1867;-112;10:54:56.107263
1761;1868;-107;10:54:56.107263
1763;1868;-105;10:54:56.107263
1763;1867;-104;10:54:56.107263
1761;1868;-107;10:54:56.107263
1760;1871;-111;10:54:56.107263
1757;1873;-116;10:54:56.107263
1758;1872;-114;10:54:56.107263
1759;1872;-113;10:54:56.107263
1759;1869;-110;10:54:56.107263
1752;1865;-113;10:54:56.107263
1749;1863;-114;10:54:56.107263
1749;1863;-114;10:54:56.107263
1750;1859;-109;10:54:56.107263
1746;1856;-110;10:54:56.107263
1743;1854;-111;10:54:56.107263
1743;1855;-112;10:54:56.107263
1738;1854;-116;10:54:56.107263
1737;1849;-112;10:54:56.107263
1738;1850;-112;10:54:56.107263
1735;1848;-113;10:54:56.107263
1737;1847;-110;10:54:56.107263
1738;1852;-114;10:54:56.107263
1741;1854;-113;10:54:56.107263
1742;1855;-113;10:54:56.107263
1746;1859;-113;10:54:56.107263
1749;1864;-115;10:54:56.107263
1751;1866;-115;10:54:56.107263
1756;1867;-111;10:54:56.107263
1757;1870;-113;10:54:56.107263
1759;1871;-112;10:54:56.107263
1761;1872;-111;10:54:56.107263
1762;1874;-112;10:54:56.107263
1763;1872;-109;10:54:56.107263
1766;1874;-108;10:54:56.107263
1767;1875;-108;10:54:56.107263
1767;1877;-110;10:54:56.107263
1762;1874;-112;10:54:56.107263
1764;1874;-110;10:54:56.107263
1765;1877;-112;10:54:56.107263
1767;1876;-109;10:54:56.107263
1768;1876;-108;10:54:56.107263
1769;1877;-108;10:54:56.107263
1768;1875;-107;10:54:56.107263
1765;1876;-111;10:54:56.107263
1768;1876;-108;10:54:56.107263
1769;1876;-107;10:54:56.107263
1767;1876;-109;10:54:56.107263
1768;1878;-110;10:54:56.107263
1768;1876;-108;10:54:56.107263
1766;1873;-107;10:54:56.107263
1764;1872;-108;10:54:56.107263
1763;1874;-111;10:54:56.107263
1762;1873;-111;10:54:56.107263
1762;1872;-110;10:54:56.107263
1761;1872;-111;10:54:56.107263
1759;1871;-112;10:54:56.107263
1754;1872;-118;10:54:56.107263
1755;1869;-114;10:54:56.107263
1757;1869;-112;10:54:56.107263
1756;1871;-115;10:54:56.107263
1759;1869;-110;10:54:56.107263
1758;1872;-114;10:54:56.107263
1757;1872;-115;10:54:56.107263
1760;1871;-111;10:54:56.107263
1760;1872;-112;10:54:56.107263
1761;1871;-110;10:54:56.107263
1758;1871;-113;10:54:56.107263
1759;1870;-111;10:54:56.107263
1758;1871;-113;10:54:56.107263
1755;1872;-117;10:54:56.107263
1757;1872;-115;10:54:56.107263
1755;1870;-115;10:54:56.107263
1754;1867;-113;10:54:56.107263
1752;1867;-115;10:54:56.107263
1753;1863;-110;10:54:56.107263
1754;1864;-110;10:54:56.107263
1757;1862;-105;10:54:56.107263
1758;1860;-102;10:54:56.107263
1756;1863;-107;10:54:56.107263
1751;1865;-114;10:54:56.107263
1754;1869;-115;10:54:56.107263
1754;1866;-112;10:54:56.107263
1749;1864;-115;10:54:56.107263
1750;1865;-115;10:54:56.107263
1752;1867;-115;10:54:56.107263
1752;1865;-113;10:54:56.107263
1749;1866;-117;10:54:56.107263
1748;1868;-120;10:54:56.107263
1748;1869;-121;10:54:56.107263
1752;1866;-114;10:54:56.107263
1752;1863;-111;10:54:56.107263
1751;1861;-110;10:54:56.107263
1749;1859;-110;10:54:56.107263
1745;1855;-110;10:54:56.107263
1745;1855;-110;10:54:56.107263
1744;1855;-111;10:54:56.107263
1742;1853;-111;10:54:56.107263
1741;1855;-114;10:54:56.107263
1739;1853;-114;10:54:56.107263
1738;1853;-115;10:54:56.107263
1741;1855;-114;10:54:56.107263
1741;1859;-118;10:54:56.107263
1742;1861;-119;10:54:56.107263
1746;1862;-116;10:54:56.107263
1751;1863;-112;10:54:56.107263
1753;1863;-110;10:54:56.107263
1752;1863;-111;10:54:56.107263
1751;1863;-112;10:54:56.107263
1750;1864;-114;10:54:56.107263
1750;1864;-114;10:54:56.107263
1750;1865;-115;10:54:56.107263
1752;1864;-112;10:54:56.107263
1753;1859;-106;10:54:56.107263
1752;1857;-105;10:54:56.107263
1752;1856;-104;10:54:56.107263
1750;1857;-107;10:54:56.107263
1749;1858;-109;10:54:56.107263
1751;1856;-105;10:54:56.107263
1747;1858;-111;10:54:56.107263
1744;1858;-114;10:54:56.107263
1746;1862;-116;10:54:56.107263
1752;1865;-113;10:54:56.107263
1760;1865;-105;10:54:56.107263
1760;1865;-105;10:54:56.107263
1760;1868;-108;10:54:56.107263
1761;1871;-110;10:54:56.107263
1762;1870;-108;10:54:56.107263
1766;1872;-106;10:54:56.107263
1759;1873;-114;10:54:56.107263
1755;1872;-117;10:54:56.107263
1750;1868;-118;10:54:56.107263
1752;1862;-110;10:54:56.107263
1753;1861;-108;10:54:56.107263
1749;1861;-112;10:54:56.107263
1748;1862;-114;10:54:56.107263
1750;1858;-108;10:54:56.107263
1750;1855;-105;10:54:56.107263
1751;1857;-106;10:54:56.107263
1753;1862;-109;10:54:56.107263
1752;1862;-110;10:54:56.107263
1754;1866;-112;10:54:56.107263
1754;1867;-113;10:54:56.107263
1759;1868;-109;10:54:56.107263
1761;1871;-110;10:54:56.107263
1765;1876;-111;10:54:56.107263
1766;1878;-112;10:54:56.107263
1765;1881;-116;10:54:56.107263
1769;1878;-109;10:54:56.107263
1771;1881;-110;10:54:56.107263
1772;1884;-112;10:54:56.107263
1771;1885;-114;10:54:56.107263
1769;1885;-116;10:54:56.107263
1768;1882;-114;10:54:56.107263
1768;1881;-113;10:54:56.107263
1770;1877;-107;10:54:56.107263
1766;1877;-111;10:54:56.107263
1767;1878;-111;10:54:56.107263
1770;1877;-107;10:54:56.107263
1772;1876;-104;10:54:56.107263
1769;1879;-110;10:54:56.107263
1766;1880;-114;10:54:56.107263
1765;1879;-114;10:54:56.107263
1766;1880;-114;10:54:56.107263
1764;1876;-112;10:54:56.107263
1764;1874;-110;10:54:56.107263
1762;1874;-112;10:54:56.107263
1762;1870;-108;10:54:56.107263
1760;1873;-113;10:54:56.107263
1758;1872;-114;10:54:56.107263
1760;1871;-111;10:54:56.107263
1761;1872;-111;10:54:56.107263
1762;1872;-110;10:54:56.107263
1765;1872;-107;10:54:56.107263
1765;1877;-112;10:54:56.107263
1768;1881;-113;10:54:56.107263
1768;1882;-114;10:54:56.107263
1767;1883;-116;10:54:56.107263
1770;1881;-111;10:54:56.107263
1773;1882;-109;10:54:56.107263
1770;1883;-113;10:54:56.107263
1769;1884;-115;10:54:56.107263
1769;1887;-118;10:54:56.107263
1772;1885;-113;10:54:56.107263
1773;1884;-111;10:54:56.107263
1774;1883;-109;10:54:56.107263
1776;1883;-107;10:54:56.107263
1773;1883;-110;10:54:56.107263
1772;1881;-109;10:54:56.107263
1772;1880;-108;10:54:56.107263
1772;1879;-107;10:54:56.107263
1770;1878;-108;10:54:56.107263
1769;1882;-113;10:54:56.107263
1766;1884;-118;10:54:56.107263
1764;1880;-116;10:54:56.107263
1762;1876;-114;10:54:56.107263
1762;1875;-113;10:54:56.107263
1760;1872;-112;10:54:56.107263
1757;1870;-113;10:54:56.107263
1757;1868;-111;10:54:56.107263
1754;1866;-112;10:54:56.107263
1754;1866;-112;10:54:56.107263
1755;1866;-111;10:54:56.107263
1755;1866;-111;10:54:56.107263
1753;1866;-113;10:54:56.107263
1751;1862;-111;10:54:56.107263
1748;1862;-114;10:54:56.107263
1746;1859;-113;10:54:56.107263
1743;1858;-115;10:54:56.107263
1741;1858;-117;10:54:56.107263
1740;1857;-117;10:54:56.107263
1741;1855;-114;10:54:56.107263
1742;1856;-114;10:54:56.107263
1739;1858;-119;10:54:56.107263
1740;1858;-118;10:54:56.107263
1742;1860;-118;10:54:56.107263
1745;1857;-112;10:54:56.107263
1743;1856;-113;10:54:56.107263
1745;1856;-111;10:54:56.107263
1742;1858;-116;10:54:56.107263
1742;1859;-117;10:54:56.107263
1741;1860;-119;10:54:56.107263
1742;1857;-115;10:54:56.107263
1743;1857;-114;10:54:56.107263
1741;1855;-114;10:54:56.107263
1739;1851;-112;10:54:56.107263
1740;1851;-111;10:54:56.107263
1741;1854;-113;10:54:56.107263
1740;1853;-113;10:54:56.107263
1742;1854;-112;10:54:56.107263
1740;1852;-112;10:54:56.107263
1739;1854;-115;10:54:56.107263
1743;1852;-109;10:54:56.107263
1743;1854;-111;10:54:56.107263
1740;1851;-111;10:54:56.107263
1742;1851;-109;10:54:56.107263
1739;1851;-112;10:54:56.107263
1740;1853;-113;10:54:56.107263
1743;1856;-113;10:54:56.107263
1743;1857;-114;10:54:56.107263
1743;1857;-114;10:54:56.107263
1746;1858;-112;10:54:56.107263
1748;1860;-112;10:54:56.107263
1748;1859;-111;10:54:56.107263
1748;1861;-113;10:54:56.107263
1748;1865;-117;10:54:56.107263
1750;1867;-117;10:54:56.107263
1757;1866;-109;10:54:56.107263
1757;1869;-112;10:54:56.107263
1760;1871;-111;10:54:56.107263
1763;1873;-110;10:54:56.107263
1762;1873;-111;10:54:56.107263
1763;1873;-110;10:54:56.107263
1762;1872;-110;10:54:56.107263
1761;1874;-113;10:54:56.107263
1761;1873;-112;10:54:56.107263
1759;1872;-113;10:54:56.107263
1758;1872;-114;10:54:56.107263
1762;1874;-112;10:54:56.107263
1763;1871;-108;10:54:56.107263
1763;1869;-106;10:54:56.107263
1766;1871;-105;10:54:56.107263
1767;1873;-106;10:54:56.107263
1765;1876;-111;10:54:56.107263
1767;1876;-109;10:54:56.107263
1768;1878;-110;10:54:56.107263
1767;1878;-111;10:54:56.107263
1766;1878;-112;10:54:56.107263
1763;1881;-118;10:54:56.107263
1767;1882;-115;10:54:56.107263
1767;1880;-113;10:54:56.107263
1769;1881;-112;10:54:56.107263
1769;1881;-112;10:54:56.107263
1770;1882;-112;10:54:56.107263
1773;1883;-110;10:54:56.107263
1772;1884;-112;10:54:56.107263
1773;1887;-114;10:54:56.107263
1775;1887;-112;10:54:56.107263
1776;1887;-111;10:54:56.107263
1773;1883;-110;10:54:56.107263
1770;1882;-112;10:54:56.107263
1771;1882;-111;10:54:56.107263
1773;1880;-107;10:54:56.107263
1770;1880;-110;10:54:56.107263
1770;1882;-112;10:54:56.107263
1769;1885;-116;10:54:56.107263
1769;1883;-114;10:54:56.107263
1771;1881;-110;10:54:56.107263
1774;1881;-107;10:54:56.107263
1776;1883;-107;10:54:56.107263
1778;1883;-105;10:54:56.107263
1778;1882;-104;10:54:56.107263
1776;1883;-107;10:54:56.107263
1776;1887;-111;10:54:56.107263
1778;1888;-110;10:54:56.107263
1777;1888;-111;10:54:56.107263
1774;1886;-112;10:54:56.107263
1772;1886;-114;10:54:56.107263
1770;1883;-113;10:54:56.107263
1769;1878;-109;10:54:56.107263
1766;1875;-109;10:54:56.107263
1763;1877;-114;10:54:56.107263
1763;1874;-111;10:54:56.107263
1763;1875;-112;10:54:56.107263
1764;1873;-109;10:54:56.107263
1761;1874;-113;10:54:56.107263
1762;1874;-112;10:54:56.107263
1762;1874;-112;10:54:56.107263
1760;1874;-114;10:54:56.107263
1762;1873;-111;10:54:56.107263
1764;1874;-110;10:54:56.107263
1768;1877;-109;10:54:56.107263
1768;1877;-109;10:54:56.107263
1761;1878;-117;10:54:56.107263
1761;1875;-114;10:54:56.107263
1761;1875;-114;10:54:56.107263
1759;1874;-115;10:54:56.107263
1759;1875;-116;10:54:56.107263
1758;1874;-116;10:54:56.107263
1760;1873;-113;10:54:56.107263
1761;1875;-114;10:54:56.107263
1765;1875;-110;10:54:56.107263
1764;1876;-112;10:54:56.107263
1761;1873;-112;10:54:56.107263
1761;1874;-113;10:54:56.107263
1757;1877;-120;10:54:56.107263
1758;1874;-116;10:54:56.107263
1758;1876;-118;10:54:56.107263
1759;1874;-115;10:54:56.107263
1756;1869;-113;10:54:56.107263
1757;1870;-113;10:54:56.107263
1756;1871;-115;10:54:56.107263
1757;1873;-116;10:54:56.107263
1758;1874;-116;10:54:56.107263
1758;1875;-117;10:54:56.107263
1756;1872;-116;10:54:56.107263
1756;1870;-114;10:54:56.107263
1758;1871;-113;10:54:56.107263
1755;1869;-114;10:54:56.107263
1753;1870;-117;10:54:56.107263
1751;1871;-120;10:54:56.107263
1752;1869;-117;10:54:56.107263
1752;1866;-114;10:54:56.107263
1749;1866;-117;10:54:56.107263
1750;1866;-116;10:54:56.107263
1751;1864;-113;10:54:56.107263
1749;1861;-112;10:54:56.107263
1749;1862;-113;10:54:56.107263
1747;1863;-116;10:54:56.107263
1745;1864;-119;10:54:56.107263
1745;1863;-118;10:54:56.107263
1747;1863;-116;10:54:56.107263
1748;1863;-115;10:54:56.107263
1749;1864;-115;10:54:56.107263
1751;1860;-109;10:54:56.107263
1754;1863;-109;10:54:56.107263
1757;1865;-108;10:54:56.107263
1757;1866;-109;10:54:56.107263
1756;1870;-114;10:54:56.107263
1758;1870;-112;10:54:56.107263
1760;1874;-114;10:54:56.107263
1760;1875;-115;10:54:56.107263
1761;1873;-112;10:54:56.107263
1759;1873;-114;10:54:56.107263
1761;1872;-111;10:54:56.107263
1762;1872;-110;10:54:56.107263
1761;1872;-111;10:54:56.107263
1761;1873;-112;10:54:56.107263
1759;1874;-115;10:54:56.107263
1758;1869;-111;10:54:56.107263
1756;1868;-112;10:54:56.107263
1756;1866;-110;10:54:56.107263
1754;1867;-113;10:54:56.107263
1752;1867;-115;10:54:56.107263
1752;1868;-116;10:54:56.107263
1751;1864;-113;10:54:56.107263
1750;1864;-114;10:54:56.107263
1747;1862;-115;10:54:56.107263
1749;1862;-113;10:54:56.107263
1749;1862;-113;10:54:56.107263
1747;1858;-111;10:54:56.107263
1745;1858;-113;10:54:56.107263
1745;1859;-114;10:54:56.107263
1744;1859;-115;10:54:56.107263
1747;1860;-113;10:54:56.107263
1751;1863;-112;10:54:56.107263
1752;1863;-111;10:54:56.107263
1752;1864;-112;10:54:56.107263
1751;1865;-114;10:54:56.107263
1754;1868;-114;10:54:56.107263
1757;1872;-115;10:54:56.107263
1760;1872;-112;10:54:56.107263
1762;1875;-113;10:54:56.107263
1762;1874;-112;10:54:56.107263
1761;1874;-113;10:54:56.107263
1762;1878;-116;10:54:56.107263
1765;1878;-113;10:54:56.107263
1762;1877;-115;10:54:56.107263
1759;1877;-118;10:54:56.107263
1760;1875;-115;10:54:56.107263
1760;1872;-112;10:54:56.107263
1757;1870;-113;10:54:56.107263
1757;1870;-113;10:54:56.107263
1757;1870;-113;10:54:56.107263
1756;1866;-110;10:54:56.107263
1752;1866;-114;10:54:56.107263
1752;1865;-113;10:54:56.107263
1746;1861;-115;10:54:56.107263
1748;1864;-116;10:54:56.107263
1749;1862;-113;10:54:56.107263
1745;1862;-117;10:54:56.107263
1743;1861;-118;10:54:56.107263
1748;1863;-115;10:54:56.107263
1747;1862;-115;10:54:56.107263
1748;1863;-115;10:54:56.107263
1751;1864;-113;10:54:56.107263
1750;1862;-112;10:54:56.107263
1747;1862;-115;10:54:56.107263
1746;1861;-115;10:54:56.107263
1748;1859;-111;10:54:56.107263
1745;1860;-115;10:54:56.107263
1746;1858;-112;10:54:56.107263
1746;1860;-114;10:54:56.107263
1747;1858;-111;10:54:56.107263
1748;1861;-113;10:54:56.107263
1748;1863;-115;10:54:56.107263
1750;1862;-112;10:54:56.107263
1752;1863;-111;10:54:56.107263
1754;1866;-112;10:54:56.107263
1752;1866;-114;10:54:56.107263
1752;1866;-114;10:54:56.107263
1751;1867;-116;10:54:56.107263
1752;1868;-116;10:54:56.107263
1754;1869;-115;10:54:56.107263
1757;1869;-112;10:54:56.107263
1756;1869;-113;10:54:56.107263
1758;1868;-110;10:54:56.107263
1757;1868;-111;10:54:56.107263
1757;1870;-113;10:54:56.107263
1757;1871;-114;10:54:56.107263
1753;1870;-117;10:54:56.107263
1753;1866;-113;10:54:56.107263
1754;1864;-110;10:54:56.107263
1753;1864;-111;10:54:56.107263
1755;1867;-112;10:54:56.107263
1758;1869;-111;10:54:56.107263
1758;1870;-112;10:54:56.107263
1758;1872;-114;10:54:56.107263
1761;1874;-113;10:54:56.107263
1762;1874;-112;10:54:56.107263
1762;1871;-109;10:54:56.107263
1759;1870;-111;10:54:56.107263
1758;1870;-112;10:54:56.107263
1759;1872;-113;10:54:56.107263
1758;1871;-113;10:54:56.107263
1759;1873;-114;10:54:56.107263
1761;1873;-112;10:54:56.107263
1763;1873;-110;10:54:56.107263
1765;1873;-108;10:54:56.107263
1766;1874;-108;10:54:56.107263
1766;1876;-110;10:54:56.107263
1767;1877;-110;10:54:56.107263
1768;1880;-112;10:54:56.107263
1769;1879;-110;10:54:56.107263
1769;1881;-112;10:54:56.107263
1768;1881;-113;10:54:56.107263
1771;1883;-112;10:54:56.107263
1769;1882;-113;10:54:56.107263
1771;1881;-110;10:54:56.107263
1770;1881;-111;10:54:56.107263
1772;1884;-112;10:54:56.107263
1774;1883;-109;10:54:56.107263
1775;1883;-108;10:54:56.107263
1774;1883;-109;10:54:56.107263
1776;1884;-108;10:54:56.107263
1777;1884;-107;10:54:56.107263
1777;1885;-108;10:54:56.107263
1779;1886;-107;10:54:56.107263
1779;1886;-107;10:54:56.107263
1781;1886;-105;10:54:56.107263
1779;1885;-106;10:54:56.107263
1778;1882;-104;10:54:56.107263
1776;1882;-106;10:54:56.107263
1777;1883;-106;10:54:56.107263
1777;1883;-106;10:54:56.107263
1776;1882;-106;10:54:56.107263
1773;1881;-108;10:54:56.107263
1773;1882;-109;10:54:56.107263
1772;1881;-109;10:54:56.107263
1771;1882;-111;10:54:56.107263
1770;1883;-113;10:54:56.107263
1774;1885;-111;10:54:56.107263
1772;1887;-115;10:54:56.107263
1771;1887;-116;10:54:56.107263
1775;1884;-109;10:54:56.107263
1775;1883;-108;10:54:56.107263
1775;1881;-106;10:54:56.107263
1774;1883;-109;10:54:56.107263
1775;1883;-108;10:54:56.107263
1775;1883;-108;10:54:56.107263
1771;1882;-111;10:54:56.107263
1772;1884;-112;10:54:56.107263
1768;1879;-111;10:54:56.107263
1767;1878;-111;10:54:56.107263
1767;1877;-110;10:54:56.107263
1765;1876;-111;10:54:56.107263
1765;1874;-109;10:54:56.107263
1764;1875;-111;10:54:56.107263
1762;1875;-113;10:54:56.107263
1763;1875;-112;10:54:56.107263
1765;1877;-112;10:54:56.107263
1767;1875;-108;10:54:56.107263
1765;1876;-111;10:54:56.107263
1764;1876;-112;10:54:56.107263
1764;1878;-114;10:54:56.107263
1764;1877;-113;10:54:56.107263
1765;1877;-112;10:54:56.107263
1765;1875;-110;10:54:56.107263
1761;1874;-113;10:54:56.107263
1758;1873;-115;10:54:56.107263
1756;1870;-114;10:54:56.107263
1753;1870;-117;10:54:56.107263
1755;1868;-113;10:54:56.107263
1753;1864;-111;10:54:56.107263
1752;1861;-109;10:54:56.107263
1748;1859;-111;10:54:56.107263
1747;1856;-109;10:54:56.107263
1744;1856;-112;10:54:56.107263
1744;1854;-110;10:54:56.107263
1743;1854;-111;10:54:56.107263
1742;1853;-111;10:54:56.107263
1740;1852;-112;10:54:56.107263
1738;1852;-114;10:54:56.107263
1738;1852;-114;10:54:56.107263
1736;1851;-115;10:54:56.107263
1735;1852;-117;10:54:56.107263
1737;1854;-117;10:54:56.107263
1740;1853;-113;10:54:56.107263
1738;1855;-117;10:54:56.107263
1739;1854;-115;10:54:56.107263
1742;1853;-111;10:54:56.107263
1741;1855;-114;10:54:56.107263
1743;1854;-111;10:54:56.107263
1741;1855;-114;10:54:56.107263
1740;1855;-115;10:54:56.107263
1743;1856;-113;10:54:56.107263
1745;1857;-112;10:54:56.107263
1744;1856;-112;10:54:56.107263
1743;1856;-113;10:54:56.107263
1745;1856;-111;10:54:56.107263
1742;1855;-113;10:54:56.107263
1741;1856;-115;10:54:56.107263
1745;1858;-113;10:54:56.107263
1747;1862;-115;10:54:56.107263
1745;1859;-114;10:54:56.107263
1746;1859;-113;10:54:56.107263
1745;1858;-113;10:54:56.107263
1745;1856;-111;10:54:56.107263
1745;1854;-109;10:54:56.107263
1746;1854;-108;10:54:56.107263
1745;1853;-108;10:54:56.107263
1745;1851;-106;10:54:56.107263
1743;1853;-110;10:54:56.107263
1741;1852;-111;10:54:56.107263
1742;1851;-109;10:54:56.107263
1745;1851;-106;10:54:56.107263
1742;1852;-110;10:54:56.107263
1741;1854;-113;10:54:56.107263
1744;1855;-111;10:54:56.107263
1744;1859;-115;10:54:56.107263
1745;1856;-111;10:54:56.107263
1746;1857;-111;10:54:56.107263
1748;1858;-110;10:54:56.107263
1748;1860;-112;10:54:56.107263
1747;1860;-113;10:54:56.107263
1750;1863;-113;10:54:56.107263
1752;1864;-112;10:54:56.107263
1750;1864;-114;10:54:56.107263
1752;1863;-111;10:54:56.107263
1753;1864;-111;10:54:56.107263
1753;1866;-113;10:54:56.107263
1753;1866;-113;10:54:56.107263
1754;1869;-115;10:54:56.107263
1756;1867;-111;10:54:56.107263
1759;1868;-109;10:54:56.107263
1760;1870;-110;10:54:56.107263
1762;1872;-110;10:54:56.107263
1760;1871;-111;10:54:56.107263
1762;1871;-109;10:54:56.107263
1761;1872;-111;10:54:56.107263
1760;1872;-112;10:54:56.107263
1759;1873;-114;10:54:56.107263
1759;1871;-112;10:54:56.107263
1761;1869;-108;10:54:56.107263
1760;1869;-109;10:54:56.107263
1760;1871;-111;10:54:56.107263
1762;1873;-111;10:54:56.107263
1762;1871;-109;10:54:56.107263
1763;1872;-109;10:54:56.107263
1765;1874;-109;10:54:56.107263
1769;1876;-107;10:54:56.107263
1769;1877;-108;10:54:56.107263
1766;1879;-113;10:54:56.107263
1767;1880;-113;10:54:56.107263
1770;1878;-108;10:54:56.107263
1772;1880;-108;10:54:56.107263
1774;1882;-108;10:54:56.107263
1770;1881;-111;10:54:56.107263
1769;1883;-114;10:54:56.107263
1771;1882;-111;10:54:56.107263
1767;1880;-113;10:54:56.107263
1768;1881;-113;10:54:56.107263
1768;1884;-116;10:54:56.107263
1765;1881;-116;10:54:56.107263
1766;1880;-114;10:54:56.107263
1765;1883;-118;10:54:56.107263
1766;1881;-115;10:54:56.107263
1767;1880;-113;10:54:56.107263
1768;1881;-113;10:54:56.107263
1769;1880;-111;10:54:56.107263
1768;1877;-109;10:54:56.107263
1767;1876;-109;10:54:56.107263
1766;1876;-110;10:54:56.107263
1765;1873;-108;10:54:56.107263
1763;1872;-109;10:54:56.107263
1761;1871;-110;10:54:56.107263
1761;1871;-110;10:54:56.107263
1760;1869;-109;10:54:56.107263
1759;1870;-111;10:54:56.107263
1760;1873;-113;10:54:56.107263
1761;1871;-110;10:54:56.107263
1764;1872;-108;10:54:56.107263
1765;1874;-109;10:54:56.107263
1767;1876;-109;10:54:56.107263
1766;1876;-110;10:54:56.107263
1767;1880;-113;10:54:56.107263
1768;1879;-111;10:54:56.107263
1769;1878;-109;10:54:56.107263
1766;1878;-112;10:54:56.107263
1763;1880;-117;10:54:56.107263
1763;1877;-114;10:54:56.107263
1765;1878;-113;10:54:56.107263
1765;1880;-115;10:54:56.107263
1764;1881;-117;10:54:56.107263
1765;1880;-115;10:54:56.107263
1767;1883;-116;10:54:56.107263
1766;1880;-114;10:54:56.107263
1766;1879;-113;10:54:56.107263
1767;1880;-113;10:54:56.107263
1769;1878;-109;10:54:56.107263
1768;1876;-108;10:54:56.107263
1765;1875;-110;10:54:56.107263
1759;1874;-115;10:54:56.107263
1758;1875;-117;10:54:56.107263
1760;1873;-113;10:54:56.107263
1759;1873;-114;10:54:56.107263
1759;1871;-112;10:54:56.107263
1763;1873;-110;10:54:56.107263
1762;1874;-112;10:54:56.107263
1761;1873;-112;10:54:56.107263
1763;1874;-111;10:54:56.107263
1767;1874;-107;10:54:56.107263
1767;1877;-110;10:54:56.107263
1766;1878;-112;10:54:56.107263
1770;1879;-109;10:54:56.107263
1768;1881;-113;10:54:56.107263
1765;1884;-119;10:54:56.107263
1765;1882;-117;10:54:56.107263
1766;1881;-115;10:54:56.107263
1767;1879;-112;10:54:56.107263
1766;1877;-111;10:54:56.107263
1764;1876;-112;10:54:56.107263
1762;1877;-115;10:54:56.107263
1761;1877;-116;10:54:56.107263
1762;1874;-112;10:54:56.107263
1761;1873;-112;10:54:56.107263
1760;1874;-114;10:54:56.107263
1759;1873;-114;10:54:56.107263
1759;1870;-111;10:54:56.107263
1757;1870;-113;10:54:56.107263
1755;1870;-115;10:54:56.107263
1756;1868;-112;10:54:56.107263
1756;1868;-112;10:54:56.107263
1752;1870;-118;10:54:56.107263
1752;1868;-116;10:54:56.107263
1751;1868;-117;10:54:56.107263
1750;1868;-118;10:54:56.107263
1755;1868;-113;10:54:56.107263
1756;1868;-112;10:54:56.107263
1755;1869;-114;10:54:56.107263
1756;1873;-117;10:54:56.107263
1756;1870;-114;10:54:56.107263
1756;1869;-113;10:54:56.107263
1757;1871;-114;10:54:56.107263
1755;1874;-119;10:54:56.107263
1754;1873;-119;10:54:56.107263
1755;1870;-115;10:54:56.107263
1756;1870;-114;10:54:56.107263
1754;1869;-115;10:54:56.107263
1754;1868;-114;10:54:56.107263
1756;1870;-114;10:54:56.107263
1756;1867;-111;10:54:56.107263
1755;1866;-111;10:54:56.107263
1754;1867;-113;10:54:56.107263
1752;1864;-112;10:54:56.107263
1748;1863;-115;10:54:56.107263
1744;1861;-117;10:54:56.107263
1744;1861;-117;10:54:56.107263
1746;1858;-112;10:54:56.107263
1745;1857;-112;10:54:56.107263
1742;1856;-114;10:54:56.107263
1740;1856;-116;10:54:56.107263
1738;1856;-118;10:54:56.107263
1736;1853;-117;10:54:56.107263
1735;1853;-118;10:54:56.107263
1733;1850;-117;10:54:56.107263
1734;1851;-117;10:54:56.107263
1730;1851;-121;10:54:56.107263
1730;1853;-123;10:54:56.107263
1729;1851;-122;10:54:56.107263
1730;1850;-120;10:54:56.107263
1733;1848;-115;10:54:56.107263
1735;1851;-116;10:54:56.107263
1736;1851;-115;10:54:56.107263
1738;1850;-112;10:54:56.107263
1736;1851;-115;10:54:56.107263
1734;1851;-117;10:54:56.107263
1734;1851;-117;10:54:56.107263
1736;1853;-117;10:54:56.107263
1738;1854;-116;10:54:56.107263
1736;1857;-121;10:54:56.107263
1736;1856;-120;10:54:56.107263
1737;1854;-117;10:54:56.107263
1736;1853;-117;10:54:56.107263
1735;1853;-118;10:54:56.107263
1732;1853;-121;10:54:56.107263
1735;1854;-119;10:54:56.107263
1740;1855;-115;10:54:56.107263
1738;1854;-116;10:54:56.107263
1736;1854;-118;10:54:56.107263
1737;1858;-121;10:54:56.107263
1736;1855;-119;10:54:56.107263
1736;1853;-117;10:54:56.107263
1739;1853;-114;10:54:56.107263
1740;1852;-112;10:54:56.107263
1739;1851;-112;10:54:56.107263
1737;1852;-115;10:54:56.107263
1735;1854;-119;10:54:56.107263
1735;1855;-120;10:54:56.107263
1739;1854;-115;10:54:56.107263
1738;1852;-114;10:54:56.107263
1739;1849;-110;10:54:56.107263
1740;1852;-112;10:54:56.107263
1740;1856;-116;10:54:56.107263
1739;1856;-117;10:54:56.107263
1743;1860;-117;10:54:56.107263
1749;1863;-114;10:54:56.107263
1752;1866;-114;10:54:56.107263
1751;1868;-117;10:54:56.107263
1752;1870;-118;10:54:56.107263
1755;1870;-115;10:54:56.107263
1759;1869;-110;10:54:56.107263
1757;1871;-114;10:54:56.107263
1757;1869;-112;10:54:56.107263
1759;1872;-113;10:54:56.107263
1761;1873;-112;10:54:56.107263
1761;1874;-113;10:54:56.107263
1763;1874;-111;10:54:56.107263
1764;1874;-110;10:54:56.107263
1763;1875;-112;10:54:56.107263
1762;1875;-113;10:54:56.107263
1766;1877;-111;10:54:56.107263
1766;1877;-111;10:54:56.107263
1766;1874;-108;10:54:56.107263
1768;1878;-110;10:54:56.107263
1766;1877;-111;10:54:56.107263
1766;1876;-110;10:54:56.107263
1769;1879;-110;10:54:56.107263
1770;1883;-113;10:54:56.107263
1768;1885;-117;10:54:56.107263
1772;1887;-115;10:54:56.107263
1777;1888;-111;10:54:56.107263
1779;1889;-110;10:54:56.107263
1778;1888;-110;10:54:56.107263
1779;1890;-111;10:54:56.107263
1779;1894;-115;10:54:56.107263
1780;1893;-113;10:54:56.107263
1782;1892;-110;10:54:56.107263
1779;1892;-113;10:54:56.107263
1779;1891;-112;10:54:56.107263
1778;1891;-113;10:54:56.107263
1775;1892;-117;10:54:56.107263
1774;1889;-115;10:54:56.107263
1775;1887;-112;10:54:56.107263
1776;1886;-110;10:54:56.107263
1778;1885;-107;10:54:56.107263
1774;1886;-112;10:54:56.107263
1775;1886;-111;10:54:56.107263
1774;1883;-109;10:54:56.107263
1772;1883;-111;10:54:56.107263
1773;1880;-107;10:54:56.107263
1773;1881;-108;10:54:56.107263
1771;1883;-112;10:54:56.107263
1773;1883;-110;10:54:56.107263
1776;1887;-111;10:54:56.107263
1774;1887;-113;10:54:56.107263
1772;1888;-116;10:54:56.107263
1773;1887;-114;10:54:56.107263
1774;1884;-110;10:54:56.107263
1774;1885;-111;10:54:56.107263
1776;1884;-108;10:54:56.107263
1774;1884;-110;10:54:56.107263
1773;1884;-111;10:54:56.107263
1772;1882;-110;10:54:56.107263
1774;1884;-110;10:54:56.107263
1771;1883;-112;10:54:56.107263
1770;1882;-112;10:54:56.107263
1773;1882;-109;10:54:56.107263
1772;1883;-111;10:54:56.107263
1770;1881;-111;10:54:56.107263
1768;1880;-112;10:54:56.107263
1769;1882;-113;10:54:56.107263
1767;1879;-112;10:54:56.107263
1766;1877;-111;10:54:56.107263
1760;1874;-114;10:54:56.107263
1757;1870;-113;10:54:56.107263
1755;1870;-115;10:54:56.107263
1751;1868;-117;10:54:56.107263
1748;1866;-118;10:54:56.107263
1748;1864;-116;10:54:56.107263
1749;1865;-116;10:54:56.107263
1748;1865;-117;10:54:56.107263
1748;1862;-114;10:54:56.107263
1748;1861;-113;10:54:56.107263
1746;1861;-115;10:54:56.107263
1742;1859;-117;10:54:56.107263
1742;1859;-117;10:54:56.107263
1744;1858;-114;10:54:56.107263
1741;1858;-117;10:54:56.107263
1739;1858;-119;10:54:56.107263
1740;1858;-118;10:54:56.107263
1741;1858;-117;10:54:56.107263
1741;1857;-116;10:54:56.107263
1745;1856;-111;10:54:56.107263
1745;1858;-113;10:54:56.107263
1746;1856;-110;10:54:56.107263
1745;1856;-111;10:54:56.107263
1743;1858;-115;10:54:56.107263
1743;1859;-116;10:54:56.107263
1740;1860;-120;10:54:56.107263
1740;1860;-120;10:54:56.107263
1740;1858;-118;10:54:56.107263
1739;1856;-117;10:54:56.107263
1737;1854;-117;10:54:56.107263
1735;1851;-116;10:54:56.107263
1733;1848;-115;10:54:56.107263
1731;1847;-116;10:54:56.107263
1731;1845;-114;10:54:56.107263
1727;1845;-118;10:54:56.107263
1724;1843;-119;10:54:56.107263
1727;1844;-117;10:54:56.107263
1730;1840;-110;10:54:56.107263
1727;1838;-111;10:54:56.107263
1725;1839;-114;10:54:56.107263
1724;1840;-116;10:54:56.107263
1723;1839;-116;10:54:56.107263
1725;1839;-114;10:54:56.107263
1725;1841;-116;10:54:56.107263
1724;1843;-119;10:54:56.107263
1725;1845;-120;10:54:56.107263
1727;1847;-120;10:54:56.107263
1730;1846;-116;10:54:56.107263
1733;1849;-116;10:54:56.107263
1734;1851;-117;10:54:56.107263
1736;1854;-118;10:54:56.107263
1739;1856;-117;10:54:56.107263
1743;1858;-115;10:54:56.107263
1746;1861;-115;10:54:56.107263
1746;1863;-117;10:54:56.107263
1749;1865;-116;10:54:56.107263
1751;1866;-115;10:54:56.107263
1749;1866;-117;10:54:56.107263
1753;1867;-114;10:54:56.107263
1759;1872;-113;10:54:56.107263
1759;1872;-113;10:54:56.107263
1762;1874;-112;10:54:56.107263
1764;1877;-113;10:54:56.107263
1767;1878;-111;10:54:56.107263
1768;1879;-111;10:54:56.107263
1769;1880;-111;10:54:56.107263
1770;1884;-114;10:54:56.107263
1772;1886;-114;10:54:56.107263
1772;1886;-114;10:54:56.107263
1773;1887;-114;10:54:56.107263
1776;1887;-111;10:54:56.107263
1775;1885;-110;10:54:56.107263
1776;1882;-106;10:54:56.107263
1775;1883;-108;10:54:56.107263
1775;1883;-108;10:54:56.107263
1774;1882;-108;10:54:56.107263
1775;1883;-108;10:54:56.107263
1776;1883;-107;10:54:56.107263
1775;1884;-109;10:54:56.107263
1775;1884;-109;10:54:56.107263
1777;1886;-109;10:54:56.107263
1779;1885;-106;10:54:56.107263
1779;1886;-107;10:54:56.107263
1776;1887;-111;10:54:56.107263
1775;1890;-115;10:54:56.107263
1778;1892;-114;10:54:56.107263
1779;1891;-112;10:54:56.107263
1779;1888;-109;10:54:56.107263
1779;1889;-110;10:54:56.107263
1778;1889;-111;10:54:56.107263
1781;1891;-110;10:54:56.107263
1780;1892;-112;10:54:56.107263
1782;1892;-110;10:54:56.107263
1783;1894;-111;10:54:56.107263
1786;1892;-106;10:54:56.107263
1785;1894;-109;10:54:56.107263
1784;1895;-111;10:54:56.107263
1782;1896;-114;10:54:56.107263
1782;1896;-114;10:54:56.107263
1783;1897;-114;10:54:56.107263
1787;1895;-108;10:54:56.107263
1786;1892;-106;10:54:56.107263
1784;1889;-105;10:54:56.107263
1783;1887;-104;10:54:56.107263
1779;1883;-104;10:54:56.107263
1779;1885;-106;10:54:56.107263
1775;1884;-109;10:54:56.107263
1773;1885;-112;10:54:56.107263
1772;1884;-112;10:54:56.107263
1767;1883;-116;10:54:56.107263
1766;1882;-116;10:54:56.107263
1767;1882;-115;10:54:56.107263
1767;1879;-112;10:54:56.107263
1764;1877;-113;10:54:56.107263
1764;1878;-114;10:54:56.107263
1762;1877;-115;10:54:56.107263
1761;1875;-114;10:54:56.107263
1759;1873;-114;10:54:56.107263
1760;1876;-116;10:54:56.107263
1758;1873;-115;10:54:56.107263
1758;1872;-114;10:54:56.107263
1754;1871;-117;10:54:56.107263
1752;1868;-116;10:54:56.107263
1752;1866;-114;10:54:56.107263
1749;1865;-116;10:54:56.107263
1745;1864;-119;10:54:56.107263
1745;1863;-118;10:54:56.107263
1742;1864;-122;10:54:56.107263
1740;1863;-123;10:54:56.107263
1740;1864;-124;10:54:56.107263
1740;1861;-121;10:54:56.107263
1740;1862;-122;10:54:56.107263
1741;1861;-120;10:54:56.107263
1742;1860;-118;10:54:56.107263
1742;1858;-116;10:54:56.107263
1741;1857;-116;10:54:56.107263
1741;1857;-116;10:54:56.107263
1739;1857;-118;10:54:56.107263
1738;1856;-118;10:54:56.107263
1740;1855;-115;10:54:56.107263
1744;1855;-111;10:54:56.107263
1743;1856;-113;10:54:56.107263
1739;1856;-117;10:54:56.107263
1741;1857;-116;10:54:56.107263
1744;1858;-114;10:54:56.107263
1741;1855;-114;10:54:56.107263
1742;1855;-113;10:54:56.107263
1740;1859;-119;10:54:56.107263
1739;1858;-119;10:54:56.107263
1738;1857;-119;10:54:56.107263
1741;1856;-115;10:54:56.107263
1740;1856;-116;10:54:56.107263
1741;1854;-113;10:54:56.107263
1742;1855;-113;10:54:56.107263
1738;1853;-115;10:54:56.107263
1735;1851;-116;10:54:56.107263
1735;1853;-118;10:54:56.107263
1736;1852;-116;10:54:56.107263
1737;1849;-112;10:54:56.107263
1732;1849;-117;10:54:56.107263
1731;1852;-121;10:54:56.107263
1734;1852;-118;10:54:56.107263
1735;1853;-118;10:54:56.107263
1736;1851;-115;10:54:56.107263
1738;1854;-116;10:54:56.107263
1738;1856;-118;10:54:56.107263
1742;1857;-115;10:54:56.107263
1743;1858;-115;10:54:56.107263
1746;1860;-114;10:54:56.107263
1748;1862;-114;10:54:56.107263
1750;1865;-115;10:54:56.107263
1750;1865;-115;10:54:56.107263
1747;1862;-115;10:54:56.107263
1748;1864;-116;10:54:56.107263
1752;1866;-114;10:54:56.107263
1754;1867;-113;10:54:56.107263
1752;1864;-112;10:54:56.107263
1754;1866;-112;10:54:56.107263
1756;1866;-110;10:54:56.107263
1756;1866;-110;10:54:56.107263
1757;1869;-112;10:54:56.107263
1756;1867;-111;10:54:56.107263
1758;1867;-109;10:54:56.107263
1757;1867;-110;10:54:56.107263
1756;1870;-114;10:54:56.107263
1754;1868;-114;10:54:56.107263
1755;1872;-117;10:54:56.107263
1754;1871;-117;10:54:56.107263
1754;1870;-116;10:54:56.108259
1755;1871;-116;10:54:56.108259
1755;1869;-114;10:54:56.108259
1756;1870;-114;10:54:56.108259
1756;1870;-114;10:54:56.108259
1756;1870;-114;10:54:56.108259
1755;1868;-113;10:54:56.108259
1755;1872;-117;10:54:56.108259
1759;1873;-114;10:54:56.108259
1758;1872;-114;10:54:56.108259
1757;1869;-112;10:54:56.108259
1760;1873;-113;10:54:56.108259
1759;1875;-116;10:54:56.108259
1758;1874;-116;10:54:56.108259
1758;1876;-118;10:54:56.108259
1761;1877;-116;10:54:56.108259
1763;1877;-114;10:54:56.108259
1765;1880;-115;10:54:56.108259
1766;1881;-115;10:54:56.108259
1768;1879;-111;10:54:56.108259
1769;1882;-113;10:54:56.108259
1768;1882;-114;10:54:56.108259
1767;1883;-116;10:54:56.108259
1765;1881;-116;10:54:56.108259
1766;1883;-117;10:54:56.108259
1767;1882;-115;10:54:56.108259
1760;1880;-120;10:54:56.108259
1758;1879;-121;10:54:56.108259
1758;1875;-117;10:54:56.108259
1758;1872;-114;10:54:56.108259
1759;1872;-113;10:54:56.108259
1759;1871;-112;10:54:56.108259
1756;1866;-110;10:54:56.108259
1753;1869;-116;10:54:56.108259
1755;1867;-112;10:54:56.108259
1755;1866;-111;10:54:56.108259
1755;1865;-110;10:54:56.108259
1758;1870;-112;10:54:56.108259
1759;1874;-115;10:54:56.108259
1760;1875;-115;10:54:56.108259
1757;1875;-118;10:54:56.108259
1756;1877;-121;10:54:56.108259
1757;1878;-121;10:54:56.108259
1759;1877;-118;10:54:56.108259
1760;1875;-115;10:54:56.108259
1757;1876;-119;10:54:56.108259
1759;1878;-119;10:54:56.108259
1762;1880;-118;10:54:56.108259
1761;1879;-118;10:54:56.108259
1762;1876;-114;10:54:56.108259
1765;1876;-111;10:54:56.108259
1764;1874;-110;10:54:56.108259
1759;1871;-112;10:54:56.108259
1754;1871;-117;10:54:56.108259
1754;1872;-118;10:54:56.108259
1752;1870;-118;10:54:56.108259
1752;1868;-116;10:54:56.108259
1753;1868;-115;10:54:56.108259
1751;1869;-118;10:54:56.108259
1751;1866;-115;10:54:56.108259
1751;1866;-115;10:54:56.108259
1751;1866;-115;10:54:56.108259
1751;1863;-112;10:54:56.108259
1751;1865;-114;10:54:56.108259
1749;1865;-116;10:54:56.108259
1748;1866;-118;10:54:56.108259
1751;1865;-114;10:54:56.108259
1753;1866;-113;10:54:56.108259
1753;1866;-113;10:54:56.108259
1754;1866;-112;10:54:56.108259
1754;1868;-114;10:54:56.108259
1756;1865;-109;10:54:56.108259
1754;1866;-112;10:54:56.108259
1753;1866;-113;10:54:56.108259
1751;1869;-118;10:54:56.108259
1749;1870;-121;10:54:56.108259
1750;1869;-119;10:54:56.108259
1750;1871;-121;10:54:56.108259
1756;1872;-116;10:54:56.108259
1758;1870;-112;10:54:56.108259
1758;1870;-112;10:54:56.108259
1759;1871;-112;10:54:56.108259
1760;1872;-112;10:54:56.108259
1762;1873;-111;10:54:56.108259
1762;1874;-112;10:54:56.108259
1758;1873;-115;10:54:56.108259
1757;1871;-114;10:54:56.108259
1757;1870;-113;10:54:56.108259
1756;1871;-115;10:54:56.108259
1758;1871;-113;10:54:56.108259
1757;1870;-113;10:54:56.108259
1757;1867;-110;10:54:56.108259
1756;1864;-108;10:54:56.108259
1756;1864;-108;10:54:56.108259
1756;1864;-108;10:54:56.108259
1756;1867;-111;10:54:56.108259
1756;1868;-112;10:54:56.108259
1758;1870;-112;10:54:56.108259
1760;1870;-110;10:54:56.108259
1761;1870;-109;10:54:56.108259
1762;1871;-109;10:54:56.108259
1763;1871;-108;10:54:56.108259
1764;1874;-110;10:54:56.108259
1763;1874;-111;10:54:56.108259
1761;1874;-113;10:54:56.108259
1762;1875;-113;10:54:56.108259
1765;1876;-111;10:54:56.108259
1764;1875;-111;10:54:56.108259
1759;1872;-113;10:54:56.108259
1759;1873;-114;10:54:56.108259
1759;1873;-114;10:54:56.108259
1760;1871;-111;10:54:56.108259
1759;1871;-112;10:54:56.108259
1761;1871;-110;10:54:56.108259
1760;1870;-110;10:54:56.108259
1758;1870;-112;10:54:56.108259
1757;1870;-113;10:54:56.108259
1754;1868;-114;10:54:56.108259
1753;1867;-114;10:54:56.108259
1753;1866;-113;10:54:56.108259
1754;1867;-113;10:54:56.108259
1752;1867;-115;10:54:56.108259
1753;1869;-116;10:54:56.108259
1755;1870;-115;10:54:56.108259
1757;1869;-112;10:54:56.108259
1754;1870;-116;10:54:56.108259
1754;1870;-116;10:54:56.108259
1757;1871;-114;10:54:56.108259
1758;1871;-113;10:54:56.108259
1757;1872;-115;10:54:56.108259
1759;1871;-112;10:54:56.108259
1761;1870;-109;10:54:56.108259
1761;1871;-110;10:54:56.108259
1761;1871;-110;10:54:56.108259
1757;1873;-116;10:54:56.108259
1759;1875;-116;10:54:56.108259
1759;1874;-115;10:54:56.108259
1760;1871;-111;10:54:56.108259
1759;1872;-113;10:54:56.108259
1761;1874;-113;10:54:56.108259
1762;1874;-112;10:54:56.108259
1758;1873;-115;10:54:56.108259
1760;1874;-114;10:54:56.108259
1759;1875;-116;10:54:56.108259
1757;1870;-113;10:54:56.108259
1757;1870;-113;10:54:56.108259
1755;1871;-116;10:54:56.108259
1755;1870;-115;10:54:56.108259
1755;1868;-113;10:54:56.108259
1756;1868;-112;10:54:56.108259
1754;1867;-113;10:54:56.108259
1755;1866;-111;10:54:56.108259
1753;1865;-112;10:54:56.108259
1750;1864;-114;10:54:56.108259
1750;1862;-112;10:54:56.108259
1750;1863;-113;10:54:56.108259
1749;1865;-116;10:54:56.108259
1750;1862;-112;10:54:56.108259
1749;1864;-115;10:54:56.108259
1752;1865;-113;10:54:56.108259
1754;1865;-111;10:54:56.108259
1756;1863;-107;10:54:56.108259
1756;1867;-111;10:54:56.108259
1756;1867;-111;10:54:56.108259
1757;1868;-111;10:54:56.108259
1754;1868;-114;10:54:56.108259
1755;1869;-114;10:54:56.108259
1756;1868;-112;10:54:56.108259
1757;1868;-111;10:54:56.108259
1757;1869;-112;10:54:56.108259
1757;1868;-111;10:54:56.108259
1757;1868;-111;10:54:56.108259
1758;1870;-112;10:54:56.108259
1758;1870;-112;10:54:56.108259
1758;1870;-112;10:54:56.108259
1759;1870;-111;10:54:56.108259
1759;1870;-111;10:54:56.108259
1758;1869;-111;10:54:56.108259
1758;1868;-110;10:54:56.108259
1759;1866;-107;10:54:56.108259
1757;1867;-110;10:54:56.108259
1758;1867;-109;10:54:56.108259
1759;1870;-111;10:54:56.108259
1761;1870;-109;10:54:56.108259
1763;1869;-106;10:54:56.108259
1763;1872;-109;10:54:56.108259
1762;1872;-110;10:54:56.108259
1761;1875;-114;10:54:56.108259
1764;1876;-112;10:54:56.108259
1764;1876;-112;10:54:56.108259
1766;1876;-110;10:54:56.108259
1767;1877;-110;10:54:56.108259
1769;1876;-107;10:54:56.108259
1767;1876;-109;10:54:56.108259
1763;1876;-113;10:54:56.108259
1766;1875;-109;10:54:56.108259
1767;1876;-109;10:54:56.108259
1767;1874;-107;10:54:56.108259
1768;1875;-107;10:54:56.108259
1765;1875;-110;10:54:56.108259
1767;1876;-109;10:54:56.108259
1769;1879;-110;10:54:56.108259
1771;1879;-108;10:54:56.108259
1771;1881;-110;10:54:56.108259
1767;1879;-112;10:54:56.108259
1771;1881;-110;10:54:56.108259
1772;1879;-107;10:54:56.108259
1770;1879;-109;10:54:56.108259
1769;1877;-108;10:54:56.108259
1767;1877;-110;10:54:56.108259
1767;1876;-109;10:54:56.108259
1769;1876;-107;10:54:56.108259
1768;1874;-106;10:54:56.108259
1768;1874;-106;10:54:56.108259
1767;1875;-108;10:54:56.108259
1768;1875;-107;10:54:56.108259
1768;1875;-107;10:54:56.108259
1765;1877;-112;10:54:56.108259
1764;1877;-113;10:54:56.108259
1763;1877;-114;10:54:56.108259
1763;1878;-115;10:54:56.108259
1766;1879;-113;10:54:56.108259
1767;1880;-113;10:54:56.108259
1766;1878;-112;10:54:56.108259
1766;1878;-112;10:54:56.108259
1766;1880;-114;10:54:56.108259
1765;1877;-112;10:54:56.108259
1763;1878;-115;10:54:56.108259
1763;1878;-115;10:54:56.108259
1763;1878;-115;10:54:56.108259
1762;1874;-112;10:54:56.108259
1761;1875;-114;10:54:56.108259
1763;1875;-112;10:54:56.108259
1762;1873;-111;10:54:56.108259
1762;1871;-109;10:54:56.108259
1760;1873;-113;10:54:56.108259
1759;1874;-115;10:54:56.108259
1761;1875;-114;10:54:56.108259
1761;1876;-115;10:54:56.108259
1758;1874;-116;10:54:56.108259
1757;1873;-116;10:54:56.108259
1756;1872;-116;10:54:56.108259
1753;1870;-117;10:54:56.108259
1754;1868;-114;10:54:56.108259
1753;1866;-113;10:54:56.108259
1753;1867;-114;10:54:56.108259
1755;1866;-111;10:54:56.108259
1754;1866;-112;10:54:56.108259
1752;1866;-114;10:54:56.108259
1751;1866;-115;10:54:56.108259
1751;1864;-113;10:54:56.108259
1750;1866;-116;10:54:56.108259
1749;1868;-119;10:54:56.108259
1749;1866;-117;10:54:56.108259
1746;1866;-120;10:54:56.108259
1748;1863;-115;10:54:56.108259
1747;1861;-114;10:54:56.108259
1748;1861;-113;10:54:56.108259
1746;1861;-115;10:54:56.108259
1745;1863;-118;10:54:56.108259
1746;1861;-115;10:54:56.108259
1744;1861;-117;10:54:56.108259
1742;1858;-116;10:54:56.108259
1742;1858;-116;10:54:56.108259
1744;1859;-115;10:54:56.108259
1742;1857;-115;10:54:56.108259
1742;1856;-114;10:54:56.108259
1742;1858;-116;10:54:56.108259
1741;1859;-118;10:54:56.108259
1743;1859;-116;10:54:56.108259
1742;1858;-116;10:54:56.108259
1738;1857;-119;10:54:56.108259
1742;1859;-117;10:54:56.108259
1741;1861;-120;10:54:56.108259
1742;1859;-117;10:54:56.108259
1743;1859;-116;10:54:56.108259
1743;1860;-117;10:54:56.108259
1745;1860;-115;10:54:56.108259
1742;1858;-116;10:54:56.108259
1744;1860;-116;10:54:56.108259
1746;1861;-115;10:54:56.108259
1745;1859;-114;10:54:56.108259
1744;1860;-116;10:54:56.108259
1745;1861;-116;10:54:56.108259
1745;1859;-114;10:54:56.108259
1746;1860;-114;10:54:56.108259
1749;1860;-111;10:54:56.108259
1746;1859;-113;10:54:56.108259
1745;1859;-114;10:54:56.108259
1749;1860;-111;10:54:56.108259
1749;1860;-111;10:54:56.108259
1746;1860;-114;10:54:56.108259
1747;1861;-114;10:54:56.108259
1746;1864;-118;10:54:56.108259
1749;1862;-113;10:54:56.108259
1749;1862;-113;10:54:56.108259
1752;1865;-113;10:54:56.108259
1754;1865;-111;10:54:56.108259
1755;1865;-110;10:54:56.108259
1756;1866;-110;10:54:56.108259
1757;1866;-109;10:54:56.108259
1759;1864;-105;10:54:56.108259
1757;1866;-109;10:54:56.108259
1758;1869;-111;10:54:56.108259
1757;1868;-111;10:54:56.108259
1757;1869;-112;10:54:56.108259
1759;1873;-114;10:54:56.108259
1762;1873;-111;10:54:56.108259
1762;1874;-112;10:54:56.108259
1763;1874;-111;10:54:56.108259
1764;1873;-109;10:54:56.108259
1764;1876;-112;10:54:56.108259
1766;1876;-110;10:54:56.108259
1768;1878;-110;10:54:56.108259
1768;1878;-110;10:54:56.108259
1773;1882;-109;10:54:56.108259
1773;1883;-110;10:54:56.108259
1775;1883;-108;10:54:56.108259
1774;1884;-110;10:54:56.108259
1775;1885;-110;10:54:56.108259
1776;1885;-109;10:54:56.108259
1776;1884;-108;10:54:56.108259
1775;1884;-109;10:54:56.108259
1774;1886;-112;10:54:56.108259
1776;1888;-112;10:54:56.108259
1777;1887;-110;10:54:56.108259
1776;1887;-111;10:54:56.108259
1775;1887;-112;10:54:56.108259
1775;1888;-113;10:54:56.108259
1776;1889;-113;10:54:56.108259
1776;1887;-111;10:54:56.108259
1774;1888;-114;10:54:56.108259
1777;1886;-109;10:54:56.108259
1777;1886;-109;10:54:56.108259
1775;1884;-109;10:54:56.108259
1777;1883;-106;10:54:56.108259
1775;1881;-106;10:54:56.108259
1771;1881;-110;10:54:56.108259
1770;1882;-112;10:54:56.108259
1771;1880;-109;10:54:56.108259
1769;1879;-110;10:54:56.108259
1769;1880;-111;10:54:56.108259
1770;1883;-113;10:54:56.108259
1770;1881;-111;10:54:56.108259
1770;1877;-107;10:54:56.108259
1772;1878;-106;10:54:56.108259
1771;1880;-109;10:54:56.108259
1772;1878;-106;10:54:56.108259
1773;1880;-107;10:54:56.108259
1773;1881;-108;10:54:56.108259
1771;1879;-108;10:54:56.108259
1771;1879;-108;10:54:56.108259
1771;1881;-110;10:54:56.108259
1769;1879;-110;10:54:56.108259
1767;1877;-110;10:54:56.108259
1769;1879;-110;10:54:56.108259
1766;1877;-111;10:54:56.108259
1766;1874;-108;10:54:56.108259
1767;1872;-105;10:54:56.108259
1764;1871;-107;10:54:56.108259
1764;1872;-108;10:54:56.108259
1765;1872;-107;10:54:56.108259
1761;1869;-108;10:54:56.108259
1761;1869;-108;10:54:56.108259
1764;1872;-108;10:54:56.108259
1762;1872;-110;10:54:56.108259
1756;1869;-113;10:54:56.108259
1757;1868;-111;10:54:56.108259
1755;1869;-114;10:54:56.108259
1755;1869;-114;10:54:56.108259
1754;1864;-110;10:54:56.108259
1755;1862;-107;10:54:56.108259
1756;1865;-109;10:54:56.108259
1754;1864;-110;10:54:56.108259
1754;1866;-112;10:54:56.108259
1754;1867;-113;10:54:56.108259
1754;1868;-114;10:54:56.108259
1757;1866;-109;10:54:56.108259
1755;1867;-112;10:54:56.108259
1752;1867;-115;10:54:56.108259
1754;1868;-114;10:54:56.108259
1755;1870;-115;10:54:56.108259
1753;1866;-113;10:54:56.108259
1751;1866;-115;10:54:56.108259
1750;1866;-116;10:54:56.108259
1751;1866;-115;10:54:56.108259
1750;1864;-114;10:54:56.108259
1752;1864;-112;10:54:56.108259
1754;1865;-111;10:54:56.108259
1757;1865;-108;10:54:56.108259
1756;1863;-107;10:54:56.108259
1756;1865;-109;10:54:56.108259
1755;1865;-110;10:54:56.108259
1755;1864;-109;10:54:56.108259
1757;1865;-108;10:54:56.108259
1756;1865;-109;10:54:56.108259
1752;1865;-113;10:54:56.108259
1750;1864;-114;10:54:56.108259
1750;1863;-113;10:54:56.108259
1751;1862;-111;10:54:56.108259
1750;1862;-112;10:54:56.108259
1751;1863;-112;10:54:56.108259
1751;1863;-112;10:54:56.108259
1749;1861;-112;10:54:56.108259
1748;1860;-112;10:54:56.108259
1750;1862;-112;10:54:56.108259
1752;1862;-110;10:54:56.108259
1751;1861;-110;10:54:56.108259
1751;1863;-112;10:54:56.108259
1752;1863;-111;10:54:56.108259
1753;1864;-111;10:54:56.108259
1753;1864;-111;10:54:56.108259
1752;1864;-112;10:54:56.108259
1750;1864;-114;10:54:56.108259
1751;1865;-114;10:54:56.108259
1753;1863;-110;10:54:56.108259
1753;1863;-110;10:54:56.108259
1749;1862;-113;10:54:56.108259
1751;1866;-115;10:54:56.108259
1754;1866;-112;10:54:56.108259
1754;1866;-112;10:54:56.108259
1752;1866;-114;10:54:56.108259
1755;1867;-112;10:54:56.108259
1757;1869;-112;10:54:56.108259
1760;1866;-106;10:54:56.108259
1757;1866;-109;10:54:56.108259
1756;1867;-111;10:54:56.108259
1760;1868;-108;10:54:56.108259
1760;1869;-109;10:54:56.108259
1761;1872;-111;10:54:56.108259
1759;1871;-112;10:54:56.108259
1758;1872;-114;10:54:56.108259
1759;1874;-115;10:54:56.108259
1761;1873;-112;10:54:56.108259
1763;1872;-109;10:54:56.108259
1759;1869;-110;10:54:56.108259
1760;1869;-109;10:54:56.108259
1761;1871;-110;10:54:56.108259
1760;1873;-113;10:54:56.108259
1760;1869;-109;10:54:56.108259
1759;1871;-112;10:54:56.108259
1756;1872;-116;10:54:56.108259
1754;1871;-117;10:54:56.108259
1754;1870;-116;10:54:56.108259
1754;1868;-114;10:54:56.108259
1753;1869;-116;10:54:56.108259
1752;1868;-116;10:54:56.108259
1751;1867;-116;10:54:56.108259
1749;1866;-117;10:54:56.108259
1751;1868;-117;10:54:56.108259
1753;1869;-116;10:54:56.108259
1755;1868;-113;10:54:56.108259
1757;1866;-109;10:54:56.108259
1757;1867;-110;10:54:56.108259
1757;1870;-113;10:54:56.108259
1756;1870;-114;10:54:56.108259
1756;1871;-115;10:54:56.108259
1758;1873;-115;10:54:56.108259
1757;1871;-114;10:54:56.108259
1756;1870;-114;10:54:56.108259
1754;1871;-117;10:54:56.108259
1757;1872;-115;10:54:56.108259
1757;1870;-113;10:54:56.108259
1759;1871;-112;10:54:56.108259
1758;1870;-112;10:54:56.108259
1760;1870;-110;10:54:56.108259
1763;1873;-110;10:54:56.108259
1764;1876;-112;10:54:56.108259
1763;1874;-111;10:54:56.108259
1763;1873;-110;10:54:56.108259
1764;1873;-109;10:54:56.108259
1763;1873;-110;10:54:56.108259
1762;1872;-110;10:54:56.108259
1761;1875;-114;10:54:56.108259
1760;1874;-114;10:54:56.108259
1758;1876;-118;10:54:56.108259
1760;1876;-116;10:54:56.108259
1761;1873;-112;10:54:56.108259
1759;1873;-114;10:54:56.108259
1758;1872;-114;10:54:56.108259
1759;1872;-113;10:54:56.108259
1756;1869;-113;10:54:56.108259
1760;1871;-111;10:54:56.108259
1759;1872;-113;10:54:56.108259
1759;1873;-114;10:54:56.108259
1760;1873;-113;10:54:56.108259
1761;1874;-113;10:54:56.108259
1761;1874;-113;10:54:56.108259
1759;1872;-113;10:54:56.108259
1759;1873;-114;10:54:56.108259
1762;1876;-114;10:54:56.108259
1761;1875;-114;10:54:56.108259
1761;1875;-114;10:54:56.108259
1762;1875;-113;10:54:56.108259
1762;1876;-114;10:54:56.108259
1760;1877;-117;10:54:56.108259
1762;1876;-114;10:54:56.108259
1764;1876;-112;10:54:56.108259
1763;1876;-113;10:54:56.108259
1764;1876;-112;10:54:56.108259
1766;1877;-111;10:54:56.108259
1764;1876;-112;10:54:56.108259
1764;1876;-112;10:54:56.108259
1763;1873;-110;10:54:56.108259
1760;1873;-113;10:54:56.108259
1759;1874;-115;10:54:56.108259
1759;1876;-117;10:54:56.108259
1759;1875;-116;10:54:56.108259
1761;1875;-114;10:54:56.108259
1761;1874;-113;10:54:56.108259
1763;1874;-111;10:54:56.235922
1760;1872;-112;10:54:56.235922
1761;1877;-116;10:54:56.235922
1764;1877;-113;10:54:56.235922
1764;1872;-108;10:54:56.235922
1762;1872;-110;10:54:56.235922
1757;1871;-114;10:54:56.235922
1759;1873;-114;10:54:56.235922
1759;1872;-113;10:54:56.235922
1758;1872;-114;10:54:56.235922
1758;1871;-113;10:54:56.235922
1759;1873;-114;10:54:56.235922
1760;1873;-113;10:54:56.235922
1758;1873;-115;10:54:56.235922
1756;1872;-116;10:54:56.235922
1759;1874;-115;10:54:56.235922
1761;1873;-112;10:54:56.235922
1759;1871;-112;10:54:56.235922
1757;1872;-115;10:54:56.235922
1756;1873;-117;10:54:56.235922
1759;1871;-112;10:54:56.235922
1761;1873;-112;10:54:56.235922
1760;1872;-112;10:54:56.235922
1759;1873;-114;10:54:56.235922
1760;1873;-113;10:54:56.235922
1762;1872;-110;10:54:56.235922
1759;1872;-113;10:54:56.235922
1757;1874;-117;10:54:56.235922
1760;1872;-112;10:54:56.235922
1757;1870;-113;10:54:56.235922
1758;1869;-111;10:54:56.235922
1759;1873;-114;10:54:56.235922
1757;1874;-117;10:54:56.235922
1757;1872;-115;10:54:56.235922
1758;1871;-113;10:54:56.235922
1758;1871;-113;10:54:56.235922
1756;1869;-113;10:54:56.235922
1756;1869;-113;10:54:56.235922
1757;1873;-116;10:54:56.235922
1757;1870;-113;10:54:56.235922
1755;1866;-111;10:54:56.235922
1754;1863;-109;10:54:56.235922
1751;1864;-113;10:54:56.235922
1750;1861;-111;10:54:56.235922
1748;1861;-113;10:54:56.235922
1747;1863;-116;10:54:56.235922
1746;1862;-116;10:54:56.235922
1746;1860;-114;10:54:56.235922
1750;1860;-110;10:54:56.235922
1750;1860;-110;10:54:56.235922
1749;1861;-112;10:54:56.235922
1748;1861;-113;10:54:56.235922
1747;1860;-113;10:54:56.235922
1750;1859;-109;10:54:56.235922
1748;1860;-112;10:54:56.235922
1749;1861;-112;10:54:56.235922
1749;1863;-114;10:54:56.235922
1751;1863;-112;10:54:56.235922
1751;1863;-112;10:54:56.235922
1752;1864;-112;10:54:56.235922
1753;1865;-112;10:54:56.235922
1753;1865;-112;10:54:56.235922
1754;1866;-112;10:54:56.235922
1755;1866;-111;10:54:56.235922
1755;1867;-112;10:54:56.235922
1751;1867;-116;10:54:56.235922
1753;1866;-113;10:54:56.235922
1756;1868;-112;10:54:56.235922
1756;1869;-113;10:54:56.235922
1754;1870;-116;10:54:56.235922
1756;1868;-112;10:54:56.235922
1758;1869;-111;10:54:56.235922
1756;1866;-110;10:54:56.235922
1755;1866;-111;10:54:56.235922
1756;1866;-110;10:54:56.235922
1753;1865;-112;10:54:56.235922
1751;1865;-114;10:54:56.235922
1752;1864;-112;10:54:56.235922
1753;1860;-107;10:54:56.235922
1751;1862;-111;10:54:56.235922
1751;1864;-113;10:54:56.235922
1752;1866;-114;10:54:56.235922
1753;1867;-114;10:54:56.235922
1757;1866;-109;10:54:56.235922
1757;1867;-110;10:54:56.235922
1757;1867;-110;10:54:56.235922
1755;1867;-112;10:54:56.235922
1755;1865;-110;10:54:56.235922
1753;1867;-114;10:54:56.235922
1752;1867;-115;10:54:56.235922
1756;1866;-110;10:54:56.235922
1757;1866;-109;10:54:56.235922
1754;1869;-115;10:54:56.235922
1755;1869;-114;10:54:56.235922
1757;1874;-117;10:54:56.235922
1756;1873;-117;10:54:56.235922
1757;1875;-118;10:54:56.235922
1761;1875;-114;10:54:56.235922
1762;1875;-113;10:54:56.235922
1760;1877;-117;10:54:56.235922
1765;1878;-113;10:54:56.235922
1769;1878;-109;10:54:56.235922
1766;1880;-114;10:54:56.235922
1766;1880;-114;10:54:56.235922
1767;1879;-112;10:54:56.235922
1771;1879;-108;10:54:56.235922
1769;1880;-111;10:54:56.235922
1768;1880;-112;10:54:56.235922
1767;1879;-112;10:54:56.235922
1767;1878;-111;10:54:56.235922
1770;1879;-109;10:54:56.235922
1770;1881;-111;10:54:56.235922
1770;1877;-107;10:54:56.235922
1770;1878;-108;10:54:56.235922
1770;1879;-109;10:54:56.235922
1770;1877;-107;10:54:56.235922
1767;1876;-109;10:54:56.235922
1771;1876;-105;10:54:56.235922
1767;1874;-107;10:54:56.235922
1766;1877;-111;10:54:56.235922
1769;1878;-109;10:54:56.235922
1768;1876;-108;10:54:56.235922
1765;1875;-110;10:54:56.235922
1769;1878;-109;10:54:56.235922
1768;1877;-109;10:54:56.235922
1770;1878;-108;10:54:56.235922
1770;1879;-109;10:54:56.235922
1772;1880;-108;10:54:56.235922
1772;1878;-106;10:54:56.235922
1770;1878;-108;10:54:56.235922
1771;1878;-107;10:54:56.235922
1771;1879;-108;10:54:56.235922
1770;1879;-109;10:54:56.235922
1771;1879;-108;10:54:56.235922
1770;1881;-111;10:54:56.235922
1771;1881;-110;10:54:56.235922
1771;1880;-109;10:54:56.235922
1769;1880;-111;10:54:56.235922
1770;1880;-110;10:54:56.235922
1771;1881;-110;10:54:56.235922
1772;1881;-109;10:54:56.235922
1772;1883;-111;10:54:56.235922
1775;1882;-107;10:54:56.235922
1779;1884;-105;10:54:56.235922
1780;1882;-102;10:54:56.235922
1778;1882;-104;10:54:56.235922
1776;1880;-104;10:54:56.235922
1778;1881;-103;10:54:56.235922
1773;1882;-109;10:54:56.235922
1769;1881;-112;10:54:56.235922
1769;1877;-108;10:54:56.235922
1770;1880;-110;10:54:56.235922
1765;1877;-112;10:54:56.235922
1763;1874;-111;10:54:56.235922
1763;1872;-109;10:54:56.235922
1761;1873;-112;10:54:56.235922
1763;1872;-109;10:54:56.235922
1759;1869;-110;10:54:56.235922
1757;1873;-116;10:54:56.235922
1759;1869;-110;10:54:56.235922
1759;1869;-110;10:54:56.235922
1755;1866;-111;10:54:56.235922
1756;1868;-112;10:54:56.235922
1757;1869;-112;10:54:56.235922
1754;1869;-115;10:54:56.235922
1752;1869;-117;10:54:56.235922
1753;1869;-116;10:54:56.235922
1754;1869;-115;10:54:56.235922
1754;1870;-116;10:54:56.235922
1754;1868;-114;10:54:56.235922
1757;1869;-112;10:54:56.235922
1758;1872;-114;10:54:56.235922
1758;1872;-114;10:54:56.235922
1763;1873;-110;10:54:56.235922
1762;1872;-110;10:54:56.235922
1765;1873;-108;10:54:56.235922
1765;1875;-110;10:54:56.235922
1763;1876;-113;10:54:56.235922
1764;1875;-111;10:54:56.235922
1763;1874;-111;10:54:56.235922
1762;1872;-110;10:54:56.235922
1760;1874;-114;10:54:56.235922
1760;1872;-112;10:54:56.235922
1760;1870;-110;10:54:56.235922
1759;1869;-110;10:54:56.235922
1757;1867;-110;10:54:56.235922
1756;1867;-111;10:54:56.235922
1756;1865;-109;10:54:56.235922
1755;1864;-109;10:54:56.235922
1754;1865;-111;10:54:56.235922
1754;1867;-113;10:54:56.235922
1755;1867;-112;10:54:56.235922
1757;1866;-109;10:54:56.235922
1754;1866;-112;10:54:56.235922
1754;1865;-111;10:54:56.235922
1754;1865;-111;10:54:56.235922
1754;1866;-112;10:54:56.235922
1753;1868;-115;10:54:56.235922
1754;1868;-114;10:54:56.235922
1756;1868;-112;10:54:56.235922
1756;1868;-112;10:54:56.235922
1753;1868;-115;10:54:56.235922
1752;1871;-119;10:54:56.235922
1754;1871;-117;10:54:56.235922
1757;1872;-115;10:54:56.235922
1763;1874;-111;10:54:56.235922
1762;1872;-110;10:54:56.235922
1763;1872;-109;10:54:56.235922
1766;1877;-111;10:54:56.235922
1769;1878;-109;10:54:56.235922
1768;1877;-109;10:54:56.235922
1767;1879;-112;10:54:56.235922
1767;1879;-112;10:54:56.235922
1765;1880;-115;10:54:56.235922
1764;1881;-117;10:54:56.235922
1766;1878;-112;10:54:56.235922
1764;1878;-114;10:54:56.235922
1765;1876;-111;10:54:56.235922
1767;1875;-108;10:54:56.235922
1763;1874;-111;10:54:56.235922
1764;1875;-111;10:54:56.235922
1764;1874;-110;10:54:56.235922
1764;1873;-109;10:54:56.235922
1763;1871;-108;10:54:56.235922
1760;1873;-113;10:54:56.235922
1760;1872;-112;10:54:56.235922
1760;1873;-113;10:54:56.235922
1761;1872;-111;10:54:56.235922
1759;1872;-113;10:54:56.235922
1759;1872;-113;10:54:56.235922
1758;1871;-113;10:54:56.235922
1757;1871;-114;10:54:56.235922
1758;1872;-114;10:54:56.235922
1758;1872;-114;10:54:56.235922
1760;1872;-112;10:54:56.235922
1764;1873;-109;10:54:56.235922
1762;1876;-114;10:54:56.235922
1764;1874;-110;10:54:56.235922
1764;1873;-109;10:54:56.235922
1759;1870;-111;10:54:56.235922
1757;1869;-112;10:54:56.235922
1758;1870;-112;10:54:56.235922
1757;1870;-113;10:54:56.235922
1755;1870;-115;10:54:56.235922
1754;1869;-115;10:54:56.235922
1754;1870;-116;10:54:56.235922
1755;1869;-114;10:54:56.235922
1755;1868;-113;10:54:56.235922
1756;1869;-113;10:54:56.235922
1758;1868;-110;10:54:56.235922
1758;1868;-110;10:54:56.235922
1756;1870;-114;10:54:56.235922
1757;1870;-113;10:54:56.235922
1755;1870;-115;10:54:56.235922
1755;1866;-111;10:54:56.235922
1753;1864;-111;10:54:56.261853
1752;1864;-112;10:54:56.261853
1751;1861;-110;10:54:56.261853
1748;1861;-113;10:54:56.261853
1747;1861;-114;10:54:56.261853
1747;1860;-113;10:54:56.261853
1745;1860;-115;10:54:56.261853
1741;1859;-118;10:54:56.261853
1742;1859;-117;10:54:56.261853
1745;1857;-112;10:54:56.261853
1743;1858;-115;10:54:56.261853
1743;1857;-114;10:54:56.261853
1746;1862;-116;10:54:56.261853
1748;1861;-113;10:54:56.261853
1747;1861;-114;10:54:56.261853
1750;1863;-113;10:54:56.261853
1751;1865;-114;10:54:56.261853
1752;1865;-113;10:54:56.261853
1751;1866;-115;10:54:56.261853
1751;1866;-115;10:54:56.261853
1752;1866;-114;10:54:56.261853
1755;1865;-110;10:54:56.261853
1753;1867;-114;10:54:56.261853
1754;1864;-110;10:54:56.261853
1753;1868;-115;10:54:56.261853
1753;1869;-116;10:54:56.261853
1752;1868;-116;10:54:56.261853
1752;1864;-112;10:54:56.261853
1756;1866;-110;10:54:56.261853
1755;1867;-112;10:54:56.261853
1753;1866;-113;10:54:56.261853
1755;1865;-110;10:54:56.261853
1756;1867;-111;10:54:56.261853
1756;1867;-111;10:54:56.261853
1757;1865;-108;10:54:56.261853
1754;1866;-112;10:54:56.261853
1754;1868;-114;10:54:56.261853
1755;1870;-115;10:54:56.261853
1757;1868;-111;10:54:56.261853
1757;1867;-110;10:54:56.261853
1757;1868;-111;10:54:56.261853
1757;1869;-112;10:54:56.261853
1755;1868;-113;10:54:56.261853
1756;1867;-111;10:54:56.261853
1760;1866;-106;10:54:56.261853
1757;1866;-109;10:54:56.261853
1757;1866;-109;10:54:56.261853
1756;1868;-112;10:54:56.261853
1759;1868;-109;10:54:56.261853
1758;1868;-110;10:54:56.261853
1757;1870;-113;10:54:56.261853
1759;1871;-112;10:54:56.261853
1760;1875;-115;10:54:56.261853
1763;1873;-110;10:54:56.261853
1763;1876;-113;10:54:56.261853
1763;1877;-114;10:54:56.261853
1764;1876;-112;10:54:56.261853
1766;1878;-112;10:54:56.261853
1768;1877;-109;10:54:56.261853
1768;1878;-110;10:54:56.261853
1768;1880;-112;10:54:56.261853
1770;1880;-110;10:54:56.261853
1770;1881;-111;10:54:56.261853
1767;1880;-113;10:54:56.261853
1770;1883;-113;10:54:56.261853
1771;1881;-110;10:54:56.261853
1771;1880;-109;10:54:56.261853
1771;1880;-109;10:54:56.261853
1773;1883;-110;10:54:56.261853
1773;1883;-110;10:54:56.261853
1774;1883;-109;10:54:56.261853
1778;1885;-107;10:54:56.261853
1780;1887;-107;10:54:56.261853
1782;1886;-104;10:54:56.261853
1784;1886;-102;10:54:56.261853
1783;1885;-102;10:54:56.261853
1778;1883;-105;10:54:56.261853
1775;1884;-109;10:54:56.261853
1775;1886;-111;10:54:56.261853
1773;1884;-111;10:54:56.261853
1772;1881;-109;10:54:56.261853
1772;1881;-109;10:54:56.261853
1768;1879;-111;10:54:56.261853
1769;1876;-107;10:54:56.261853
1767;1876;-109;10:54:56.261853
1766;1873;-107;10:54:56.261853
1770;1873;-103;10:54:56.261853
1767;1872;-105;10:54:56.261853
1764;1873;-109;10:54:56.261853
1762;1872;-110;10:54:56.261853
1763;1873;-110;10:54:56.261853
1763;1873;-110;10:54:56.261853
1763;1873;-110;10:54:56.261853
1762;1872;-110;10:54:56.261853
1761;1873;-112;10:54:56.261853
1761;1873;-112;10:54:56.261853
1760;1873;-113;10:54:56.261853
1759;1875;-116;10:54:56.261853
1759;1872;-113;10:54:56.261853
1761;1873;-112;10:54:56.261853
1759;1873;-114;10:54:56.261853
1758;1872;-114;10:54:56.261853
1759;1870;-111;10:54:56.261853
1761;1871;-110;10:54:56.261853
1761;1871;-110;10:54:56.261853
1761;1872;-111;10:54:56.261853
1760;1870;-110;10:54:56.261853
1759;1871;-112;10:54:56.261853
1759;1872;-113;10:54:56.261853
1756;1871;-115;10:54:56.261853
1758;1872;-114;10:54:56.261853
1757;1871;-114;10:54:56.261853
1756;1869;-113;10:54:56.261853
1755;1869;-114;10:54:56.261853
1756;1871;-115;10:54:56.261853
1754;1869;-115;10:54:56.261853
1755;1867;-112;10:54:56.261853
1754;1868;-114;10:54:56.261853
1754;1865;-111;10:54:56.261853
1754;1865;-111;10:54:56.261853
1755;1865;-110;10:54:56.261853
1752;1867;-115;10:54:56.261853
1752;1865;-113;10:54:56.261853
1751;1863;-112;10:54:56.261853
1750;1863;-113;10:54:56.261853
1749;1863;-114;10:54:56.261853
1748;1862;-114;10:54:56.261853
1748;1861;-113;10:54:56.261853
1748;1860;-112;10:54:56.261853
1746;1857;-111;10:54:56.261853
1747;1857;-110;10:54:56.261853
1746;1855;-109;10:54:56.261853
1743;1857;-114;10:54:56.261853
1746;1857;-111;10:54:56.261853
1745;1857;-112;10:54:56.261853
1743;1857;-114;10:54:56.261853
1742;1862;-120;10:54:56.261853
1745;1864;-119;10:54:56.261853
1749;1862;-113;10:54:56.261853
1750;1862;-112;10:54:56.261853
1748;1865;-117;10:54:56.261853
1749;1865;-116;10:54:56.261853
1753;1863;-110;10:54:56.261853
1754;1863;-109;10:54:56.261853
1755;1865;-110;10:54:56.261853
1755;1865;-110;10:54:56.261853
1756;1864;-108;10:54:56.261853
1756;1867;-111;10:54:56.261853
1757;1866;-109;10:54:56.261853
1756;1868;-112;10:54:56.261853
1758;1869;-111;10:54:56.261853
1757;1869;-112;10:54:56.261853
1757;1867;-110;10:54:56.261853
1759;1869;-110;10:54:56.261853
1757;1867;-110;10:54:56.261853
1755;1866;-111;10:54:56.261853
1756;1865;-109;10:54:56.261853
1753;1867;-114;10:54:56.261853
1753;1865;-112;10:54:56.261853
1751;1864;-113;10:54:56.261853
1752;1864;-112;10:54:56.261853
1752;1868;-116;10:54:56.261853
1752;1869;-117;10:54:56.261853
1754;1868;-114;10:54:56.261853
1754;1867;-113;10:54:56.261853
1755;1869;-114;10:54:56.261853
1758;1870;-112;10:54:56.261853
1759;1870;-111;10:54:56.261853
1757;1870;-113;10:54:56.261853
1757;1870;-113;10:54:56.261853
1758;1870;-112;10:54:56.261853
1757;1867;-110;10:54:56.261853
1754;1868;-114;10:54:56.261853
1756;1870;-114;10:54:56.261853
1758;1869;-111;10:54:56.261853
1758;1870;-112;10:54:56.261853
1757;1871;-114;10:54:56.261853
1758;1873;-115;10:54:56.261853
1763;1873;-110;10:54:56.261853
1764;1874;-110;10:54:56.261853
1764;1874;-110;10:54:56.261853
1763;1875;-112;10:54:56.261853
1764;1877;-113;10:54:56.261853
1767;1877;-110;10:54:56.261853
1766;1878;-112;10:54:56.261853
1765;1879;-114;10:54:56.261853
1770;1877;-107;10:54:56.261853
1769;1875;-106;10:54:56.261853
1766;1873;-107;10:54:56.261853
1767;1876;-109;10:54:56.261853
1767;1876;-109;10:54:56.261853
1764;1875;-111;10:54:56.261853
1766;1876;-110;10:54:56.261853
1767;1876;-109;10:54:56.261853
1766;1877;-111;10:54:56.261853
1765;1876;-111;10:54:56.261853
1765;1874;-109;10:54:56.261853
1765;1876;-111;10:54:56.261853
1765;1874;-109;10:54:56.261853
1763;1874;-111;10:54:56.261853
1758;1872;-114;10:54:56.261853
1756;1870;-114;10:54:56.261853
1757;1871;-114;10:54:56.261853
1756;1870;-114;10:54:56.261853
1754;1870;-116;10:54:56.261853
1755;1873;-118;10:54:56.261853
1760;1875;-115;10:54:56.261853
1763;1878;-115;10:54:56.261853
1763;1877;-114;10:54:56.261853
1761;1876;-115;10:54:56.261853
1761;1879;-118;10:54:56.261853
1758;1877;-119;10:54:56.261853
1756;1874;-118;10:54:56.261853
1756;1874;-118;10:54:56.261853
1757;1872;-115;10:54:56.261853
1755;1866;-111;10:54:56.261853
1755;1868;-113;10:54:56.261853
1755;1870;-115;10:54:56.261853
1757;1869;-112;10:54:56.261853
1760;1871;-111;10:54:56.261853
1760;1870;-110;10:54:56.261853
1761;1872;-111;10:54:56.261853
1760;1872;-112;10:54:56.261853
1759;1871;-112;10:54:56.261853
1758;1868;-110;10:54:56.261853
1756;1867;-111;10:54:56.261853
1755;1868;-113;10:54:56.261853
1755;1864;-109;10:54:56.261853
1755;1864;-109;10:54:56.261853
1755;1865;-110;10:54:56.261853
1758;1867;-109;10:54:56.261853
1755;1867;-112;10:54:56.261853
1755;1867;-112;10:54:56.261853
1756;1866;-110;10:54:56.261853
1754;1866;-112;10:54:56.261853
1751;1863;-112;10:54:56.261853
1750;1863;-113;10:54:56.261853
1747;1862;-115;10:54:56.261853
1747;1861;-114;10:54:56.261853
1748;1863;-115;10:54:56.261853
1751;1863;-112;10:54:56.261853
1753;1864;-111;10:54:56.261853
1754;1867;-113;10:54:56.261853
1756;1869;-113;10:54:56.261853
1756;1869;-113;10:54:56.261853
1758;1868;-110;10:54:56.261853
1760;1869;-109;10:54:56.261853
1758;1869;-111;10:54:56.261853
1757;1869;-112;10:54:56.261853
1758;1869;-111;10:54:56.261853
1760;1870;-110;10:54:56.261853
1758;1870;-112;10:54:56.261853
1756;1870;-114;10:54:56.261853
1758;1871;-113;10:54:56.261853
1762;1872;-110;10:54:56.261853
1760;1872;-112;10:54:56.261853
1757;1873;-116;10:54:56.261853
1761;1872;-111;10:54:56.261853
1765;1870;-105;10:54:56.261853
1760;1872;-112;10:54:56.261853
1762;1874;-112;10:54:56.261853
1764;1872;-108;10:54:56.261853
1763;1872;-109;10:54:56.261853
1765;1872;-107;10:54:56.261853
1765;1874;-109;10:54:56.261853
1763;1871;-108;10:54:56.261853
1763;1869;-106;10:54:56.261853
1759;1867;-108;10:54:56.261853
1755;1863;-108;10:54:56.261853
1754;1864;-110;10:54:56.261853
1752;1864;-112;10:54:56.261853
1753;1866;-113;10:54:56.261853
1753;1866;-113;10:54:56.261853
1756;1867;-111;10:54:56.261853
1758;1868;-110;10:54:56.261853
1757;1866;-109;10:54:56.261853
1756;1863;-107;10:54:56.261853
1754;1864;-110;10:54:56.261853
1753;1863;-110;10:54:56.261853
1750;1860;-110;10:54:56.261853
1749;1862;-113;10:54:56.261853
1750;1863;-113;10:54:56.261853
1750;1864;-114;10:54:56.261853
1753;1863;-110;10:54:56.261853
1755;1865;-110;10:54:56.261853
1756;1870;-114;10:54:56.261853
1760;1871;-111;10:54:56.261853
1762;1871;-109;10:54:56.261853
1761;1873;-112;10:54:56.261853
1761;1868;-107;10:54:56.261853
1761;1865;-104;10:54:56.261853
1757;1865;-108;10:54:56.261853
1756;1863;-107;10:54:56.261853
1755;1863;-108;10:54:56.261853
1756;1859;-103;10:54:56.261853
1753;1860;-107;10:54:56.261853
1754;1863;-109;10:54:56.261853
1755;1865;-110;10:54:56.261853
1754;1862;-108;10:54:56.261853
1758;1865;-107;10:54:56.261853
1760;1871;-111;10:54:56.261853
1757;1870;-113;10:54:56.261853
1757;1868;-111;10:54:56.261853
1755;1866;-111;10:54:56.261853
1752;1863;-111;10:54:56.261853
1752;1862;-110;10:54:56.261853
1750;1861;-111;10:54:56.261853
1750;1859;-109;10:54:56.261853
1749;1857;-108;10:54:56.261853
1747;1854;-107;10:54:56.261853
1748;1855;-107;10:54:56.261853
1750;1857;-107;10:54:56.261853
1752;1860;-108;10:54:56.261853
1750;1863;-113;10:54:56.261853
1748;1863;-115;10:54:56.261853
1747;1863;-116;10:54:56.261853
1747;1864;-117;10:54:56.261853
1748;1864;-116;10:54:56.261853
1749;1864;-115;10:54:56.261853
1753;1865;-112;10:54:56.261853
1755;1865;-110;10:54:56.261853
1756;1863;-107;10:54:56.261853
1755;1862;-107;10:54:56.261853
1755;1862;-107;10:54:56.261853
1754;1861;-107;10:54:56.261853
1752;1861;-109;10:54:56.261853
1754;1861;-107;10:54:56.261853
1753;1860;-107;10:54:56.261853
1752;1862;-110;10:54:56.261853
1757;1865;-108;10:54:56.261853
1760;1866;-106;10:54:56.261853
1759;1867;-108;10:54:56.261853
1759;1869;-110;10:54:56.261853
1762;1872;-110;10:54:56.261853
1762;1873;-111;10:54:56.261853
1760;1872;-112;10:54:56.261853
1761;1870;-109;10:54:56.261853
1760;1870;-110;10:54:56.261853
1759;1868;-109;10:54:56.261853
1761;1865;-104;10:54:56.261853
1758;1864;-106;10:54:56.261853
1755;1862;-107;10:54:56.261853
1753;1861;-108;10:54:56.261853
1753;1862;-109;10:54:56.261853
1751;1862;-111;10:54:56.261853
1749;1861;-112;10:54:56.261853
1748;1860;-112;10:54:56.261853
1747;1861;-114;10:54:56.261853
1747;1863;-116;10:54:56.261853
1751;1864;-113;10:54:56.261853
1753;1864;-111;10:54:56.261853
1754;1862;-108;10:54:56.261853
1757;1864;-107;10:54:56.261853
1758;1866;-108;10:54:56.261853
1757;1868;-111;10:54:56.261853
1756;1871;-115;10:54:56.261853
1756;1872;-116;10:54:56.261853
1756;1873;-117;10:54:56.261853
1758;1872;-114;10:54:56.261853
1759;1871;-112;10:54:56.261853
1759;1872;-113;10:54:56.261853
1761;1873;-112;10:54:56.261853
1763;1872;-109;10:54:56.261853
1763;1872;-109;10:54:56.261853
1764;1873;-109;10:54:56.261853
1767;1874;-107;10:54:56.261853
1768;1873;-105;10:54:56.261853
1770;1874;-104;10:54:56.261853
1766;1873;-107;10:54:56.261853
1768;1877;-109;10:54:56.261853
1769;1878;-109;10:54:56.261853
1766;1876;-110;10:54:56.261853
1766;1876;-110;10:54:56.261853
1767;1877;-110;10:54:56.261853
1767;1879;-112;10:54:56.261853
1767;1880;-113;10:54:56.261853
1769;1880;-111;10:54:56.261853
1768;1879;-111;10:54:56.261853
1769;1877;-108;10:54:56.261853
1769;1877;-108;10:54:56.261853
1766;1876;-110;10:54:56.261853
1761;1873;-112;10:54:56.261853
1763;1871;-108;10:54:56.261853
1761;1871;-110;10:54:56.261853
1760;1869;-109;10:54:56.261853
1760;1869;-109;10:54:56.261853
1756;1867;-111;10:54:56.261853
1755;1868;-113;10:54:56.261853
1760;1870;-110;10:54:56.261853
1761;1868;-107;10:54:56.261853
1760;1869;-109;10:54:56.261853
1759;1872;-113;10:54:56.261853
1761;1874;-113;10:54:56.261853
1757;1873;-116;10:54:56.261853
1760;1874;-114;10:54:56.261853
1763;1877;-114;10:54:56.261853
1766;1877;-111;10:54:56.261853
1767;1875;-108;10:54:56.261853
1766;1877;-111;10:54:56.261853
1768;1878;-110;10:54:56.261853
1768;1877;-109;10:54:56.261853
1769;1875;-106;10:54:56.261853
1766;1875;-109;10:54:56.261853
1763;1873;-110;10:54:56.261853
1761;1874;-113;10:54:56.261853
1759;1872;-113;10:54:56.261853
1758;1872;-114;10:54:56.261853
1760;1873;-113;10:54:56.261853
1764;1872;-108;10:54:56.261853
1761;1870;-109;10:54:56.261853
1759;1874;-115;10:54:56.261853
1764;1876;-112;10:54:56.261853
1769;1875;-106;10:54:56.261853
1766;1874;-108;10:54:56.261853
1766;1873;-107;10:54:56.261853
1765;1875;-110;10:54:56.261853
1766;1874;-108;10:54:56.261853
1761;1871;-110;10:54:56.261853
1759;1874;-115;10:54:56.261853
1760;1875;-115;10:54:56.261853
1759;1874;-115;10:54:56.261853
1760;1872;-112;10:54:56.261853
1757;1871;-114;10:54:56.261853
1758;1871;-113;10:54:56.261853
1760;1870;-110;10:54:56.261853
1761;1869;-108;10:54:56.261853
1759;1866;-107;10:54:56.261853
1754;1866;-112;10:54:56.261853
1753;1865;-112;10:54:56.261853
1754;1868;-114;10:54:56.261853
1755;1867;-112;10:54:56.261853
1756;1866;-110;10:54:56.261853
1754;1868;-114;10:54:56.261853
1755;1870;-115;10:54:56.261853
1756;1870;-114;10:54:56.261853
1758;1872;-114;10:54:56.261853
1755;1871;-116;10:54:56.261853
1758;1870;-112;10:54:56.261853
1757;1870;-113;10:54:56.261853
1757;1866;-109;10:54:56.261853
1756;1866;-110;10:54:56.261853
1756;1869;-113;10:54:56.261853
1758;1870;-112;10:54:56.261853
1762;1867;-105;10:54:56.261853
1762;1867;-105;10:54:56.261853
1761;1868;-107;10:54:56.261853
1759;1870;-111;10:54:56.261853
1758;1868;-110;10:54:56.261853
1757;1870;-113;10:54:56.261853
1755;1868;-113;10:54:56.261853
1753;1869;-116;10:54:56.261853
1753;1869;-116;10:54:56.261853
1753;1865;-112;10:54:56.261853
1755;1864;-109;10:54:56.261853
1755;1864;-109;10:54:56.261853
1752;1864;-112;10:54:56.261853
1754;1866;-112;10:54:56.261853
1755;1865;-110;10:54:56.261853
1756;1865;-109;10:54:56.261853
1756;1868;-112;10:54:56.261853
1758;1867;-109;10:54:56.261853
1757;1868;-111;10:54:56.261853
1757;1867;-110;10:54:56.261853
1756;1866;-110;10:54:56.261853
1754;1867;-113;10:54:56.261853
1755;1868;-113;10:54:56.261853
1755;1869;-114;10:54:56.261853
1758;1869;-111;10:54:56.261853
1759;1868;-109;10:54:56.261853
1758;1869;-111;10:54:56.261853
1758;1871;-113;10:54:56.261853
1761;1871;-110;10:54:56.261853
1761;1871;-110;10:54:56.261853
1759;1871;-112;10:54:56.261853
1760;1869;-109;10:54:56.261853
1761;1870;-109;10:54:56.261853
1762;1869;-107;10:54:56.261853
1763;1870;-107;10:54:56.261853
1761;1870;-109;10:54:56.261853
1760;1868;-108;10:54:56.261853
1759;1871;-112;10:54:56.261853
1755;1871;-116;10:54:56.261853
1753;1868;-115;10:54:56.261853
1755;1868;-113;10:54:56.261853
1755;1867;-112;10:54:56.261853
1754;1864;-110;10:54:56.261853
1755;1864;-109;10:54:56.261853
1757;1867;-110;10:54:56.261853
1758;1867;-109;10:54:56.261853
1759;1866;-107;10:54:56.261853
1760;1867;-107;10:54:56.261853
1761;1868;-107;10:54:56.261853
1757;1867;-110;10:54:56.261853
1755;1868;-113;10:54:56.261853
1754;1868;-114;10:54:56.261853
1754;1869;-115;10:54:56.261853
1757;1869;-112;10:54:56.261853
1758;1868;-110;10:54:56.261853
1758;1868;-110;10:54:56.261853
1757;1869;-112;10:54:56.261853
1760;1870;-110;10:54:56.261853
1760;1872;-112;10:54:56.261853
1761;1870;-109;10:54:56.261853
1760;1872;-112;10:54:56.261853
1761;1872;-111;10:54:56.261853
1761;1874;-113;10:54:56.261853
1762;1872;-110;10:54:56.261853
1761;1875;-114;10:54:56.261853
1762;1875;-113;10:54:56.261853
1764;1875;-111;10:54:56.261853
1763;1875;-112;10:54:56.262846
1762;1874;-112;10:54:56.262846
1762;1876;-114;10:54:56.262846
1761;1875;-114;10:54:56.262846
1762;1872;-110;10:54:56.262846
1760;1870;-110;10:54:56.262846
1760;1870;-110;10:54:56.262846
1759;1869;-110;10:54:56.262846
1757;1869;-112;10:54:56.262846
1759;1868;-109;10:54:56.262846
1758;1867;-109;10:54:56.262846
1756;1866;-110;10:54:56.262846
1757;1866;-109;10:54:56.262846
1759;1864;-105;10:54:56.262846
1756;1864;-108;10:54:56.262846
1754;1863;-109;10:54:56.262846
1753;1865;-112;10:54:56.262846
1753;1865;-112;10:54:56.262846
1753;1866;-113;10:54:56.262846
1753;1869;-116;10:54:56.262846
1753;1869;-116;10:54:56.262846
1756;1869;-113;10:54:56.262846
1757;1870;-113;10:54:56.262846
1760;1871;-111;10:54:56.262846
1761;1869;-108;10:54:56.262846
1762;1871;-109;10:54:56.262846
1763;1871;-108;10:54:56.262846
1759;1872;-113;10:54:56.262846
1758;1870;-112;10:54:56.262846
1760;1872;-112;10:54:56.262846
1762;1872;-110;10:54:56.262846
1762;1873;-111;10:54:56.262846
1762;1872;-110;10:54:56.262846
1760;1873;-113;10:54:56.262846
1760;1876;-116;10:54:56.262846
1764;1876;-112;10:54:56.262846
1766;1873;-107;10:54:56.262846
1766;1874;-108;10:54:56.262846
1765;1873;-108;10:54:56.262846
1766;1874;-108;10:54:56.262846
1763;1873;-110;10:54:56.262846
1762;1873;-111;10:54:56.262846
1762;1874;-112;10:54:56.262846
1762;1872;-110;10:54:56.262846
1762;1874;-112;10:54:56.262846
1763;1873;-110;10:54:56.262846
1762;1871;-109;10:54:56.262846
1762;1870;-108;10:54:56.262846
1763;1873;-110;10:54:56.262846
1762;1874;-112;10:54:56.262846
1762;1870;-108;10:54:56.262846
1764;1873;-109;10:54:56.262846
1764;1872;-108;10:54:56.262846
1762;1874;-112;10:54:56.262846
1763;1873;-110;10:54:56.262846
1764;1874;-110;10:54:56.262846
1761;1871;-110;10:54:56.262846
1761;1870;-109;10:54:56.262846
1760;1871;-111;10:54:56.262846
1758;1871;-113;10:54:56.262846
1757;1868;-111;10:54:56.262846
1756;1864;-108;10:54:56.262846
1755;1864;-109;10:54:56.262846
1753;1863;-110;10:54:56.262846
1754;1863;-109;10:54:56.262846
1754;1862;-108;10:54:56.262846
1752;1861;-109;10:54:56.262846
1753;1862;-109;10:54:56.262846
1754;1866;-112;10:54:56.262846
1756;1869;-113;10:54:56.262846
1759;1869;-110;10:54:56.262846
1759;1870;-111;10:54:56.262846
1759;1870;-111;10:54:56.262846
1761;1870;-109;10:54:56.262846
1764;1870;-106;10:54:56.262846
1763;1871;-108;10:54:56.262846
1763;1870;-107;10:54:56.262846
1767;1872;-105;10:54:56.262846
1765;1871;-106;10:54:56.262846
1761;1869;-108;10:54:56.262846
1760;1868;-108;10:54:56.262846
1760;1868;-108;10:54:56.262846
1758;1868;-110;10:54:56.262846
1756;1867;-111;10:54:56.262846
1758;1868;-110;10:54:56.262846
1756;1868;-112;10:54:56.262846
1758;1866;-108;10:54:56.262846
1759;1867;-108;10:54:56.262846
1758;1866;-108;10:54:56.262846
1756;1864;-108;10:54:56.262846
1757;1864;-107;10:54:56.262846
1758;1863;-105;10:54:56.262846
1757;1864;-107;10:54:56.262846
1757;1866;-109;10:54:56.262846
1756;1867;-111;10:54:56.262846
1757;1866;-109;10:54:56.262846
1757;1867;-110;10:54:56.262846
1758;1867;-109;10:54:56.262846
1758;1867;-109;10:54:56.262846
1758;1866;-108;10:54:56.262846
1758;1867;-109;10:54:56.262846
1757;1869;-112;10:54:56.262846
1757;1865;-108;10:54:56.262846
1757;1865;-108;10:54:56.262846
1758;1866;-108;10:54:56.262846
1756;1868;-112;10:54:56.262846
1758;1866;-108;10:54:56.262846
1759;1868;-109;10:54:56.262846
1758;1869;-111;10:54:56.262846
1757;1869;-112;10:54:56.262846
1759;1870;-111;10:54:56.262846
1761;1871;-110;10:54:56.262846
1758;1874;-116;10:54:56.262846
1760;1873;-113;10:54:56.262846
1762;1874;-112;10:54:56.262846
1764;1873;-109;10:54:56.262846
1767;1872;-105;10:54:56.262846
1767;1873;-106;10:54:56.262846
1766;1873;-107;10:54:56.262846
1766;1871;-105;10:54:56.262846
1762;1868;-106;10:54:56.262846
1760;1868;-108;10:54:56.262846
1757;1866;-109;10:54:56.262846
1752;1864;-112;10:54:56.262846
1753;1865;-112;10:54:56.262846
1753;1865;-112;10:54:56.262846
1752;1866;-114;10:54:56.262846
1751;1865;-114;10:54:56.262846
1749;1863;-114;10:54:56.262846
1750;1861;-111;10:54:56.262846
1752;1859;-107;10:54:56.262846
1753;1861;-108;10:54:56.262846
1749;1861;-112;10:54:56.262846
1749;1861;-112;10:54:56.262846
1752;1863;-111;10:54:56.262846
1752;1863;-111;10:54:56.262846
1753;1863;-110;10:54:56.262846
1752;1864;-112;10:54:56.262846
1750;1864;-114;10:54:56.262846
1751;1865;-114;10:54:56.262846
1752;1864;-112;10:54:56.262846
1754;1865;-111;10:54:56.262846
1751;1864;-113;10:54:56.262846
1751;1866;-115;10:54:56.262846
1752;1868;-116;10:54:56.262846
1752;1866;-114;10:54:56.262846
1755;1866;-111;10:54:56.262846
1757;1866;-109;10:54:56.262846
1760;1868;-108;10:54:56.262846
1759;1870;-111;10:54:56.262846
1757;1871;-114;10:54:56.262846
1758;1867;-109;10:54:56.262846
1761;1867;-106;10:54:56.262846
1758;1866;-108;10:54:56.262846
1754;1866;-112;10:54:56.262846
1757;1865;-108;10:54:56.262846
1756;1865;-109;10:54:56.262846
1756;1863;-107;10:54:56.262846
1758;1862;-104;10:54:56.262846
1757;1863;-106;10:54:56.262846
1756;1864;-108;10:54:56.262846
1757;1865;-108;10:54:56.262846
1757;1866;-109;10:54:56.262846
1755;1864;-109;10:54:56.262846
1755;1866;-111;10:54:56.262846
1754;1866;-112;10:54:56.262846
1756;1867;-111;10:54:56.262846
1757;1865;-108;10:54:56.262846
1756;1865;-109;10:54:56.262846
1758;1867;-109;10:54:56.262846
1758;1868;-110;10:54:56.262846
1757;1869;-112;10:54:56.262846
1758;1867;-109;10:54:56.262846
1759;1867;-108;10:54:56.262846
1758;1865;-107;10:54:56.262846
1757;1866;-109;10:54:56.262846
1756;1865;-109;10:54:56.262846
1753;1866;-113;10:54:56.262846
1754;1865;-111;10:54:56.262846
1754;1865;-111;10:54:56.262846
1753;1864;-111;10:54:56.262846
1756;1866;-110;10:54:56.262846
1755;1863;-108;10:54:56.262846
1755;1864;-109;10:54:56.262846
1755;1864;-109;10:54:56.262846
1756;1867;-111;10:54:56.262846
1756;1867;-111;10:54:56.262846
1758;1867;-109;10:54:56.262846
1757;1867;-110;10:54:56.262846
1757;1867;-110;10:54:56.262846
1757;1868;-111;10:54:56.262846
1758;1868;-110;10:54:56.262846
1758;1869;-111;10:54:56.262846
1759;1871;-112;10:54:56.262846
1762;1872;-110;10:54:56.262846
1764;1871;-107;10:54:56.262846
1765;1873;-108;10:54:56.262846
1765;1873;-108;10:54:56.262846
1764;1876;-112;10:54:56.262846
1764;1873;-109;10:54:56.262846
1762;1872;-110;10:54:56.262846
1760;1871;-111;10:54:56.262846
1759;1871;-112;10:54:56.262846
1759;1871;-112;10:54:56.262846
1759;1870;-111;10:54:56.262846
1758;1867;-109;10:54:56.262846
1759;1869;-110;10:54:56.262846
1757;1869;-112;10:54:56.262846
1759;1870;-111;10:54:56.262846
1759;1871;-112;10:54:56.262846
1759;1870;-111;10:54:56.262846
1757;1866;-109;10:54:56.262846
1759;1866;-107;10:54:56.262846
1757;1867;-110;10:54:56.262846
1757;1867;-110;10:54:56.262846
1755;1866;-111;10:54:56.262846
1754;1867;-113;10:54:56.262846
1755;1867;-112;10:54:56.262846
1753;1866;-113;10:54:56.262846
1753;1867;-114;10:54:56.262846
1755;1870;-115;10:54:56.262846
1757;1868;-111;10:54:56.262846
1760;1867;-107;10:54:56.262846
1758;1869;-111;10:54:56.262846
1759;1870;-111;10:54:56.262846
1761;1871;-110;10:54:56.262846
1762;1871;-109;10:54:56.262846
1761;1871;-110;10:54:56.262846
1758;1871;-113;10:54:56.262846
1758;1871;-113;10:54:56.262846
1761;1869;-108;10:54:56.262846
1758;1867;-109;10:54:56.262846
1757;1865;-108;10:54:56.262846
1756;1864;-108;10:54:56.262846
1753;1863;-110;10:54:56.262846
1754;1862;-108;10:54:56.262846
1752;1861;-109;10:54:56.262846
1749;1860;-111;10:54:56.262846
1748;1859;-111;10:54:56.262846
1745;1858;-113;10:54:56.262846
1745;1857;-112;10:54:56.262846
1746;1856;-110;10:54:56.262846
1748;1857;-109;10:54:56.262846
1747;1859;-112;10:54:56.262846
1746;1859;-113;10:54:56.262846
1749;1860;-111;10:54:56.262846
1750;1860;-110;10:54:56.262846
1752;1861;-109;10:54:56.262846
1751;1860;-109;10:54:56.262846
1751;1860;-109;10:54:56.262846
1749;1863;-114;10:54:56.262846
1749;1865;-116;10:54:56.262846
1752;1865;-113;10:54:56.262846
1753;1865;-112;10:54:56.262846
1755;1866;-111;10:54:56.262846
1757;1869;-112;10:54:56.262846
1760;1869;-109;10:54:56.262846
1760;1868;-108;10:54:56.262846
1761;1869;-108;10:54:56.262846
1760;1870;-110;10:54:56.262846
1760;1871;-111;10:54:56.262846
1759;1869;-110;10:54:56.262846
1758;1868;-110;10:54:56.262846
1758;1868;-110;10:54:56.262846
1756;1867;-111;10:54:56.262846
1755;1868;-113;10:54:56.262846
1756;1869;-113;10:54:56.262846
1758;1870;-112;10:54:56.262846
1759;1871;-112;10:54:56.262846
1760;1872;-112;10:54:56.262846
1761;1869;-108;10:54:56.262846
1760;1868;-108;10:54:56.262846
1760;1868;-108;10:54:56.262846
1758;1866;-108;10:54:56.262846
1758;1865;-107;10:54:56.262846
1756;1862;-106;10:54:56.262846
1751;1863;-112;10:54:56.262846
1751;1864;-113;10:54:56.262846
1753;1866;-113;10:54:56.262846
1756;1867;-111;10:54:56.262846
1755;1868;-113;10:54:56.262846
1757;1871;-114;10:54:56.262846
1758;1872;-114;10:54:56.262846
1760;1870;-110;10:54:56.262846
1758;1870;-112;10:54:56.262846
1757;1870;-113;10:54:56.262846
1761;1870;-109;10:54:56.262846
1759;1870;-111;10:54:56.262846
1758;1869;-111;10:54:56.262846
1757;1869;-112;10:54:56.262846
1757;1870;-113;10:54:56.262846
1758;1872;-114;10:54:56.262846
1759;1873;-114;10:54:56.262846
1762;1872;-110;10:54:56.262846
1764;1874;-110;10:54:56.262846
1761;1871;-110;10:54:56.262846
1761;1872;-111;10:54:56.262846
1763;1872;-109;10:54:56.262846
1761;1874;-113;10:54:56.262846
1760;1875;-115;10:54:56.262846
1763;1877;-114;10:54:56.262846
1765;1878;-113;10:54:56.262846
1765;1878;-113;10:54:56.262846
1769;1879;-110;10:54:56.262846
1772;1879;-107;10:54:56.262846
1771;1878;-107;10:54:56.262846
1767;1877;-110;10:54:56.262846
1767;1878;-111;10:54:56.262846
1765;1878;-113;10:54:56.262846
1764;1877;-113;10:54:56.262846
1764;1876;-112;10:54:56.262846
1764;1875;-111;10:54:56.262846
1763;1873;-110;10:54:56.262846
1763;1872;-109;10:54:56.262846
1762;1870;-108;10:54:56.262846
1762;1868;-106;10:54:56.262846
1760;1868;-108;10:54:56.262846
1757;1869;-112;10:54:56.262846
1754;1867;-113;10:54:56.262846
1753;1866;-113;10:54:56.262846
1754;1868;-114;10:54:56.262846
1752;1867;-115;10:54:56.262846
1751;1866;-115;10:54:56.262846
1754;1868;-114;10:54:56.262846
1757;1868;-111;10:54:56.262846
1757;1868;-111;10:54:56.262846
1756;1869;-113;10:54:56.262846
1757;1869;-112;10:54:56.262846
1754;1869;-115;10:54:56.262846
1751;1865;-114;10:54:56.262846
1751;1867;-116;10:54:56.262846
1750;1866;-116;10:54:56.262846
1750;1865;-115;10:54:56.262846
1754;1866;-112;10:54:56.262846
1757;1866;-109;10:54:56.262846
1758;1866;-108;10:54:56.262846
1760;1869;-109;10:54:56.262846
1758;1871;-113;10:54:56.262846
1756;1872;-116;10:54:56.262846
1761;1873;-112;10:54:56.262846
1759;1872;-113;10:54:56.262846
1757;1869;-112;10:54:56.262846
1756;1870;-114;10:54:56.262846
1754;1868;-114;10:54:56.262846
1756;1866;-110;10:54:56.262846
1756;1864;-108;10:54:56.262846
1755;1868;-113;10:54:56.262846
1757;1867;-110;10:54:56.262846
1758;1865;-107;10:54:56.262846
1759;1864;-105;10:54:56.262846
1758;1866;-108;10:54:56.262846
1756;1865;-109;10:54:56.262846
1753;1868;-115;10:54:56.262846
1753;1866;-113;10:54:56.262846
1751;1863;-112;10:54:56.262846
1751;1862;-111;10:54:56.262846
1750;1862;-112;10:54:56.262846
1751;1861;-110;10:54:56.262846
1748;1861;-113;10:54:56.262846
1747;1860;-113;10:54:56.262846
1746;1862;-116;10:54:56.262846
1750;1860;-110;10:54:56.262846
1751;1861;-110;10:54:56.262846
1751;1862;-111;10:54:56.262846
1751;1862;-111;10:54:56.262846
1752;1864;-112;10:54:56.262846
1752;1865;-113;10:54:56.262846
1751;1864;-113;10:54:56.262846
1752;1867;-115;10:54:56.262846
1756;1866;-110;10:54:56.262846
1755;1866;-111;10:54:56.262846
1755;1864;-109;10:54:56.262846
1759;1866;-107;10:54:56.262846
1758;1865;-107;10:54:56.262846
1756;1864;-108;10:54:56.262846
1756;1863;-107;10:54:56.262846
1756;1864;-108;10:54:56.262846
1757;1867;-110;10:54:56.262846
1756;1865;-109;10:54:56.262846
1758;1867;-109;10:54:56.262846
1758;1869;-111;10:54:56.262846
1762;1870;-108;10:54:56.262846
1761;1871;-110;10:54:56.262846
1761;1870;-109;10:54:56.262846
1757;1869;-112;10:54:56.262846
1755;1868;-113;10:54:56.262846
1755;1867;-112;10:54:56.262846
1752;1864;-112;10:54:56.262846
1753;1863;-110;10:54:56.262846
1752;1865;-113;10:54:56.262846
1752;1864;-112;10:54:56.262846
1753;1864;-111;10:54:56.262846
1754;1864;-110;10:54:56.262846
1754;1866;-112;10:54:56.262846
1754;1868;-114;10:54:56.262846
1757;1869;-112;10:54:56.262846
1757;1870;-113;10:54:56.262846
1756;1867;-111;10:54:56.262846
1755;1868;-113;10:54:56.262846
1757;1868;-111;10:54:56.262846
1756;1868;-112;10:54:56.262846
1758;1871;-113;10:54:56.262846
1759;1873;-114;10:54:56.262846
1760;1873;-113;10:54:56.262846
1761;1872;-111;10:54:56.262846
1762;1872;-110;10:54:56.262846
1761;1873;-112;10:54:56.262846
1761;1874;-113;10:54:56.262846
1764;1873;-109;10:54:56.262846
1764;1873;-109;10:54:56.262846
1763;1873;-110;10:54:56.262846
1764;1874;-110;10:54:56.262846
1766;1875;-109;10:54:56.262846
1762;1874;-112;10:54:56.262846
1764;1873;-109;10:54:56.262846
1766;1873;-107;10:54:56.262846
1765;1875;-110;10:54:56.262846
1765;1872;-107;10:54:56.262846
1762;1873;-111;10:54:56.262846
1766;1872;-106;10:54:56.262846
1763;1872;-109;10:54:56.262846
1763;1873;-110;10:54:56.262846
1760;1872;-112;10:54:56.262846
1756;1872;-116;10:54:56.262846
1757;1874;-117;10:54:56.262846
1761;1872;-111;10:54:56.262846
1760;1870;-110;10:54:56.262846
1760;1869;-109;10:54:56.262846
1760;1871;-111;10:54:56.262846
1758;1871;-113;10:54:56.262846
1761;1871;-110;10:54:56.262846
1759;1871;-112;10:54:56.262846
1756;1871;-115;10:54:56.262846
1754;1869;-115;10:54:56.262846
1755;1867;-112;10:54:56.262846
1755;1867;-112;10:54:56.262846
1752;1868;-116;10:54:56.262846
1753;1869;-116;10:54:56.262846
1757;1870;-113;10:54:56.262846
1760;1870;-110;10:54:56.262846
1761;1873;-112;10:54:56.262846
1761;1874;-113;10:54:56.262846
1757;1875;-118;10:54:56.262846
1756;1874;-118;10:54:56.262846
1757;1871;-114;10:54:56.262846
1757;1872;-115;10:54:56.262846
1758;1870;-112;10:54:56.262846
1760;1871;-111;10:54:56.262846
1760;1871;-111;10:54:56.262846
1759;1872;-113;10:54:56.262846
1760;1871;-111;10:54:56.262846
1763;1873;-110;10:54:56.262846
1762;1874;-112;10:54:56.262846
1761;1871;-110;10:54:56.262846
1758;1871;-113;10:54:56.262846
1758;1872;-114;10:54:56.262846
1758;1870;-112;10:54:56.262846
1758;1870;-112;10:54:56.262846
1759;1867;-108;10:54:56.262846
1758;1866;-108;10:54:56.262846
1758;1868;-110;10:54:56.262846
1756;1866;-110;10:54:56.262846
1755;1867;-112;10:54:56.262846
1757;1867;-110;10:54:56.262846
1760;1869;-109;10:54:56.262846
1758;1870;-112;10:54:56.262846
1757;1869;-112;10:54:56.262846
1756;1869;-113;10:54:56.262846
1758;1869;-111;10:54:56.262846
1756;1870;-114;10:54:56.262846
1756;1871;-115;10:54:56.262846
1759;1871;-112;10:54:56.262846
1760;1870;-110;10:54:56.262846
1760;1872;-112;10:54:56.262846
1760;1872;-112;10:54:56.262846
1760;1873;-113;10:54:56.262846
1760;1871;-111;10:54:56.262846
1760;1869;-109;10:54:56.262846
1757;1869;-112;10:54:56.262846
1755;1866;-111;10:54:56.262846
1755;1865;-110;10:54:56.262846
1758;1865;-107;10:54:56.262846
1756;1868;-112;10:54:56.262846
1755;1869;-114;10:54:56.262846
1756;1870;-114;10:54:56.262846
1757;1871;-114;10:54:56.262846
1757;1873;-116;10:54:56.262846
1758;1872;-114;10:54:56.262846
1760;1873;-113;10:54:56.262846
1759;1870;-111;10:54:56.262846
1758;1868;-110;10:54:56.262846
1760;1870;-110;10:54:56.262846
1761;1869;-108;10:54:56.262846
1759;1870;-111;10:54:56.262846
1760;1871;-111;10:54:56.262846
1760;1871;-111;10:54:56.262846
1759;1871;-112;10:54:56.262846
1757;1870;-113;10:54:56.262846
1757;1872;-115;10:54:56.262846
1756;1872;-116;10:54:56.262846
1757;1873;-116;10:54:56.262846
1759;1869;-110;10:54:56.262846
1760;1870;-110;10:54:56.262846
1759;1871;-112;10:54:56.262846
1759;1871;-112;10:54:56.262846
1758;1873;-115;10:54:56.262846
1756;1874;-118;10:54:56.262846
1759;1875;-116;10:54:56.262846
1761;1875;-114;10:54:56.262846
1760;1873;-113;10:54:56.262846
1760;1872;-112;10:54:56.262846
1760;1874;-114;10:54:56.262846
1761;1871;-110;10:54:56.262846
1761;1871;-110;10:54:56.262846
1761;1873;-112;10:54:56.262846
1761;1871;-110;10:54:56.262846
1762;1873;-111;10:54:56.262846
1761;1872;-111;10:54:56.262846
1760;1872;-112;10:54:56.262846
1762;1874;-112;10:54:56.262846
1764;1877;-113;10:54:56.262846
1763;1876;-113;10:54:56.262846
1762;1874;-112;10:54:56.262846
1764;1872;-108;10:54:56.262846
1761;1873;-112;10:54:56.262846
1757;1871;-114;10:54:56.262846
1758;1871;-113;10:54:56.262846
1756;1869;-113;10:54:56.262846
1754;1867;-113;10:54:56.262846
1756;1869;-113;10:54:56.262846
1757;1869;-112;10:54:56.262846
1755;1869;-114;10:54:56.262846
1754;1869;-115;10:54:56.262846
1753;1869;-116;10:54:56.262846
1752;1868;-116;10:54:56.262846
1754;1865;-111;10:54:56.262846
1754;1865;-111;10:54:56.262846
1754;1864;-110;10:54:56.262846
1753;1864;-111;10:54:56.262846
1752;1867;-115;10:54:56.262846
1753;1867;-114;10:54:56.262846
1754;1869;-115;10:54:56.262846
1754;1869;-115;10:54:56.262846
1754;1870;-116;10:54:56.262846
1756;1872;-116;10:54:56.262846
1757;1870;-113;10:54:56.262846
1758;1869;-111;10:54:56.262846
1759;1870;-111;10:54:56.262846
1760;1871;-111;10:54:56.262846
1761;1872;-111;10:54:56.262846
1760;1871;-111;10:54:56.262846
1762;1873;-111;10:54:56.262846
1761;1872;-111;10:54:56.262846
1762;1872;-110;10:54:56.262846
1760;1874;-114;10:54:56.262846
1759;1872;-113;10:54:56.262846
1760;1871;-111;10:54:56.262846
1759;1872;-113;10:54:56.262846
1757;1871;-114;10:54:56.262846
1758;1870;-112;10:54:56.262846
1758;1872;-114;10:54:56.262846
1759;1870;-111;10:54:56.262846
1758;1869;-111;10:54:56.262846
1759;1869;-110;10:54:56.262846
1758;1872;-114;10:54:56.262846
1759;1873;-114;10:54:56.262846
1759;1873;-114;10:54:56.262846
1759;1871;-112;10:54:56.262846
1759;1869;-110;10:54:56.262846
1759;1868;-109;10:54:56.262846
1756;1868;-112;10:54:56.262846
1754;1864;-110;10:54:56.262846
1753;1865;-112;10:54:56.262846
1753;1865;-112;10:54:56.262846
1754;1864;-110;10:54:56.262846
1753;1866;-113;10:54:56.262846
1753;1866;-113;10:54:56.262846
1750;1867;-117;10:54:56.262846
1751;1866;-115;10:54:56.262846
1752;1868;-116;10:54:56.262846
1755;1868;-113;10:54:56.262846
1758;1867;-109;10:54:56.262846
1757;1868;-111;10:54:56.262846
1755;1869;-114;10:54:56.262846
1756;1870;-114;10:54:56.262846
1759;1869;-110;10:54:56.262846
1758;1871;-113;10:54:56.262846
1757;1874;-117;10:54:56.262846
1760;1874;-114;10:54:56.262846
1759;1872;-113;10:54:56.262846
1757;1872;-115;10:54:56.262846
1757;1873;-116;10:54:56.262846
1759;1876;-117;10:54:56.262846
1764;1874;-110;10:54:56.262846
1763;1873;-110;10:54:56.262846
1763;1872;-109;10:54:56.262846
1762;1874;-112;10:54:56.262846
1766;1873;-107;10:54:56.262846
1764;1873;-109;10:54:56.262846
1759;1870;-111;10:54:56.262846
1758;1871;-113;10:54:56.262846
1758;1873;-115;10:54:56.262846
1756;1871;-115;10:54:56.262846
1757;1871;-114;10:54:56.262846
1759;1872;-113;10:54:56.262846
1759;1875;-116;10:54:56.262846
1759;1872;-113;10:54:56.262846
1761;1872;-111;10:54:56.262846
1764;1873;-109;10:54:56.262846
1765;1871;-106;10:54:56.262846
1765;1869;-104;10:54:56.262846
1761;1872;-111;10:54:56.262846
1759;1870;-111;10:54:56.262846
1760;1868;-108;10:54:56.262846
1758;1871;-113;10:54:56.262846
1757;1870;-113;10:54:56.262846
1755;1870;-115;10:54:56.262846
1756;1869;-113;10:54:56.262846
1754;1867;-113;10:54:56.262846
1754;1865;-111;10:54:56.262846
1756;1865;-109;10:54:56.262846
1755;1865;-110;10:54:56.262846
1752;1864;-112;10:54:56.262846
1752;1867;-115;10:54:56.262846
1754;1866;-112;10:54:56.262846
1757;1867;-110;10:54:56.262846
1760;1867;-107;10:54:56.262846
1762;1869;-107;10:54:56.262846
1762;1870;-108;10:54:56.262846
1760;1869;-109;10:54:56.262846
1761;1870;-109;10:54:56.262846
1760;1871;-111;10:54:56.262846
1760;1873;-113;10:54:56.262846
1760;1874;-114;10:54:56.262846
1762;1873;-111;10:54:56.262846
1760;1874;-114;10:54:56.262846
1762;1873;-111;10:54:56.262846
1764;1872;-108;10:54:56.262846
1764;1871;-107;10:54:56.262846
1763;1868;-105;10:54:56.262846
1764;1868;-104;10:54:56.262846
1764;1871;-107;10:54:56.262846
1761;1869;-108;10:54:56.262846
1760;1871;-111;10:54:56.262846
1762;1872;-110;10:54:56.262846
1760;1873;-113;10:54:56.262846
1757;1871;-114;10:54:56.262846
1760;1870;-110;10:54:56.262846
1759;1869;-110;10:54:56.262846
1760;1866;-106;10:54:56.262846
1760;1867;-107;10:54:56.262846
1757;1867;-110;10:54:56.262846
1755;1865;-110;10:54:56.262846
1755;1866;-111;10:54:56.262846
1755;1865;-110;10:54:56.262846
1755;1865;-110;10:54:56.262846
1754;1865;-111;10:54:56.262846
1755;1866;-111;10:54:56.262846
1755;1867;-112;10:54:56.262846
1757;1866;-109;10:54:56.262846
1757;1867;-110;10:54:56.262846
1756;1869;-113;10:54:56.262846
1754;1872;-118;10:54:56.262846
1756;1872;-116;10:54:56.262846
1758;1870;-112;10:54:56.262846
1758;1869;-111;10:54:56.262846
1760;1869;-109;10:54:56.262846
1761;1871;-110;10:54:56.262846
1761;1873;-112;10:54:56.262846
1760;1873;-113;10:54:56.262846
1760;1871;-111;10:54:56.262846
1759;1871;-112;10:54:56.262846
1759;1872;-113;10:54:56.262846
1760;1872;-112;10:54:56.262846
1759;1869;-110;10:54:56.262846
1758;1867;-109;10:54:56.262846
1760;1867;-107;10:54:56.262846
1760;1867;-107;10:54:56.262846
1756;1866;-110;10:54:56.262846
1758;1866;-108;10:54:56.262846
1756;1867;-111;10:54:56.262846
1756;1868;-112;10:54:56.262846
1753;1869;-116;10:54:56.262846
1755;1865;-110;10:54:56.262846
1757;1867;-110;10:54:56.262846
1755;1866;-111;10:54:56.262846
1756;1867;-111;10:54:56.262846
1759;1868;-109;10:54:56.262846
1758;1869;-111;10:54:56.262846
1757;1868;-111;10:54:56.262846
1759;1869;-110;10:54:56.262846
1757;1868;-111;10:54:56.262846
1755;1868;-113;10:54:56.262846
1754;1869;-115;10:54:56.262846
1754;1869;-115;10:54:56.262846
1755;1870;-115;10:54:56.262846
1756;1870;-114;10:54:56.262846
1757;1870;-113;10:54:56.262846
1755;1873;-118;10:54:56.262846
1759;1874;-115;10:54:56.262846
1760;1877;-117;10:54:56.262846
1760;1876;-116;10:54:56.262846
1762;1876;-114;10:54:56.262846
1763;1877;-114;10:54:56.262846
1765;1877;-112;10:54:56.262846
1765;1878;-113;10:54:56.262846
1766;1876;-110;10:54:56.262846
1767;1878;-111;10:54:56.262846
1765;1876;-111;10:54:56.262846
1765;1876;-111;10:54:56.262846
1765;1877;-112;10:54:56.262846
1765;1878;-113;10:54:56.262846
1764;1878;-114;10:54:56.262846
1766;1876;-110;10:54:56.262846
1769;1876;-107;10:54:56.262846
1765;1876;-111;10:54:56.262846
1764;1877;-113;10:54:56.262846
1765;1876;-111;10:54:56.262846
1764;1877;-113;10:54:56.262846
1765;1877;-112;10:54:56.262846
1763;1877;-114;10:54:56.262846
1762;1877;-115;10:54:56.262846
1762;1874;-112;10:54:56.262846
1761;1872;-111;10:54:56.262846
1760;1871;-111;10:54:56.262846
1759;1872;-113;10:54:56.262846
1761;1875;-114;10:54:56.262846
1761;1875;-114;10:54:56.262846
1761;1877;-116;10:54:56.262846
1762;1877;-115;10:54:56.262846
1763;1879;-116;10:54:56.262846
1766;1879;-113;10:54:56.262846
1767;1878;-111;10:54:56.262846
1765;1879;-114;10:54:56.262846
1766;1882;-116;10:54:56.262846
1766;1881;-115;10:54:56.262846
1769;1881;-112;10:54:56.262846
1770;1880;-110;10:54:56.262846
1771;1884;-113;10:54:56.262846
1774;1883;-109;10:54:56.262846
1771;1883;-112;10:54:56.262846
1770;1885;-115;10:54:56.262846
1771;1884;-113;10:54:56.262846
1773;1883;-110;10:54:56.262846
1774;1881;-107;10:54:56.262846
1773;1881;-108;10:54:56.262846
1770;1880;-110;10:54:56.262846
1769;1882;-113;10:54:56.262846
1767;1881;-114;10:54:56.262846
1769;1880;-111;10:54:56.262846
1771;1880;-109;10:54:56.262846
1772;1880;-108;10:54:56.262846
1771;1879;-108;10:54:56.262846
1768;1877;-109;10:54:56.262846
1764;1874;-110;10:54:56.262846
1762;1874;-112;10:54:56.262846
1763;1875;-112;10:54:56.262846
1762;1874;-112;10:54:56.262846
1759;1873;-114;10:54:56.262846
1759;1872;-113;10:54:56.262846
1760;1871;-111;10:54:56.262846
1757;1868;-111;10:54:56.262846
1757;1868;-111;10:54:56.262846
1756;1868;-112;10:54:56.262846
1756;1870;-114;10:54:56.262846
1757;1868;-111;10:54:56.262846
1756;1870;-114;10:54:56.262846
1756;1868;-112;10:54:56.262846
1758;1868;-110;10:54:56.262846
1756;1869;-113;10:54:56.262846
1755;1869;-114;10:54:56.262846
1754;1872;-118;10:54:56.262846
1757;1874;-117;10:54:56.262846
1756;1872;-116;10:54:56.262846
1756;1871;-115;10:54:56.262846
1757;1871;-114;10:54:56.262846
1757;1869;-112;10:54:56.262846
1758;1867;-109;10:54:56.262846
1758;1867;-109;10:54:56.262846
1757;1868;-111;10:54:56.262846
1760;1871;-111;10:54:56.262846
1761;1871;-110;10:54:56.262846
1761;1871;-110;10:54:56.262846
1760;1870;-110;10:54:56.262846
1756;1871;-115;10:54:56.262846
1756;1871;-115;10:54:56.262846
1754;1868;-114;10:54:56.262846
1755;1865;-110;10:54:56.262846
1757;1864;-107;10:54:56.262846
1754;1865;-111;10:54:56.262846
1754;1865;-111;10:54:56.262846
1754;1863;-109;10:54:56.262846
1753;1861;-108;10:54:56.262846
1753;1862;-109;10:54:56.262846
1754;1863;-109;10:54:56.262846
1752;1863;-111;10:54:56.262846
1751;1864;-113;10:54:56.262846
1751;1866;-115;10:54:56.262846
1753;1866;-113;10:54:56.262846
1751;1866;-115;10:54:56.262846
1754;1866;-112;10:54:56.262846
1756;1867;-111;10:54:56.262846
1754;1867;-113;10:54:56.262846
1755;1866;-111;10:54:56.262846
1757;1869;-112;10:54:56.262846
1758;1871;-113;10:54:56.262846
1760;1870;-110;10:54:56.262846
1759;1871;-112;10:54:56.262846
1759;1872;-113;10:54:56.262846
1760;1872;-112;10:54:56.262846
1762;1875;-113;10:54:56.262846
1762;1875;-113;10:54:56.262846
1763;1874;-111;10:54:56.262846
1766;1875;-109;10:54:56.262846
1767;1875;-108;10:54:56.262846
1767;1876;-109;10:54:56.262846
1767;1875;-108;10:54:56.262846
1766;1875;-109;10:54:56.262846
1769;1875;-106;10:54:56.262846
1768;1876;-108;10:54:56.262846
1768;1875;-107;10:54:56.262846
1768;1878;-110;10:54:56.262846
1766;1876;-110;10:54:56.262846
1765;1875;-110;10:54:56.262846
1762;1876;-114;10:54:56.262846
1765;1877;-112;10:54:56.262846
1768;1877;-109;10:54:56.262846
1767;1875;-108;10:54:56.262846
1765;1873;-108;10:54:56.262846
1761;1872;-111;10:54:56.262846
1763;1871;-108;10:54:56.262846
1763;1868;-105;10:54:56.262846
1759;1867;-108;10:54:56.262846
1756;1866;-110;10:54:56.262846
1754;1870;-116;10:54:56.262846
1752;1869;-117;10:54:56.262846
1754;1868;-114;10:54:56.262846
1756;1871;-115;10:54:56.262846
1757;1871;-114;10:54:56.262846
1756;1872;-116;10:54:56.262846
1758;1871;-113;10:54:56.262846
1758;1871;-113;10:54:56.262846
1760;1873;-113;10:54:56.262846
1762;1874;-112;10:54:56.262846
1760;1875;-115;10:54:56.262846
1761;1874;-113;10:54:56.262846
1758;1873;-115;10:54:56.262846
1760;1873;-113;10:54:56.262846
1761;1873;-112;10:54:56.262846
1759;1873;-114;10:54:56.262846
1759;1873;-114;10:54:56.262846
1760;1873;-113;10:54:56.262846
1761;1872;-111;10:54:56.262846
1762;1871;-109;10:54:56.262846
1760;1874;-114;10:54:56.262846
1759;1874;-115;10:54:56.262846
1759;1873;-114;10:54:56.262846
1760;1874;-114;10:54:56.262846
1761;1873;-112;10:54:56.262846
1759;1873;-114;10:54:56.262846
1759;1871;-112;10:54:56.262846
1758;1871;-113;10:54:56.262846
1758;1868;-110;10:54:56.262846
1758;1867;-109;10:54:56.262846
1753;1868;-115;10:54:56.262846
1752;1867;-115;10:54:56.262846
1754;1866;-112;10:54:56.262846
1751;1865;-114;10:54:56.262846
1751;1864;-113;10:54:56.262846
1752;1865;-113;10:54:56.262846
1752;1862;-110;10:54:56.262846
1749;1863;-114;10:54:56.262846
1748;1861;-113;10:54:56.262846
1750;1863;-113;10:54:56.262846
1749;1863;-114;10:54:56.262846
1751;1864;-113;10:54:56.262846
1752;1866;-114;10:54:56.262846
1751;1867;-116;10:54:56.262846
1753;1866;-113;10:54:56.262846
1754;1867;-113;10:54:56.262846
1754;1867;-113;10:54:56.262846
1754;1867;-113;10:54:56.262846
1752;1868;-116;10:54:56.262846
1756;1869;-113;10:54:56.262846
1753;1868;-115;10:54:56.262846
1752;1867;-115;10:54:56.262846
1755;1869;-114;10:54:56.262846
1759;1873;-114;10:54:56.262846
1762;1872;-110;10:54:56.262846
1763;1871;-108;10:54:56.262846
1763;1872;-109;10:54:56.262846
1763;1874;-111;10:54:56.262846
1764;1875;-111;10:54:56.262846
1765;1873;-108;10:54:56.262846
1764;1873;-109;10:54:56.262846
1764;1872;-108;10:54:56.262846
1762;1873;-111;10:54:56.262846
1760;1870;-110;10:54:56.262846
1762;1868;-106;10:54:56.262846
1758;1871;-113;10:54:56.262846
1759;1870;-111;10:54:56.262846
1759;1871;-112;10:54:56.262846
1759;1870;-111;10:54:56.262846
1761;1869;-108;10:54:56.262846
1758;1867;-109;10:54:56.262846
1757;1866;-109;10:54:56.262846
1759;1869;-110;10:54:56.262846
1758;1869;-111;10:54:56.262846
1759;1868;-109;10:54:56.262846
1758;1867;-109;10:54:56.262846
1758;1868;-110;10:54:56.262846
1757;1867;-110;10:54:56.262846
1755;1869;-114;10:54:56.262846
1753;1867;-114;10:54:56.262846
1752;1867;-115;10:54:56.262846
1750;1867;-117;10:54:56.262846
1750;1867;-117;10:54:56.262846
1754;1866;-112;10:54:56.262846
1754;1868;-114;10:54:56.262846
1756;1870;-114;10:54:56.262846
1757;1870;-113;10:54:56.262846
1757;1870;-113;10:54:56.262846
1757;1872;-115;10:54:56.262846
1759;1871;-112;10:54:56.262846
1757;1871;-114;10:54:56.262846
1758;1872;-114;10:54:56.262846
1758;1874;-116;10:54:56.262846
1761;1873;-112;10:54:56.262846
1761;1872;-111;10:54:56.262846
1761;1873;-112;10:54:56.262846
1764;1873;-109;10:54:56.262846
1763;1873;-110;10:54:56.262846
1764;1874;-110;10:54:56.262846
1765;1875;-110;10:54:56.262846
1764;1875;-111;10:54:56.262846
1765;1875;-110;10:54:56.262846
1765;1876;-111;10:54:56.262846
1763;1874;-111;10:54:56.262846
1765;1872;-107;10:54:56.262846
1762;1872;-110;10:54:56.262846
1761;1871;-110;10:54:56.262846
1758;1870;-112;10:54:56.262846
1757;1871;-114;10:54:56.262846
1758;1871;-113;10:54:56.262846
1756;1872;-116;10:54:56.262846
1757;1871;-114;10:54:56.262846
1758;1870;-112;10:54:56.262846
1756;1869;-113;10:54:56.262846
1756;1870;-114;10:54:56.262846
1757;1872;-115;10:54:56.262846
1755;1871;-116;10:54:56.262846
1758;1871;-113;10:54:56.262846
1762;1871;-109;10:54:56.262846
1759;1870;-111;10:54:56.262846
1759;1870;-111;10:54:56.262846
1761;1871;-110;10:54:56.262846
1761;1874;-113;10:54:56.262846
1761;1872;-111;10:54:56.262846
1762;1875;-113;10:54:56.262846
1762;1878;-116;10:54:56.262846
1763;1877;-114;10:54:56.262846
1763;1877;-114;10:54:56.262846
1763;1877;-114;10:54:56.262846
1765;1876;-111;10:54:56.262846
1768;1876;-108;10:54:56.262846
1768;1875;-107;10:54:56.262846
1765;1874;-109;10:54:56.262846
1762;1875;-113;10:54:56.262846
1766;1876;-110;10:54:56.262846
1764;1874;-110;10:54:56.262846
1762;1873;-111;10:54:56.262846
1761;1872;-111;10:54:56.262846
1758;1872;-114;10:54:56.262846
1756;1871;-115;10:54:56.262846
1756;1870;-114;10:54:56.262846
1756;1868;-112;10:54:56.262846
1754;1866;-112;10:54:56.262846
1753;1863;-110;10:54:56.262846
1750;1863;-113;10:54:56.262846
1747;1864;-117;10:54:56.262846
1749;1863;-114;10:54:56.262846
1751;1864;-113;10:54:56.262846
1753;1864;-111;10:54:56.262846
1753;1864;-111;10:54:56.262846
1752;1863;-111;10:54:56.262846
1752;1864;-112;10:54:56.262846
1749;1865;-116;10:54:56.262846
1746;1865;-119;10:54:56.262846
1749;1865;-116;10:54:56.262846
1751;1866;-115;10:54:56.262846
1752;1863;-111;10:54:56.262846
1752;1865;-113;10:54:56.262846
1752;1866;-114;10:54:56.262846
1752;1865;-113;10:54:56.262846
1753;1865;-112;10:54:56.262846
1755;1867;-112;10:54:56.262846
1754;1869;-115;10:54:56.262846
1757;1870;-113;10:54:56.262846
1757;1872;-115;10:54:56.262846
1754;1872;-118;10:54:56.262846
1757;1871;-114;10:54:56.262846
1761;1872;-111;10:54:56.262846
1761;1871;-110;10:54:56.262846
1760;1868;-108;10:54:56.262846
1761;1872;-111;10:54:56.262846
1758;1871;-113;10:54:56.262846
1757;1870;-113;10:54:56.262846
1761;1868;-107;10:54:56.262846
1761;1868;-107;10:54:56.262846
1756;1866;-110;10:54:56.262846
1756;1864;-108;10:54:56.262846
1757;1868;-111;10:54:56.262846
1756;1865;-109;10:54:56.262846
1755;1864;-109;10:54:56.262846
1755;1867;-112;10:54:56.262846
1757;1866;-109;10:54:56.262846
1756;1865;-109;10:54:56.262846
1753;1865;-112;10:54:56.262846
1751;1865;-114;10:54:56.262846
1752;1864;-112;10:54:56.262846
1753;1865;-112;10:54:56.262846
1751;1868;-117;10:54:56.262846
1751;1866;-115;10:54:56.262846
1755;1868;-113;10:54:56.262846
1757;1867;-110;10:54:56.262846
1755;1870;-115;10:54:56.262846
1756;1870;-114;10:54:56.262846
1757;1871;-114;10:54:56.262846
1757;1871;-114;10:54:56.262846
1759;1868;-109;10:54:56.262846
1761;1870;-109;10:54:56.262846
1758;1869;-111;10:54:56.262846
1760;1871;-111;10:54:56.262846
1760;1875;-115;10:54:56.262846
1763;1875;-112;10:54:56.262846
1764;1875;-111;10:54:56.262846
1763;1876;-113;10:54:56.262846
1764;1875;-111;10:54:56.262846
1763;1877;-114;10:54:56.262846
1762;1878;-116;10:54:56.262846
1764;1879;-115;10:54:56.262846
1765;1877;-112;10:54:56.262846
1766;1876;-110;10:54:56.262846
1766;1877;-111;10:54:56.262846
1768;1876;-108;10:54:56.262846
1767;1876;-109;10:54:56.262846
1764;1872;-108;10:54:56.262846
1762;1874;-112;10:54:56.262846
1761;1875;-114;10:54:56.262846
1760;1874;-114;10:54:56.262846
1760;1876;-116;10:54:56.262846
1757;1875;-118;10:54:56.262846
1756;1873;-117;10:54:56.262846
1758;1872;-114;10:54:56.262846
1759;1870;-111;10:54:56.262846
1758;1870;-112;10:54:56.262846
1758;1870;-112;10:54:56.262846
1758;1870;-112;10:54:56.262846
1758;1872;-114;10:54:56.262846
1757;1871;-114;10:54:56.262846
1757;1872;-115;10:54:56.262846
1755;1872;-117;10:54:56.262846
1753;1872;-119;10:54:56.262846
1757;1873;-116;10:54:56.262846
1756;1870;-114;10:54:56.262846
1755;1869;-114;10:54:56.262846
1755;1870;-115;10:54:56.262846
1757;1871;-114;10:54:56.262846
1757;1871;-114;10:54:56.262846
1757;1870;-113;10:54:56.262846
1758;1871;-113;10:54:56.262846
1760;1873;-113;10:54:56.262846
1762;1872;-110;10:54:56.262846
1765;1871;-106;10:54:56.262846
1764;1872;-108;10:54:56.262846
1762;1872;-110;10:54:56.262846
1763;1871;-108;10:54:56.262846
1760;1869;-109;10:54:56.262846
1759;1870;-111;10:54:56.262846
1756;1869;-113;10:54:56.262846
1756;1870;-114;10:54:56.262846
1755;1869;-114;10:54:56.262846
1755;1867;-112;10:54:56.262846
1756;1867;-111;10:54:56.262846
1757;1867;-110;10:54:56.262846
1758;1867;-109;10:54:56.262846
1759;1866;-107;10:54:56.262846
1757;1869;-112;10:54:56.262846
1756;1868;-112;10:54:56.262846
1754;1866;-112;10:54:56.262846
1754;1865;-111;10:54:56.262846
1753;1867;-114;10:54:56.262846
1754;1868;-114;10:54:56.262846
1753;1866;-113;10:54:56.262846
1755;1865;-110;10:54:56.262846
1755;1866;-111;10:54:56.262846
1756;1868;-112;10:54:56.262846
1752;1868;-116;10:54:56.262846
1750;1867;-117;10:54:56.262846
1752;1868;-116;10:54:56.262846
1754;1867;-113;10:54:56.262846
1753;1867;-114;10:54:56.262846
1754;1867;-113;10:54:56.262846
1753;1868;-115;10:54:56.262846
1754;1868;-114;10:54:56.262846
1755;1870;-115;10:54:56.262846
1757;1869;-112;10:54:56.262846
1758;1868;-110;10:54:56.262846
1758;1869;-111;10:54:56.262846
1759;1869;-110;10:54:56.262846
1757;1869;-112;10:54:56.262846
1758;1870;-112;10:54:56.262846
1758;1871;-113;10:54:56.262846
1757;1869;-112;10:54:56.262846
1758;1870;-112;10:54:56.262846
1759;1871;-112;10:54:56.262846
1757;1870;-113;10:54:56.262846
1754;1867;-113;10:54:56.262846
1754;1869;-115;10:54:56.262846
1757;1867;-110;10:54:56.262846
1758;1870;-112;10:54:56.262846
1757;1867;-110;10:54:56.262846
1756;1865;-109;10:54:56.262846
1756;1865;-109;10:54:56.262846
1754;1866;-112;10:54:56.262846
1752;1865;-113;10:54:56.262846
1753;1864;-111;10:54:56.262846
1752;1864;-112;10:54:56.262846
1753;1865;-112;10:54:56.262846
1752;1868;-116;10:54:56.262846
1751;1868;-117;10:54:56.262846
1752;1867;-115;10:54:56.262846
1754;1867;-113;10:54:56.262846
1755;1870;-115;10:54:56.262846
1756;1870;-114;10:54:56.262846
1756;1870;-114;10:54:56.262846
1757;1870;-113;10:54:56.262846
1756;1871;-115;10:54:56.262846
1756;1871;-115;10:54:56.262846
1758;1873;-115;10:54:56.262846
1758;1872;-114;10:54:56.262846
1758;1874;-116;10:54:56.262846
1759;1876;-117;10:54:56.262846
1761;1874;-113;10:54:56.262846
1764;1874;-110;10:54:56.262846
1763;1875;-112;10:54:56.262846
1764;1877;-113;10:54:56.262846
1763;1875;-112;10:54:56.262846
1764;1878;-114;10:54:56.262846
1766;1876;-110;10:54:56.262846
1765;1878;-113;10:54:56.262846
1766;1877;-111;10:54:56.262846
1765;1877;-112;10:54:56.262846
1764;1877;-113;10:54:56.262846
1764;1876;-112;10:54:56.262846
1762;1873;-111;10:54:56.262846
1761;1872;-111;10:54:56.262846
1763;1872;-109;10:54:56.262846
1760;1873;-113;10:54:56.262846
1757;1872;-115;10:54:56.262846
1757;1871;-114;10:54:56.262846
1757;1871;-114;10:54:56.262846
1754;1869;-115;10:54:56.262846
1754;1870;-116;10:54:56.262846
1754;1869;-115;10:54:56.262846
1753;1869;-116;10:54:56.262846
1752;1865;-113;10:54:56.262846
1753;1867;-114;10:54:56.262846
1755;1868;-113;10:54:56.262846
1753;1867;-114;10:54:56.262846
1753;1866;-113;10:54:56.262846
1754;1866;-112;10:54:56.262846
1753;1866;-113;10:54:56.262846
1751;1865;-114;10:54:56.262846
1749;1868;-119;10:54:56.262846
1749;1866;-117;10:54:56.262846
1750;1865;-115;10:54:56.262846
1751;1866;-115;10:54:56.262846
1751;1868;-117;10:54:56.262846
1752;1867;-115;10:54:56.262846
1753;1868;-115;10:54:56.262846
1755;1869;-114;10:54:56.262846
1755;1866;-111;10:54:56.262846
1754;1866;-112;10:54:56.262846
1753;1867;-114;10:54:56.262846
1753;1867;-114;10:54:56.262846
1753;1867;-114;10:54:56.262846
1756;1868;-112;10:54:56.262846
1757;1869;-112;10:54:56.262846
1756;1869;-113;10:54:56.262846
1755;1870;-115;10:54:56.262846
1756;1870;-114;10:54:56.262846
1756;1871;-115;10:54:56.262846
1755;1869;-114;10:54:56.262846
1755;1868;-113;10:54:56.262846
1753;1868;-115;10:54:56.262846
1755;1867;-112;10:54:56.262846
1754;1866;-112;10:54:56.262846
1752;1865;-113;10:54:56.262846
1753;1865;-112;10:54:56.262846
1755;1868;-113;10:54:56.262846
1755;1866;-111;10:54:56.262846
1754;1867;-113;10:54:56.262846
1756;1867;-111;10:54:56.262846
1755;1866;-111;10:54:56.262846
1754;1867;-113;10:54:56.262846
1752;1867;-115;10:54:56.262846
1749;1868;-119;10:54:56.262846
1750;1868;-118;10:54:56.262846
1750;1867;-117;10:54:56.262846
1751;1865;-114;10:54:56.262846
1750;1865;-115;10:54:56.262846
1750;1864;-114;10:54:56.262846
1752;1865;-113;10:54:56.262846
1754;1866;-112;10:54:56.262846
1755;1867;-112;10:54:56.262846
1756;1865;-109;10:54:56.262846
1753;1867;-114;10:54:56.262846
1754;1867;-113;10:54:56.262846
1754;1869;-115;10:54:56.262846
1754;1869;-115;10:54:56.262846
1756;1869;-113;10:54:56.262846
1756;1869;-113;10:54:56.262846
1758;1871;-113;10:54:56.262846
1760;1872;-112;10:54:56.262846
1760;1874;-114;10:54:56.262846
1762;1874;-112;10:54:56.262846
1761;1875;-114;10:54:56.262846
1763;1874;-111;10:54:56.262846
1764;1873;-109;10:54:56.262846
1763;1870;-107;10:54:56.262846
1760;1868;-108;10:54:56.262846
1758;1870;-112;10:54:56.262846
1757;1870;-113;10:54:56.262846
1756;1869;-113;10:54:56.262846
1754;1866;-112;10:54:56.262846
1754;1866;-112;10:54:56.262846
1752;1868;-116;10:54:56.262846
1751;1865;-114;10:54:56.262846
1752;1866;-114;10:54:56.262846
1755;1867;-112;10:54:56.262846
1758;1868;-110;10:54:56.262846
1757;1867;-110;10:54:56.262846
1759;1867;-108;10:54:56.262846
1757;1872;-115;10:54:56.262846
1759;1872;-113;10:54:56.262846
1759;1873;-114;10:54:56.262846
1761;1874;-113;10:54:56.262846
1762;1874;-112;10:54:56.262846
1763;1876;-113;10:54:56.262846
1761;1874;-113;10:54:56.262846
1762;1874;-112;10:54:56.262846
1761;1878;-117;10:54:56.262846
1762;1875;-113;10:54:56.262846
1762;1873;-111;10:54:56.262846
1762;1874;-112;10:54:56.262846
1759;1873;-114;10:54:56.262846
1764;1874;-110;10:54:56.262846
1762;1875;-113;10:54:56.262846
1764;1876;-112;10:54:56.262846
1763;1877;-114;10:54:56.262846
1762;1876;-114;10:54:56.262846
1764;1875;-111;10:54:56.262846
1765;1875;-110;10:54:56.262846
1765;1875;-110;10:54:56.262846
1763;1873;-110;10:54:56.262846
1762;1873;-111;10:54:56.262846
1761;1872;-111;10:54:56.262846
1761;1871;-110;10:54:56.262846
1758;1871;-113;10:54:56.262846
1758;1873;-115;10:54:56.262846
1758;1871;-113;10:54:56.262846
1755;1871;-116;10:54:56.262846
1756;1870;-114;10:54:56.262846
1754;1869;-115;10:54:56.262846
1756;1866;-110;10:54:56.262846
1753;1867;-114;10:54:56.262846
1755;1866;-111;10:54:56.262846
1754;1868;-114;10:54:56.262846
1753;1869;-116;10:54:56.262846
1753;1868;-115;10:54:56.262846
1753;1869;-116;10:54:56.262846
1754;1872;-118;10:54:56.262846
1757;1869;-112;10:54:56.262846
1758;1870;-112;10:54:56.262846
1758;1872;-114;10:54:56.262846
1757;1871;-114;10:54:56.262846
1759;1871;-112;10:54:56.262846
1758;1873;-115;10:54:56.262846
1760;1871;-111;10:54:56.262846
1760;1871;-111;10:54:56.262846
1759;1873;-114;10:54:56.262846
1760;1873;-113;10:54:56.262846
1763;1873;-110;10:54:56.262846
1760;1874;-114;10:54:56.262846
1761;1872;-111;10:54:56.262846
1760;1872;-112;10:54:56.262846
1762;1870;-108;10:54:56.262846
1760;1872;-112;10:54:56.262846
1759;1871;-112;10:54:56.262846
1758;1871;-113;10:54:56.262846
1759;1869;-110;10:54:56.262846
1762;1870;-108;10:54:56.262846
1760;1869;-109;10:54:56.262846
1761;1869;-108;10:54:56.262846
1763;1870;-107;10:54:56.262846
1762;1870;-108;10:54:56.262846
1760;1867;-107;10:54:56.262846
1759;1867;-108;10:54:56.262846
1755;1867;-112;10:54:56.262846
1754;1867;-113;10:54:56.262846
1751;1868;-117;10:54:56.262846
1753;1866;-113;10:54:56.262846
1752;1865;-113;10:54:56.262846
1749;1864;-115;10:54:56.262846
1749;1864;-115;10:54:56.262846
1750;1864;-114;10:54:56.262846
1750;1866;-116;10:54:56.262846
1751;1866;-115;10:54:56.262846
1755;1867;-112;10:54:56.262846
1757;1867;-110;10:54:56.262846
1754;1864;-110;10:54:56.262846
1752;1864;-112;10:54:56.262846
1752;1866;-114;10:54:56.262846
1755;1868;-113;10:54:56.262846
1756;1868;-112;10:54:56.262846
1753;1870;-117;10:54:56.262846
1754;1870;-116;10:54:56.262846
1757;1871;-114;10:54:56.262846
1756;1869;-113;10:54:56.262846
1756;1870;-114;10:54:56.262846
1758;1870;-112;10:54:56.262846
1758;1869;-111;10:54:56.262846
1756;1869;-113;10:54:56.262846
1758;1869;-111;10:54:56.262846
1758;1871;-113;10:54:56.262846
1759;1871;-112;10:54:56.262846
1761;1870;-109;10:54:56.262846
1760;1871;-111;10:54:56.262846
1757;1870;-113;10:54:56.262846
1759;1871;-112;10:54:56.262846
1758;1872;-114;10:54:56.262846
1758;1869;-111;10:54:56.262846
1759;1870;-111;10:54:56.262846
1756;1868;-112;10:54:56.262846
1756;1869;-113;10:54:56.262846
1755;1868;-113;10:54:56.262846
1755;1867;-112;10:54:56.262846
1754;1867;-113;10:54:56.262846
1756;1865;-109;10:54:56.262846
1757;1865;-108;10:54:56.262846
1753;1864;-111;10:54:56.262846
1753;1862;-109;10:54:56.262846
1752;1865;-113;10:54:56.262846
1753;1865;-112;10:54:56.262846
1752;1865;-113;10:54:56.262846
1751;1867;-116;10:54:56.262846
1751;1866;-115;10:54:56.262846
1752;1868;-116;10:54:56.262846
1753;1868;-115;10:54:56.262846
1753;1869;-116;10:54:56.262846
1755;1869;-114;10:54:56.262846
1759;1870;-111;10:54:56.262846
1760;1871;-111;10:54:56.262846
1761;1874;-113;10:54:56.262846
1761;1874;-113;10:54:56.262846
1761;1875;-114;10:54:56.262846
1764;1873;-109;10:54:56.262846
1762;1873;-111;10:54:56.262846
1760;1871;-111;10:54:56.262846
1761;1872;-111;10:54:56.262846
1760;1873;-113;10:54:56.262846
1757;1872;-115;10:54:56.262846
1757;1873;-116;10:54:56.262846
1759;1873;-114;10:54:56.262846
1758;1871;-113;10:54:56.262846
1757;1869;-112;10:54:56.262846
1758;1868;-110;10:54:56.262846
1757;1867;-110;10:54:56.262846
1755;1866;-111;10:54:56.262846
1754;1867;-113;10:54:56.262846
1755;1867;-112;10:54:56.262846
1758;1866;-108;10:54:56.262846
1755;1866;-111;10:54:56.262846
1755;1866;-111;10:54:56.262846
1755;1867;-112;10:54:56.262846
1753;1868;-115;10:54:56.262846
1753;1868;-115;10:54:56.262846
1756;1869;-113;10:54:56.262846
1756;1869;-113;10:54:56.262846
1754;1869;-115;10:54:56.262846
1754;1869;-115;10:54:56.262846
1756;1869;-113;10:54:56.262846
1754;1869;-115;10:54:56.262846
1754;1868;-114;10:54:56.262846
1754;1868;-114;10:54:56.262846
1755;1870;-115;10:54:56.262846
1758;1867;-109;10:54:56.262846
1756;1869;-113;10:54:56.262846
1754;1870;-116;10:54:56.262846
1755;1871;-116;10:54:56.262846
1753;1871;-118;10:54:56.262846
1754;1870;-116;10:54:56.262846
1755;1870;-115;10:54:56.262846
1756;1868;-112;10:54:56.262846
1754;1868;-114;10:54:56.262846
1755;1866;-111;10:54:56.262846
1757;1867;-110;10:54:56.262846
1755;1868;-113;10:54:56.262846
1755;1868;-113;10:54:56.262846
1755;1869;-114;10:54:56.262846
1756;1870;-114;10:54:56.262846
1756;1870;-114;10:54:56.262846
1757;1870;-113;10:54:56.262846
1758;1867;-109;10:54:56.262846
1757;1865;-108;10:54:56.262846
1755;1865;-110;10:54:56.262846
1755;1866;-111;10:54:56.262846
1755;1867;-112;10:54:56.262846
1755;1867;-112;10:54:56.262846
1754;1868;-114;10:54:56.262846
1754;1867;-113;10:54:56.262846
1752;1865;-113;10:54:56.262846
1752;1864;-112;10:54:56.262846
1752;1863;-111;10:54:56.262846
1751;1863;-112;10:54:56.262846
1752;1865;-113;10:54:56.262846
1753;1864;-111;10:54:56.262846
1752;1865;-113;10:54:56.262846
1757;1868;-111;10:54:56.262846
1758;1870;-112;10:54:56.262846
1760;1871;-111;10:54:56.262846
1761;1871;-110;10:54:56.262846
1759;1872;-113;10:54:56.262846
1760;1872;-112;10:54:56.262846
1761;1872;-111;10:54:56.262846
1763;1873;-110;10:54:56.262846
1761;1872;-111;10:54:56.262846
1759;1873;-114;10:54:56.262846
1762;1873;-111;10:54:56.262846
1757;1872;-115;10:54:56.262846
1757;1870;-113;10:54:56.262846
1758;1871;-113;10:54:56.262846
1759;1871;-112;10:54:56.262846
1761;1870;-109;10:54:56.262846
1762;1869;-107;10:54:56.262846
1760;1871;-111;10:54:56.262846
1759;1871;-112;10:54:56.262846
1759;1871;-112;10:54:56.262846
1761;1872;-111;10:54:56.262846
1760;1870;-110;10:54:56.262846
1758;1871;-113;10:54:56.262846
1760;1871;-111;10:54:56.262846
1759;1871;-112;10:54:56.262846
1757;1869;-112;10:54:56.262846
1758;1868;-110;10:54:56.262846
1755;1869;-114;10:54:56.262846
1755;1867;-112;10:54:56.262846
1755;1867;-112;10:54:56.262846
1753;1866;-113;10:54:56.262846
1752;1866;-114;10:54:56.262846
1752;1865;-113;10:54:56.262846
1753;1865;-112;10:54:56.262846
1753;1866;-113;10:54:56.262846
1752;1867;-115;10:54:56.262846
1753;1868;-115;10:54:56.262846
1755;1870;-115;10:54:56.262846
1757;1870;-113;10:54:56.262846
1759;1872;-113;10:54:56.262846
1759;1873;-114;10:54:56.262846
1759;1874;-115;10:54:56.262846
1760;1874;-114;10:54:56.262846
1760;1874;-114;10:54:56.262846
1759;1875;-116;10:54:56.262846
1761;1873;-112;10:54:56.262846
1760;1873;-113;10:54:56.262846
1759;1874;-115;10:54:56.262846
1759;1875;-116;10:54:56.262846
1761;1873;-112;10:54:56.262846
1762;1871;-109;10:54:56.262846
1758;1871;-113;10:54:56.262846
1758;1874;-116;10:54:56.262846
1759;1874;-115;10:54:56.262846
1756;1875;-119;10:54:56.262846
1759;1873;-114;10:54:56.262846
1760;1874;-114;10:54:56.262846
1761;1874;-113;10:54:56.262846
1759;1874;-115;10:54:56.262846
1759;1874;-115;10:54:56.262846
1760;1873;-113;10:54:56.262846
1761;1874;-113;10:54:56.262846
1758;1874;-116;10:54:56.262846
1757;1874;-117;10:54:56.262846
1757;1874;-117;10:54:56.262846
1756;1873;-117;10:54:56.262846
1755;1874;-119;10:54:56.262846
1755;1871;-116;10:54:56.262846
1755;1869;-114;10:54:56.262846
1756;1868;-112;10:54:56.262846
1755;1870;-115;10:54:56.262846
1752;1872;-120;10:54:56.262846
1756;1872;-116;10:54:56.262846
1758;1873;-115;10:54:56.262846
1757;1874;-117;10:54:56.262846
1758;1875;-117;10:54:56.262846
1757;1875;-118;10:54:56.262846
1762;1873;-111;10:54:56.262846
1761;1871;-110;10:54:56.262846
1759;1874;-115;10:54:56.262846
1759;1876;-117;10:54:56.262846
1760;1872;-112;10:54:56.262846
1759;1873;-114;10:54:56.262846
1757;1878;-121;10:54:56.262846
1757;1876;-119;10:54:56.262846
1760;1875;-115;10:54:56.262846
1762;1876;-114;10:54:56.262846
1761;1874;-113;10:54:56.262846
1763;1872;-109;10:54:56.262846
1764;1873;-109;10:54:56.262846
1761;1870;-109;10:54:56.262846
1757;1872;-115;10:54:56.262846
1759;1874;-115;10:54:56.262846
1760;1872;-112;10:54:56.262846
1757;1872;-115;10:54:56.262846
1759;1872;-113;10:54:56.262846
1758;1874;-116;10:54:56.262846
1756;1871;-115;10:54:56.262846
1757;1871;-114;10:54:56.262846
1759;1871;-112;10:54:56.262846
1759;1871;-112;10:54:56.262846
1754;1873;-119;10:54:56.262846
1754;1872;-118;10:54:56.262846
1753;1873;-120;10:54:56.262846
1756;1870;-114;10:54:56.262846
1759;1867;-108;10:54:56.262846
1755;1869;-114;10:54:56.262846
1758;1870;-112;10:54:56.262846
1760;1871;-111;10:54:56.262846
1755;1869;-114;10:54:56.262846
1756;1871;-115;10:54:56.262846
1758;1871;-113;10:54:56.262846
1759;1871;-112;10:54:56.262846
1755;1872;-117;10:54:56.262846
1758;1870;-112;10:54:56.262846
1758;1871;-113;10:54:56.262846
1755;1872;-117;10:54:56.262846
1757;1872;-115;10:54:56.262846
1756;1872;-116;10:54:56.262846
1758;1874;-116;10:54:56.262846
1760;1875;-115;10:54:56.262846
1763;1874;-111;10:54:56.262846
1764;1875;-111;10:54:56.262846
1764;1876;-112;10:54:56.262846
1765;1873;-108;10:54:56.262846
1764;1877;-113;10:54:56.262846
1762;1875;-113;10:54:56.262846
1762;1873;-111;10:54:56.262846
1762;1875;-113;10:54:56.262846
1765;1875;-110;10:54:56.262846
1764;1877;-113;10:54:56.262846
1762;1877;-115;10:54:56.262846
1763;1879;-116;10:54:56.262846
1761;1879;-118;10:54:56.262846
1762;1879;-117;10:54:56.262846
1762;1881;-119;10:54:56.262846
1764;1879;-115;10:54:56.262846
1768;1876;-108;10:54:56.262846
1765;1873;-108;10:54:56.262846
1765;1873;-108;10:54:56.262846
1765;1873;-108;10:54:56.262846
1763;1873;-110;10:54:56.262846
1760;1872;-112;10:54:56.262846
1761;1875;-114;10:54:56.262846
1760;1875;-115;10:54:56.262846
1759;1874;-115;10:54:56.262846
1758;1874;-116;10:54:56.262846
1760;1875;-115;10:54:56.262846
1762;1875;-113;10:54:56.262846
1764;1875;-111;10:54:56.262846
1760;1876;-116;10:54:56.262846
1762;1876;-114;10:54:56.262846
1766;1878;-112;10:54:56.262846
1766;1879;-113;10:54:56.262846
1768;1881;-113;10:54:56.262846
1769;1881;-112;10:54:56.262846
1767;1880;-113;10:54:56.262846
1767;1880;-113;10:54:56.262846
1765;1880;-115;10:54:56.262846
1766;1879;-113;10:54:56.262846
1763;1879;-116;10:54:56.262846
1765;1880;-115;10:54:56.262846
1765;1878;-113;10:54:56.262846
1763;1876;-113;10:54:56.262846
1764;1878;-114;10:54:56.262846
1763;1879;-116;10:54:56.262846
1763;1879;-116;10:54:56.262846
1766;1879;-113;10:54:56.262846
1770;1879;-109;10:54:56.262846
1769;1878;-109;10:54:56.262846
1768;1877;-109;10:54:56.262846
1767;1876;-109;10:54:56.262846
1765;1876;-111;10:54:56.262846
1765;1877;-112;10:54:56.262846
1764;1878;-114;10:54:56.262846
1761;1877;-116;10:54:56.262846
1763;1879;-116;10:54:56.262846
1764;1880;-116;10:54:56.262846
1763;1878;-115;10:54:56.262846
1763;1875;-112;10:54:56.262846
1764;1874;-110;10:54:56.262846
1761;1874;-113;10:54:56.262846
1761;1872;-111;10:54:56.262846
1762;1873;-111;10:54:56.262846
1760;1872;-112;10:54:56.262846
1759;1874;-115;10:54:56.262846
1762;1875;-113;10:54:56.262846
1763;1876;-113;10:54:56.262846
1761;1875;-114;10:54:56.262846
1760;1875;-115;10:54:56.262846
1761;1873;-112;10:54:56.262846
1759;1873;-114;10:54:56.262846
1757;1876;-119;10:54:56.262846
1758;1875;-117;10:54:56.262846
1759;1875;-116;10:54:56.262846
1758;1875;-117;10:54:56.262846
1759;1873;-114;10:54:56.262846
1758;1876;-118;10:54:56.262846
1757;1876;-119;10:54:56.262846
1762;1875;-113;10:54:56.262846
1761;1875;-114;10:54:56.262846
1760;1874;-114;10:54:56.262846
1759;1876;-117;10:54:56.262846
1761;1877;-116;10:54:56.262846
1762;1877;-115;10:54:56.262846
1762;1875;-113;10:54:56.262846
1764;1875;-111;10:54:56.262846
1763;1876;-113;10:54:56.262846
1762;1876;-114;10:54:56.262846
1763;1874;-111;10:54:56.262846
1763;1877;-114;10:54:56.262846
1761;1877;-116;10:54:56.262846
1761;1877;-116;10:54:56.262846
1761;1878;-117;10:54:56.262846
1759;1878;-119;10:54:56.262846
1760;1880;-120;10:54:56.262846
1761;1877;-116;10:54:56.262846
1763;1877;-114;10:54:56.262846
1764;1875;-111;10:54:56.262846
1762;1874;-112;10:54:56.262846
1762;1875;-113;10:54:56.262846
1761;1873;-112;10:54:56.262846
1760;1873;-113;10:54:56.262846
1760;1873;-113;10:54:56.262846
1759;1874;-115;10:54:56.262846
1759;1875;-116;10:54:56.262846
1760;1875;-115;10:54:56.262846
1758;1874;-116;10:54:56.262846
1757;1873;-116;10:54:56.262846
1763;1872;-109;10:54:56.262846
1762;1872;-110;10:54:56.262846
1759;1874;-115;10:54:56.262846
1761;1876;-115;10:54:56.262846
1762;1877;-115;10:54:56.262846
1759;1880;-121;10:54:56.262846
1760;1878;-118;10:54:56.262846
1763;1876;-113;10:54:56.262846
1762;1877;-115;10:54:56.262846
1762;1878;-116;10:54:56.262846
1763;1875;-112;10:54:56.262846
1759;1873;-114;10:54:56.262846
1761;1873;-112;10:54:56.262846
1762;1871;-109;10:54:56.262846
1758;1872;-114;10:54:56.262846
1757;1874;-117;10:54:56.262846
1759;1871;-112;10:54:56.262846
1760;1872;-112;10:54:56.262846
1760;1873;-113;10:54:56.262846
1759;1871;-112;10:54:56.262846
1760;1873;-113;10:54:56.262846
1762;1877;-115;10:54:56.262846
1761;1874;-113;10:54:56.262846
1758;1874;-116;10:54:56.262846
1758;1873;-115;10:54:56.262846
1758;1875;-117;10:54:56.262846
1760;1875;-115;10:54:56.262846
1760;1876;-116;10:54:56.262846
1759;1876;-117;10:54:56.262846
1759;1876;-117;10:54:56.262846
1764;1877;-113;10:54:56.262846
1764;1878;-114;10:54:56.262846
1763;1877;-114;10:54:56.262846
1764;1879;-115;10:54:56.262846
1762;1877;-115;10:54:56.262846
1761;1876;-115;10:54:56.262846
1761;1875;-114;10:54:56.262846
1760;1876;-116;10:54:56.262846
1762;1878;-116;10:54:56.262846
1763;1878;-115;10:54:56.262846
1763;1880;-117;10:54:56.262846
1763;1881;-118;10:54:56.262846
1766;1880;-114;10:54:56.262846
1769;1879;-110;10:54:56.262846
1770;1880;-110;10:54:56.262846
1771;1879;-108;10:54:56.262846
1769;1879;-110;10:54:56.262846
1769;1878;-109;10:54:56.262846
1766;1879;-113;10:54:56.262846
1765;1877;-112;10:54:56.262846
1765;1878;-113;10:54:56.262846
1763;1879;-116;10:54:56.262846
1761;1876;-115;10:54:56.262846
1761;1875;-114;10:54:56.262846
1761;1872;-111;10:54:56.262846
1761;1871;-110;10:54:56.262846
1759;1870;-111;10:54:56.262846
1759;1868;-109;10:54:56.262846
1758;1869;-111;10:54:56.262846
1760;1870;-110;10:54:56.262846
1760;1870;-110;10:54:56.262846
1759;1872;-113;10:54:56.262846
1759;1870;-111;10:54:56.262846
1761;1872;-111;10:54:56.262846
1761;1872;-111;10:54:56.262846
1761;1871;-110;10:54:56.262846
1759;1873;-114;10:54:56.262846
1757;1872;-115;10:54:56.262846
1756;1872;-116;10:54:56.262846
1757;1871;-114;10:54:56.262846
1756;1869;-113;10:54:56.262846
1755;1868;-113;10:54:56.262846
1756;1869;-113;10:54:56.262846
1758;1871;-113;10:54:56.262846
1758;1870;-112;10:54:56.262846
1760;1871;-111;10:54:56.262846
1761;1872;-111;10:54:56.262846
1760;1872;-112;10:54:56.262846
1762;1872;-110;10:54:56.262846
1763;1873;-110;10:54:56.262846
1762;1873;-111;10:54:56.262846
1760;1873;-113;10:54:56.262846
1762;1873;-111;10:54:56.262846
1761;1871;-110;10:54:56.262846
1758;1871;-113;10:54:56.262846
1760;1872;-112;10:54:56.262846
1761;1872;-111;10:54:56.262846
1759;1872;-113;10:54:56.262846
1758;1871;-113;10:54:56.262846
1759;1871;-112;10:54:56.262846
1759;1871;-112;10:54:56.262846
1758;1869;-111;10:54:56.262846
1760;1868;-108;10:54:56.262846
1761;1869;-108;10:54:56.262846
1761;1869;-108;10:54:56.262846
1761;1868;-107;10:54:56.262846
1761;1869;-108;10:54:56.262846
1760;1869;-109;10:54:56.262846
1758;1868;-110;10:54:56.262846
1760;1869;-109;10:54:56.262846
1758;1869;-111;10:54:56.262846
1755;1869;-114;10:54:56.262846
1754;1870;-116;10:54:56.262846
1755;1871;-116;10:54:56.262846
1756;1867;-111;10:54:56.262846
1753;1867;-114;10:54:56.262846
1756;1870;-114;10:54:56.262846
1759;1870;-111;10:54:56.262846
1761;1869;-108;10:54:56.262846
1759;1868;-109;10:54:56.262846
1757;1869;-112;10:54:56.262846
1758;1871;-113;10:54:56.262846
1758;1870;-112;10:54:56.262846
1755;1867;-112;10:54:56.262846
1756;1867;-111;10:54:56.262846
1756;1871;-115;10:54:56.262846
1756;1871;-115;10:54:56.262846
1757;1871;-114;10:54:56.262846
1758;1871;-113;10:54:56.262846
1760;1871;-111;10:54:56.262846
1760;1868;-108;10:54:56.262846
1758;1870;-112;10:54:56.262846
1758;1871;-113;10:54:56.262846
1758;1871;-113;10:54:56.262846
1760;1871;-111;10:54:56.262846
1761;1871;-110;10:54:56.262846
1760;1870;-110;10:54:56.262846
1761;1869;-108;10:54:56.263843
1760;1870;-110;10:54:56.263843
1760;1868;-108;10:54:56.263843
1757;1871;-114;10:54:56.263843
1757;1869;-112;10:54:56.263843
1754;1869;-115;10:54:56.263843
1755;1868;-113;10:54:56.263843
1756;1869;-113;10:54:56.263843
1755;1869;-114;10:54:56.263843
1755;1867;-112;10:54:56.263843
1758;1868;-110;10:54:56.263843
1758;1870;-112;10:54:56.263843
1758;1868;-110;10:54:56.263843
1758;1869;-111;10:54:56.263843
1758;1870;-112;10:54:56.263843
1760;1869;-109;10:54:56.263843
1760;1871;-111;10:54:56.263843
1759;1872;-113;10:54:56.263843
1757;1871;-114;10:54:56.263843
1757;1871;-114;10:54:56.263843
1758;1873;-115;10:54:56.263843
1760;1872;-112;10:54:56.263843
1759;1870;-111;10:54:56.263843
1758;1870;-112;10:54:56.263843
1760;1872;-112;10:54:56.263843
1759;1872;-113;10:54:56.263843
1759;1870;-111;10:54:56.263843
1761;1870;-109;10:54:56.263843
1759;1870;-111;10:54:56.263843
1758;1872;-114;10:54:56.263843
1761;1873;-112;10:54:56.263843
1762;1872;-110;10:54:56.263843
1759;1872;-113;10:54:56.263843
1759;1869;-110;10:54:56.263843
1758;1870;-112;10:54:56.263843
1757;1869;-112;10:54:56.263843
1758;1867;-109;10:54:56.263843
1758;1869;-111;10:54:56.263843
1757;1870;-113;10:54:56.263843
1758;1871;-113;10:54:56.263843
1758;1869;-111;10:54:56.263843
1759;1869;-110;10:54:56.263843
1757;1868;-111;10:54:56.263843
1757;1870;-113;10:54:56.263843
1758;1870;-112;10:54:56.263843
1758;1867;-109;10:54:56.263843
1757;1866;-109;10:54:56.263843
1755;1866;-111;10:54:56.263843
1756;1869;-113;10:54:56.263843
1760;1869;-109;10:54:56.263843
1760;1870;-110;10:54:56.263843
1759;1870;-111;10:54:56.263843
1757;1871;-114;10:54:56.263843
1759;1874;-115;10:54:56.263843
1758;1871;-113;10:54:56.263843
1756;1869;-113;10:54:56.263843
1757;1867;-110;10:54:56.263843
1754;1868;-114;10:54:56.263843
1754;1868;-114;10:54:56.263843
1758;1869;-111;10:54:56.263843
1756;1869;-113;10:54:56.263843
1758;1871;-113;10:54:56.263843
1760;1871;-111;10:54:56.263843
1762;1870;-108;10:54:56.263843
1762;1870;-108;10:54:56.263843
1762;1870;-108;10:54:56.263843
1761;1871;-110;10:54:56.263843
1761;1872;-111;10:54:56.263843
1760;1872;-112;10:54:56.263843
1758;1873;-115;10:54:56.263843
1760;1873;-113;10:54:56.263843
1760;1874;-114;10:54:56.263843
1762;1876;-114;10:54:56.263843
1763;1872;-109;10:54:56.263843
1761;1872;-111;10:54:56.263843
1757;1873;-116;10:54:56.263843
1757;1871;-114;10:54:56.263843
1755;1869;-114;10:54:56.263843
1754;1866;-112;10:54:56.263843
1753;1867;-114;10:54:56.263843
1752;1867;-115;10:54:56.263843
1752;1864;-112;10:54:56.263843
1751;1863;-112;10:54:56.263843
1753;1861;-108;10:54:56.263843
1753;1859;-106;10:54:56.263843
1752;1861;-109;10:54:56.263843
1754;1861;-107;10:54:56.263843
1753;1864;-111;10:54:56.263843
1754;1865;-111;10:54:56.263843
1753;1865;-112;10:54:56.263843
1752;1867;-115;10:54:56.263843
1753;1865;-112;10:54:56.263843
1755;1867;-112;10:54:56.263843
1756;1867;-111;10:54:56.263843
1758;1865;-107;10:54:56.263843
1756;1864;-108;10:54:56.263843
1756;1865;-109;10:54:56.263843
1754;1866;-112;10:54:56.263843
1753;1865;-112;10:54:56.263843
1756;1865;-109;10:54:56.263843
1757;1867;-110;10:54:56.263843
1759;1870;-111;10:54:56.263843
1760;1868;-108;10:54:56.263843
1760;1868;-108;10:54:56.263843
1759;1868;-109;10:54:56.263843
1762;1870;-108;10:54:56.263843
1764;1870;-106;10:54:56.263843
1763;1870;-107;10:54:56.263843
1763;1870;-107;10:54:56.263843
1763;1871;-108;10:54:56.263843
1762;1870;-108;10:54:56.263843
1761;1867;-106;10:54:56.263843
1761;1867;-106;10:54:56.263843
1760;1866;-106;10:54:56.263843
1758;1865;-107;10:54:56.263843
1755;1865;-110;10:54:56.263843
1754;1865;-111;10:54:56.263843
1752;1862;-110;10:54:56.263843
1755;1864;-109;10:54:56.263843
1756;1866;-110;10:54:56.263843
1757;1867;-110;10:54:56.263843
1759;1867;-108;10:54:56.263843
1759;1867;-108;10:54:56.263843
1758;1868;-110;10:54:56.263843
1757;1868;-111;10:54:56.263843
1758;1866;-108;10:54:56.263843
1759;1867;-108;10:54:56.263843
1757;1868;-111;10:54:56.263843
1758;1867;-109;10:54:56.263843
1758;1867;-109;10:54:56.263843
1758;1866;-108;10:54:56.263843
1758;1867;-109;10:54:56.263843
1759;1869;-110;10:54:56.263843
1762;1866;-104;10:54:56.263843
1760;1867;-107;10:54:56.263843
1760;1865;-105;10:54:56.263843
1761;1867;-106;10:54:56.263843
1760;1868;-108;10:54:56.263843
1758;1866;-108;10:54:56.263843
1755;1867;-112;10:54:56.263843
1754;1867;-113;10:54:56.263843
1755;1865;-110;10:54:56.263843
1757;1867;-110;10:54:56.263843
1757;1865;-108;10:54:56.263843
1755;1865;-110;10:54:56.263843
1755;1866;-111;10:54:56.263843
1757;1865;-108;10:54:56.263843
1753;1864;-111;10:54:56.263843
1752;1864;-112;10:54:56.263843
1755;1865;-110;10:54:56.263843
1756;1864;-108;10:54:56.263843
1756;1863;-107;10:54:56.263843
1755;1864;-109;10:54:56.263843
1754;1864;-110;10:54:56.263843
1754;1863;-109;10:54:56.263843
1754;1863;-109;10:54:56.263843
1752;1863;-111;10:54:56.263843
1751;1862;-111;10:54:56.263843
1750;1861;-111;10:54:56.263843
1749;1861;-112;10:54:56.263843
1749;1862;-113;10:54:56.263843
1751;1864;-113;10:54:56.263843
1752;1863;-111;10:54:56.263843
1754;1862;-108;10:54:56.263843
1754;1861;-107;10:54:56.263843
1754;1861;-107;10:54:56.263843
1752;1862;-110;10:54:56.263843
1755;1863;-108;10:54:56.263843
1756;1864;-108;10:54:56.263843
1756;1864;-108;10:54:56.263843
1756;1864;-108;10:54:56.263843
1756;1865;-109;10:54:56.263843
1756;1864;-108;10:54:56.263843
1755;1863;-108;10:54:56.263843
1755;1863;-108;10:54:56.263843
1756;1862;-106;10:54:56.263843
1757;1863;-106;10:54:56.263843
1755;1864;-109;10:54:56.263843
1754;1863;-109;10:54:56.263843
1755;1862;-107;10:54:56.263843
1756;1862;-106;10:54:56.263843
1758;1863;-105;10:54:56.263843
1759;1861;-102;10:54:56.263843
1760;1859;-99;10:54:56.263843
1756;1860;-104;10:54:56.263843
1755;1861;-106;10:54:56.263843
1752;1860;-108;10:54:56.263843
1752;1860;-108;10:54:56.263843
1751;1860;-109;10:54:56.263843
1751;1860;-109;10:54:56.263843
1750;1860;-110;10:54:56.263843
1751;1860;-109;10:54:56.263843
1750;1858;-108;10:54:56.263843
1750;1857;-107;10:54:56.263843
1749;1859;-110;10:54:56.263843
1751;1860;-109;10:54:56.263843
1750;1858;-108;10:54:56.263843
1749;1858;-109;10:54:56.263843
1751;1860;-109;10:54:56.263843
1752;1861;-109;10:54:56.263843
1753;1862;-109;10:54:56.263843
1755;1865;-110;10:54:56.263843
1756;1866;-110;10:54:56.263843
1756;1866;-110;10:54:56.263843
1756;1865;-109;10:54:56.263843
1758;1865;-107;10:54:56.263843
1756;1867;-111;10:54:56.263843
1755;1869;-114;10:54:56.263843
1755;1868;-113;10:54:56.263843
1757;1868;-111;10:54:56.263843
1759;1869;-110;10:54:56.263843
1757;1866;-109;10:54:56.263843
1757;1868;-111;10:54:56.263843
1759;1867;-108;10:54:56.263843
1760;1867;-107;10:54:56.263843
1758;1863;-105;10:54:56.263843
1756;1863;-107;10:54:56.263843
1755;1864;-109;10:54:56.263843
1754;1867;-113;10:54:56.263843
1753;1864;-111;10:54:56.263843
1752;1864;-112;10:54:56.263843
1751;1864;-113;10:54:56.263843
1753;1867;-114;10:54:56.263843
1753;1865;-112;10:54:56.263843
1750;1864;-114;10:54:56.263843
1752;1863;-111;10:54:56.263843
1754;1864;-110;10:54:56.263843
1754;1865;-111;10:54:56.263843
1754;1864;-110;10:54:56.263843
1754;1863;-109;10:54:56.263843
1752;1864;-112;10:54:56.263843
1756;1866;-110;10:54:56.263843
1756;1866;-110;10:54:56.263843
1755;1865;-110;10:54:56.263843
1753;1866;-113;10:54:56.263843
1754;1866;-112;10:54:56.263843
1754;1868;-114;10:54:56.263843
1753;1869;-116;10:54:56.263843
1756;1869;-113;10:54:56.263843
1757;1872;-115;10:54:56.263843
1758;1871;-113;10:54:56.263843
1756;1867;-111;10:54:56.263843
1756;1868;-112;10:54:56.263843
1757;1869;-112;10:54:56.263843
1760;1869;-109;10:54:56.263843
1759;1868;-109;10:54:56.263843
1758;1867;-109;10:54:56.263843
1759;1867;-108;10:54:56.263843
1757;1867;-110;10:54:56.263843
1755;1869;-114;10:54:56.263843
1755;1871;-116;10:54:56.263843
1755;1872;-117;10:54:56.263843
1757;1872;-115;10:54:56.263843
1756;1869;-113;10:54:56.263843
1755;1869;-114;10:54:56.263843
1758;1870;-112;10:54:56.263843
1758;1868;-110;10:54:56.263843
1758;1866;-108;10:54:56.263843
1758;1867;-109;10:54:56.263843
1759;1869;-110;10:54:56.263843
1757;1868;-111;10:54:56.263843
1757;1867;-110;10:54:56.263843
1756;1867;-111;10:54:56.263843
1753;1869;-116;10:54:56.263843
1751;1866;-115;10:54:56.263843
1752;1865;-113;10:54:56.263843
1752;1866;-114;10:54:56.263843
1753;1863;-110;10:54:56.263843
1749;1863;-114;10:54:56.263843
1750;1862;-112;10:54:56.263843
1749;1864;-115;10:54:56.263843
1748;1862;-114;10:54:56.263843
1748;1863;-115;10:54:56.263843
1748;1866;-118;10:54:56.263843
1750;1862;-112;10:54:56.263843
1752;1863;-111;10:54:56.263843
1752;1861;-109;10:54:56.263843
1753;1863;-110;10:54:56.263843
1754;1862;-108;10:54:56.263843
1755;1866;-111;10:54:56.263843
1756;1865;-109;10:54:56.263843
1754;1865;-111;10:54:56.263843
1754;1866;-112;10:54:56.263843
1753;1869;-116;10:54:56.263843
1757;1870;-113;10:54:56.263843
1755;1866;-111;10:54:56.263843
1752;1865;-113;10:54:56.263843
1754;1865;-111;10:54:56.263843
1755;1866;-111;10:54:56.263843
1755;1864;-109;10:54:56.263843
1754;1863;-109;10:54:56.263843
1755;1863;-108;10:54:56.263843
1755;1863;-108;10:54:56.263843
1752;1863;-111;10:54:56.263843
1753;1861;-108;10:54:56.263843
1752;1861;-109;10:54:56.263843
1751;1861;-110;10:54:56.263843
1751;1858;-107;10:54:56.263843
1750;1857;-107;10:54:56.263843
1750;1859;-109;10:54:56.263843
1749;1862;-113;10:54:56.263843
1751;1865;-114;10:54:56.263843
1753;1864;-111;10:54:56.263843
1751;1864;-113;10:54:56.263843
1753;1863;-110;10:54:56.263843
1755;1865;-110;10:54:56.263843
1755;1865;-110;10:54:56.263843
1755;1863;-108;10:54:56.263843
1759;1865;-106;10:54:56.263843
1760;1868;-108;10:54:56.263843
1758;1866;-108;10:54:56.263843
1756;1865;-109;10:54:56.263843
1756;1868;-112;10:54:56.263843
1756;1869;-113;10:54:56.263843
1757;1869;-112;10:54:56.263843
1759;1868;-109;10:54:56.263843
1756;1867;-111;10:54:56.263843
1756;1866;-110;10:54:56.263843
1758;1869;-111;10:54:56.263843
1758;1870;-112;10:54:56.263843
1758;1866;-108;10:54:56.263843
1758;1867;-109;10:54:56.263843
1757;1868;-111;10:54:56.263843
1755;1867;-112;10:54:56.263843
1754;1866;-112;10:54:56.263843
1755;1866;-111;10:54:56.263843
1755;1867;-112;10:54:56.263843
1755;1865;-110;10:54:56.263843
1753;1865;-112;10:54:56.263843
1751;1862;-111;10:54:56.263843
1751;1861;-110;10:54:56.263843
1754;1862;-108;10:54:56.263843
1753;1861;-108;10:54:56.263843
1751;1861;-110;10:54:56.263843
1753;1861;-108;10:54:56.263843
1754;1866;-112;10:54:56.263843
1754;1864;-110;10:54:56.263843
1756;1866;-110;10:54:56.263843
1757;1867;-110;10:54:56.263843
1756;1867;-111;10:54:56.263843
1756;1868;-112;10:54:56.263843
1756;1870;-114;10:54:56.263843
1757;1869;-112;10:54:56.263843
1758;1869;-111;10:54:56.263843
1760;1868;-108;10:54:56.263843
1759;1870;-111;10:54:56.263843
1758;1871;-113;10:54:56.263843
1758;1869;-111;10:54:56.263843
1759;1872;-113;10:54:56.263843
1760;1872;-112;10:54:56.263843
1763;1872;-109;10:54:56.263843
1762;1871;-109;10:54:56.263843
1760;1870;-110;10:54:56.263843
1760;1871;-111;10:54:56.263843
1762;1871;-109;10:54:56.263843
1759;1871;-112;10:54:56.263843
1756;1872;-116;10:54:56.263843
1756;1871;-115;10:54:56.263843
1759;1872;-113;10:54:56.263843
1760;1872;-112;10:54:56.263843
1762;1871;-109;10:54:56.263843
1761;1869;-108;10:54:56.263843
1759;1869;-110;10:54:56.263843
1758;1868;-110;10:54:56.263843
1759;1869;-110;10:54:56.263843
1760;1870;-110;10:54:56.263843
1759;1870;-111;10:54:56.263843
1760;1868;-108;10:54:56.263843
1759;1870;-111;10:54:56.263843
1760;1869;-109;10:54:56.263843
1756;1869;-113;10:54:56.263843
1757;1872;-115;10:54:56.263843
1758;1871;-113;10:54:56.263843
1760;1870;-110;10:54:56.263843
1760;1869;-109;10:54:56.263843
1759;1870;-111;10:54:56.263843
1759;1868;-109;10:54:56.263843
1761;1870;-109;10:54:56.263843
1760;1869;-109;10:54:56.263843
1761;1869;-108;10:54:56.263843
1760;1870;-110;10:54:56.263843
1761;1871;-110;10:54:56.263843
1763;1872;-109;10:54:56.263843
1765;1873;-108;10:54:56.263843
1764;1872;-108;10:54:56.263843
1764;1871;-107;10:54:56.263843
1762;1870;-108;10:54:56.263843
1762;1871;-109;10:54:56.263843
1759;1870;-111;10:54:56.263843
1758;1870;-112;10:54:56.263843
1760;1870;-110;10:54:56.263843
1762;1870;-108;10:54:56.263843
1760;1868;-108;10:54:56.263843
1759;1866;-107;10:54:56.263843
1760;1866;-106;10:54:56.263843
1761;1869;-108;10:54:56.263843
1760;1870;-110;10:54:56.263843
1760;1869;-109;10:54:56.263843
1761;1869;-108;10:54:56.263843
1761;1869;-108;10:54:56.263843
1758;1869;-111;10:54:56.263843
1759;1871;-112;10:54:56.263843
1758;1872;-114;10:54:56.263843
1759;1872;-113;10:54:56.263843
1760;1872;-112;10:54:56.263843
1761;1871;-110;10:54:56.263843
1758;1871;-113;10:54:56.263843
1761;1870;-109;10:54:56.263843
1760;1871;-111;10:54:56.263843
1760;1866;-106;10:54:56.263843
1759;1867;-108;10:54:56.263843
1757;1866;-109;10:54:56.263843
1757;1868;-111;10:54:56.263843
1758;1870;-112;10:54:56.263843
1760;1870;-110;10:54:56.263843
1760;1870;-110;10:54:56.263843
1760;1870;-110;10:54:56.263843
1760;1870;-110;10:54:56.263843
1759;1871;-112;10:54:56.263843
1758;1871;-113;10:54:56.263843
1760;1869;-109;10:54:56.263843
1760;1872;-112;10:54:56.263843
1758;1870;-112;10:54:56.263843
1759;1869;-110;10:54:56.263843
1759;1868;-109;10:54:56.263843
1757;1869;-112;10:54:56.263843
1757;1868;-111;10:54:56.263843
1759;1870;-111;10:54:56.263843
1760;1867;-107;10:54:56.263843
1758;1866;-108;10:54:56.263843
1757;1869;-112;10:54:56.263843
1756;1870;-114;10:54:56.263843
1755;1868;-113;10:54:56.263843
1757;1869;-112;10:54:56.263843
1758;1870;-112;10:54:56.263843
1758;1868;-110;10:54:56.263843
1758;1869;-111;10:54:56.263843
1760;1870;-110;10:54:56.263843
1757;1870;-113;10:54:56.263843
1757;1868;-111;10:54:56.263843
1757;1868;-111;10:54:56.263843
1757;1870;-113;10:54:56.263843
1758;1871;-113;10:54:56.263843
1758;1872;-114;10:54:56.263843
1758;1872;-114;10:54:56.263843
1759;1873;-114;10:54:56.263843
1760;1874;-114;10:54:56.263843
1761;1872;-111;10:54:56.263843
1758;1872;-114;10:54:56.263843
1758;1871;-113;10:54:56.263843
1756;1872;-116;10:54:56.263843
1756;1870;-114;10:54:56.263843
1759;1870;-111;10:54:56.263843
1759;1869;-110;10:54:56.263843
1758;1869;-111;10:54:56.263843
1756;1869;-113;10:54:56.263843
1757;1870;-113;10:54:56.263843
1758;1870;-112;10:54:56.263843
1759;1871;-112;10:54:56.263843
1760;1872;-112;10:54:56.263843
1760;1873;-113;10:54:56.263843
1758;1872;-114;10:54:56.263843
1757;1870;-113;10:54:56.263843
1757;1868;-111;10:54:56.263843
1757;1867;-110;10:54:56.263843
1757;1870;-113;10:54:56.263843
1758;1872;-114;10:54:56.263843
1757;1870;-113;10:54:56.263843
1755;1869;-114;10:54:56.263843
1757;1871;-114;10:54:56.263843
1757;1870;-113;10:54:56.263843
1756;1870;-114;10:54:56.263843
1759;1870;-111;10:54:56.263843
1759;1870;-111;10:54:56.263843
1759;1872;-113;10:54:56.263843
1761;1872;-111;10:54:56.263843
1760;1874;-114;10:54:56.263843
1757;1871;-114;10:54:56.263843
1758;1870;-112;10:54:56.263843
1758;1870;-112;10:54:56.263843
1756;1870;-114;10:54:56.263843
1755;1867;-112;10:54:56.263843
1758;1867;-109;10:54:56.263843
1755;1868;-113;10:54:56.263843
1754;1867;-113;10:54:56.263843
1753;1868;-115;10:54:56.263843
1752;1868;-116;10:54:56.263843
1751;1866;-115;10:54:56.263843
1753;1868;-115;10:54:56.263843
1755;1869;-114;10:54:56.263843
1756;1868;-112;10:54:56.263843
1756;1866;-110;10:54:56.263843
1754;1866;-112;10:54:56.263843
1754;1865;-111;10:54:56.263843
1753;1868;-115;10:54:56.263843
1754;1868;-114;10:54:56.263843
1753;1869;-116;10:54:56.263843
1754;1868;-114;10:54:56.263843
1754;1869;-115;10:54:56.263843
1754;1866;-112;10:54:56.263843
1750;1864;-114;10:54:56.263843
1748;1864;-116;10:54:56.263843
1750;1867;-117;10:54:56.263843
1750;1868;-118;10:54:56.263843
1752;1867;-115;10:54:56.263843
1756;1870;-114;10:54:56.263843
1756;1873;-117;10:54:56.263843
1757;1873;-116;10:54:56.263843
1759;1873;-114;10:54:56.263843
1760;1872;-112;10:54:56.263843
1758;1870;-112;10:54:56.263843
1759;1872;-113;10:54:56.263843
1759;1871;-112;10:54:56.263843
1758;1871;-113;10:54:56.263843
1759;1872;-113;10:54:56.263843
1761;1873;-112;10:54:56.263843
1762;1871;-109;10:54:56.263843
1757;1873;-116;10:54:56.263843
1756;1872;-116;10:54:56.263843
1755;1871;-116;10:54:56.263843
1755;1870;-115;10:54:56.263843
1757;1868;-111;10:54:56.263843
1757;1867;-110;10:54:56.263843
1757;1865;-108;10:54:56.263843
1758;1868;-110;10:54:56.263843
1759;1867;-108;10:54:56.263843
1760;1869;-109;10:54:56.263843
1759;1868;-109;10:54:56.263843
1760;1868;-108;10:54:56.263843
1758;1872;-114;10:54:56.263843
1761;1873;-112;10:54:56.263843
1759;1872;-113;10:54:56.263843
1759;1873;-114;10:54:56.263843
1759;1871;-112;10:54:56.263843
1759;1871;-112;10:54:56.263843
1756;1871;-115;10:54:56.263843
1756;1871;-115;10:54:56.263843
1760;1871;-111;10:54:56.263843
1759;1869;-110;10:54:56.263843
1758;1868;-110;10:54:56.263843
1758;1868;-110;10:54:56.263843
1759;1869;-110;10:54:56.263843
1759;1867;-108;10:54:56.263843
1759;1867;-108;10:54:56.263843
1759;1870;-111;10:54:56.263843
1759;1873;-114;10:54:56.263843
1759;1874;-115;10:54:56.263843
1758;1874;-116;10:54:56.263843
1760;1875;-115;10:54:56.263843
1761;1875;-114;10:54:56.263843
1764;1876;-112;10:54:56.263843
1764;1879;-115;10:54:56.263843
1766;1876;-110;10:54:56.263843
1768;1878;-110;10:54:56.263843
1770;1880;-110;10:54:56.263843
1773;1881;-108;10:54:56.263843
1775;1882;-107;10:54:56.263843
1778;1887;-109;10:54:56.263843
1779;1889;-110;10:54:56.263843
1777;1891;-114;10:54:56.263843
1780;1891;-111;10:54:56.263843
1782;1890;-108;10:54:56.263843
1779;1892;-113;10:54:56.263843
1780;1891;-111;10:54:56.263843
1783;1892;-109;10:54:56.263843
1786;1892;-106;10:54:56.263843
1785;1893;-108;10:54:56.263843
1785;1894;-109;10:54:56.263843
1783;1891;-108;10:54:56.263843
1779;1886;-107;10:54:56.263843
1780;1882;-102;10:54:56.263843
1777;1884;-107;10:54:56.263843
1772;1883;-111;10:54:56.263843
1770;1881;-111;10:54:56.263843
1769;1878;-109;10:54:56.263843
1769;1878;-109;10:54:56.263843
1771;1876;-105;10:54:56.263843
1770;1876;-106;10:54:56.263843
1767;1877;-110;10:54:56.263843
1766;1880;-114;10:54:56.263843
1767;1879;-112;10:54:56.263843
1767;1880;-113;10:54:56.263843
1768;1880;-112;10:54:56.263843
1769;1881;-112;10:54:56.263843
1767;1881;-114;10:54:56.263843
1767;1882;-115;10:54:56.263843
1769;1882;-113;10:54:56.263843
1773;1882;-109;10:54:56.263843
1774;1878;-104;10:54:56.263843
1773;1881;-108;10:54:56.263843
1773;1881;-108;10:54:56.263843
1772;1880;-108;10:54:56.263843
1773;1882;-109;10:54:56.263843
1778;1885;-107;10:54:56.263843
1778;1885;-107;10:54:56.263843
1778;1884;-106;10:54:56.263843
1778;1882;-104;10:54:56.263843
1779;1879;-100;10:54:56.263843
1774;1879;-105;10:54:56.263843
1771;1879;-108;10:54:56.263843
1769;1879;-110;10:54:56.263843
1767;1878;-111;10:54:56.263843
1766;1874;-108;10:54:56.263843
1766;1873;-107;10:54:56.263843
1765;1870;-105;10:54:56.263843
1765;1870;-105;10:54:56.263843
1761;1867;-106;10:54:56.263843
1757;1863;-106;10:54:56.263843
1755;1862;-107;10:54:56.263843
1754;1863;-109;10:54:56.263843
1751;1862;-111;10:54:56.263843
1745;1857;-112;10:54:56.263843
1743;1856;-113;10:54:56.263843
1741;1856;-115;10:54:56.263843
1739;1853;-114;10:54:56.263843
1739;1850;-111;10:54:56.263843
1739;1848;-109;10:54:56.263843
1738;1847;-109;10:54:56.263843
1739;1847;-108;10:54:56.263843
1737;1847;-110;10:54:56.263843
1736;1848;-112;10:54:56.263843
1736;1849;-113;10:54:56.263843
1737;1850;-113;10:54:56.263843
1735;1851;-116;10:54:56.263843
1734;1855;-121;10:54:56.263843
1734;1856;-122;10:54:56.263843
1732;1857;-125;10:54:56.263843
1732;1858;-126;10:54:56.263843
1734;1859;-125;10:54:56.263843
1737;1858;-121;10:54:56.263843
1739;1856;-117;10:54:56.263843
1737;1855;-118;10:54:56.263843
1740;1857;-117;10:54:56.263843
1743;1860;-117;10:54:56.263843
1741;1859;-118;10:54:56.263843
1738;1858;-120;10:54:56.263843
1740;1860;-120;10:54:56.263843
1743;1861;-118;10:54:56.263843
1744;1861;-117;10:54:56.263843
1745;1861;-116;10:54:56.263843
1746;1864;-118;10:54:56.263843
1748;1866;-118;10:54:56.263843
1755;1867;-112;10:54:56.263843
1757;1870;-113;10:54:56.263843
1757;1871;-114;10:54:56.263843
1759;1870;-111;10:54:56.263843
1762;1869;-107;10:54:56.263843
1765;1864;-99;10:54:56.263843
1763;1865;-102;10:54:56.263843
1762;1870;-108;10:54:56.263843
1764;1871;-107;10:54:56.263843
1765;1870;-105;10:54:56.263843
1766;1865;-99;10:54:56.263843
1765;1864;-99;10:54:56.263843
1763;1866;-103;10:54:56.263843
1762;1865;-103;10:54:56.263843
1765;1862;-97;10:54:56.263843
1765;1860;-95;10:54:56.263843
1764;1859;-95;10:54:56.263843
1765;1861;-96;10:54:56.263843
1763;1862;-99;10:54:56.263843
1761;1867;-106;10:54:56.263843
1764;1870;-106;10:54:56.263843
1766;1872;-106;10:54:56.263843
1768;1873;-105;10:54:56.263843
1771;1879;-108;10:54:56.263843
1771;1881;-110;10:54:56.263843
1772;1885;-113;10:54:56.263843
1773;1883;-110;10:54:56.263843
1771;1880;-109;10:54:56.263843
1770;1881;-111;10:54:56.263843
1772;1887;-115;10:54:56.263843
1773;1887;-114;10:54:56.263843
1772;1883;-111;10:54:56.263843
1773;1880;-107;10:54:56.263843
1773;1882;-109;10:54:56.263843
1770;1882;-112;10:54:56.263843
1770;1881;-111;10:54:56.263843
1772;1881;-109;10:54:56.263843
1767;1878;-111;10:54:56.263843
1763;1875;-112;10:54:56.263843
1759;1874;-115;10:54:56.263843
1759;1875;-116;10:54:56.263843
1758;1874;-116;10:54:56.263843
1756;1871;-115;10:54:56.263843
1753;1871;-118;10:54:56.263843
1755;1871;-116;10:54:56.263843
1758;1870;-112;10:54:56.263843
1755;1870;-115;10:54:56.263843
1749;1869;-120;10:54:56.263843
1744;1864;-120;10:54:56.263843
1745;1865;-120;10:54:56.263843
1746;1863;-117;10:54:56.263843
1742;1862;-120;10:54:56.263843
1740;1861;-121;10:54:56.263843
1743;1863;-120;10:54:56.263843
1744;1862;-118;10:54:56.263843
1746;1860;-114;10:54:56.263843
1746;1862;-116;10:54:56.263843
1748;1864;-116;10:54:56.263843
1751;1865;-114;10:54:56.263843
1756;1868;-112;10:54:56.263843
1759;1868;-109;10:54:56.263843
1760;1866;-106;10:54:56.263843
1762;1871;-109;10:54:56.263843
1766;1875;-109;10:54:56.263843
1768;1878;-110;10:54:56.263843
1770;1881;-111;10:54:56.263843
1768;1880;-112;10:54:56.263843
1769;1881;-112;10:54:56.263843
1772;1879;-107;10:54:56.263843
1773;1878;-105;10:54:56.263843
1773;1875;-102;10:54:56.263843
1772;1877;-105;10:54:56.263843
1774;1881;-107;10:54:56.263843
1779;1886;-107;10:54:56.263843
1782;1888;-106;10:54:56.263843
1786;1891;-105;10:54:56.263843
1782;1896;-114;10:54:56.263843
1784;1896;-112;10:54:56.263843
1792;1896;-104;10:54:56.263843
1793;1895;-102;10:54:56.263843
1794;1899;-105;10:54:56.263843
1797;1906;-109;10:54:56.263843
1797;1907;-110;10:54:56.263843
1799;1905;-106;10:54:56.263843
1803;1903;-100;10:54:56.263843
1801;1902;-101;10:54:56.263843
1797;1905;-108;10:54:56.263843
1793;1905;-112;10:54:56.263843
1790;1898;-108;10:54:56.263843
1790;1894;-104;10:54:56.263843
1794;1892;-98;10:54:56.263843
1796;1892;-96;10:54:56.263843
1790;1890;-100;10:54:56.263843
1784;1886;-102;10:54:56.263843
1780;1881;-101;10:54:56.263843
1777;1880;-103;10:54:56.263843
1773;1883;-110;10:54:56.263843
1769;1883;-114;10:54:56.263843
1765;1881;-116;10:54:56.263843
1768;1879;-111;10:54:56.263843
1773;1877;-104;10:54:56.263843
1768;1876;-108;10:54:56.263843
1762;1873;-111;10:54:56.263843
1757;1870;-113;10:54:56.263843
1755;1866;-111;10:54:56.263843
1755;1865;-110;10:54:56.263843
1751;1863;-112;10:54:56.263843
1752;1861;-109;10:54:56.263843
1756;1862;-106;10:54:56.263843
1758;1862;-104;10:54:56.263843
1752;1860;-108;10:54:56.263843
1751;1863;-112;10:54:56.263843
1752;1863;-111;10:54:56.263843
1750;1863;-113;10:54:56.263843
1749;1864;-115;10:54:56.263843
1746;1865;-119;10:54:56.263843
1740;1862;-122;10:54:56.263843
1743;1861;-118;10:54:56.263843
1747;1861;-114;10:54:56.263843
1749;1860;-111;10:54:56.263843
1753;1860;-107;10:54:56.263843
1755;1863;-108;10:54:56.263843
1758;1866;-108;10:54:56.263843
1768;1870;-102;10:54:56.263843
1770;1871;-101;10:54:56.263843
1766;1873;-107;10:54:56.263843
1765;1872;-107;10:54:56.263843
1764;1867;-103;10:54:56.263843
1762;1864;-102;10:54:56.263843
1763;1866;-103;10:54:56.263843
1764;1870;-106;10:54:56.263843
1766;1874;-108;10:54:56.263843
1766;1872;-106;10:54:56.263843
1768;1867;-99;10:54:56.263843
1770;1870;-100;10:54:56.263843
1768;1872;-104;10:54:56.263843
1764;1873;-109;10:54:56.263843
1767;1873;-106;10:54:56.263843
1768;1877;-109;10:54:56.263843
1771;1877;-106;10:54:56.263843
1767;1876;-109;10:54:56.263843
1761;1873;-112;10:54:56.263843
1757;1869;-112;10:54:56.263843
1756;1869;-113;10:54:56.263843
1753;1867;-114;10:54:56.263843
1749;1863;-114;10:54:56.263843
1745;1855;-110;10:54:56.263843
1742;1851;-109;10:54:56.263843
1739;1849;-110;10:54:56.263843
1732;1847;-115;10:54:56.263843
1729;1845;-116;10:54:56.263843
1724;1842;-118;10:54:56.263843
1723;1840;-117;10:54:56.263843
1722;1841;-119;10:54:56.263843
1722;1842;-120;10:54:56.263843
1717;1844;-127;10:54:56.263843
1715;1844;-129;10:54:56.263843
1721;1843;-122;10:54:56.263843
1724;1843;-119;10:54:56.263843
1720;1845;-125;10:54:56.263843
1721;1850;-129;10:54:56.263843
1721;1850;-129;10:54:56.263843
1724;1851;-127;10:54:56.263843
1731;1853;-122;10:54:56.263843
1731;1853;-122;10:54:56.263843
1730;1854;-124;10:54:56.263843
1735;1854;-119;10:54:56.263843
1737;1853;-116;10:54:56.263843
1734;1852;-118;10:54:56.263843
1734;1849;-115;10:54:56.263843
1731;1849;-118;10:54:56.263843
1728;1843;-115;10:54:56.263843
1726;1840;-114;10:54:56.263843
1726;1839;-113;10:54:56.263843
1722;1835;-113;10:54:56.263843
1721;1834;-113;10:54:56.263843
1723;1832;-109;10:54:56.263843
1721;1831;-110;10:54:56.263843
1723;1835;-112;10:54:56.263843
1728;1839;-111;10:54:56.263843
1730;1840;-110;10:54:56.263843
1733;1838;-105;10:54:56.263843
1731;1839;-108;10:54:56.263843
1730;1843;-113;10:54:56.263843
1734;1845;-111;10:54:56.263843
1734;1851;-117;10:54:56.263843
1737;1857;-120;10:54:56.263843
1746;1861;-115;10:54:56.263843
1752;1862;-110;10:54:56.263843
1756;1864;-108;10:54:56.263843
1763;1870;-107;10:54:56.263843
1764;1876;-112;10:54:56.263843
1768;1876;-108;10:54:56.263843
1769;1880;-111;10:54:56.263843
1769;1884;-115;10:54:56.263843
1769;1888;-119;10:54:56.263843
1770;1891;-121;10:54:56.263843
1767;1889;-122;10:54:56.263843
1767;1884;-117;10:54:56.263843
1768;1881;-113;10:54:56.263843
1768;1882;-114;10:54:56.263843
1766;1880;-114;10:54:56.263843
1770;1877;-107;10:54:56.263843
1770;1877;-107;10:54:56.263843
1764;1873;-109;10:54:56.263843
1758;1873;-115;10:54:56.263843
1757;1871;-114;10:54:56.263843
1758;1868;-110;10:54:56.263843
1758;1866;-108;10:54:56.263843
1760;1861;-101;10:54:56.263843
1759;1866;-107;10:54:56.263843
1757;1869;-112;10:54:56.263843
1759;1870;-111;10:54:56.263843
1757;1872;-115;10:54:56.263843
1752;1870;-118;10:54:56.263843
1751;1869;-118;10:54:56.263843
1754;1868;-114;10:54:56.263843
1753;1866;-113;10:54:56.263843
1755;1866;-111;10:54:56.263843
1756;1869;-113;10:54:56.263843
1756;1869;-113;10:54:56.263843
1758;1869;-111;10:54:56.263843
1758;1870;-112;10:54:56.263843
1761;1873;-112;10:54:56.263843
1759;1874;-115;10:54:56.263843
1758;1877;-119;10:54:56.263843
1759;1880;-121;10:54:56.263843
1761;1876;-115;10:54:56.263843
1765;1876;-111;10:54:56.263843
1767;1880;-113;10:54:56.263843
1770;1882;-112;10:54:56.263843
1772;1882;-110;10:54:56.263843
1775;1885;-110;10:54:56.263843
1777;1884;-107;10:54:56.263843
1778;1883;-105;10:54:56.263843
1779;1884;-105;10:54:56.263843
1780;1887;-107;10:54:56.263843
1776;1886;-110;10:54:56.263843
1774;1885;-111;10:54:56.263843
1780;1887;-107;10:54:56.263843
1784;1891;-107;10:54:56.263843
1786;1889;-103;10:54:56.263843
1783;1890;-107;10:54:56.263843
1783;1891;-108;10:54:56.263843
1785;1889;-104;10:54:56.263843
1787;1893;-106;10:54:56.263843
1791;1894;-103;10:54:56.263843
1791;1898;-107;10:54:56.263843
1795;1899;-104;10:54:56.263843
1799;1900;-101;10:54:56.263843
1797;1903;-106;10:54:56.263843
1795;1905;-110;10:54:56.263843
1798;1908;-110;10:54:56.263843
1796;1905;-109;10:54:56.263843
1794;1905;-111;10:54:56.263843
1792;1906;-114;10:54:56.263843
1793;1905;-112;10:54:56.263843
1794;1904;-110;10:54:56.263843
1793;1902;-109;10:54:56.263843
1792;1901;-109;10:54:56.263843
1787;1900;-113;10:54:56.263843
1781;1897;-116;10:54:56.263843
1781;1891;-110;10:54:56.263843
1779;1888;-109;10:54:56.263843
1777;1888;-111;10:54:56.263843
1775;1887;-112;10:54:56.263843
1770;1881;-111;10:54:56.263843
1765;1879;-114;10:54:56.263843
1765;1876;-111;10:54:56.263843
1764;1874;-110;10:54:56.263843
1762;1872;-110;10:54:56.263843
1763;1875;-112;10:54:56.263843
1772;1878;-106;10:54:56.263843
1773;1881;-108;10:54:56.263843
1769;1883;-114;10:54:56.263843
1764;1884;-120;10:54:56.263843
1763;1883;-120;10:54:56.263843
1766;1879;-113;10:54:56.263843
1769;1879;-110;10:54:56.263843
1769;1878;-109;10:54:56.263843
1763;1882;-119;10:54:56.263843
1759;1882;-123;10:54:56.263843
1760;1879;-119;10:54:56.263843
1759;1877;-118;10:54:56.263843
1759;1872;-113;10:54:56.263843
1758;1869;-111;10:54:56.263843
1754;1862;-108;10:54:56.263843
1753;1859;-106;10:54:56.263843
1756;1858;-102;10:54:56.263843
1755;1857;-102;10:54:56.263843
1752;1857;-105;10:54:56.263843
1747;1860;-113;10:54:56.263843
1746;1863;-117;10:54:56.263843
1746;1861;-115;10:54:56.263843
1747;1861;-114;10:54:56.263843
1752;1863;-111;10:54:56.263843
1754;1866;-112;10:54:56.263843
1756;1870;-114;10:54:56.263843
1760;1870;-110;10:54:56.263843
1759;1867;-108;10:54:56.263843
1754;1863;-109;10:54:56.263843
1751;1858;-107;10:54:56.263843
1748;1856;-108;10:54:56.263843
1744;1852;-108;10:54:56.263843
1740;1851;-111;10:54:56.263843
1740;1852;-112;10:54:56.263843
1742;1855;-113;10:54:56.263843
1741;1856;-115;10:54:56.263843
1739;1855;-116;10:54:56.263843
1737;1849;-112;10:54:56.263843
1737;1847;-110;10:54:56.263843
1736;1846;-110;10:54:56.263843
1733;1849;-116;10:54:56.263843
1728;1849;-121;10:54:56.263843
1734;1847;-113;10:54:56.263843
1739;1848;-109;10:54:56.263843
1741;1847;-106;10:54:56.263843
1737;1849;-112;10:54:56.263843
1733;1848;-115;10:54:56.263843
1731;1851;-120;10:54:56.263843
1731;1853;-122;10:54:56.263843
1732;1853;-121;10:54:56.263843
1731;1851;-120;10:54:56.263843
1731;1850;-119;10:54:56.263843
1730;1847;-117;10:54:56.263843
1733;1847;-114;10:54:56.263843
1736;1846;-110;10:54:56.263843
1734;1845;-111;10:54:56.263843
1733;1844;-111;10:54:56.263843
1730;1845;-115;10:54:56.263843
1727;1845;-118;10:54:56.263843
1726;1842;-116;10:54:56.263843
1727;1843;-116;10:54:56.263843
1721;1847;-126;10:54:56.263843
1723;1845;-122;10:54:56.263843
1725;1843;-118;10:54:56.263843
1723;1842;-119;10:54:56.263843
1722;1840;-118;10:54:56.263843
1722;1840;-118;10:54:56.263843
1718;1841;-123;10:54:56.263843
1716;1842;-126;10:54:56.263843
1716;1841;-125;10:54:56.263843
1716;1838;-122;10:54:56.263843
1718;1836;-118;10:54:56.263843
1720;1835;-115;10:54:56.263843
1718;1834;-116;10:54:56.263843
1718;1830;-112;10:54:56.263843
1716;1831;-115;10:54:56.263843
1717;1827;-110;10:54:56.263843
1720;1830;-110;10:54:56.263843
1717;1832;-115;10:54:56.263843
1718;1835;-117;10:54:56.263843
1721;1843;-122;10:54:56.263843
1728;1850;-122;10:54:56.263843
1738;1852;-114;10:54:56.263843
1744;1859;-115;10:54:56.263843
1752;1865;-113;10:54:56.263843
1759;1864;-105;10:54:56.263843
1761;1862;-101;10:54:56.263843
1760;1867;-107;10:54:56.263843
1763;1878;-115;10:54:56.263843
1773;1886;-113;10:54:56.263843
1775;1890;-115;10:54:56.263843
1780;1889;-109;10:54:56.263843
1783;1887;-104;10:54:56.263843
1784;1885;-101;10:54:56.263843
1781;1889;-108;10:54:56.263843
1782;1892;-110;10:54:56.263843
1783;1889;-106;10:54:56.263843
1782;1883;-101;10:54:56.263843
1781;1887;-106;10:54:56.263843
1777;1886;-109;10:54:56.263843
1769;1882;-113;10:54:56.263843
1767;1878;-111;10:54:56.263843
1767;1873;-106;10:54:56.263843
1766;1874;-108;10:54:56.263843
1768;1877;-109;10:54:56.263843
1767;1879;-112;10:54:56.263843
1773;1878;-105;10:54:56.263843
1775;1878;-103;10:54:56.263843
1770;1875;-105;10:54:56.263843
1767;1877;-110;10:54:56.263843
1770;1880;-110;10:54:56.263843
1769;1883;-114;10:54:56.263843
1766;1892;-126;10:54:56.263843
1771;1894;-123;10:54:56.263843
1773;1894;-121;10:54:56.263843
1771;1892;-121;10:54:56.263843
1770;1886;-116;10:54:56.263843
1768;1884;-116;10:54:56.263843
1769;1881;-112;10:54:56.263843
1776;1879;-103;10:54:56.263843
1774;1883;-109;10:54:56.263843
1766;1887;-121;10:54:56.263843
1766;1889;-123;10:54:56.263843
1769;1890;-121;10:54:56.263843
1770;1893;-123;10:54:56.263843
1767;1891;-124;10:54:56.263843
1769;1888;-119;10:54:56.263843
1773;1888;-115;10:54:56.263843
1771;1890;-119;10:54:56.263843
1769;1886;-117;10:54:56.263843
1772;1880;-108;10:54:56.263843
1772;1880;-108;10:54:56.263843
1773;1882;-109;10:54:56.263843
1780;1876;-96;10:54:56.263843
1780;1881;-101;10:54:56.263843
1777;1888;-111;10:54:56.263843
1777;1892;-115;10:54:56.263843
1781;1887;-106;10:54:56.263843
1782;1889;-107;10:54:56.263843
1783;1890;-107;10:54:56.263843
1778;1885;-107;10:54:56.263843
1777;1882;-105;10:54:56.263843
1784;1879;-95;10:54:56.263843
1791;1882;-91;10:54:56.263843
1785;1889;-104;10:54:56.263843
1778;1887;-109;10:54:56.263843
1776;1881;-105;10:54:56.263843
1777;1880;-103;10:54:56.263843
1774;1882;-108;10:54:56.263843
1766;1877;-111;10:54:56.263843
1766;1872;-106;10:54:56.263843
1768;1872;-104;10:54:56.263843
1761;1879;-118;10:54:56.263843
1761;1880;-119;10:54:56.263843
1774;1874;-100;10:54:56.263843
1778;1876;-98;10:54:56.263843
1769;1883;-114;10:54:56.263843
1764;1878;-114;10:54:56.263843
1758;1872;-114;10:54:56.263843
1755;1872;-117;10:54:56.263843
1755;1872;-117;10:54:56.263843
1756;1872;-116;10:54:56.263843
1760;1864;-104;10:54:56.263843
1765;1860;-95;10:54:56.263843
1758;1859;-101;10:54:56.263843
1747;1858;-111;10:54:56.263843
1750;1857;-107;10:54:56.263843
1753;1856;-103;10:54:56.263843
1751;1859;-108;10:54:56.263843
1750;1861;-111;10:54:56.263843
1745;1858;-113;10:54:56.263843
1737;1851;-114;10:54:56.263843
1737;1852;-115;10:54:56.263843
1733;1855;-122;10:54:56.263843
1728;1856;-128;10:54:56.263843
1726;1849;-123;10:54:56.263843
1725;1844;-119;10:54:56.263843
1731;1843;-112;10:54:56.263843
1736;1843;-107;10:54:56.263843
1738;1846;-108;10:54:56.263843
1732;1858;-126;10:54:56.263843
1738;1865;-127;10:54:56.263843
1751;1861;-110;10:54:56.263843
1743;1861;-118;10:54:56.263843
1733;1863;-130;10:54:56.263843
1734;1859;-125;10:54:56.263843
1742;1859;-117;10:54:56.263843
1751;1864;-113;10:54:56.263843
1753;1866;-113;10:54:56.263843
1755;1868;-113;10:54:56.263843
1758;1876;-118;10:54:56.263843
1759;1873;-114;10:54:56.263843
1751;1870;-119;10:54:56.263843
1748;1863;-115;10:54:56.263843
1750;1858;-108;10:54:56.263843
1746;1856;-110;10:54:56.263843
1743;1861;-118;10:54:56.263843
1750;1862;-112;10:54:56.263843
1748;1860;-112;10:54:56.263843
1744;1860;-116;10:54:56.263843
1748;1857;-109;10:54:56.263843
1750;1854;-104;10:54:56.263843
1747;1856;-109;10:54:56.263843
1741;1853;-112;10:54:56.263843
1736;1847;-111;10:54:56.263843
1730;1848;-118;10:54:56.263843
1736;1851;-115;10:54:56.263843
1743;1856;-113;10:54:56.263843
1746;1862;-116;10:54:56.263843
1746;1861;-115;10:54:56.263843
1751;1862;-111;10:54:56.263843
1757;1861;-104;10:54:56.263843
1761;1866;-105;10:54:56.263843
1761;1871;-110;10:54:56.263843
1764;1870;-106;10:54:56.263843
1762;1872;-110;10:54:56.263843
1755;1874;-119;10:54:56.263843
1753;1877;-124;10:54:56.263843
1759;1879;-120;10:54:56.263843
1767;1882;-115;10:54:56.263843
1776;1883;-107;10:54:56.263843
1780;1890;-110;10:54:56.263843
1777;1896;-119;10:54:56.263843
1773;1890;-117;10:54:56.263843
1769;1882;-113;10:54:56.263843
1765;1880;-115;10:54:56.263843
1766;1877;-111;10:54:56.263843
1761;1882;-121;10:54:56.263843
1758;1882;-124;10:54:56.263843
1759;1877;-118;10:54:56.263843
1763;1874;-111;10:54:56.263843
1764;1874;-110;10:54:56.263843
1760;1871;-111;10:54:56.263843
1757;1868;-111;10:54:56.263843
1758;1866;-108;10:54:56.263843
1756;1868;-112;10:54:56.263843
1749;1871;-122;10:54:56.263843
1750;1873;-123;10:54:56.263843
1753;1871;-118;10:54:56.263843
1752;1869;-117;10:54:56.263843
1750;1868;-118;10:54:56.263843
1748;1869;-121;10:54:56.263843
1746;1862;-116;10:54:56.263843
1743;1858;-115;10:54:56.263843
1744;1858;-114;10:54:56.263843
1740;1862;-122;10:54:56.263843
1740;1861;-121;10:54:56.263843
1743;1857;-114;10:54:56.263843
1742;1855;-113;10:54:56.263843
1739;1852;-113;10:54:56.263843
1735;1853;-118;10:54:56.263843
1737;1858;-121;10:54:56.263843
1744;1858;-114;10:54:56.263843
1750;1856;-106;10:54:56.263843
1747;1862;-115;10:54:56.263843
1741;1866;-125;10:54:56.263843
1736;1861;-125;10:54:56.263843
1739;1852;-113;10:54:56.263843
1741;1851;-110;10:54:56.263843
1742;1853;-111;10:54:56.263843
1738;1856;-118;10:54:56.263843
1739;1858;-119;10:54:56.263843
1746;1859;-113;10:54:56.263843
1749;1862;-113;10:54:56.263843
1750;1864;-114;10:54:56.263843
1755;1866;-111;10:54:56.263843
1755;1865;-110;10:54:56.263843
1751;1868;-117;10:54:56.263843
1750;1869;-119;10:54:56.263843
1755;1871;-116;10:54:56.263843
1754;1868;-114;10:54:56.263843
1754;1862;-108;10:54:56.263843
1759;1861;-102;10:54:56.263843
1754;1864;-110;10:54:56.263843
1748;1860;-112;10:54:56.263843
1744;1855;-111;10:54:56.263843
1748;1856;-108;10:54:56.263843
1750;1856;-106;10:54:56.263843
1746;1857;-111;10:54:56.263843
1743;1857;-114;10:54:56.263843
1743;1857;-114;10:54:56.263843
1740;1851;-111;10:54:56.263843
1741;1849;-108;10:54:56.263843
1745;1858;-113;10:54:56.263843
1742;1863;-121;10:54:56.263843
1747;1864;-117;10:54:56.263843
1755;1863;-108;10:54:56.263843
1759;1867;-108;10:54:56.263843
1757;1868;-111;10:54:56.263843
1753;1868;-115;10:54:56.263843
1751;1870;-119;10:54:56.263843
1756;1868;-112;10:54:56.263843
1755;1868;-113;10:54:56.263843
1751;1868;-117;10:54:56.263843
1753;1871;-118;10:54:56.263843
1763;1867;-104;10:54:56.263843
1769;1865;-96;10:54:56.263843
1762;1868;-106;10:54:56.263843
1758;1872;-114;10:54:56.263843
1761;1872;-111;10:54:56.263843
1758;1875;-117;10:54:56.263843
1757;1875;-118;10:54:56.263843
1761;1873;-112;10:54:56.263843
1766;1869;-103;10:54:56.263843
1768;1868;-100;10:54:56.263843
1764;1871;-107;10:54:56.263843
1759;1872;-113;10:54:56.263843
1756;1864;-108;10:54:56.263843
1754;1860;-106;10:54:56.263843
1749;1859;-110;10:54:56.263843
1751;1857;-106;10:54:56.263843
1749;1857;-108;10:54:56.263843
1745;1861;-116;10:54:56.263843
1748;1861;-113;10:54:56.263843
1755;1863;-108;10:54:56.263843
1756;1864;-108;10:54:56.263843
1758;1863;-105;10:54:56.263843
1756;1869;-113;10:54:56.263843
1758;1874;-116;10:54:56.263843
1759;1873;-114;10:54:56.263843
1765;1875;-110;10:54:56.263843
1768;1877;-109;10:54:56.263843
1770;1880;-110;10:54:56.263843
1769;1881;-112;10:54:56.263843
1768;1881;-113;10:54:56.263843
1768;1880;-112;10:54:56.263843
1770;1878;-108;10:54:56.263843
1772;1878;-106;10:54:56.263843
1772;1883;-111;10:54:56.263843
1770;1882;-112;10:54:56.263843
1773;1880;-107;10:54:56.263843
1773;1884;-111;10:54:56.263843
1772;1887;-115;10:54:56.263843
1775;1886;-111;10:54:56.263843
1782;1890;-108;10:54:56.263843
1784;1889;-105;10:54:56.263843
1781;1891;-110;10:54:56.263843
1779;1891;-112;10:54:56.263843
1786;1890;-104;10:54:56.263843
1789;1888;-99;10:54:56.263843
1789;1889;-100;10:54:56.263843
1782;1886;-104;10:54:56.263843
1780;1886;-106;10:54:56.263843
1780;1889;-109;10:54:56.263843
1780;1891;-111;10:54:56.263843
1782;1892;-110;10:54:56.263843
1782;1888;-106;10:54:56.263843
1778;1883;-105;10:54:56.263843
1779;1881;-102;10:54:56.263843
1779;1885;-106;10:54:56.263843
1778;1887;-109;10:54:56.263843
1776;1885;-109;10:54:56.263843
1774;1881;-107;10:54:56.263843
1770;1879;-109;10:54:56.263843
1768;1876;-108;10:54:56.263843
1764;1876;-112;10:54:56.263843
1762;1878;-116;10:54:56.263843
1765;1877;-112;10:54:56.263843
1768;1875;-107;10:54:56.263843
1765;1876;-111;10:54:56.263843
1762;1873;-111;10:54:56.263843
1754;1874;-120;10:54:56.263843
1757;1874;-117;10:54:56.263843
1757;1872;-115;10:54:56.263843
1756;1868;-112;10:54:56.263843
1760;1868;-108;10:54:56.263843
1759;1864;-105;10:54:56.263843
1754;1857;-103;10:54:56.263843
1751;1852;-101;10:54:56.263843
1743;1853;-110;10:54:56.263843
1741;1858;-117;10:54:56.263843
1739;1859;-120;10:54:56.263843
1741;1856;-115;10:54:56.263843
1739;1855;-116;10:54:56.263843
1736;1853;-117;10:54:56.263843
1735;1850;-115;10:54:56.263843
1738;1846;-108;10:54:56.263843
1741;1847;-106;10:54:56.263843
1737;1849;-112;10:54:56.263843
1740;1850;-110;10:54:56.263843
1745;1851;-106;10:54:56.263843
1744;1852;-108;10:54:56.263843
1744;1854;-110;10:54:56.263843
1743;1855;-112;10:54:56.263843
1741;1858;-117;10:54:56.263843
1743;1853;-110;10:54:56.263843
1745;1853;-108;10:54:56.263843
1742;1852;-110;10:54:56.263843
1738;1851;-113;10:54:56.263843
1741;1850;-109;10:54:56.263843
1740;1851;-111;10:54:56.263843
1741;1851;-110;10:54:56.263843
1746;1856;-110;10:54:56.263843
1750;1862;-112;10:54:56.263843
1747;1859;-112;10:54:56.263843
1742;1859;-117;10:54:56.263843
1745;1865;-120;10:54:56.263843
1752;1866;-114;10:54:56.263843
1756;1861;-105;10:54:56.263843
1753;1857;-104;10:54:56.263843
1749;1857;-108;10:54:56.263843
1749;1861;-112;10:54:56.263843
1749;1869;-120;10:54:56.263843
1747;1871;-124;10:54:56.263843
1751;1869;-118;10:54:56.263843
1754;1867;-113;10:54:56.263843
1751;1862;-111;10:54:56.263843
1744;1857;-113;10:54:56.263843
1748;1852;-104;10:54:56.263843
1751;1852;-101;10:54:56.263843
1746;1852;-106;10:54:56.263843
1745;1851;-106;10:54:56.263843
1746;1854;-108;10:54:56.263843
1752;1853;-101;10:54:56.263843
1754;1851;-97;10:54:56.263843
1752;1855;-103;10:54:56.263843
1752;1861;-109;10:54:56.263843
1751;1865;-114;10:54:56.263843
1748;1868;-120;10:54:56.263843
1749;1866;-117;10:54:56.263843
1755;1865;-110;10:54:56.263843
1757;1863;-106;10:54:56.263843
1754;1861;-107;10:54:56.263843
1754;1859;-105;10:54:56.263843
1756;1860;-104;10:54:56.263843
1763;1864;-101;10:54:56.263843
1765;1867;-102;10:54:56.263843
1761;1866;-105;10:54:56.263843
1760;1866;-106;10:54:56.263843
1763;1869;-106;10:54:56.263843
1767;1871;-104;10:54:56.263843
1763;1876;-113;10:54:56.263843
1763;1876;-113;10:54:56.263843
1766;1878;-112;10:54:56.263843
1764;1876;-112;10:54:56.263843
1768;1877;-109;10:54:56.263843
1771;1878;-107;10:54:56.263843
1768;1877;-109;10:54:56.263843
1766;1880;-114;10:54:56.263843
1766;1879;-113;10:54:56.263843
1770;1881;-111;10:54:56.263843
1774;1883;-109;10:54:56.263843
1777;1883;-106;10:54:56.263843
1775;1881;-106;10:54:56.263843
1771;1885;-114;10:54:56.263843
1773;1885;-112;10:54:56.263843
1772;1881;-109;10:54:56.263843
1771;1881;-110;10:54:56.263843
1774;1881;-107;10:54:56.263843
1770;1882;-112;10:54:56.263843
1764;1883;-119;10:54:56.263843
1766;1885;-119;10:54:56.263843
1771;1882;-111;10:54:56.263843
1771;1882;-111;10:54:56.263843
1771;1883;-112;10:54:56.263843
1772;1879;-107;10:54:56.263843
1771;1877;-106;10:54:56.263843
1774;1879;-105;10:54:56.263843
1776;1881;-105;10:54:56.263843
1776;1883;-107;10:54:56.263843
1774;1883;-109;10:54:56.263843
1772;1882;-110;10:54:56.263843
1769;1881;-112;10:54:56.263843
1767;1882;-115;10:54:56.263843
1768;1880;-112;10:54:56.263843
1770;1882;-112;10:54:56.263843
1772;1884;-112;10:54:56.263843
1770;1880;-110;10:54:56.263843
1769;1875;-106;10:54:56.263843
1770;1874;-104;10:54:56.263843
1769;1869;-100;10:54:56.263843
1765;1869;-104;10:54:56.263843
1759;1871;-112;10:54:56.263843
1757;1871;-114;10:54:56.263843
1765;1870;-105;10:54:56.263843
1763;1871;-108;10:54:56.263843
1757;1876;-119;10:54:56.263843
1757;1877;-120;10:54:56.263843
1759;1875;-116;10:54:56.263843
1761;1872;-111;10:54:56.263843
1759;1871;-112;10:54:56.263843
1759;1873;-114;10:54:56.263843
1761;1870;-109;10:54:56.263843
1765;1869;-104;10:54:56.263843
1764;1870;-106;10:54:56.263843
1763;1874;-111;10:54:56.263843
1766;1878;-112;10:54:56.263843
1768;1879;-111;10:54:56.263843
1768;1876;-108;10:54:56.263843
1767;1871;-104;10:54:56.263843
1766;1874;-108;10:54:56.263843
1766;1875;-109;10:54:56.263843
1766;1878;-112;10:54:56.263843
1767;1881;-114;10:54:56.263843
1768;1885;-117;10:54:56.263843
1767;1882;-115;10:54:56.263843
1769;1880;-111;10:54:56.263843
1774;1882;-108;10:54:56.263843
1769;1876;-107;10:54:56.263843
1762;1872;-110;10:54:56.263843
1758;1873;-115;10:54:56.263843
1761;1870;-109;10:54:56.263843
1759;1866;-107;10:54:56.263843
1758;1866;-108;10:54:56.263843
1757;1869;-112;10:54:56.263843
1752;1866;-114;10:54:56.263843
1745;1863;-118;10:54:56.263843
1746;1863;-117;10:54:56.263843
1751;1864;-113;10:54:56.263843
1749;1861;-112;10:54:56.263843
1750;1860;-110;10:54:56.263843
1747;1861;-114;10:54:56.263843
1742;1860;-118;10:54:56.263843
1738;1857;-119;10:54:56.263843
1741;1860;-119;10:54:56.263843
1748;1863;-115;10:54:56.263843
1750;1861;-111;10:54:56.263843
1749;1858;-109;10:54:56.263843
1747;1859;-112;10:54:56.263843
1745;1859;-114;10:54:56.263843
1744;1859;-115;10:54:56.263843
1743;1853;-110;10:54:56.263843
1742;1856;-114;10:54:56.263843
1744;1861;-117;10:54:56.263843
1750;1865;-115;10:54:56.263843
1751;1864;-113;10:54:56.263843
1754;1866;-112;10:54:56.263843
1756;1867;-111;10:54:56.263843
1755;1872;-117;10:54:56.263843
1756;1872;-116;10:54:56.263843
1763;1871;-108;10:54:56.263843
1764;1871;-107;10:54:56.263843
1762;1871;-109;10:54:56.263843
1762;1870;-108;10:54:56.263843
1759;1870;-111;10:54:56.263843
1760;1869;-109;10:54:56.263843
1757;1870;-113;10:54:56.263843
1753;1867;-114;10:54:56.263843
1756;1867;-111;10:54:56.263843
1754;1867;-113;10:54:56.263843
1753;1861;-108;10:54:56.263843
1753;1861;-108;10:54:56.263843
1752;1865;-113;10:54:56.263843
1752;1869;-117;10:54:56.263843
1750;1868;-118;10:54:56.263843
1747;1861;-114;10:54:56.263843
1750;1859;-109;10:54:56.263843
1755;1861;-106;10:54:56.263843
1755;1863;-108;10:54:56.263843
1755;1864;-109;10:54:56.263843
1754;1868;-114;10:54:56.263843
1756;1868;-112;10:54:56.263843
1758;1869;-111;10:54:56.263843
1755;1869;-114;10:54:56.263843
1754;1869;-115;10:54:56.263843
1755;1868;-113;10:54:56.263843
1756;1872;-116;10:54:56.263843
1757;1874;-117;10:54:56.263843
1755;1875;-120;10:54:56.263843
1759;1875;-116;10:54:56.263843
1767;1874;-107;10:54:56.263843
1770;1876;-106;10:54:56.263843
1768;1874;-106;10:54:56.263843
1767;1878;-111;10:54:56.263843
1767;1881;-114;10:54:56.263843
1766;1880;-114;10:54:56.263843
1766;1878;-112;10:54:56.263843
1765;1878;-113;10:54:56.263843
1767;1877;-110;10:54:56.263843
1765;1876;-111;10:54:56.263843
1762;1874;-112;10:54:56.263843
1764;1872;-108;10:54:56.263843
1762;1872;-110;10:54:56.263843
1761;1872;-111;10:54:56.263843
1759;1871;-112;10:54:56.263843
1755;1872;-117;10:54:56.263843
1755;1867;-112;10:54:56.263843
1755;1868;-113;10:54:56.263843
1753;1867;-114;10:54:56.263843
1756;1865;-109;10:54:56.263843
1756;1865;-109;10:54:56.263843
1754;1866;-112;10:54:56.263843
1755;1868;-113;10:54:56.263843
1755;1863;-108;10:54:56.263843
1752;1863;-111;10:54:56.263843
1754;1864;-110;10:54:56.263843
1754;1866;-112;10:54:56.263843
1749;1868;-119;10:54:56.263843
1753;1868;-115;10:54:56.263843
1759;1870;-111;10:54:56.263843
1761;1871;-110;10:54:56.263843
1761;1873;-112;10:54:56.263843
1761;1878;-117;10:54:56.263843
1763;1880;-117;10:54:56.263843
1770;1879;-109;10:54:56.263843
1771;1880;-109;10:54:56.263843
1771;1883;-112;10:54:56.263843
1766;1880;-114;10:54:56.263843
1764;1877;-113;10:54:56.263843
1765;1876;-111;10:54:56.263843
1766;1878;-112;10:54:56.263843
1766;1876;-110;10:54:56.263843
1767;1875;-108;10:54:56.263843
1767;1873;-106;10:54:56.263843
1770;1869;-99;10:54:56.263843
1770;1868;-98;10:54:56.263843
1760;1870;-110;10:54:56.263843
1753;1869;-116;10:54:56.263843
1753;1868;-115;10:54:56.263843
1755;1865;-110;10:54:56.263843
1755;1865;-110;10:54:56.263843
1758;1865;-107;10:54:56.263843
1755;1865;-110;10:54:56.263843
1753;1865;-112;10:54:56.263843
1753;1864;-111;10:54:56.263843
1755;1863;-108;10:54:56.263843
1748;1866;-118;10:54:56.263843
1749;1866;-117;10:54:56.263843
1749;1866;-117;10:54:56.263843
1751;1866;-115;10:54:56.263843
1755;1866;-111;10:54:56.263843
1761;1872;-111;10:54:56.263843
1762;1873;-111;10:54:56.263843
1762;1875;-113;10:54:56.263843
1764;1878;-114;10:54:56.263843
1764;1878;-114;10:54:56.263843
1765;1880;-115;10:54:56.263843
1771;1882;-111;10:54:56.263843
1769;1885;-116;10:54:56.263843
1772;1887;-115;10:54:56.263843
1780;1889;-109;10:54:56.263843
1782;1887;-105;10:54:56.263843
1781;1893;-112;10:54:56.263843
1779;1894;-115;10:54:56.263843
1780;1892;-112;10:54:56.263843
1783;1889;-106;10:54:56.263843
1783;1888;-105;10:54:56.263843
1785;1893;-108;10:54:56.263843
1788;1895;-107;10:54:56.263843
1791;1895;-104;10:54:56.263843
1788;1898;-110;10:54:56.263843
1785;1894;-109;10:54:56.263843
1787;1891;-104;10:54:56.263843
1786;1892;-106;10:54:56.263843
1783;1894;-111;10:54:56.263843
1778;1890;-112;10:54:56.263843
1778;1886;-108;10:54:56.263843
1779;1881;-102;10:54:56.263843
1773;1881;-108;10:54:56.263843
1772;1878;-106;10:54:56.263843
1770;1877;-107;10:54:56.263843
1769;1875;-106;10:54:56.263843
1770;1875;-105;10:54:56.263843
1770;1877;-107;10:54:56.263843
1771;1879;-108;10:54:56.263843
1771;1877;-106;10:54:56.263843
1766;1878;-112;10:54:56.263843
1765;1879;-114;10:54:56.263843
1766;1878;-112;10:54:56.263843
1765;1880;-115;10:54:56.263843
1764;1879;-115;10:54:56.263843
1765;1881;-116;10:54:56.263843
1767;1878;-111;10:54:56.263843
1768;1877;-109;10:54:56.263843
1771;1878;-107;10:54:56.263843
1771;1876;-105;10:54:56.263843
1772;1876;-104;10:54:56.263843
1770;1876;-106;10:54:56.263843
1767;1877;-110;10:54:56.263843
1765;1878;-113;10:54:56.263843
1767;1880;-113;10:54:56.263843
1764;1880;-116;10:54:56.263843
1764;1877;-113;10:54:56.263843
1763;1877;-114;10:54:56.263843
1765;1875;-110;10:54:56.263843
1763;1876;-113;10:54:56.263843
1761;1871;-110;10:54:56.263843
1760;1874;-114;10:54:56.263843
1760;1869;-109;10:54:56.263843
1755;1864;-109;10:54:56.263843
1752;1862;-110;10:54:56.263843
1750;1863;-113;10:54:56.263843
1745;1861;-116;10:54:56.263843
1747;1860;-113;10:54:56.263843
1747;1859;-112;10:54:56.263843
1744;1860;-116;10:54:56.263843
1744;1859;-115;10:54:56.263843
1742;1859;-117;10:54:56.263843
1738;1856;-118;10:54:56.263843
1738;1854;-116;10:54:56.263843
1738;1850;-112;10:54:56.263843
1735;1852;-117;10:54:56.263843
1736;1852;-116;10:54:56.263843
1737;1853;-116;10:54:56.263843
1736;1854;-118;10:54:56.263843
1738;1856;-118;10:54:56.263843
1741;1857;-116;10:54:56.263843
1741;1860;-119;10:54:56.263843
1742;1861;-119;10:54:56.263843
1741;1860;-119;10:54:56.263843
1746;1858;-112;10:54:56.263843
1747;1860;-113;10:54:56.263843
1747;1862;-115;10:54:56.263843
1748;1863;-115;10:54:56.263843
1750;1866;-116;10:54:56.263843
1750;1866;-116;10:54:56.263843
1752;1865;-113;10:54:56.263843
1754;1862;-108;10:54:56.263843
1756;1862;-106;10:54:56.263843
1756;1863;-107;10:54:56.263843
1755;1864;-109;10:54:56.263843
1754;1865;-111;10:54:56.263843
1756;1864;-108;10:54:56.263843
1754;1863;-109;10:54:56.263843
1751;1862;-111;10:54:56.263843
1747;1860;-113;10:54:56.263843
1746;1860;-114;10:54:56.263843
1744;1859;-115;10:54:56.263843
1743;1856;-113;10:54:56.263843
1744;1857;-113;10:54:56.263843
1746;1857;-111;10:54:56.263843
1744;1858;-114;10:54:56.263843
1745;1860;-115;10:54:56.263843
1747;1858;-111;10:54:56.263843
1748;1858;-110;10:54:56.263843
1746;1860;-114;10:54:56.263843
1747;1862;-115;10:54:56.263843
1746;1862;-116;10:54:56.263843
1745;1867;-122;10:54:56.263843
1751;1868;-117;10:54:56.263843
1755;1870;-115;10:54:56.263843
1756;1871;-115;10:54:56.263843
1756;1872;-116;10:54:56.263843
1761;1875;-114;10:54:56.263843
1759;1877;-118;10:54:56.263843
1758;1878;-120;10:54:56.263843
1762;1879;-117;10:54:56.263843
1766;1878;-112;10:54:56.263843
1766;1877;-111;10:54:56.263843
1767;1877;-110;10:54:56.263843
1771;1878;-107;10:54:56.263843
1773;1884;-111;10:54:56.263843
1775;1885;-110;10:54:56.263843
1774;1885;-111;10:54:56.263843
1772;1884;-112;10:54:56.263843
1773;1884;-111;10:54:56.263843
1771;1883;-112;10:54:56.263843
1771;1881;-110;10:54:56.263843
1775;1881;-106;10:54:56.263843
1776;1881;-105;10:54:56.263843
1776;1880;-104;10:54:56.263843
1773;1877;-104;10:54:56.263843
1772;1877;-105;10:54:56.263843
1771;1880;-109;10:54:56.263843
1771;1879;-108;10:54:56.263843
1769;1875;-106;10:54:56.263843
1765;1873;-108;10:54:56.263843
1761;1875;-114;10:54:56.263843
1760;1875;-115;10:54:56.263843
1760;1874;-114;10:54:56.263843
1761;1872;-111;10:54:56.263843
1765;1871;-106;10:54:56.263843
1764;1871;-107;10:54:56.263843
1762;1873;-111;10:54:56.263843
1762;1873;-111;10:54:56.263843
1763;1875;-112;10:54:56.263843
1762;1873;-111;10:54:56.263843
1760;1872;-112;10:54:56.263843
1760;1873;-113;10:54:56.263843
1759;1875;-116;10:54:56.263843
1757;1874;-117;10:54:56.263843
1758;1874;-116;10:54:56.263843
1761;1876;-115;10:54:56.263843
1760;1877;-117;10:54:56.263843
1763;1879;-116;10:54:56.263843
1764;1878;-114;10:54:56.263843
1765;1878;-113;10:54:56.263843
1766;1877;-111;10:54:56.263843
1767;1881;-114;10:54:56.263843
1767;1882;-115;10:54:56.263843
1767;1881;-114;10:54:56.263843
1770;1881;-111;10:54:56.263843
1769;1885;-116;10:54:56.263843
1770;1886;-116;10:54:56.263843
1771;1884;-113;10:54:56.263843
1770;1883;-113;10:54:56.263843
1771;1883;-112;10:54:56.263843
1771;1882;-111;10:54:56.263843
1771;1881;-110;10:54:56.263843
1769;1881;-112;10:54:56.263843
1769;1878;-109;10:54:56.263843
1768;1877;-109;10:54:56.263843
1768;1878;-110;10:54:56.263843
1765;1876;-111;10:54:56.263843
1763;1877;-114;10:54:56.263843
1762;1878;-116;10:54:56.263843
1763;1879;-116;10:54:56.263843
1764;1876;-112;10:54:56.263843
1762;1879;-117;10:54:56.263843
1763;1878;-115;10:54:56.263843
1761;1876;-115;10:54:56.263843
1762;1874;-112;10:54:56.263843
1761;1876;-115;10:54:56.263843
1760;1879;-119;10:54:56.263843
1761;1878;-117;10:54:56.263843
1760;1878;-118;10:54:56.263843
1760;1875;-115;10:54:56.263843
1760;1873;-113;10:54:56.263843
1760;1874;-114;10:54:56.263843
1762;1874;-112;10:54:56.263843
1761;1875;-114;10:54:56.263843
1761;1876;-115;10:54:56.263843
1760;1876;-116;10:54:56.263843
1758;1876;-118;10:54:56.263843
1756;1875;-119;10:54:56.263843
1757;1873;-116;10:54:56.263843
1755;1871;-116;10:54:56.263843
1759;1869;-110;10:54:56.263843
1755;1870;-115;10:54:56.263843
1750;1868;-118;10:54:56.263843
1749;1866;-117;10:54:56.263843
1751;1868;-117;10:54:56.263843
1752;1867;-115;10:54:56.263843
1749;1865;-116;10:54:56.263843
1750;1863;-113;10:54:56.263843
1752;1866;-114;10:54:56.263843
1752;1863;-111;10:54:56.263843
1750;1860;-110;10:54:56.263843
1750;1862;-112;10:54:56.263843
1747;1862;-115;10:54:56.263843
1744;1856;-112;10:54:56.263843
1746;1860;-114;10:54:56.263843
1744;1861;-117;10:54:56.263843
1742;1862;-120;10:54:56.263843
1744;1860;-116;10:54:56.263843
1748;1863;-115;10:54:56.263843
1748;1864;-116;10:54:56.263843
1749;1860;-111;10:54:56.263843
1749;1861;-112;10:54:56.263843
1750;1863;-113;10:54:56.263843
1749;1867;-118;10:54:56.263843
1752;1869;-117;10:54:56.263843
1753;1869;-116;10:54:56.263843
1755;1868;-113;10:54:56.263843
1757;1868;-111;10:54:56.263843
1756;1869;-113;10:54:56.263843
1757;1868;-111;10:54:56.263843
1760;1870;-110;10:54:56.263843
1758;1872;-114;10:54:56.263843
1759;1872;-113;10:54:56.263843
1760;1872;-112;10:54:56.263843
1759;1870;-111;10:54:56.263843
1756;1871;-115;10:54:56.263843
1758;1871;-113;10:54:56.263843
1761;1869;-108;10:54:56.263843
1763;1865;-102;10:54:56.263843
1759;1869;-110;10:54:56.263843
1759;1871;-112;10:54:56.263843
1760;1871;-111;10:54:56.263843
1756;1868;-112;10:54:56.263843
1756;1864;-108;10:54:56.263843
1757;1867;-110;10:54:56.263843
1753;1865;-112;10:54:56.263843
1751;1867;-116;10:54:56.263843
1752;1864;-112;10:54:56.263843
1751;1863;-112;10:54:56.263843
1750;1864;-114;10:54:56.263843
1749;1864;-115;10:54:56.263843
1749;1861;-112;10:54:56.263843
1748;1859;-111;10:54:56.263843
1751;1863;-112;10:54:56.263843
1747;1864;-117;10:54:56.264840
1747;1862;-115;10:54:56.264840
1751;1865;-114;10:54:56.264840
1752;1865;-113;10:54:56.264840
1752;1864;-112;10:54:56.264840
1751;1864;-113;10:54:56.264840
1752;1866;-114;10:54:56.264840
1753;1868;-115;10:54:56.264840
1752;1868;-116;10:54:56.264840
1752;1869;-117;10:54:56.264840
1756;1868;-112;10:54:56.264840
1757;1871;-114;10:54:56.264840
1760;1873;-113;10:54:56.264840
1760;1874;-114;10:54:56.264840
1760;1873;-113;10:54:56.264840
1761;1873;-112;10:54:56.264840
1764;1873;-109;10:54:56.264840
1762;1873;-111;10:54:56.264840
1762;1873;-111;10:54:56.264840
1763;1872;-109;10:54:56.264840
1761;1872;-111;10:54:56.264840
1762;1872;-110;10:54:56.264840
1764;1874;-110;10:54:56.264840
1762;1875;-113;10:54:56.264840
1760;1874;-114;10:54:56.264840
1762;1873;-111;10:54:56.264840
1762;1870;-108;10:54:56.264840
1761;1872;-111;10:54:56.264840
1763;1870;-107;10:54:56.264840
1762;1872;-110;10:54:56.264840
1760;1874;-114;10:54:56.264840
1763;1874;-111;10:54:56.264840
1765;1874;-109;10:54:56.264840
1766;1874;-108;10:54:56.264840
1766;1875;-109;10:54:56.264840
1762;1875;-113;10:54:56.264840
1762;1872;-110;10:54:56.264840
1759;1872;-113;10:54:56.264840
1761;1872;-111;10:54:56.264840
1760;1869;-109;10:54:56.264840
1757;1870;-113;10:54:56.264840
1758;1871;-113;10:54:56.264840
1757;1873;-116;10:54:56.264840
1756;1875;-119;10:54:56.264840
1759;1874;-115;10:54:56.264840
1759;1876;-117;10:54:56.264840
1760;1874;-114;10:54:56.264840
1759;1873;-114;10:54:56.264840
1760;1874;-114;10:54:56.264840
1759;1874;-115;10:54:56.264840
1763;1876;-113;10:54:56.264840
1766;1877;-111;10:54:56.264840
1765;1877;-112;10:54:56.264840
1761;1875;-114;10:54:56.264840
1761;1872;-111;10:54:56.264840
1761;1873;-112;10:54:56.264840
1759;1874;-115;10:54:56.264840
1763;1875;-112;10:54:56.264840
1766;1875;-109;10:54:56.264840
1764;1875;-111;10:54:56.264840
1762;1875;-113;10:54:56.264840
1764;1878;-114;10:54:56.264840
1766;1878;-112;10:54:56.264840
1766;1880;-114;10:54:56.264840
1766;1877;-111;10:54:56.264840
1766;1876;-110;10:54:56.264840
1764;1877;-113;10:54:56.264840
1763;1877;-114;10:54:56.264840
1763;1875;-112;10:54:56.264840
1760;1874;-114;10:54:56.264840
1760;1872;-112;10:54:56.264840
1761;1870;-109;10:54:56.264840
1762;1871;-109;10:54:56.264840
1759;1870;-111;10:54:56.264840
1759;1871;-112;10:54:56.264840
1757;1871;-114;10:54:56.264840
1762;1871;-109;10:54:56.264840
1763;1872;-109;10:54:56.264840
1761;1872;-111;10:54:56.264840
1760;1877;-117;10:54:56.264840
1762;1876;-114;10:54:56.264840
1762;1876;-114;10:54:56.264840
1764;1876;-112;10:54:56.264840
1765;1876;-111;10:54:56.264840
1764;1876;-112;10:54:56.264840
1765;1876;-111;10:54:56.264840
1764;1878;-114;10:54:56.264840
1762;1875;-113;10:54:56.264840
1761;1876;-115;10:54:56.264840
1763;1875;-112;10:54:56.264840
1763;1875;-112;10:54:56.264840
1763;1877;-114;10:54:56.264840
1763;1875;-112;10:54:56.264840
1763;1875;-112;10:54:56.264840
1762;1875;-113;10:54:56.264840
1762;1873;-111;10:54:56.264840
1758;1873;-115;10:54:56.264840
1756;1871;-115;10:54:56.264840
1756;1872;-116;10:54:56.264840
1756;1871;-115;10:54:56.264840
1756;1871;-115;10:54:56.264840
1754;1869;-115;10:54:56.264840
1755;1867;-112;10:54:56.264840
1755;1869;-114;10:54:56.264840
1754;1867;-113;10:54:56.264840
1756;1870;-114;10:54:56.264840
1756;1869;-113;10:54:56.264840
1756;1869;-113;10:54:56.264840
1755;1867;-112;10:54:56.264840
1755;1867;-112;10:54:56.264840
1756;1867;-111;10:54:56.264840
1752;1865;-113;10:54:56.264840
1751;1863;-112;10:54:56.264840
1748;1863;-115;10:54:56.264840
1748;1868;-120;10:54:56.264840
1748;1868;-120;10:54:56.264840
1752;1866;-114;10:54:56.264840
1754;1869;-115;10:54:56.264840
1754;1867;-113;10:54:56.264840
1756;1867;-111;10:54:56.264840
1757;1867;-110;10:54:56.264840
1757;1866;-109;10:54:56.264840
1757;1867;-110;10:54:56.264840
1758;1867;-109;10:54:56.264840
1756;1868;-112;10:54:56.264840
1754;1868;-114;10:54:56.264840
1759;1870;-111;10:54:56.264840
1762;1873;-111;10:54:56.264840
1762;1872;-110;10:54:56.264840
1761;1871;-110;10:54:56.264840
1761;1872;-111;10:54:56.264840
1758;1873;-115;10:54:56.264840
1758;1870;-112;10:54:56.264840
1759;1871;-112;10:54:56.264840
1759;1872;-113;10:54:56.264840
1759;1869;-110;10:54:56.264840
1757;1869;-112;10:54:56.264840
1756;1871;-115;10:54:56.264840
1761;1872;-111;10:54:56.264840
1763;1873;-110;10:54:56.264840
1763;1875;-112;10:54:56.264840
1760;1871;-111;10:54:56.264840
1759;1868;-109;10:54:56.264840
1759;1871;-112;10:54:56.264840
1757;1873;-116;10:54:56.264840
1756;1874;-118;10:54:56.264840
1757;1872;-115;10:54:56.264840
1756;1870;-114;10:54:56.264840
1757;1869;-112;10:54:56.264840
1756;1869;-113;10:54:56.264840
1757;1868;-111;10:54:56.264840
1756;1870;-114;10:54:56.264840
1755;1868;-113;10:54:56.264840
1757;1870;-113;10:54:56.264840
1760;1871;-111;10:54:56.264840
1763;1872;-109;10:54:56.264840
1763;1870;-107;10:54:56.264840
1762;1873;-111;10:54:56.264840
1764;1875;-111;10:54:56.264840
1763;1877;-114;10:54:56.264840
1763;1876;-113;10:54:56.264840
1762;1877;-115;10:54:56.264840
1760;1876;-116;10:54:56.264840
1760;1878;-118;10:54:56.264840
1761;1876;-115;10:54:56.264840
1762;1875;-113;10:54:56.264840
1761;1874;-113;10:54:56.264840
1764;1873;-109;10:54:56.264840
1765;1875;-110;10:54:56.264840
1766;1875;-109;10:54:56.264840
1766;1873;-107;10:54:56.264840
1762;1873;-111;10:54:56.264840
1761;1872;-111;10:54:56.264840
1761;1872;-111;10:54:56.264840
1755;1872;-117;10:54:56.264840
1753;1870;-117;10:54:56.264840
1755;1871;-116;10:54:56.264840
1756;1868;-112;10:54:56.264840
1756;1866;-110;10:54:56.264840
1755;1866;-111;10:54:56.264840
1753;1865;-112;10:54:56.264840
1752;1865;-113;10:54:56.264840
1751;1864;-113;10:54:56.264840
1753;1865;-112;10:54:56.264840
1753;1865;-112;10:54:56.264840
1753;1864;-111;10:54:56.264840
1753;1866;-113;10:54:56.264840
1752;1866;-114;10:54:56.264840
1756;1867;-111;10:54:56.264840
1757;1869;-112;10:54:56.264840
1758;1871;-113;10:54:56.264840
1757;1871;-114;10:54:56.264840
1760;1872;-112;10:54:56.264840
1759;1871;-112;10:54:56.264840
1759;1871;-112;10:54:56.264840
1761;1872;-111;10:54:56.264840
1762;1871;-109;10:54:56.264840
1760;1868;-108;10:54:56.264840
1762;1870;-108;10:54:56.264840
1765;1871;-106;10:54:56.264840
1761;1871;-110;10:54:56.264840
1763;1869;-106;10:54:56.264840
1761;1872;-111;10:54:56.264840
1759;1872;-113;10:54:56.264840
1758;1872;-114;10:54:56.264840
1760;1875;-115;10:54:56.264840
1762;1874;-112;10:54:56.264840
1765;1874;-109;10:54:56.264840
1768;1873;-105;10:54:56.264840
1768;1872;-104;10:54:56.264840
1767;1873;-106;10:54:56.264840
1765;1873;-108;10:54:56.264840
1766;1872;-106;10:54:56.264840
1761;1868;-107;10:54:56.264840
1759;1869;-110;10:54:56.264840
1759;1870;-111;10:54:56.264840
1758;1872;-114;10:54:56.264840
1759;1869;-110;10:54:56.264840
1761;1869;-108;10:54:56.264840
1760;1870;-110;10:54:56.264840
1759;1866;-107;10:54:56.264840
1758;1867;-109;10:54:56.264840
1761;1870;-109;10:54:56.264840
1758;1873;-115;10:54:56.264840
1758;1872;-114;10:54:56.264840
1759;1873;-114;10:54:56.264840
1758;1870;-112;10:54:56.264840
1760;1869;-109;10:54:56.264840
1758;1869;-111;10:54:56.264840
1755;1869;-114;10:54:56.264840
1755;1867;-112;10:54:56.264840
1758;1869;-111;10:54:56.264840
1760;1871;-111;10:54:56.264840
1761;1870;-109;10:54:56.264840
1761;1872;-111;10:54:56.264840
1760;1875;-115;10:54:56.264840
1760;1875;-115;10:54:56.264840
1762;1875;-113;10:54:56.264840
1762;1879;-117;10:54:56.264840
1761;1877;-116;10:54:56.264840
1763;1875;-112;10:54:56.264840
1765;1876;-111;10:54:56.264840
1764;1875;-111;10:54:56.264840
1760;1874;-114;10:54:56.264840
1760;1876;-116;10:54:56.264840
1763;1877;-114;10:54:56.264840
1764;1877;-113;10:54:56.264840
1761;1877;-116;10:54:56.264840
1764;1876;-112;10:54:56.264840
1765;1876;-111;10:54:56.264840
1764;1872;-108;10:54:56.264840
1761;1873;-112;10:54:56.264840
1759;1872;-113;10:54:56.264840
1759;1872;-113;10:54:56.264840
1759;1871;-112;10:54:56.264840
1755;1872;-117;10:54:56.264840
1753;1870;-117;10:54:56.264840
1755;1871;-116;10:54:56.264840
1759;1870;-111;10:54:56.264840
1759;1866;-107;10:54:56.264840
1756;1867;-111;10:54:56.264840
1753;1866;-113;10:54:56.264840
1751;1868;-117;10:54:56.264840
1752;1868;-116;10:54:56.264840
1754;1867;-113;10:54:56.264840
1756;1868;-112;10:54:56.264840
1757;1869;-112;10:54:56.264840
1756;1868;-112;10:54:56.264840
1753;1868;-115;10:54:56.264840
1752;1868;-116;10:54:56.264840
1755;1868;-113;10:54:56.264840
1757;1869;-112;10:54:56.264840
1755;1867;-112;10:54:56.264840
1755;1867;-112;10:54:56.264840
1754;1870;-116;10:54:56.264840
1755;1870;-115;10:54:56.264840
1759;1868;-109;10:54:56.264840
1758;1870;-112;10:54:56.264840
1757;1869;-112;10:54:56.264840
1757;1867;-110;10:54:56.264840
1757;1867;-110;10:54:56.264840
1756;1867;-111;10:54:56.264840
1755;1864;-109;10:54:56.264840
1754;1864;-110;10:54:56.264840
1754;1864;-110;10:54:56.264840
1750;1865;-115;10:54:56.264840
1752;1862;-110;10:54:56.264840
1753;1863;-110;10:54:56.264840
1752;1864;-112;10:54:56.264840
1751;1863;-112;10:54:56.264840
1752;1864;-112;10:54:56.264840
1750;1866;-116;10:54:56.264840
1749;1862;-113;10:54:56.264840
1752;1862;-110;10:54:56.264840
1753;1861;-108;10:54:56.264840
1751;1863;-112;10:54:56.264840
1753;1859;-106;10:54:56.264840
1754;1862;-108;10:54:56.264840
1749;1860;-111;10:54:56.264840
1751;1861;-110;10:54:56.264840
1754;1864;-110;10:54:56.264840
1753;1864;-111;10:54:56.264840
1753;1865;-112;10:54:56.264840
1753;1866;-113;10:54:56.264840
1756;1868;-112;10:54:56.264840
1757;1869;-112;10:54:56.264840
1756;1866;-110;10:54:56.264840
1754;1868;-114;10:54:56.264840
1755;1867;-112;10:54:56.264840
1756;1867;-111;10:54:56.264840
1760;1869;-109;10:54:56.264840
1756;1868;-112;10:54:56.264840
1754;1870;-116;10:54:56.264840
1757;1867;-110;10:54:56.264840
1758;1867;-109;10:54:56.264840
1755;1867;-112;10:54:56.264840
1755;1867;-112;10:54:56.264840
1755;1866;-111;10:54:56.264840
1754;1866;-112;10:54:56.264840
1756;1868;-112;10:54:56.264840
1758;1871;-113;10:54:56.264840
1761;1873;-112;10:54:56.264840
1764;1873;-109;10:54:56.264840
1763;1873;-110;10:54:56.264840
1762;1874;-112;10:54:56.264840
1763;1875;-112;10:54:56.264840
1765;1876;-111;10:54:56.264840
1765;1874;-109;10:54:56.264840
1764;1873;-109;10:54:56.264840
1761;1875;-114;10:54:56.264840
1760;1874;-114;10:54:56.264840
1760;1872;-112;10:54:56.264840
1762;1873;-111;10:54:56.264840
1764;1873;-109;10:54:56.264840
1762;1872;-110;10:54:56.264840
1761;1875;-114;10:54:56.264840
1762;1874;-112;10:54:56.264840
1761;1875;-114;10:54:56.264840
1761;1873;-112;10:54:56.264840
1763;1876;-113;10:54:56.264840
1765;1876;-111;10:54:56.264840
1764;1875;-111;10:54:56.264840
1763;1876;-113;10:54:56.264840
1764;1874;-110;10:54:56.264840
1766;1877;-111;10:54:56.264840
1768;1877;-109;10:54:56.264840
1768;1878;-110;10:54:56.264840
1764;1880;-116;10:54:56.264840
1765;1882;-117;10:54:56.264840
1768;1883;-115;10:54:56.264840
1771;1882;-111;10:54:56.264840
1772;1884;-112;10:54:56.264840
1774;1884;-110;10:54:56.264840
1778;1884;-106;10:54:56.264840
1779;1884;-105;10:54:56.264840
1777;1887;-110;10:54:56.264840
1778;1886;-108;10:54:56.264840
1781;1890;-109;10:54:56.264840
1777;1886;-109;10:54:56.264840
1776;1883;-107;10:54:56.264840
1775;1882;-107;10:54:56.264840
1772;1882;-110;10:54:56.264840
1769;1879;-110;10:54:56.264840
1768;1878;-110;10:54:56.264840
1771;1880;-109;10:54:56.264840
1772;1877;-105;10:54:56.264840
1770;1876;-106;10:54:56.264840
1765;1876;-111;10:54:56.264840
1765;1877;-112;10:54:56.264840
1768;1876;-108;10:54:56.264840
1769;1874;-105;10:54:56.264840
1770;1874;-104;10:54:56.264840
1771;1875;-104;10:54:56.264840
1770;1876;-106;10:54:56.264840
1769;1877;-108;10:54:56.264840
1770;1877;-107;10:54:56.264840
1767;1874;-107;10:54:56.264840
1762;1873;-111;10:54:56.264840
1761;1871;-110;10:54:56.264840
1761;1873;-112;10:54:56.264840
1762;1873;-111;10:54:56.264840
1762;1874;-112;10:54:56.264840
1761;1874;-113;10:54:56.264840
1765;1871;-106;10:54:56.264840
1766;1870;-104;10:54:56.264840
1763;1869;-106;10:54:56.264840
1762;1871;-109;10:54:56.264840
1762;1874;-112;10:54:56.264840
1764;1873;-109;10:54:56.264840
1762;1874;-112;10:54:56.264840
1759;1871;-112;10:54:56.264840
1763;1871;-108;10:54:56.264840
1760;1872;-112;10:54:56.264840
1756;1870;-114;10:54:56.264840
1759;1868;-109;10:54:56.264840
1760;1867;-107;10:54:56.264840
1758;1867;-109;10:54:56.264840
1757;1866;-109;10:54:56.264840
1758;1867;-109;10:54:56.264840
1760;1868;-108;10:54:56.264840
1760;1867;-107;10:54:56.264840
1761;1867;-106;10:54:56.264840
1759;1867;-108;10:54:56.264840
1758;1867;-109;10:54:56.264840
1758;1868;-110;10:54:56.264840
1761;1867;-106;10:54:56.264840
1758;1866;-108;10:54:56.264840
1756;1865;-109;10:54:56.264840
1755;1866;-111;10:54:56.264840
1756;1863;-107;10:54:56.264840
1755;1862;-107;10:54:56.264840
1752;1864;-112;10:54:56.264840
1757;1864;-107;10:54:56.264840
1755;1864;-109;10:54:56.264840
1752;1865;-113;10:54:56.264840
1754;1864;-110;10:54:56.264840
1754;1865;-111;10:54:56.264840
1756;1864;-108;10:54:56.264840
1757;1869;-112;10:54:56.264840
1752;1866;-114;10:54:56.264840
1750;1864;-114;10:54:56.264840
1749;1867;-118;10:54:56.264840
1752;1866;-114;10:54:56.264840
1755;1865;-110;10:54:56.264840
1755;1868;-113;10:54:56.264840
1755;1870;-115;10:54:56.264840
1755;1868;-113;10:54:56.264840
1755;1868;-113;10:54:56.264840
1758;1867;-109;10:54:56.264840
1758;1868;-110;10:54:56.264840
1757;1868;-111;10:54:56.264840
1756;1868;-112;10:54:56.264840
1756;1868;-112;10:54:56.264840
1756;1866;-110;10:54:56.264840
1754;1865;-111;10:54:56.264840
1753;1863;-110;10:54:56.264840
1751;1862;-111;10:54:56.264840
1751;1864;-113;10:54:56.264840
1753;1865;-112;10:54:56.264840
1751;1865;-114;10:54:56.264840
1749;1867;-118;10:54:56.264840
1750;1866;-116;10:54:56.264840
1751;1865;-114;10:54:56.264840
1747;1862;-115;10:54:56.264840
1746;1861;-115;10:54:56.264840
1746;1862;-116;10:54:56.264840
1744;1865;-121;10:54:56.264840
1744;1863;-119;10:54:56.264840
1746;1866;-120;10:54:56.264840
1750;1867;-117;10:54:56.264840
1753;1867;-114;10:54:56.264840
1752;1869;-117;10:54:56.264840
1754;1870;-116;10:54:56.264840
1757;1870;-113;10:54:56.264840
1755;1869;-114;10:54:56.264840
1757;1873;-116;10:54:56.264840
1755;1873;-118;10:54:56.264840
1755;1876;-121;10:54:56.264840
1759;1879;-120;10:54:56.264840
1761;1879;-118;10:54:56.264840
1764;1880;-116;10:54:56.264840
1768;1882;-114;10:54:56.264840
1767;1879;-112;10:54:56.264840
1766;1879;-113;10:54:56.264840
1767;1880;-113;10:54:56.264840
1769;1882;-113;10:54:56.264840
1768;1880;-112;10:54:56.264840
1769;1880;-111;10:54:56.264840
1767;1879;-112;10:54:56.264840
1767;1881;-114;10:54:56.264840
1769;1878;-109;10:54:56.264840
1770;1878;-108;10:54:56.264840
1771;1879;-108;10:54:56.264840
1772;1878;-106;10:54:56.264840
1770;1875;-105;10:54:56.264840
1765;1873;-108;10:54:56.264840
1766;1873;-107;10:54:56.264840
1766;1872;-106;10:54:56.264840
1764;1874;-110;10:54:56.264840
1758;1871;-113;10:54:56.264840
1760;1872;-112;10:54:56.264840
1761;1870;-109;10:54:56.264840
1761;1868;-107;10:54:56.264840
1760;1867;-107;10:54:56.264840
1760;1867;-107;10:54:56.264840
1761;1868;-107;10:54:56.264840
1759;1869;-110;10:54:56.264840
1760;1869;-109;10:54:56.264840
1758;1869;-111;10:54:56.264840
1756;1869;-113;10:54:56.264840
1754;1866;-112;10:54:56.264840
1754;1866;-112;10:54:56.264840
1757;1865;-108;10:54:56.264840
1758;1869;-111;10:54:56.264840
1757;1870;-113;10:54:56.264840
1754;1872;-118;10:54:56.264840
1756;1869;-113;10:54:56.264840
1757;1870;-113;10:54:56.264840
1761;1871;-110;10:54:56.264840
1761;1867;-106;10:54:56.264840
1761;1869;-108;10:54:56.264840
1761;1869;-108;10:54:56.264840
1758;1870;-112;10:54:56.264840
1757;1869;-112;10:54:56.264840
1759;1866;-107;10:54:56.264840
1760;1866;-106;10:54:56.264840
1756;1868;-112;10:54:56.264840
1758;1868;-110;10:54:56.264840
1760;1866;-106;10:54:56.264840
1758;1867;-109;10:54:56.264840
1756;1869;-113;10:54:56.264840
1757;1871;-114;10:54:56.264840
1759;1868;-109;10:54:56.264840
1758;1865;-107;10:54:56.264840
1754;1862;-108;10:54:56.264840
1755;1865;-110;10:54:56.264840
1756;1864;-108;10:54:56.264840
1754;1860;-106;10:54:56.264840
1751;1860;-109;10:54:56.264840
1748;1863;-115;10:54:56.264840
1748;1863;-115;10:54:56.264840
1752;1863;-111;10:54:56.264840
1752;1863;-111;10:54:56.264840
1751;1862;-111;10:54:56.264840
1752;1861;-109;10:54:56.264840
1754;1861;-107;10:54:56.264840
1753;1859;-106;10:54:56.264840
1752;1858;-106;10:54:56.264840
1754;1860;-106;10:54:56.264840
1752;1859;-107;10:54:56.264840
1751;1861;-110;10:54:56.264840
1753;1861;-108;10:54:56.264840
1750;1859;-109;10:54:56.264840
1747;1860;-113;10:54:56.264840
1750;1859;-109;10:54:56.264840
1753;1861;-108;10:54:56.264840
1752;1860;-108;10:54:56.264840
1754;1858;-104;10:54:56.264840
1758;1862;-104;10:54:56.264840
1758;1867;-109;10:54:56.264840
1756;1864;-108;10:54:56.264840
1755;1861;-106;10:54:56.264840
1756;1864;-108;10:54:56.264840
1756;1863;-107;10:54:56.264840
1757;1863;-106;10:54:56.264840
1756;1863;-107;10:54:56.264840
1755;1862;-107;10:54:56.264840
1758;1862;-104;10:54:56.264840
1756;1864;-108;10:54:56.264840
1754;1862;-108;10:54:56.264840
1752;1861;-109;10:54:56.264840
1751;1865;-114;10:54:56.264840
1756;1866;-110;10:54:56.264840
1755;1863;-108;10:54:56.264840
1753;1861;-108;10:54:56.264840
1758;1863;-105;10:54:56.264840
1759;1867;-108;10:54:56.264840
1757;1865;-108;10:54:56.264840
1756;1865;-109;10:54:56.264840
1755;1865;-110;10:54:56.264840
1756;1862;-106;10:54:56.264840
1756;1862;-106;10:54:56.264840
1754;1866;-112;10:54:56.264840
1757;1867;-110;10:54:56.264840
1757;1867;-110;10:54:56.264840
1759;1865;-106;10:54:56.264840
1757;1865;-108;10:54:56.264840
1757;1865;-108;10:54:56.264840
1757;1868;-111;10:54:56.264840
1757;1871;-114;10:54:56.264840
1760;1869;-109;10:54:56.264840
1761;1869;-108;10:54:56.264840
1762;1870;-108;10:54:56.264840
1762;1870;-108;10:54:56.264840
1761;1870;-109;10:54:56.264840
1760;1872;-112;10:54:56.264840
1762;1873;-111;10:54:56.264840
1765;1871;-106;10:54:56.264840
1764;1871;-107;10:54:56.264840
1766;1872;-106;10:54:56.264840
1765;1872;-107;10:54:56.264840
1762;1874;-112;10:54:56.264840
1761;1872;-111;10:54:56.264840
1762;1871;-109;10:54:56.264840
1761;1870;-109;10:54:56.264840
1760;1869;-109;10:54:56.264840
1761;1867;-106;10:54:56.264840
1761;1866;-105;10:54:56.264840
1761;1868;-107;10:54:56.264840
1758;1866;-108;10:54:56.264840
1759;1869;-110;10:54:56.264840
1760;1869;-109;10:54:56.264840
1759;1868;-109;10:54:56.264840
1759;1866;-107;10:54:56.264840
1759;1870;-111;10:54:56.264840
1757;1869;-112;10:54:56.264840
1754;1870;-116;10:54:56.264840
1752;1871;-119;10:54:56.264840
1755;1872;-117;10:54:56.264840
1760;1869;-109;10:54:56.264840
1760;1870;-110;10:54:56.264840
1759;1869;-110;10:54:56.264840
1761;1872;-111;10:54:56.264840
1764;1871;-107;10:54:56.264840
1762;1871;-109;10:54:56.264840
1760;1872;-112;10:54:56.264840
1762;1874;-112;10:54:56.264840
1763;1874;-111;10:54:56.264840
1762;1875;-113;10:54:56.264840
1760;1876;-116;10:54:56.264840
1760;1875;-115;10:54:56.264840
1760;1875;-115;10:54:56.264840
1763;1871;-108;10:54:56.264840
1766;1872;-106;10:54:56.264840
1767;1877;-110;10:54:56.264840
1769;1879;-110;10:54:56.264840
1769;1875;-106;10:54:56.264840
1769;1877;-108;10:54:56.264840
1769;1878;-109;10:54:56.264840
1772;1882;-110;10:54:56.264840
1769;1879;-110;10:54:56.264840
1767;1877;-110;10:54:56.264840
1764;1877;-113;10:54:56.264840
1771;1876;-105;10:54:56.264840
1769;1873;-104;10:54:56.264840
1763;1877;-114;10:54:56.264840
1765;1876;-111;10:54:56.264840
1768;1876;-108;10:54:56.264840
1764;1873;-109;10:54:56.264840
1763;1873;-110;10:54:56.264840
1767;1874;-107;10:54:56.264840
1766;1873;-107;10:54:56.264840
1761;1874;-113;10:54:56.264840
1762;1872;-110;10:54:56.264840
1764;1871;-107;10:54:56.264840
1762;1874;-112;10:54:56.264840
1760;1873;-113;10:54:56.264840
1760;1876;-116;10:54:56.264840
1761;1873;-112;10:54:56.264840
1761;1874;-113;10:54:56.264840
1764;1876;-112;10:54:56.264840
1763;1872;-109;10:54:56.264840
1764;1873;-109;10:54:56.264840
1766;1873;-107;10:54:56.264840
1762;1873;-111;10:54:56.264840
1762;1872;-110;10:54:56.264840
1764;1878;-114;10:54:56.264840
1766;1879;-113;10:54:56.264840
1762;1875;-113;10:54:56.264840
1761;1877;-116;10:54:56.264840
1767;1880;-113;10:54:56.264840
1768;1873;-105;10:54:56.264840
1763;1873;-110;10:54:56.264840
1764;1875;-111;10:54:56.264840
1766;1874;-108;10:54:56.264840
1764;1872;-108;10:54:56.264840
1761;1870;-109;10:54:56.264840
1760;1874;-114;10:54:56.264840
1762;1874;-112;10:54:56.264840
1760;1871;-111;10:54:56.264840
1759;1871;-112;10:54:56.264840
1758;1871;-113;10:54:56.264840
1755;1874;-119;10:54:56.264840
1759;1869;-110;10:54:56.264840
1755;1868;-113;10:54:56.264840
1752;1865;-113;10:54:56.264840
1755;1869;-114;10:54:56.264840
1761;1863;-102;10:54:56.264840
1754;1864;-110;10:54:56.264840
1752;1865;-113;10:54:56.264840
1755;1865;-110;10:54:56.264840
1753;1867;-114;10:54:56.264840
1753;1865;-112;10:54:56.264840
1755;1868;-113;10:54:56.264840
1754;1869;-115;10:54:56.264840
1756;1868;-112;10:54:56.264840
1759;1870;-111;10:54:56.264840
1755;1864;-109;10:54:56.264840
1756;1866;-110;10:54:56.264840
1761;1871;-110;10:54:56.264840
1758;1869;-111;10:54:56.264840
1756;1866;-110;10:54:56.264840
1761;1869;-108;10:54:56.264840
1761;1870;-109;10:54:56.264840
1762;1872;-110;10:54:56.264840
1762;1873;-111;10:54:56.264840
1763;1875;-112;10:54:56.264840
1761;1871;-110;10:54:56.264840
1757;1872;-115;10:54:56.264840
1760;1869;-109;10:54:56.264840
1759;1865;-106;10:54:56.264840
1756;1864;-108;10:54:56.264840
1754;1867;-113;10:54:56.264840
1755;1870;-115;10:54:56.264840
1758;1869;-111;10:54:56.264840
1756;1869;-113;10:54:56.264840
1755;1868;-113;10:54:56.264840
1753;1870;-117;10:54:56.264840
1754;1868;-114;10:54:56.264840
1760;1869;-109;10:54:56.264840
1760;1866;-106;10:54:56.264840
1753;1863;-110;10:54:56.264840
1757;1865;-108;10:54:56.264840
1757;1868;-111;10:54:56.264840
1756;1867;-111;10:54:56.264840
1754;1866;-112;10:54:56.264840
1749;1866;-117;10:54:56.264840
1748;1867;-119;10:54:56.264840
1754;1864;-110;10:54:56.264840
1760;1865;-105;10:54:56.264840
1754;1864;-110;10:54:56.264840
1754;1862;-108;10:54:56.264840
1759;1869;-110;10:54:56.264840
1757;1870;-113;10:54:56.264840
1755;1867;-112;10:54:56.264840
1754;1867;-113;10:54:56.264840
1753;1867;-114;10:54:56.264840
1753;1869;-116;10:54:56.264840
1754;1866;-112;10:54:56.264840
1753;1865;-112;10:54:56.264840
1755;1867;-112;10:54:56.264840
1758;1871;-113;10:54:56.264840
1756;1869;-113;10:54:56.264840
1757;1869;-112;10:54:56.264840
1762;1870;-108;10:54:56.264840
1764;1870;-106;10:54:56.264840
1760;1870;-110;10:54:56.264840
1757;1868;-111;10:54:56.264840
1757;1870;-113;10:54:56.264840
1757;1866;-109;10:54:56.264840
1756;1868;-112;10:54:56.264840
1756;1867;-111;10:54:56.264840
1758;1863;-105;10:54:56.264840
1754;1863;-109;10:54:56.264840
1752;1863;-111;10:54:56.264840
1752;1859;-107;10:54:56.264840
1750;1866;-116;10:54:56.264840
1750;1865;-115;10:54:56.264840
1752;1862;-110;10:54:56.264840
1751;1860;-109;10:54:56.264840
1749;1860;-111;10:54:56.264840
1751;1860;-109;10:54:56.264840
1758;1860;-102;10:54:56.264840
1753;1864;-111;10:54:56.264840
1748;1863;-115;10:54:56.264840
1748;1860;-112;10:54:56.264840
1749;1860;-111;10:54:56.264840
1747;1861;-114;10:54:56.264840
1749;1863;-114;10:54:56.264840
1754;1866;-112;10:54:56.264840
1754;1869;-115;10:54:56.264840
1753;1867;-114;10:54:56.264840
1755;1871;-116;10:54:56.264840
1758;1871;-113;10:54:56.264840
1760;1870;-110;10:54:56.264840
1760;1870;-110;10:54:56.264840
1760;1869;-109;10:54:56.264840
1760;1869;-109;10:54:56.264840
1761;1869;-108;10:54:56.264840
1761;1872;-111;10:54:56.264840
1760;1871;-111;10:54:56.264840
1764;1872;-108;10:54:56.264840
1763;1873;-110;10:54:56.264840
1762;1872;-110;10:54:56.264840
1763;1872;-109;10:54:56.264840
1764;1877;-113;10:54:56.264840
1763;1874;-111;10:54:56.264840
1763;1871;-108;10:54:56.264840
1765;1872;-107;10:54:56.264840
1762;1871;-109;10:54:56.264840
1762;1872;-110;10:54:56.264840
1765;1872;-107;10:54:56.264840
1763;1868;-105;10:54:56.264840
1759;1867;-108;10:54:56.264840
1762;1869;-107;10:54:56.264840
1758;1866;-108;10:54:56.264840
1758;1865;-107;10:54:56.264840
1757;1866;-109;10:54:56.264840
1756;1872;-116;10:54:56.264840
1758;1871;-113;10:54:56.264840
1760;1870;-110;10:54:56.264840
1761;1872;-111;10:54:56.264840
1757;1873;-116;10:54:56.264840
1756;1870;-114;10:54:56.264840
1759;1870;-111;10:54:56.264840
1760;1868;-108;10:54:56.264840
1761;1868;-107;10:54:56.264840
1761;1870;-109;10:54:56.264840
1761;1870;-109;10:54:56.264840
1761;1870;-109;10:54:56.264840
1759;1871;-112;10:54:56.264840
1760;1868;-108;10:54:56.264840
1760;1868;-108;10:54:56.264840
1757;1870;-113;10:54:56.264840
1757;1869;-112;10:54:56.264840
1757;1868;-111;10:54:56.264840
1761;1866;-105;10:54:56.264840
1760;1869;-109;10:54:56.264840
1758;1870;-112;10:54:56.264840
1760;1867;-107;10:54:56.264840
1760;1869;-109;10:54:56.264840
1761;1871;-110;10:54:56.264840
1763;1870;-107;10:54:56.264840
1762;1868;-106;10:54:56.264840
1763;1868;-105;10:54:56.264840
1760;1869;-109;10:54:56.264840
1758;1870;-112;10:54:56.264840
1759;1869;-110;10:54:56.264840
1757;1868;-111;10:54:56.264840
1755;1869;-114;10:54:56.264840
1759;1870;-111;10:54:56.264840
1762;1866;-104;10:54:56.264840
1759;1865;-106;10:54:56.264840
1757;1866;-109;10:54:56.264840
1755;1866;-111;10:54:56.264840
1754;1864;-110;10:54:56.264840
1758;1867;-109;10:54:56.264840
1754;1866;-112;10:54:56.264840
1754;1867;-113;10:54:56.264840
1752;1867;-115;10:54:56.264840
1757;1866;-109;10:54:56.264840
1759;1867;-108;10:54:56.264840
1758;1866;-108;10:54:56.264840
1758;1864;-106;10:54:56.264840
1755;1864;-109;10:54:56.264840
1754;1864;-110;10:54:56.264840
1755;1866;-111;10:54:56.264840
1756;1864;-108;10:54:56.264840
1758;1868;-110;10:54:56.264840
1755;1870;-115;10:54:56.264840
1758;1869;-111;10:54:56.264840
1758;1870;-112;10:54:56.264840
1760;1866;-106;10:54:56.264840
1759;1869;-110;10:54:56.264840
1760;1868;-108;10:54:56.264840
1756;1866;-110;10:54:56.264840
1757;1868;-111;10:54:56.264840
1757;1863;-106;10:54:56.264840
1754;1865;-111;10:54:56.264840
1749;1865;-116;10:54:56.264840
1751;1863;-112;10:54:56.264840
1753;1862;-109;10:54:56.264840
1756;1865;-109;10:54:56.264840
1754;1865;-111;10:54:56.264840
1753;1864;-111;10:54:56.264840
1754;1862;-108;10:54:56.264840
1757;1859;-102;10:54:56.264840
1756;1863;-107;10:54:56.264840
1751;1866;-115;10:54:56.264840
1748;1862;-114;10:54:56.264840
1751;1863;-112;10:54:56.264840
1753;1862;-109;10:54:56.264840
1750;1863;-113;10:54:56.264840
1751;1862;-111;10:54:56.264840
1751;1861;-110;10:54:56.264840
1752;1864;-112;10:54:56.264840
1751;1861;-110;10:54:56.264840
1746;1860;-114;10:54:56.264840
1750;1863;-113;10:54:56.264840
1752;1860;-108;10:54:56.264840
1751;1863;-112;10:54:56.264840
1751;1864;-113;10:54:56.264840
1755;1867;-112;10:54:56.264840
1755;1864;-109;10:54:56.264840
1752;1866;-114;10:54:56.264840
1754;1866;-112;10:54:56.264840
1762;1868;-106;10:54:56.264840
1755;1864;-109;10:54:56.264840
1757;1864;-107;10:54:56.264840
1762;1867;-105;10:54:56.264840
1758;1868;-110;10:54:56.264840
1753;1868;-115;10:54:56.264840
1760;1871;-111;10:54:56.264840
1763;1869;-106;10:54:56.264840
1759;1867;-108;10:54:56.264840
1758;1870;-112;10:54:56.264840
1765;1869;-104;10:54:56.264840
1764;1862;-98;10:54:56.264840
1758;1866;-108;10:54:56.264840
1754;1864;-110;10:54:56.264840
1754;1864;-110;10:54:56.264840
1750;1864;-114;10:54:56.264840
1750;1863;-113;10:54:56.264840
1753;1861;-108;10:54:56.264840
1751;1862;-111;10:54:56.264840
1750;1859;-109;10:54:56.264840
1750;1854;-104;10:54:56.264840
1749;1854;-105;10:54:56.264840
1748;1854;-106;10:54:56.264840
1749;1859;-110;10:54:56.264840
1749;1856;-107;10:54:56.264840
1748;1859;-111;10:54:56.264840
1750;1861;-111;10:54:56.264840
1753;1862;-109;10:54:56.264840
1754;1863;-109;10:54:56.264840
1752;1865;-113;10:54:56.264840
1755;1863;-108;10:54:56.264840
1753;1862;-109;10:54:56.264840
1757;1863;-106;10:54:56.264840
1759;1862;-103;10:54:56.264840
1755;1864;-109;10:54:56.264840
1755;1862;-107;10:54:56.264840
1757;1865;-108;10:54:56.264840
1761;1867;-106;10:54:56.264840
1761;1869;-108;10:54:56.264840
1760;1867;-107;10:54:56.264840
1768;1867;-99;10:54:56.264840
1769;1867;-98;10:54:56.264840
1763;1869;-106;10:54:56.264840
1764;1870;-106;10:54:56.264840
1765;1873;-108;10:54:56.264840
1764;1866;-102;10:54:56.264840
1762;1871;-109;10:54:56.264840
1757;1874;-117;10:54:56.264840
1760;1869;-109;10:54:56.264840
1765;1866;-101;10:54:56.264840
1764;1865;-101;10:54:56.264840
1763;1867;-104;10:54:56.264840
1763;1863;-100;10:54:56.264840
1761;1866;-105;10:54:56.264840
1761;1865;-104;10:54:56.264840
1761;1865;-104;10:54:56.264840
1760;1869;-109;10:54:56.264840
1760;1865;-105;10:54:56.264840
1760;1868;-108;10:54:56.264840
1758;1868;-110;10:54:56.264840
1761;1868;-107;10:54:56.264840
1760;1869;-109;10:54:56.264840
1758;1866;-108;10:54:56.264840
1759;1865;-106;10:54:56.264840
1761;1864;-103;10:54:56.264840
1759;1865;-106;10:54:56.264840
1755;1866;-111;10:54:56.264840
1754;1866;-112;10:54:56.264840
1755;1865;-110;10:54:56.264840
1755;1864;-109;10:54:56.264840
1756;1864;-108;10:54:56.264840
1752;1860;-108;10:54:56.264840
1752;1859;-107;10:54:56.264840
1751;1862;-111;10:54:56.264840
1757;1864;-107;10:54:56.264840
1763;1866;-103;10:54:56.264840
1762;1866;-104;10:54:56.264840
1758;1868;-110;10:54:56.264840
1760;1868;-108;10:54:56.264840
1758;1869;-111;10:54:56.264840
1759;1869;-110;10:54:56.264840
1762;1866;-104;10:54:56.264840
1758;1866;-108;10:54:56.264840
1756;1865;-109;10:54:56.264840
1764;1865;-101;10:54:56.264840
1763;1862;-99;10:54:56.264840
1762;1868;-106;10:54:56.264840
1760;1872;-112;10:54:56.264840
1765;1872;-107;10:54:56.264840
1764;1871;-107;10:54:56.264840
1763;1869;-106;10:54:56.264840
1763;1865;-102;10:54:56.264840
1757;1863;-106;10:54:56.264840
1755;1863;-108;10:54:56.264840
1754;1860;-106;10:54:56.264840
1755;1859;-104;10:54:56.264840
1754;1862;-108;10:54:56.264840
1753;1866;-113;10:54:56.264840
1753;1860;-107;10:54:56.264840
1753;1863;-110;10:54:56.264840
1750;1864;-114;10:54:56.264840
1749;1864;-115;10:54:56.264840
1750;1863;-113;10:54:56.264840
1748;1858;-110;10:54:56.264840
1748;1864;-116;10:54:56.264840
1751;1861;-110;10:54:56.264840
1750;1853;-103;10:54:56.264840
1748;1860;-112;10:54:56.264840
1754;1860;-106;10:54:56.264840
1750;1855;-105;10:54:56.264840
1744;1855;-111;10:54:56.264840
1745;1861;-116;10:54:56.264840
1749;1862;-113;10:54:56.264840
1746;1859;-113;10:54:56.264840
1743;1860;-117;10:54:56.264840
1745;1864;-119;10:54:56.264840
1750;1863;-113;10:54:56.264840
1754;1860;-106;10:54:56.264840
1757;1863;-106;10:54:56.264840
1751;1863;-112;10:54:56.264840
1754;1863;-109;10:54:56.264840
1759;1863;-104;10:54:56.264840
1758;1865;-107;10:54:56.264840
1752;1865;-113;10:54:56.264840
1752;1867;-115;10:54:56.264840
1756;1869;-113;10:54:56.264840
1757;1867;-110;10:54:56.264840
1755;1859;-104;10:54:56.264840
1751;1860;-109;10:54:56.264840
1752;1859;-107;10:54:56.264840
1747;1857;-110;10:54:56.264840
1745;1858;-113;10:54:56.264840
1751;1863;-112;10:54:56.264840
1751;1863;-112;10:54:56.264840
1752;1859;-107;10:54:56.264840
1750;1861;-111;10:54:56.264840
1746;1864;-118;10:54:56.264840
1748;1859;-111;10:54:56.264840
1754;1863;-109;10:54:56.264840
1751;1862;-111;10:54:56.264840
1752;1862;-110;10:54:56.264840
1757;1862;-105;10:54:56.264840
1751;1859;-108;10:54:56.264840
1750;1861;-111;10:54:56.264840
1756;1864;-108;10:54:56.264840
1748;1865;-117;10:54:56.264840
1750;1863;-113;10:54:56.264840
1756;1868;-112;10:54:56.264840
1757;1868;-111;10:54:56.264840
1754;1866;-112;10:54:56.264840
1760;1870;-110;10:54:56.264840
1761;1866;-105;10:54:56.264840
1762;1870;-108;10:54:56.264840
1764;1872;-108;10:54:56.264840
1765;1873;-108;10:54:56.264840
1763;1871;-108;10:54:56.264840
1761;1868;-107;10:54:56.264840
1759;1869;-110;10:54:56.264840
1761;1868;-107;10:54:56.264840
1762;1866;-104;10:54:56.264840
1756;1864;-108;10:54:56.264840
1756;1867;-111;10:54:56.264840
1759;1864;-105;10:54:56.264840
1761;1867;-106;10:54:56.264840
1761;1863;-102;10:54:56.264840
1760;1869;-109;10:54:56.264840
1757;1868;-111;10:54:56.264840
1754;1864;-110;10:54:56.264840
1757;1862;-105;10:54:56.264840
1759;1866;-107;10:54:56.264840
1754;1866;-112;10:54:56.264840
1753;1866;-113;10:54:56.264840
1759;1861;-102;10:54:56.264840
1757;1866;-109;10:54:56.264840
1753;1863;-110;10:54:56.264840
1753;1862;-109;10:54:56.264840
1755;1867;-112;10:54:56.264840
1754;1865;-111;10:54:56.264840
1752;1862;-110;10:54:56.264840
1754;1863;-109;10:54:56.264840
1756;1865;-109;10:54:56.264840
1753;1862;-109;10:54:56.264840
1754;1868;-114;10:54:56.264840
1755;1868;-113;10:54:56.264840
1755;1868;-113;10:54:56.264840
1756;1870;-114;10:54:56.264840
1762;1868;-106;10:54:56.264840
1757;1869;-112;10:54:56.264840
1752;1866;-114;10:54:56.264840
1759;1868;-109;10:54:56.264840
1761;1870;-109;10:54:56.264840
1756;1868;-112;10:54:56.264840
1752;1867;-115;10:54:56.264840
1755;1870;-115;10:54:56.264840
1760;1870;-110;10:54:56.264840
1759;1869;-110;10:54:56.264840
1761;1872;-111;10:54:56.264840
1763;1870;-107;10:54:56.264840
1762;1871;-109;10:54:56.264840
1759;1870;-111;10:54:56.264840
1754;1864;-110;10:54:56.264840
1755;1864;-109;10:54:56.264840
1754;1862;-108;10:54:56.264840
1753;1863;-110;10:54:56.264840
1755;1862;-107;10:54:56.264840
1750;1863;-113;10:54:56.264840
1756;1863;-107;10:54:56.264840
1761;1865;-104;10:54:56.264840
1753;1864;-111;10:54:56.264840
1748;1864;-116;10:54:56.264840
1753;1865;-112;10:54:56.264840
1757;1866;-109;10:54:56.264840
1751;1863;-112;10:54:56.264840
1752;1862;-110;10:54:56.264840
1752;1861;-109;10:54:56.264840
1751;1859;-108;10:54:56.264840
1751;1859;-108;10:54:56.264840
1750;1858;-108;10:54:56.264840
1748;1856;-108;10:54:56.264840
1749;1860;-111;10:54:56.264840
1751;1864;-113;10:54:56.264840
1752;1865;-113;10:54:56.264840
1756;1864;-108;10:54:56.264840
1752;1869;-117;10:54:56.264840
1751;1869;-118;10:54:56.264840
1759;1864;-105;10:54:56.264840
1759;1866;-107;10:54:56.264840
1761;1870;-109;10:54:56.264840
1767;1869;-102;10:54:56.264840
1764;1869;-105;10:54:56.264840
1761;1870;-109;10:54:56.264840
1758;1862;-104;10:54:56.264840
1761;1867;-106;10:54:56.264840
1761;1869;-108;10:54:56.264840
1752;1862;-110;10:54:56.264840
1756;1864;-108;10:54:56.264840
1755;1865;-110;10:54:56.264840
1755;1862;-107;10:54:56.264840
1753;1862;-109;10:54:56.264840
1751;1864;-113;10:54:56.264840
1754;1865;-111;10:54:56.264840
1756;1861;-105;10:54:56.264840
1758;1864;-106;10:54:56.264840
1755;1865;-110;10:54:56.264840
1755;1860;-105;10:54:56.264840
1751;1862;-111;10:54:56.264840
1753;1864;-111;10:54:56.264840
1752;1863;-111;10:54:56.264840
1751;1864;-113;10:54:56.264840
1749;1861;-112;10:54:56.264840
1748;1862;-114;10:54:56.264840
1750;1860;-110;10:54:56.264840
1754;1862;-108;10:54:56.264840
1756;1864;-108;10:54:56.264840
1750;1862;-112;10:54:56.264840
1749;1862;-113;10:54:56.264840
1753;1868;-115;10:54:56.264840
1751;1867;-116;10:54:56.264840
1755;1867;-112;10:54:56.264840
1761;1870;-109;10:54:56.264840
1762;1865;-103;10:54:56.264840
1756;1866;-110;10:54:56.264840
1755;1864;-109;10:54:56.264840
1760;1867;-107;10:54:56.264840
1758;1872;-114;10:54:56.264840
1761;1871;-110;10:54:56.264840
1761;1867;-106;10:54:56.264840
1754;1863;-109;10:54:56.264840
1754;1872;-118;10:54:56.264840
1760;1864;-104;10:54:56.264840
1759;1863;-104;10:54:56.264840
1757;1866;-109;10:54:56.264840
1757;1868;-111;10:54:56.264840
1754;1861;-107;10:54:56.264840
1755;1864;-109;10:54:56.264840
1758;1865;-107;10:54:56.264840
1756;1865;-109;10:54:56.264840
1754;1865;-111;10:54:56.264840
1757;1868;-111;10:54:56.264840
1752;1865;-113;10:54:56.264840
1757;1867;-110;10:54:56.264840
1759;1866;-107;10:54:56.264840
1757;1867;-110;10:54:56.264840
1758;1864;-106;10:54:56.264840
1758;1869;-111;10:54:56.264840
1756;1868;-112;10:54:56.264840
1757;1870;-113;10:54:56.264840
1758;1874;-116;10:54:56.264840
1762;1880;-118;10:54:56.264840
1761;1873;-112;10:54:56.264840
1762;1872;-110;10:54:56.264840
1766;1875;-109;10:54:56.264840
1762;1871;-109;10:54:56.264840
1762;1870;-108;10:54:56.264840
1762;1870;-108;10:54:56.264840
1761;1875;-114;10:54:56.264840
1759;1869;-110;10:54:56.264840
1758;1871;-113;10:54:56.264840
1762;1876;-114;10:54:56.264840
1761;1869;-108;10:54:56.264840
1758;1869;-111;10:54:56.264840
1757;1874;-117;10:54:56.264840
1763;1873;-110;10:54:56.264840
1763;1874;-111;10:54:56.264840
1763;1877;-114;10:54:56.264840
1765;1876;-111;10:54:56.264840
1767;1871;-104;10:54:56.264840
1765;1868;-103;10:54:56.264840
1764;1867;-103;10:54:56.264840
1764;1864;-100;10:54:56.264840
1763;1870;-107;10:54:56.264840
1759;1877;-118;10:54:56.264840
1765;1874;-109;10:54:56.264840
1759;1875;-116;10:54:56.264840
1757;1874;-117;10:54:56.264840
1761;1874;-113;10:54:56.264840
1759;1869;-110;10:54:56.264840
1760;1871;-111;10:54:56.264840
1758;1870;-112;10:54:56.264840
1761;1869;-108;10:54:56.264840
1762;1868;-106;10:54:56.264840
1761;1866;-105;10:54:56.264840
1760;1871;-111;10:54:56.264840
1757;1872;-115;10:54:56.264840
1756;1870;-114;10:54:56.264840
1758;1869;-111;10:54:56.264840
1756;1872;-116;10:54:56.264840
1758;1874;-116;10:54:56.264840
1754;1866;-112;10:54:56.264840
1760;1865;-105;10:54:56.264840
1757;1868;-111;10:54:56.264840
1749;1864;-115;10:54:56.264840
1753;1866;-113;10:54:56.264840
1759;1873;-114;10:54:56.264840
1758;1872;-114;10:54:56.264840
1759;1876;-117;10:54:56.264840
1758;1876;-118;10:54:56.264840
1760;1875;-115;10:54:56.264840
1767;1877;-110;10:54:56.264840
1765;1871;-106;10:54:56.264840
1759;1871;-112;10:54:56.264840
1758;1877;-119;10:54:56.264840
1763;1872;-109;10:54:56.264840
1768;1873;-105;10:54:56.264840
1766;1875;-109;10:54:56.264840
1762;1872;-110;10:54:56.264840
1758;1871;-113;10:54:56.264840
1762;1875;-113;10:54:56.264840
1766;1872;-106;10:54:56.264840
1765;1875;-110;10:54:56.264840
1762;1874;-112;10:54:56.264840
1757;1877;-120;10:54:56.264840
1754;1873;-119;10:54:56.264840
1761;1870;-109;10:54:56.264840
1759;1867;-108;10:54:56.264840
1764;1867;-103;10:54:56.264840
1758;1870;-112;10:54:56.264840
1761;1871;-110;10:54:56.264840
1764;1868;-104;10:54:56.264840
1761;1871;-110;10:54:56.264840
1761;1868;-107;10:54:56.264840
1761;1872;-111;10:54:56.264840
1756;1872;-116;10:54:56.264840
1752;1871;-119;10:54:56.264840
1760;1871;-111;10:54:56.264840
1764;1874;-110;10:54:56.264840
1761;1869;-108;10:54:56.264840
1763;1871;-108;10:54:56.264840
1757;1875;-118;10:54:56.264840
1760;1874;-114;10:54:56.264840
1766;1876;-110;10:54:56.264840
1768;1872;-104;10:54:56.264840
1764;1873;-109;10:54:56.264840
1762;1873;-111;10:54:56.264840
1763;1879;-116;10:54:56.264840
1760;1873;-113;10:54:56.264840
1762;1873;-111;10:54:56.264840
1768;1879;-111;10:54:56.264840
1767;1877;-110;10:54:56.264840
1765;1878;-113;10:54:56.264840
1768;1879;-111;10:54:56.264840
1767;1875;-108;10:54:56.264840
1766;1880;-114;10:54:56.264840
1768;1879;-111;10:54:56.264840
1762;1878;-116;10:54:56.264840
1763;1874;-111;10:54:56.264840
1761;1873;-112;10:54:56.264840
1760;1868;-108;10:54:56.264840
1762;1874;-112;10:54:56.264840
1758;1870;-112;10:54:56.264840
1756;1870;-114;10:54:56.264840
1756;1869;-113;10:54:56.264840
1759;1868;-109;10:54:56.264840
1758;1867;-109;10:54:56.264840
1755;1869;-114;10:54:56.264840
1753;1864;-111;10:54:56.264840
1752;1867;-115;10:54:56.264840
1754;1870;-116;10:54:56.264840
1757;1870;-113;10:54:56.264840
1759;1872;-113;10:54:56.264840
1755;1874;-119;10:54:56.264840
1757;1871;-114;10:54:56.264840
1761;1869;-108;10:54:56.264840
1763;1871;-108;10:54:56.264840
1757;1871;-114;10:54:56.264840
1756;1875;-119;10:54:56.264840
1756;1867;-111;10:54:56.264840
1757;1871;-114;10:54:56.264840
1759;1871;-112;10:54:56.264840
1758;1866;-108;10:54:56.264840
1759;1866;-107;10:54:56.264840
1761;1868;-107;10:54:56.264840
1759;1872;-113;10:54:56.264840
1763;1869;-106;10:54:56.264840
1762;1866;-104;10:54:56.264840
1758;1869;-111;10:54:56.264840
1759;1874;-115;10:54:56.264840
1757;1865;-108;10:54:56.264840
1752;1864;-112;10:54:56.264840
1751;1865;-114;10:54:56.264840
1753;1863;-110;10:54:56.264840
1751;1863;-112;10:54:56.264840
1752;1864;-112;10:54:56.264840
1753;1861;-108;10:54:56.264840
1749;1861;-112;10:54:56.264840
1749;1860;-111;10:54:56.264840
1750;1862;-112;10:54:56.264840
1753;1858;-105;10:54:56.264840
1753;1859;-106;10:54:56.264840
1747;1861;-114;10:54:56.264840
1748;1863;-115;10:54:56.264840
1749;1864;-115;10:54:56.264840
1747;1865;-118;10:54:56.264840
1750;1863;-113;10:54:56.264840
1748;1863;-115;10:54:56.264840
1752;1866;-114;10:54:56.264840
1752;1865;-113;10:54:56.264840
1754;1859;-105;10:54:56.264840
1754;1860;-106;10:54:56.264840
1751;1864;-113;10:54:56.264840
1755;1868;-113;10:54:56.264840
1758;1866;-108;10:54:56.264840
1750;1864;-114;10:54:56.264840
1761;1868;-107;10:54:56.264840
1757;1864;-107;10:54:56.264840
1752;1865;-113;10:54:56.264840
1756;1869;-113;10:54:56.264840
1760;1869;-109;10:54:56.264840
1757;1866;-109;10:54:56.264840
1755;1865;-110;10:54:56.264840
1758;1869;-111;10:54:56.264840
1761;1870;-109;10:54:56.264840
1757;1866;-109;10:54:56.264840
1759;1868;-109;10:54:56.264840
1761;1869;-108;10:54:56.264840
1761;1867;-106;10:54:56.264840
1759;1869;-110;10:54:56.264840
1755;1869;-114;10:54:56.264840
1762;1871;-109;10:54:56.264840
1766;1869;-103;10:54:56.264840
1764;1873;-109;10:54:56.264840
1765;1875;-110;10:54:56.264840
1758;1868;-110;10:54:56.264840
1760;1869;-109;10:54:56.264840
1757;1874;-117;10:54:56.264840
1758;1865;-107;10:54:56.264840
1759;1864;-105;10:54:56.264840
1758;1869;-111;10:54:56.264840
1753;1862;-109;10:54:56.264840
1752;1866;-114;10:54:56.264840
1754;1867;-113;10:54:56.264840
1761;1867;-106;10:54:56.264840
1759;1869;-110;10:54:56.264840
1756;1873;-117;10:54:56.264840
1762;1873;-111;10:54:56.264840
1762;1875;-113;10:54:56.264840
1765;1877;-112;10:54:56.264840
1762;1876;-114;10:54:56.264840
1761;1874;-113;10:54:56.264840
1764;1873;-109;10:54:56.264840
1760;1873;-113;10:54:56.264840
1762;1873;-111;10:54:56.264840
1766;1875;-109;10:54:56.264840
1764;1879;-115;10:54:56.264840
1769;1877;-108;10:54:56.264840
1771;1875;-104;10:54:56.264840
1769;1878;-109;10:54:56.264840
1766;1881;-115;10:54:56.264840
1768;1878;-110;10:54:56.264840
1765;1879;-114;10:54:56.264840
1767;1878;-111;10:54:56.264840
1772;1878;-106;10:54:56.264840
1775;1876;-101;10:54:56.264840
1768;1876;-108;10:54:56.264840
1767;1878;-111;10:54:56.264840
1767;1876;-109;10:54:56.264840
1764;1877;-113;10:54:56.264840
1765;1876;-111;10:54:56.264840
1764;1871;-107;10:54:56.264840
1761;1875;-114;10:54:56.264840
1760;1875;-115;10:54:56.264840
1763;1873;-110;10:54:56.264840
1765;1870;-105;10:54:56.264840
1760;1869;-109;10:54:56.264840
1761;1872;-111;10:54:56.264840
1762;1873;-111;10:54:56.264840
1765;1874;-109;10:54:56.264840
1763;1875;-112;10:54:56.264840
1764;1880;-116;10:54:56.264840
1767;1881;-114;10:54:56.264840
1770;1876;-106;10:54:56.264840
1765;1877;-112;10:54:56.264840
1761;1877;-116;10:54:56.264840
1766;1871;-105;10:54:56.264840
1760;1870;-110;10:54:56.264840
1760;1871;-111;10:54:56.264840
1759;1871;-112;10:54:56.264840
1765;1870;-105;10:54:56.264840
1758;1872;-114;10:54:56.264840
1756;1871;-115;10:54:56.264840
1767;1871;-104;10:54:56.264840
1762;1877;-115;10:54:56.264840
1761;1872;-111;10:54:56.264840
1761;1868;-107;10:54:56.264840
1759;1870;-111;10:54:56.264840
1760;1869;-109;10:54:56.264840
1761;1867;-106;10:54:56.264840
1762;1868;-106;10:54:56.264840
1759;1866;-107;10:54:56.264840
1759;1862;-103;10:54:56.264840
1755;1873;-118;10:54:56.264840
1752;1871;-119;10:54:56.264840
1755;1869;-114;10:54:56.264840
1757;1871;-114;10:54:56.264840
1760;1876;-116;10:54:56.264840
1757;1871;-114;10:54:56.264840
1759;1868;-109;10:54:56.264840
1756;1875;-119;10:54:56.264840
1759;1864;-105;10:54:56.264840
1755;1857;-102;10:54:56.264840
1757;1867;-110;10:54:56.264840
1758;1869;-111;10:54:56.264840
1754;1860;-106;10:54:56.264840
1750;1866;-116;10:54:56.264840
1753;1867;-114;10:54:56.264840
1749;1866;-117;10:54:56.264840
1753;1866;-113;10:54:56.264840
1754;1867;-113;10:54:56.264840
1757;1870;-113;10:54:56.264840
1755;1869;-114;10:54:56.264840
1758;1873;-115;10:54:56.264840
1758;1867;-109;10:54:56.264840
1757;1872;-115;10:54:56.264840
1762;1867;-105;10:54:56.264840
1758;1865;-107;10:54:56.264840
1757;1869;-112;10:54:56.264840
1763;1868;-105;10:54:56.264840
1759;1872;-113;10:54:56.264840
1754;1872;-118;10:54:56.264840
1759;1870;-111;10:54:56.264840
1762;1872;-110;10:54:56.264840
1758;1866;-108;10:54:56.264840
1753;1867;-114;10:54:56.264840
1758;1870;-112;10:54:56.264840
1761;1868;-107;10:54:56.264840
1759;1870;-111;10:54:56.264840
1765;1873;-108;10:54:56.264840
1766;1872;-106;10:54:56.264840
1764;1876;-112;10:54:56.264840
1761;1874;-113;10:54:56.264840
1754;1872;-118;10:54:56.264840
1756;1862;-106;10:54:56.264840
1757;1866;-109;10:54:56.264840
1756;1870;-114;10:54:56.264840
1752;1868;-116;10:54:56.264840
1758;1863;-105;10:54:56.264840
1760;1864;-104;10:54:56.264840
1756;1862;-106;10:54:56.264840
1751;1865;-114;10:54:56.264840
1752;1866;-114;10:54:56.264840
1756;1871;-115;10:54:56.264840
1755;1867;-112;10:54:56.264840
1753;1871;-118;10:54:56.264840
1760;1871;-111;10:54:56.264840
1755;1866;-111;10:54:56.264840
1758;1865;-107;10:54:56.264840
1762;1865;-103;10:54:56.264840
1758;1864;-106;10:54:56.264840
1764;1870;-106;10:54:56.264840
1760;1873;-113;10:54:56.264840
1759;1869;-110;10:54:56.264840
1753;1876;-123;10:54:56.264840
1762;1873;-111;10:54:56.264840
1764;1873;-109;10:54:56.264840
1756;1876;-120;10:54:56.264840
1761;1875;-114;10:54:56.264840
1763;1875;-112;10:54:56.264840
1763;1864;-101;10:54:56.264840
1766;1873;-107;10:54:56.264840
1761;1868;-107;10:54:56.264840
1755;1869;-114;10:54:56.264840
1753;1870;-117;10:54:56.264840
1762;1863;-101;10:54:56.264840
1756;1869;-113;10:54:56.264840
1758;1871;-113;10:54:56.264840
1757;1871;-114;10:54:56.264840
1755;1868;-113;10:54:56.264840
1759;1871;-112;10:54:56.264840
1760;1867;-107;10:54:56.264840
1754;1868;-114;10:54:56.264840
1756;1871;-115;10:54:56.264840
1753;1868;-115;10:54:56.264840
1755;1864;-109;10:54:56.264840
1755;1864;-109;10:54:56.264840
1760;1866;-106;10:54:56.264840
1755;1863;-108;10:54:56.264840
1750;1863;-113;10:54:56.264840
1750;1859;-109;10:54:56.264840
1747;1863;-116;10:54:56.264840
1747;1863;-116;10:54:56.264840
1747;1860;-113;10:54:56.264840
1750;1859;-109;10:54:56.264840
1748;1865;-117;10:54:56.264840
1758;1862;-104;10:54:56.264840
1757;1867;-110;10:54:56.264840
1756;1866;-110;10:54:56.264840
1764;1871;-107;10:54:56.264840
1756;1873;-117;10:54:56.264840
1753;1868;-115;10:54:56.264840
1753;1866;-113;10:54:56.264840
1760;1869;-109;10:54:56.264840
1758;1869;-111;10:54:56.264840
1753;1867;-114;10:54:56.264840
1755;1866;-111;10:54:56.264840
1762;1869;-107;10:54:56.264840
1763;1866;-103;10:54:56.264840
1758;1864;-106;10:54:56.264840
1756;1869;-113;10:54:56.264840
1756;1868;-112;10:54:56.264840
1758;1868;-110;10:54:56.264840
1752;1867;-115;10:54:56.264840
1757;1870;-113;10:54:56.264840
1760;1872;-112;10:54:56.264840
1765;1869;-104;10:54:56.264840
1756;1870;-114;10:54:56.264840
1759;1874;-115;10:54:56.264840
1765;1865;-100;10:54:56.264840
1767;1870;-103;10:54:56.264840
1763;1874;-111;10:54:56.264840
1758;1865;-107;10:54:56.264840
1752;1872;-120;10:54:56.264840
1760;1876;-116;10:54:56.264840
1754;1873;-119;10:54:56.264840
1757;1873;-116;10:54:56.264840
1754;1872;-118;10:54:56.264840
1762;1868;-106;10:54:56.264840
1760;1868;-108;10:54:56.264840
1756;1864;-108;10:54:56.264840
1758;1864;-106;10:54:56.264840
1752;1863;-111;10:54:56.264840
1752;1863;-111;10:54:56.264840
1750;1866;-116;10:54:56.264840
1753;1866;-113;10:54:56.264840
1755;1870;-115;10:54:56.264840
1752;1864;-112;10:54:56.264840
1755;1865;-110;10:54:56.264840
1759;1871;-112;10:54:56.264840
1756;1867;-111;10:54:56.264840
1756;1864;-108;10:54:56.264840
1754;1865;-111;10:54:56.264840
1758;1869;-111;10:54:56.264840
1757;1870;-113;10:54:56.264840
1754;1870;-116;10:54:56.264840
1753;1872;-119;10:54:56.264840
1759;1869;-110;10:54:56.264840
1759;1873;-114;10:54:56.264840
1762;1873;-111;10:54:56.264840
1768;1870;-102;10:54:56.264840
1764;1873;-109;10:54:56.264840
1762;1869;-107;10:54:56.264840
1769;1873;-104;10:54:56.264840
1759;1873;-114;10:54:56.264840
1758;1878;-120;10:54:56.264840
1761;1875;-114;10:54:56.264840
1761;1871;-110;10:54:56.264840
1764;1874;-110;10:54:56.264840
1758;1871;-113;10:54:56.264840
1756;1861;-105;10:54:56.264840
1758;1868;-110;10:54:56.264840
1758;1863;-105;10:54:56.264840
1757;1863;-106;10:54:56.264840
1753;1866;-113;10:54:56.264840
1755;1869;-114;10:54:56.264840
1760;1870;-110;10:54:56.264840
1756;1866;-110;10:54:56.264840
1747;1865;-118;10:54:56.264840
1750;1864;-114;10:54:56.264840
1751;1865;-114;10:54:56.264840
1746;1856;-110;10:54:56.264840
1741;1854;-113;10:54:56.264840
1748;1859;-111;10:54:56.264840
1751;1864;-113;10:54:56.264840
1747;1861;-114;10:54:56.264840
1754;1857;-103;10:54:56.264840
1754;1868;-114;10:54:56.264840
1758;1867;-109;10:54:56.264840
1755;1860;-105;10:54:56.264840
1754;1861;-107;10:54:56.264840
1751;1866;-115;10:54:56.264840
1749;1856;-107;10:54:56.264840
1746;1864;-118;10:54:56.264840
1752;1865;-113;10:54:56.264840
1755;1858;-103;10:54:56.264840
1754;1860;-106;10:54:56.264840
1756;1862;-106;10:54:56.264840
1754;1859;-105;10:54:56.264840
1750;1860;-110;10:54:56.264840
1752;1867;-115;10:54:56.264840
1751;1863;-112;10:54:56.264840
1750;1860;-110;10:54:56.264840
1749;1866;-117;10:54:56.264840
1744;1867;-123;10:54:56.264840
1752;1859;-107;10:54:56.264840
1760;1862;-102;10:54:56.264840
1759;1860;-101;10:54:56.264840
1756;1858;-102;10:54:56.264840
1755;1861;-106;10:54:56.264840
1752;1864;-112;10:54:56.264840
1749;1859;-110;10:54:56.264840
1748;1861;-113;10:54:56.264840
1749;1864;-115;10:54:56.264840
1749;1862;-113;10:54:56.264840
1749;1863;-114;10:54:56.264840
1753;1864;-111;10:54:56.264840
1759;1868;-109;10:54:56.264840
1754;1864;-110;10:54:56.264840
1754;1862;-108;10:54:56.264840
1752;1863;-111;10:54:56.264840
1752;1862;-110;10:54:56.264840
1756;1864;-108;10:54:56.264840
1759;1868;-109;10:54:56.264840
1755;1869;-114;10:54:56.264840
1754;1868;-114;10:54:56.264840
1755;1873;-118;10:54:56.264840
1759;1872;-113;10:54:56.264840
1757;1867;-110;10:54:56.264840
1759;1868;-109;10:54:56.264840
1766;1869;-103;10:54:56.264840
1760;1870;-110;10:54:56.264840
1762;1870;-108;10:54:56.264840
1759;1868;-109;10:54:56.264840
1758;1871;-113;10:54:56.264840
1756;1869;-113;10:54:56.264840
1757;1871;-114;10:54:56.264840
1759;1864;-105;10:54:56.264840
1761;1863;-102;10:54:56.264840
1759;1865;-106;10:54:56.264840
1750;1864;-114;10:54:56.264840
1757;1867;-110;10:54:56.264840
1763;1868;-105;10:54:56.264840
1761;1864;-103;10:54:56.264840
1760;1865;-105;10:54:56.264840
1757;1871;-114;10:54:56.264840
1756;1865;-109;10:54:56.264840
1756;1863;-107;10:54:56.264840
1757;1864;-107;10:54:56.264840
1755;1864;-109;10:54:56.264840
1757;1868;-111;10:54:56.264840
1756;1869;-113;10:54:56.264840
1756;1868;-112;10:54:56.264840
1754;1863;-109;10:54:56.264840
1752;1868;-116;10:54:56.264840
1757;1869;-112;10:54:56.264840
1763;1867;-104;10:54:56.264840
1760;1866;-106;10:54:56.264840
1756;1866;-110;10:54:56.264840
1760;1869;-109;10:54:56.264840
1756;1872;-116;10:54:56.264840
1750;1866;-116;10:54:56.264840
1752;1869;-117;10:54:56.264840
1751;1869;-118;10:54:56.264840
1755;1871;-116;10:54:56.264840
1758;1866;-108;10:54:56.264840
1759;1865;-106;10:54:56.264840
1760;1870;-110;10:54:56.264840
1757;1867;-110;10:54:56.264840
1755;1864;-109;10:54:56.264840
1758;1867;-109;10:54:56.264840
1757;1870;-113;10:54:56.264840
1750;1870;-120;10:54:56.264840
1755;1864;-109;10:54:56.264840
1753;1866;-113;10:54:56.264840
1752;1867;-115;10:54:56.264840
1753;1864;-111;10:54:56.264840
1753;1864;-111;10:54:56.264840
1750;1865;-115;10:54:56.264840
1755;1864;-109;10:54:56.264840
1754;1868;-114;10:54:56.264840
1750;1866;-116;10:54:56.264840
1754;1861;-107;10:54:56.264840
1757;1862;-105;10:54:56.264840
1751;1867;-116;10:54:56.264840
1747;1863;-116;10:54:56.264840
1748;1864;-116;10:54:56.264840
1750;1866;-116;10:54:56.264840
1750;1863;-113;10:54:56.264840
1748;1858;-110;10:54:56.264840
1743;1861;-118;10:54:56.264840
1747;1862;-115;10:54:56.264840
1756;1860;-104;10:54:56.264840
1750;1861;-111;10:54:56.264840
1750;1861;-111;10:54:56.264840
1759;1864;-105;10:54:56.264840
1755;1865;-110;10:54:56.264840
1750;1867;-117;10:54:56.264840
1746;1869;-123;10:54:56.264840
1752;1873;-121;10:54:56.264840
1763;1870;-107;10:54:56.264840
1761;1867;-106;10:54:56.264840
1750;1864;-114;10:54:56.264840
1754;1865;-111;10:54:56.264840
1756;1867;-111;10:54:56.264840
1753;1872;-119;10:54:56.264840
1758;1872;-114;10:54:56.264840
1761;1871;-110;10:54:56.264840
1760;1876;-116;10:54:56.264840
1753;1876;-123;10:54:56.264840
1759;1873;-114;10:54:56.264840
1764;1872;-108;10:54:56.264840
1762;1865;-103;10:54:56.264840
1756;1863;-107;10:54:56.264840
1757;1863;-106;10:54:56.264840
1760;1864;-104;10:54:56.264840
1759;1871;-112;10:54:56.264840
1757;1867;-110;10:54:56.264840
1756;1870;-114;10:54:56.264840
1758;1873;-115;10:54:56.264840
1762;1873;-111;10:54:56.264840
1758;1870;-112;10:54:56.264840
1760;1869;-109;10:54:56.264840
1754;1867;-113;10:54:56.264840
1761;1869;-108;10:54:56.264840
1760;1865;-105;10:54:56.264840
1758;1868;-110;10:54:56.264840
1757;1871;-114;10:54:56.264840
1754;1872;-118;10:54:56.264840
1759;1869;-110;10:54:56.264840
1762;1870;-108;10:54:56.264840
1759;1865;-106;10:54:56.264840
1758;1871;-113;10:54:56.264840
1761;1864;-103;10:54:56.264840
1759;1867;-108;10:54:56.264840
1762;1871;-109;10:54:56.264840
1757;1871;-114;10:54:56.264840
1758;1861;-103;10:54:56.264840
1761;1868;-107;10:54:56.264840
1755;1871;-116;10:54:56.264840
1758;1870;-112;10:54:56.264840
1760;1871;-111;10:54:56.264840
1758;1872;-114;10:54:56.264840
1758;1870;-112;10:54:56.264840
1766;1874;-108;10:54:56.264840
1769;1872;-103;10:54:56.264840
1758;1861;-103;10:54:56.264840
1757;1865;-108;10:54:56.264840
1756;1866;-110;10:54:56.264840
1756;1864;-108;10:54:56.264840
1755;1866;-111;10:54:56.264840
1755;1863;-108;10:54:56.264840
1749;1863;-114;10:54:56.264840
1750;1866;-116;10:54:56.264840
1758;1870;-112;10:54:56.264840
1756;1861;-105;10:54:56.264840
1756;1866;-110;10:54:56.264840
1753;1865;-112;10:54:56.264840
1748;1856;-108;10:54:56.264840
1749;1858;-109;10:54:56.264840
1755;1859;-104;10:54:56.264840
1757;1860;-103;10:54:56.264840
1755;1866;-111;10:54:56.264840
1753;1866;-113;10:54:56.264840
1754;1863;-109;10:54:56.264840
1753;1864;-111;10:54:56.264840
1755;1864;-109;10:54:56.264840
1751;1869;-118;10:54:56.264840
1750;1867;-117;10:54:56.264840
1754;1868;-114;10:54:56.264840
1758;1865;-107;10:54:56.264840
1758;1866;-108;10:54:56.264840
1755;1865;-110;10:54:56.264840
1754;1866;-112;10:54:56.264840
1762;1869;-107;10:54:56.264840
1756;1865;-109;10:54:56.264840
1756;1863;-107;10:54:56.264840
1758;1867;-109;10:54:56.264840
1760;1861;-101;10:54:56.264840
1760;1865;-105;10:54:56.264840
1753;1863;-110;10:54:56.264840
1750;1866;-116;10:54:56.264840
1752;1866;-114;10:54:56.264840
1755;1863;-108;10:54:56.264840
1752;1866;-114;10:54:56.264840
1751;1865;-114;10:54:56.264840
1756;1869;-113;10:54:56.264840
1755;1861;-106;10:54:56.264840
1754;1860;-106;10:54:56.264840
1757;1862;-105;10:54:56.264840
1754;1863;-109;10:54:56.264840
1745;1856;-111;10:54:56.264840
1754;1856;-102;10:54:56.264840
1757;1860;-103;10:54:56.264840
1757;1862;-105;10:54:56.264840
1753;1862;-109;10:54:56.264840
1753;1863;-110;10:54:56.264840
1759;1867;-108;10:54:56.264840
1762;1872;-110;10:54:56.264840
1757;1867;-110;10:54:56.264840
1757;1861;-104;10:54:56.264840
1760;1871;-111;10:54:56.264840
1763;1865;-102;10:54:56.265838
1754;1871;-117;10:54:56.265838
1755;1868;-113;10:54:56.265838
1760;1870;-110;10:54:56.265838
1755;1865;-110;10:54:56.265838
1753;1868;-115;10:54:56.265838
1763;1869;-106;10:54:56.265838
1764;1869;-105;10:54:56.265838
1764;1868;-104;10:54:56.265838
1767;1863;-96;10:54:56.265838
1761;1865;-104;10:54:56.265838
1758;1867;-109;10:54:56.265838
1752;1868;-116;10:54:56.265838
1755;1868;-113;10:54:56.265838
1757;1867;-110;10:54:56.265838
1757;1870;-113;10:54:56.265838
1761;1871;-110;10:54:56.265838
1760;1871;-111;10:54:56.265838
1766;1873;-107;10:54:56.265838
1765;1870;-105;10:54:56.265838
1758;1870;-112;10:54:56.265838
1759;1870;-111;10:54:56.265838
1760;1866;-106;10:54:56.265838
1758;1861;-103;10:54:56.265838
1757;1862;-105;10:54:56.265838
1755;1863;-108;10:54:56.265838
1759;1868;-109;10:54:56.265838
1758;1862;-104;10:54:56.265838
1754;1860;-106;10:54:56.265838
1746;1866;-120;10:54:56.265838
1750;1867;-117;10:54:56.265838
1758;1867;-109;10:54:56.265838
1754;1865;-111;10:54:56.265838
1759;1867;-108;10:54:56.265838
1760;1866;-106;10:54:56.265838
1758;1863;-105;10:54:56.265838
1759;1865;-106;10:54:56.265838
1760;1867;-107;10:54:56.265838
1758;1868;-110;10:54:56.265838
1757;1867;-110;10:54:56.265838
1755;1870;-115;10:54:56.265838
1760;1870;-110;10:54:56.265838
1757;1869;-112;10:54:56.265838
1759;1868;-109;10:54:56.265838
1760;1869;-109;10:54:56.265838
1759;1869;-110;10:54:56.265838
1764;1870;-106;10:54:56.265838
1765;1872;-107;10:54:56.265838
1757;1867;-110;10:54:56.265838
1756;1877;-121;10:54:56.265838
1762;1875;-113;10:54:56.265838
1765;1873;-108;10:54:56.265838
1762;1873;-111;10:54:56.265838
1761;1871;-110;10:54:56.265838
1758;1863;-105;10:54:56.265838
1761;1866;-105;10:54:56.265838
1764;1865;-101;10:54:56.265838
1761;1863;-102;10:54:56.265838
1757;1864;-107;10:54:56.265838
1756;1871;-115;10:54:56.265838
1758;1870;-112;10:54:56.265838
1755;1866;-111;10:54:56.265838
1755;1871;-116;10:54:56.265838
1756;1870;-114;10:54:56.265838
1755;1868;-113;10:54:56.265838
1762;1869;-107;10:54:56.265838
1772;1870;-98;10:54:56.265838
1760;1871;-111;10:54:56.265838
1760;1870;-110;10:54:56.265838
1766;1876;-110;10:54:56.265838
1763;1870;-107;10:54:56.265838
1761;1872;-111;10:54:56.265838
1762;1871;-109;10:54:56.265838
1764;1877;-113;10:54:56.265838
1762;1873;-111;10:54:56.265838
1766;1873;-107;10:54:56.265838
1765;1872;-107;10:54:56.265838
1763;1871;-108;10:54:56.265838
1769;1880;-111;10:54:56.265838
1772;1878;-106;10:54:56.265838
1767;1881;-114;10:54:56.265838
1770;1879;-109;10:54:56.265838
1771;1881;-110;10:54:56.265838
1763;1879;-116;10:54:56.265838
1764;1876;-112;10:54:56.265838
1774;1879;-105;10:54:56.265838
1767;1872;-105;10:54:56.265838
1768;1874;-106;10:54:56.265838
1775;1875;-100;10:54:56.265838
1768;1876;-108;10:54:56.265838
1771;1873;-102;10:54:56.265838
1771;1877;-106;10:54:56.265838
1770;1880;-110;10:54:56.265838
1767;1881;-114;10:54:56.265838
1769;1880;-111;10:54:56.265838
1767;1880;-113;10:54:56.265838
1767;1877;-110;10:54:56.265838
1768;1873;-105;10:54:56.265838
1767;1876;-109;10:54:56.265838
1767;1870;-103;10:54:56.265838
1765;1869;-104;10:54:56.265838
1770;1877;-107;10:54:56.265838
1767;1874;-107;10:54:56.265838
1765;1873;-108;10:54:56.265838
1762;1872;-110;10:54:56.265838
1764;1876;-112;10:54:56.265838
1762;1871;-109;10:54:56.265838
1759;1870;-111;10:54:56.265838
1760;1876;-116;10:54:56.265838
1764;1872;-108;10:54:56.265838
1767;1867;-100;10:54:56.265838
1768;1872;-104;10:54:56.265838
1771;1871;-100;10:54:56.265838
1766;1875;-109;10:54:56.265838
1762;1873;-111;10:54:56.265838
1765;1881;-116;10:54:56.265838
1764;1876;-112;10:54:56.265838
1767;1880;-113;10:54:56.265838
1766;1875;-109;10:54:56.265838
1764;1876;-112;10:54:56.265838
1771;1871;-100;10:54:56.265838
1769;1872;-103;10:54:56.265838
1766;1874;-108;10:54:56.265838
1767;1867;-100;10:54:56.265838
1768;1870;-102;10:54:56.265838
1767;1875;-108;10:54:56.265838
1766;1873;-107;10:54:56.265838
1766;1865;-99;10:54:56.265838
1763;1870;-107;10:54:56.265838
1760;1871;-111;10:54:56.265838
1759;1866;-107;10:54:56.265838
1759;1862;-103;10:54:56.265838
1755;1863;-108;10:54:56.265838
1755;1866;-111;10:54:56.265838
1762;1864;-102;10:54:56.265838
1755;1860;-105;10:54:56.265838
1757;1865;-108;10:54:56.265838
1755;1871;-116;10:54:56.265838
1751;1864;-113;10:54:56.265838
1756;1865;-109;10:54:56.265838
1756;1863;-107;10:54:56.265838
1754;1863;-109;10:54:56.265838
1754;1867;-113;10:54:56.265838
1757;1864;-107;10:54:56.265838
1759;1860;-101;10:54:56.265838
1761;1863;-102;10:54:56.265838
1759;1859;-100;10:54:56.265838
1751;1859;-108;10:54:56.265838
1751;1870;-119;10:54:56.265838
1752;1865;-113;10:54:56.265838
1751;1864;-113;10:54:56.265838
1750;1862;-112;10:54:56.265838
1749;1866;-117;10:54:56.265838
1749;1859;-110;10:54:56.265838
1748;1860;-112;10:54:56.265838
1753;1857;-104;10:54:56.265838
1754;1859;-105;10:54:56.265838
1752;1858;-106;10:54:56.265838
1756;1862;-106;10:54:56.265838
1758;1862;-104;10:54:56.265838
1755;1868;-113;10:54:56.265838
1760;1867;-107;10:54:56.265838
1757;1869;-112;10:54:56.265838
1750;1864;-114;10:54:56.265838
1756;1861;-105;10:54:56.265838
1756;1867;-111;10:54:56.265838
1753;1858;-105;10:54:56.265838
1754;1857;-103;10:54:56.265838
1756;1864;-108;10:54:56.265838
1763;1864;-101;10:54:56.265838
1758;1865;-107;10:54:56.265838
1755;1867;-112;10:54:56.265838
1752;1867;-115;10:54:56.265838
1761;1868;-107;10:54:56.265838
1760;1868;-108;10:54:56.265838
1759;1869;-110;10:54:56.265838
1750;1865;-115;10:54:56.265838
1756;1856;-100;10:54:56.265838
1759;1862;-103;10:54:56.265838
1753;1862;-109;10:54:56.265838
1757;1861;-104;10:54:56.265838
1757;1864;-107;10:54:56.265838
1755;1869;-114;10:54:56.265838
1752;1866;-114;10:54:56.265838
1753;1869;-116;10:54:56.265838
1757;1867;-110;10:54:56.265838
1759;1870;-111;10:54:56.265838
1756;1868;-112;10:54:56.265838
1761;1869;-108;10:54:56.265838
1761;1868;-107;10:54:56.265838
1766;1866;-100;10:54:56.265838
1769;1867;-98;10:54:56.265838
1765;1878;-113;10:54:56.265838
1770;1875;-105;10:54:56.265838
1769;1872;-103;10:54:56.265838
1768;1874;-106;10:54:56.265838
1760;1880;-120;10:54:56.265838
1765;1877;-112;10:54:56.265838
1767;1874;-107;10:54:56.265838
1765;1870;-105;10:54:56.265838
1772;1876;-104;10:54:56.265838
1769;1866;-97;10:54:56.265838
1769;1874;-105;10:54:56.265838
1772;1879;-107;10:54:56.265838
1774;1875;-101;10:54:56.265838
1769;1871;-102;10:54:56.265838
1772;1873;-101;10:54:56.265838
1767;1879;-112;10:54:56.265838
1761;1876;-115;10:54:56.265838
1761;1873;-112;10:54:56.265838
1766;1872;-106;10:54:56.265838
1770;1871;-101;10:54:56.265838
1772;1873;-101;10:54:56.265838
1771;1876;-105;10:54:56.265838
1768;1880;-112;10:54:56.265838
1768;1880;-112;10:54:56.265838
1772;1878;-106;10:54:56.265838
1771;1880;-109;10:54:56.265838
1768;1881;-113;10:54:56.265838
1767;1879;-112;10:54:56.265838
1772;1876;-104;10:54:56.265838
1770;1872;-102;10:54:56.265838
1765;1877;-112;10:54:56.265838
1769;1877;-108;10:54:56.265838
1773;1875;-102;10:54:56.265838
1767;1878;-111;10:54:56.265838
1769;1878;-109;10:54:56.265838
1773;1884;-111;10:54:56.265838
1775;1881;-106;10:54:56.265838
1776;1880;-104;10:54:56.265838
1774;1882;-108;10:54:56.265838
1776;1882;-106;10:54:56.265838
1772;1885;-113;10:54:56.265838
1776;1886;-110;10:54:56.265838
1779;1882;-103;10:54:56.265838
1775;1887;-112;10:54:56.265838
1773;1883;-110;10:54:56.265838
1775;1879;-104;10:54:56.265838
1771;1878;-107;10:54:56.265838
1771;1881;-110;10:54:56.265838
1772;1880;-108;10:54:56.265838
1771;1875;-104;10:54:56.265838
1772;1877;-105;10:54:56.265838
1774;1881;-107;10:54:56.265838
1773;1876;-103;10:54:56.265838
1774;1878;-104;10:54:56.265838
1767;1878;-111;10:54:56.265838
1766;1874;-108;10:54:56.265838
1761;1873;-112;10:54:56.265838
1759;1874;-115;10:54:56.265838
1762;1871;-109;10:54:56.265838
1760;1867;-107;10:54:56.265838
1760;1866;-106;10:54:56.265838
1761;1872;-111;10:54:56.265838
1760;1866;-106;10:54:56.265838
1758;1866;-108;10:54:56.359625
1756;1869;-113;10:54:56.359625
1759;1870;-111;10:54:56.359625
1763;1872;-109;10:54:56.359625
1764;1872;-108;10:54:56.359625
1758;1875;-117;10:54:56.359625
1759;1873;-114;10:54:56.359625
1762;1874;-112;10:54:56.359625
1767;1874;-107;10:54:56.359625
1771;1877;-106;10:54:56.359625
1766;1879;-113;10:54:56.359625
1766;1879;-113;10:54:56.359625
1770;1884;-114;10:54:56.359625
1768;1878;-110;10:54:56.359625
1769;1879;-110;10:54:56.359625
1771;1876;-105;10:54:56.359625
1769;1873;-104;10:54:56.359625
1764;1876;-112;10:54:56.359625
1764;1874;-110;10:54:56.359625
1766;1872;-106;10:54:56.359625
1768;1871;-103;10:54:56.359625
1765;1871;-106;10:54:56.359625
1758;1875;-117;10:54:56.359625
1764;1876;-112;10:54:56.359625
1767;1874;-107;10:54:56.359625
1761;1871;-110;10:54:56.359625
1763;1874;-111;10:54:56.359625
1766;1875;-109;10:54:56.359625
1757;1871;-114;10:54:56.359625
1759;1869;-110;10:54:56.359625
1765;1867;-102;10:54:56.359625
1765;1868;-103;10:54:56.359625
1760;1868;-108;10:54:56.359625
1761;1868;-107;10:54:56.359625
1758;1869;-111;10:54:56.359625
1754;1868;-114;10:54:56.359625
1759;1870;-111;10:54:56.359625
1751;1868;-117;10:54:56.359625
1752;1866;-114;10:54:56.359625
1765;1871;-106;10:54:56.359625
1761;1876;-115;10:54:56.359625
1758;1868;-110;10:54:56.359625
1760;1871;-111;10:54:56.359625
1765;1870;-105;10:54:56.359625
1767;1873;-106;10:54:56.359625
1757;1871;-114;10:54:56.359625
1759;1871;-112;10:54:56.359625
1759;1871;-112;10:54:56.359625
1758;1873;-115;10:54:56.359625
1757;1872;-115;10:54:56.359625
1758;1862;-104;10:54:56.359625
1764;1865;-101;10:54:56.359625
1768;1871;-103;10:54:56.359625
1763;1870;-107;10:54:56.359625
1762;1870;-108;10:54:56.359625
1764;1871;-107;10:54:56.359625
1762;1872;-110;10:54:56.359625
1762;1867;-105;10:54:56.359625
1761;1873;-112;10:54:56.359625
1762;1869;-107;10:54:56.359625
1761;1872;-111;10:54:56.359625
1759;1872;-113;10:54:56.359625
1759;1863;-104;10:54:56.359625
1756;1864;-108;10:54:56.359625
1758;1864;-106;10:54:56.359625
1757;1859;-102;10:54:56.359625
1750;1864;-114;10:54:56.359625
1750;1861;-111;10:54:56.359625
1751;1858;-107;10:54:56.359625
1754;1859;-105;10:54:56.359625
1749;1859;-110;10:54:56.359625
1747;1863;-116;10:54:56.359625
1751;1857;-106;10:54:56.359625
1753;1855;-102;10:54:56.359625
1750;1857;-107;10:54:56.359625
1751;1858;-107;10:54:56.359625
1751;1856;-105;10:54:56.359625
1752;1859;-107;10:54:56.359625
1749;1858;-109;10:54:56.359625
1747;1860;-113;10:54:56.359625
1752;1861;-109;10:54:56.359625
1756;1867;-111;10:54:56.359625
1753;1863;-110;10:54:56.359625
1753;1870;-117;10:54:56.359625
1757;1870;-113;10:54:56.359625
1756;1865;-109;10:54:56.359625
1757;1862;-105;10:54:56.359625
1760;1870;-110;10:54:56.359625
1767;1868;-101;10:54:56.359625
1763;1869;-106;10:54:56.359625
1764;1868;-104;10:54:56.359625
1762;1872;-110;10:54:56.359625
1764;1869;-105;10:54:56.359625
1763;1870;-107;10:54:56.359625
1761;1874;-113;10:54:56.359625
1765;1865;-100;10:54:56.359625
1764;1873;-109;10:54:56.359625
1764;1872;-108;10:54:56.359625
1769;1871;-102;10:54:56.359625
1767;1871;-104;10:54:56.359625
1770;1873;-103;10:54:56.359625
1764;1870;-106;10:54:56.359625
1761;1871;-110;10:54:56.359625
1766;1874;-108;10:54:56.359625
1766;1871;-105;10:54:56.359625
1763;1871;-108;10:54:56.359625
1767;1873;-106;10:54:56.359625
1760;1870;-110;10:54:56.359625
1761;1867;-106;10:54:56.359625
1770;1872;-102;10:54:56.359625
1760;1871;-111;10:54:56.359625
1761;1875;-114;10:54:56.359625
1764;1866;-102;10:54:56.359625
1765;1877;-112;10:54:56.359625
1764;1876;-112;10:54:56.359625
1766;1872;-106;10:54:56.359625
1771;1873;-102;10:54:56.359625
1769;1880;-111;10:54:56.359625
1769;1870;-101;10:54:56.359625
1768;1874;-106;10:54:56.359625
1769;1877;-108;10:54:56.359625
1767;1873;-106;10:54:56.359625
1773;1880;-107;10:54:56.359625
1772;1878;-106;10:54:56.359625
1770;1880;-110;10:54:56.359625
1769;1879;-110;10:54:56.359625
1771;1879;-108;10:54:56.359625
1766;1881;-115;10:54:56.359625
1770;1877;-107;10:54:56.359625
1771;1873;-102;10:54:56.359625
1776;1877;-101;10:54:56.359625
1776;1878;-102;10:54:56.359625
1772;1872;-100;10:54:56.359625
1772;1871;-99;10:54:56.359625
1775;1874;-99;10:54:56.359625
1768;1876;-108;10:54:56.359625
1769;1872;-103;10:54:56.359625
1760;1868;-108;10:54:56.359625
1762;1872;-110;10:54:56.359625
1766;1871;-105;10:54:56.359625
1765;1872;-107;10:54:56.359625
1766;1871;-105;10:54:56.359625
1761;1869;-108;10:54:56.359625
1761;1867;-106;10:54:56.359625
1761;1873;-112;10:54:56.359625
1757;1862;-105;10:54:56.359625
1756;1863;-107;10:54:56.359625
1759;1868;-109;10:54:56.359625
1758;1870;-112;10:54:56.359625
1752;1864;-112;10:54:56.359625
1755;1866;-111;10:54:56.359625
1758;1862;-104;10:54:56.359625
1758;1868;-110;10:54:56.359625
1758;1864;-106;10:54:56.359625
1750;1861;-111;10:54:56.359625
1751;1862;-111;10:54:56.359625
1760;1862;-102;10:54:56.359625
1749;1865;-116;10:54:56.359625
1750;1867;-117;10:54:56.359625
1758;1872;-114;10:54:56.359625
1754;1871;-117;10:54:56.359625
1760;1868;-108;10:54:56.359625
1764;1873;-109;10:54:56.359625
1769;1872;-103;10:54:56.359625
1768;1873;-105;10:54:56.359625
1765;1872;-107;10:54:56.359625
1762;1874;-112;10:54:56.359625
1764;1875;-111;10:54:56.359625
1761;1872;-111;10:54:56.359625
1762;1864;-102;10:54:56.359625
1765;1870;-105;10:54:56.359625
1768;1875;-107;10:54:56.359625
1764;1873;-109;10:54:56.359625
1762;1872;-110;10:54:56.359625
1764;1867;-103;10:54:56.359625
1758;1871;-113;10:54:56.359625
1759;1867;-108;10:54:56.359625
1760;1869;-109;10:54:56.359625
1759;1871;-112;10:54:56.359625
1756;1864;-108;10:54:56.359625
1759;1867;-108;10:54:56.359625
1757;1865;-108;10:54:56.359625
1759;1870;-111;10:54:56.359625
1761;1867;-106;10:54:56.359625
1758;1866;-108;10:54:56.359625
1759;1869;-110;10:54:56.359625
1754;1871;-117;10:54:56.359625
1754;1866;-112;10:54:56.359625
1765;1870;-105;10:54:56.359625
1761;1868;-107;10:54:56.359625
1757;1869;-112;10:54:56.359625
1757;1868;-111;10:54:56.359625
1756;1871;-115;10:54:56.359625
1762;1871;-109;10:54:56.359625
1767;1869;-102;10:54:56.359625
1761;1868;-107;10:54:56.359625
1763;1881;-118;10:54:56.359625
1765;1878;-113;10:54:56.359625
1763;1877;-114;10:54:56.359625
1757;1873;-116;10:54:56.359625
1760;1876;-116;10:54:56.359625
1765;1876;-111;10:54:56.359625
1766;1878;-112;10:54:56.359625
1768;1871;-103;10:54:56.359625
1766;1878;-112;10:54:56.359625
1772;1878;-106;10:54:56.359625
1774;1877;-103;10:54:56.359625
1770;1872;-102;10:54:56.359625
1769;1882;-113;10:54:56.359625
1770;1881;-111;10:54:56.359625
1772;1879;-107;10:54:56.359625
1770;1883;-113;10:54:56.359625
1768;1877;-109;10:54:56.359625
1771;1879;-108;10:54:56.359625
1773;1880;-107;10:54:56.359625
1767;1876;-109;10:54:56.359625
1769;1878;-109;10:54:56.359625
1772;1878;-106;10:54:56.359625
1767;1875;-108;10:54:56.359625
1764;1875;-111;10:54:56.359625
1766;1873;-107;10:54:56.359625
1766;1878;-112;10:54:56.359625
1756;1873;-117;10:54:56.359625
1763;1872;-109;10:54:56.359625
1765;1873;-108;10:54:56.359625
1763;1873;-110;10:54:56.359625
1766;1873;-107;10:54:56.359625
1759;1870;-111;10:54:56.359625
1762;1871;-109;10:54:56.359625
1763;1872;-109;10:54:56.359625
1758;1879;-121;10:54:56.359625
1764;1876;-112;10:54:56.359625
1763;1875;-112;10:54:56.359625
1762;1872;-110;10:54:56.359625
1759;1873;-114;10:54:56.359625
1760;1869;-109;10:54:56.359625
1766;1870;-104;10:54:56.359625
1765;1874;-109;10:54:56.359625
1760;1871;-111;10:54:56.359625
1763;1879;-116;10:54:56.359625
1759;1871;-112;10:54:56.359625
1762;1871;-109;10:54:56.359625
1763;1873;-110;10:54:56.359625
1757;1872;-115;10:54:56.359625
1762;1873;-111;10:54:56.359625
1763;1870;-107;10:54:56.359625
1766;1865;-99;10:54:56.359625
1762;1864;-102;10:54:56.359625
1759;1867;-108;10:54:56.359625
1756;1870;-114;10:54:56.359625
1749;1868;-119;10:54:56.359625
1752;1864;-112;10:54:56.359625
1755;1864;-109;10:54:56.359625
1752;1860;-108;10:54:56.359625
1752;1856;-104;10:54:56.359625
1746;1854;-108;10:54:56.380125
1751;1859;-108;10:54:56.380125
1752;1860;-108;10:54:56.380125
1754;1865;-111;10:54:56.380125
1755;1869;-114;10:54:56.380125
1749;1862;-113;10:54:56.380125
1749;1862;-113;10:54:56.380125
1751;1867;-116;10:54:56.380125
1753;1868;-115;10:54:56.380125
1757;1867;-110;10:54:56.380125
1754;1862;-108;10:54:56.380125
1756;1870;-114;10:54:56.380125
1761;1869;-108;10:54:56.380125
1758;1870;-112;10:54:56.380125
1761;1870;-109;10:54:56.380125
1764;1868;-104;10:54:56.380125
1759;1872;-113;10:54:56.380125
1753;1868;-115;10:54:56.380125
1761;1865;-104;10:54:56.380125
1760;1862;-102;10:54:56.380125
1759;1869;-110;10:54:56.380125
1759;1865;-106;10:54:56.380125
1759;1870;-111;10:54:56.380125
1760;1867;-107;10:54:56.380125
1759;1866;-107;10:54:56.380125
1757;1866;-109;10:54:56.380125
1758;1864;-106;10:54:56.380125
1760;1870;-110;10:54:56.380125
1765;1873;-108;10:54:56.380125
1758;1869;-111;10:54:56.380125
1756;1867;-111;10:54:56.380125
1756;1868;-112;10:54:56.380125
1761;1874;-113;10:54:56.380125
1759;1863;-104;10:54:56.380125
1760;1862;-102;10:54:56.380125
1755;1867;-112;10:54:56.380125
1756;1863;-107;10:54:56.380125
1758;1864;-106;10:54:56.380125
1756;1866;-110;10:54:56.380125
1757;1866;-109;10:54:56.380125
1755;1871;-116;10:54:56.380125
1754;1871;-117;10:54:56.380125
1752;1869;-117;10:54:56.380125
1756;1868;-112;10:54:56.380125
1759;1873;-114;10:54:56.380125
1756;1867;-111;10:54:56.380125
1763;1869;-106;10:54:56.380125
1757;1871;-114;10:54:56.380125
1751;1864;-113;10:54:56.380125
1754;1862;-108;10:54:56.380125
1756;1869;-113;10:54:56.380125
1756;1861;-105;10:54:56.380125
1753;1862;-109;10:54:56.380125
1750;1864;-114;10:54:56.380125
1750;1864;-114;10:54:56.380125
1753;1858;-105;10:54:56.380125
1752;1863;-111;10:54:56.380125
1750;1868;-118;10:54:56.380125
1754;1862;-108;10:54:56.380125
1757;1870;-113;10:54:56.380125
1757;1867;-110;10:54:56.380125
1756;1869;-113;10:54:56.380125
1760;1869;-109;10:54:56.380125
1764;1873;-109;10:54:56.380125
1762;1874;-112;10:54:56.380125
1758;1865;-107;10:54:56.380125
1757;1869;-112;10:54:56.380125
1759;1868;-109;10:54:56.380125
1760;1867;-107;10:54:56.380125
1760;1867;-107;10:54:56.380125
1751;1862;-111;10:54:56.380125
1753;1867;-114;10:54:56.380125
1758;1865;-107;10:54:56.380125
1754;1865;-111;10:54:56.380125
1752;1859;-107;10:54:56.380125
1755;1870;-115;10:54:56.380125
1756;1862;-106;10:54:56.380125
1753;1861;-108;10:54:56.380125
1754;1864;-110;10:54:56.380125
1754;1861;-107;10:54:56.380125
1744;1862;-118;10:54:56.380125
1749;1862;-113;10:54:56.380125
1760;1861;-101;10:54:56.380125
1752;1866;-114;10:54:56.380125
1752;1861;-109;10:54:56.380125
1751;1862;-111;10:54:56.380125
1747;1862;-115;10:54:56.380125
1746;1859;-113;10:54:56.380125
1741;1860;-119;10:54:56.380125
1748;1862;-114;10:54:56.380125
1750;1855;-105;10:54:56.380125
1749;1859;-110;10:54:56.380125
1754;1861;-107;10:54:56.380125
1756;1863;-107;10:54:56.380125
1747;1867;-120;10:54:56.380125
1754;1867;-113;10:54:56.380125
1755;1863;-108;10:54:56.380125
1758;1865;-107;10:54:56.380125
1758;1867;-109;10:54:56.380125
1760;1867;-107;10:54:56.380125
1755;1861;-106;10:54:56.380125
1757;1864;-107;10:54:56.380125
1759;1870;-111;10:54:56.380125
1762;1866;-104;10:54:56.380125
1755;1860;-105;10:54:56.380125
1752;1868;-116;10:54:56.380125
1753;1867;-114;10:54:56.380125
1754;1862;-108;10:54:56.380125
1754;1863;-109;10:54:56.380125
1755;1859;-104;10:54:56.380125
1750;1862;-112;10:54:56.380125
1753;1858;-105;10:54:56.380125
1752;1858;-106;10:54:56.380125
1752;1864;-112;10:54:56.380125
1758;1867;-109;10:54:56.380125
1755;1864;-109;10:54:56.380125
1752;1861;-109;10:54:56.380125
1751;1864;-113;10:54:56.380125
1756;1861;-105;10:54:56.380125
1749;1864;-115;10:54:56.380125
1745;1866;-121;10:54:56.380125
1752;1866;-114;10:54:56.380125
1751;1864;-113;10:54:56.380125
1757;1865;-108;10:54:56.380125
1759;1864;-105;10:54:56.380125
1751;1865;-114;10:54:56.380125
1756;1869;-113;10:54:56.380125
1758;1868;-110;10:54:56.380125
1756;1867;-111;10:54:56.380125
1760;1869;-109;10:54:56.380125
1759;1869;-110;10:54:56.380125
1756;1871;-115;10:54:56.380125
1759;1870;-111;10:54:56.380125
1763;1869;-106;10:54:56.380125
1762;1867;-105;10:54:56.380125
1760;1866;-106;10:54:56.380125
1760;1867;-107;10:54:56.380125
1759;1869;-110;10:54:56.380125
1759;1873;-114;10:54:56.380125
1760;1874;-114;10:54:56.380125
1767;1872;-105;10:54:56.380125
1761;1878;-117;10:54:56.380125
1766;1881;-115;10:54:56.380125
1764;1874;-110;10:54:56.380125
1762;1876;-114;10:54:56.380125
1768;1872;-104;10:54:56.380125
1769;1874;-105;10:54:56.380125
1766;1873;-107;10:54:56.380125
1759;1873;-114;10:54:56.380125
1761;1874;-113;10:54:56.380125
1759;1877;-118;10:54:56.380125
1759;1872;-113;10:54:56.380125
1767;1875;-108;10:54:56.380125
1769;1875;-106;10:54:56.380125
1765;1877;-112;10:54:56.380125
1762;1877;-115;10:54:56.380125
1765;1878;-113;10:54:56.380125
1769;1881;-112;10:54:56.380125
1770;1880;-110;10:54:56.380125
1763;1876;-113;10:54:56.380125
1757;1883;-126;10:54:56.380125
1763;1883;-120;10:54:56.380125
1769;1877;-108;10:54:56.380125
1760;1875;-115;10:54:56.380125
1762;1876;-114;10:54:56.380125
1762;1874;-112;10:54:56.380125
1758;1874;-116;10:54:56.380125
1763;1868;-105;10:54:56.380125
1760;1872;-112;10:54:56.380125
1762;1880;-118;10:54:56.380125
1763;1876;-113;10:54:56.380125
1760;1872;-112;10:54:56.380125
1763;1872;-109;10:54:56.380125
1764;1870;-106;10:54:56.380125
1766;1875;-109;10:54:56.380125
1765;1871;-106;10:54:56.380125
1764;1875;-111;10:54:56.380125
1765;1874;-109;10:54:56.380125
1759;1875;-116;10:54:56.380125
1760;1869;-109;10:54:56.380125
1761;1873;-112;10:54:56.380125
1757;1872;-115;10:54:56.380125
1756;1871;-115;10:54:56.380125
1754;1865;-111;10:54:56.380125
1753;1869;-116;10:54:56.380125
1756;1869;-113;10:54:56.380125
1755;1864;-109;10:54:56.380125
1750;1865;-115;10:54:56.380125
1756;1864;-108;10:54:56.380125
1754;1865;-111;10:54:56.380125
1750;1865;-115;10:54:56.380125
1751;1860;-109;10:54:56.380125
1746;1865;-119;10:54:56.380125
1750;1863;-113;10:54:56.380125
1751;1861;-110;10:54:56.380125
1751;1863;-112;10:54:56.380125
1752;1863;-111;10:54:56.380125
1751;1870;-119;10:54:56.380125
1748;1868;-120;10:54:56.380125
1749;1865;-116;10:54:56.380125
1761;1863;-102;10:54:56.380125
1761;1871;-110;10:54:56.380125
1756;1868;-112;10:54:56.380125
1752;1870;-118;10:54:56.380125
1760;1868;-108;10:54:56.380125
1759;1873;-114;10:54:56.380125
1758;1872;-114;10:54:56.380125
1757;1868;-111;10:54:56.380125
1754;1869;-115;10:54:56.380125
1753;1863;-110;10:54:56.380125
1752;1862;-110;10:54:56.380125
1752;1868;-116;10:54:56.380125
1756;1864;-108;10:54:56.380125
1755;1865;-110;10:54:56.380125
1755;1868;-113;10:54:56.380125
1755;1864;-109;10:54:56.380125
1757;1864;-107;10:54:56.380125
1756;1865;-109;10:54:56.380125
1748;1855;-107;10:54:56.380125
1753;1864;-111;10:54:56.380125
1748;1865;-117;10:54:56.380125
1751;1867;-116;10:54:56.380125
1751;1865;-114;10:54:56.380125
1749;1858;-109;10:54:56.380125
1749;1862;-113;10:54:56.380125
1746;1860;-114;10:54:56.380125
1751;1863;-112;10:54:56.380125
1750;1863;-113;10:54:56.380125
1747;1861;-114;10:54:56.380125
1751;1861;-110;10:54:56.380125
1747;1858;-111;10:54:56.380125
1748;1860;-112;10:54:56.380125
1751;1861;-110;10:54:56.380125
1749;1863;-114;10:54:56.380125
1754;1865;-111;10:54:56.380125
1753;1861;-108;10:54:56.380125
1749;1861;-112;10:54:56.380125
1751;1864;-113;10:54:56.380125
1751;1862;-111;10:54:56.380125
1753;1864;-111;10:54:56.380125
1754;1861;-107;10:54:56.380125
1754;1866;-112;10:54:56.380125
1748;1867;-119;10:54:56.380125
1747;1867;-120;10:54:56.380125
1747;1864;-117;10:54:56.380125
1752;1866;-114;10:54:56.380125
1754;1862;-108;10:54:56.380125
1757;1862;-105;10:54:56.380125
1760;1861;-101;10:54:56.380125
1760;1863;-103;10:54:56.380125
1753;1870;-117;10:54:56.380125
1759;1869;-110;10:54:56.380125
1759;1873;-114;10:54:56.380125
1757;1864;-107;10:54:56.380125
1756;1867;-111;10:54:56.380125
1752;1865;-113;10:54:56.380125
1753;1859;-106;10:54:56.380125
1752;1859;-107;10:54:56.380125
1749;1863;-114;10:54:56.380125
1759;1861;-102;10:54:56.380125
1759;1864;-105;10:54:56.380125
1758;1866;-108;10:54:56.380125
1757;1870;-113;10:54:56.380125
1755;1873;-118;10:54:56.380125
1756;1875;-119;10:54:56.380125
1763;1869;-106;10:54:56.380125
1761;1868;-107;10:54:56.380125
1754;1874;-120;10:54:56.380125
1758;1871;-113;10:54:56.380125
1765;1874;-109;10:54:56.380125
1764;1871;-107;10:54:56.380125
1766;1873;-107;10:54:56.380125
1762;1882;-120;10:54:56.380125
1764;1881;-117;10:54:56.380125
1762;1875;-113;10:54:56.380125
1767;1876;-109;10:54:56.380125
1767;1878;-111;10:54:56.380125
1766;1881;-115;10:54:56.380125
1777;1879;-102;10:54:56.380125
1775;1881;-106;10:54:56.380125
1773;1882;-109;10:54:56.380125
1778;1879;-101;10:54:56.380125
1776;1883;-107;10:54:56.380125
1777;1880;-103;10:54:56.380125
1771;1882;-111;10:54:56.380125
1767;1882;-115;10:54:56.380125
1768;1883;-115;10:54:56.380125
1771;1884;-113;10:54:56.380125
1774;1878;-104;10:54:56.380125
1770;1880;-110;10:54:56.380125
1770;1876;-106;10:54:56.380125
1768;1877;-109;10:54:56.380125
1763;1875;-112;10:54:56.380125
1765;1869;-104;10:54:56.380125
1773;1874;-101;10:54:56.380125
1767;1877;-110;10:54:56.380125
1767;1870;-103;10:54:56.380125
1760;1875;-115;10:54:56.380125
1758;1873;-115;10:54:56.380125
1762;1872;-110;10:54:56.380125
1765;1871;-106;10:54:56.380125
1764;1879;-115;10:54:56.380125
1759;1874;-115;10:54:56.380125
1757;1873;-116;10:54:56.380125
1758;1875;-117;10:54:56.380125
1757;1878;-121;10:54:56.380125
1752;1871;-119;10:54:56.380125
1758;1877;-119;10:54:56.380125
1761;1879;-118;10:54:56.380125
1761;1875;-114;10:54:56.380125
1760;1880;-120;10:54:56.380125
1761;1873;-112;10:54:56.380125
1761;1874;-113;10:54:56.380125
1762;1872;-110;10:54:56.380125
1763;1877;-114;10:54:56.380125
1764;1876;-112;10:54:56.380125
1757;1869;-112;10:54:56.380125
1757;1868;-111;10:54:56.380125
1756;1872;-116;10:54:56.380125
1755;1871;-116;10:54:56.380125
1756;1870;-114;10:54:56.380125
1756;1869;-113;10:54:56.380125
1751;1867;-116;10:54:56.380125
1746;1864;-118;10:54:56.380125
1750;1870;-120;10:54:56.380125
1748;1866;-118;10:54:56.380125
1749;1863;-114;10:54:56.380125
1754;1863;-109;10:54:56.380125
1748;1863;-115;10:54:56.380125
1749;1860;-111;10:54:56.380125
1742;1855;-113;10:54:56.380125
1744;1857;-113;10:54:56.380125
1747;1857;-110;10:54:56.380125
1745;1857;-112;10:54:56.380125
1746;1857;-111;10:54:56.380125
1747;1859;-112;10:54:56.380125
1742;1856;-114;10:54:56.380125
1741;1858;-117;10:54:56.380125
1741;1853;-112;10:54:56.380125
1743;1853;-110;10:54:56.380125
1747;1856;-109;10:54:56.380125
1743;1856;-113;10:54:56.380125
1743;1850;-107;10:54:56.380125
1743;1852;-109;10:54:56.380125
1746;1855;-109;10:54:56.380125
1749;1859;-110;10:54:56.380125
1746;1858;-112;10:54:56.380125
1744;1863;-119;10:54:56.380125
1751;1863;-112;10:54:56.380125
1749;1859;-110;10:54:56.380125
1749;1858;-109;10:54:56.380125
1752;1864;-112;10:54:56.380125
1748;1865;-117;10:54:56.380125
1758;1866;-108;10:54:56.380125
1759;1863;-104;10:54:56.380125
1757;1862;-105;10:54:56.380125
1755;1863;-108;10:54:56.380125
1758;1866;-108;10:54:56.380125
1756;1870;-114;10:54:56.380125
1758;1863;-105;10:54:56.380125
1762;1865;-103;10:54:56.380125
1752;1862;-110;10:54:56.380125
1751;1861;-110;10:54:56.380125
1748;1858;-110;10:54:56.380125
1748;1859;-111;10:54:56.380125
1753;1863;-110;10:54:56.380125
1756;1864;-108;10:54:56.380125
1750;1859;-109;10:54:56.380125
1748;1857;-109;10:54:56.380125
1749;1861;-112;10:54:56.380125
1752;1858;-106;10:54:56.380125
1753;1861;-108;10:54:56.380125
1750;1862;-112;10:54:56.380125
1751;1860;-109;10:54:56.380125
1749;1864;-115;10:54:56.380125
1748;1861;-113;10:54:56.380125
1756;1863;-107;10:54:56.380125
1756;1864;-108;10:54:56.380125
1759;1865;-106;10:54:56.380125
1759;1867;-108;10:54:56.380125
1757;1872;-115;10:54:56.380125
1763;1868;-105;10:54:56.380125
1762;1868;-106;10:54:56.380125
1764;1874;-110;10:54:56.380125
1766;1875;-109;10:54:56.380125
1765;1871;-106;10:54:56.380125
1766;1870;-104;10:54:56.380125
1766;1876;-110;10:54:56.380125
1762;1875;-113;10:54:56.380125
1764;1871;-107;10:54:56.380125
1765;1871;-106;10:54:56.380125
1762;1866;-104;10:54:56.380125
1760;1869;-109;10:54:56.380125
1761;1869;-108;10:54:56.380125
1757;1871;-114;10:54:56.380125
1759;1870;-111;10:54:56.380125
1760;1867;-107;10:54:56.380125
1760;1864;-104;10:54:56.380125
1761;1864;-103;10:54:56.380125
1766;1861;-95;10:54:56.380125
1756;1865;-109;10:54:56.380125
1757;1867;-110;10:54:56.380125
1764;1862;-98;10:54:56.380125
1759;1864;-105;10:54:56.380125
1756;1866;-110;10:54:56.380125
1758;1871;-113;10:54:56.380125
1758;1867;-109;10:54:56.380125
1762;1872;-110;10:54:56.380125
1762;1870;-108;10:54:56.380125
1761;1874;-113;10:54:56.380125
1758;1871;-113;10:54:56.380125
1756;1870;-114;10:54:56.380125
1759;1868;-109;10:54:56.380125
1761;1870;-109;10:54:56.380125
1757;1872;-115;10:54:56.380125
1755;1866;-111;10:54:56.380125
1760;1868;-108;10:54:56.380125
1761;1864;-103;10:54:56.380125
1760;1868;-108;10:54:56.380125
1760;1866;-106;10:54:56.380125
1762;1864;-102;10:54:56.380125
1756;1862;-106;10:54:56.380125
1759;1868;-109;10:54:56.380125
1760;1871;-111;10:54:56.380125
1760;1868;-108;10:54:56.380125
1756;1866;-110;10:54:56.380125
1758;1866;-108;10:54:56.380125
1759;1867;-108;10:54:56.380125
1759;1867;-108;10:54:56.380125
1759;1867;-108;10:54:56.380125
1761;1864;-103;10:54:56.380125
1757;1866;-109;10:54:56.380125
1757;1868;-111;10:54:56.380125
1757;1860;-103;10:54:56.380125
1757;1859;-102;10:54:56.380125
1751;1855;-104;10:54:56.380125
1748;1855;-107;10:54:56.380125
1742;1854;-112;10:54:56.380125
1742;1858;-116;10:54:56.380125
1750;1861;-111;10:54:56.380125
1753;1859;-106;10:54:56.380125
1748;1857;-109;10:54:56.380125
1746;1859;-113;10:54:56.380125
1749;1854;-105;10:54:56.380125
1741;1852;-111;10:54:56.380125
1744;1852;-108;10:54:56.380125
1750;1857;-107;10:54:56.380125
1745;1859;-114;10:54:56.380125
1748;1859;-111;10:54:56.380125
1751;1865;-114;10:54:56.380125
1747;1860;-113;10:54:56.380125
1751;1861;-110;10:54:56.380125
1756;1865;-109;10:54:56.380125
1748;1863;-115;10:54:56.380125
1749;1865;-116;10:54:56.380125
1751;1866;-115;10:54:56.380125
1749;1865;-116;10:54:56.380125
1751;1864;-113;10:54:56.380125
1756;1865;-109;10:54:56.380125
1764;1866;-102;10:54:56.380125
1758;1865;-107;10:54:56.380125
1754;1863;-109;10:54:56.380125
1759;1865;-106;10:54:56.380125
1757;1863;-106;10:54:56.380125
1760;1865;-105;10:54:56.380125
1763;1872;-109;10:54:56.380125
1765;1870;-105;10:54:56.380125
1761;1872;-111;10:54:56.380125
1761;1873;-112;10:54:56.380125
1767;1875;-108;10:54:56.380125
1770;1873;-103;10:54:56.380125
1765;1872;-107;10:54:56.380125
1762;1868;-106;10:54:56.380125
1761;1864;-103;10:54:56.380125
1758;1864;-106;10:54:56.380125
1754;1866;-112;10:54:56.380125
1755;1867;-112;10:54:56.380125
1755;1865;-110;10:54:56.380125
1760;1867;-107;10:54:56.380125
1762;1873;-111;10:54:56.380125
1763;1869;-106;10:54:56.380125
1763;1870;-107;10:54:56.380125
1759;1867;-108;10:54:56.380125
1760;1867;-107;10:54:56.380125
1764;1876;-112;10:54:56.380125
1773;1877;-104;10:54:56.380125
1770;1878;-108;10:54:56.380125
1770;1882;-112;10:54:56.380125
1773;1880;-107;10:54:56.380125
1770;1879;-109;10:54:56.380125
1774;1877;-103;10:54:56.380125
1771;1877;-106;10:54:56.380125
1769;1875;-106;10:54:56.380125
1773;1880;-107;10:54:56.380125
1776;1884;-108;10:54:56.380125
1773;1880;-107;10:54:56.380125
1774;1885;-111;10:54:56.380125
1781;1889;-108;10:54:56.380125
1781;1884;-103;10:54:56.380125
1783;1884;-101;10:54:56.380125
1781;1885;-104;10:54:56.380125
1776;1889;-113;10:54:56.380125
1780;1889;-109;10:54:56.380125
1784;1886;-102;10:54:56.380125
1780;1884;-104;10:54:56.380125
1782;1887;-105;10:54:56.380125
1781;1881;-100;10:54:56.380125
1775;1877;-102;10:54:56.380125
1774;1876;-102;10:54:56.380125
1768;1880;-112;10:54:56.380125
1765;1866;-101;10:54:56.380931
1765;1864;-99;10:54:56.380931
1761;1861;-100;10:54:56.380931
1753;1864;-111;10:54:56.380931
1759;1866;-107;10:54:56.380931
1754;1865;-111;10:54:56.380931
1757;1864;-107;10:54:56.380931
1759;1868;-109;10:54:56.380931
1752;1868;-116;10:54:56.380931
1752;1870;-118;10:54:56.380931
1752;1864;-112;10:54:56.380931
1754;1863;-109;10:54:56.380931
1757;1866;-109;10:54:56.380931
1753;1863;-110;10:54:56.380931
1753;1867;-114;10:54:56.380931
1760;1873;-113;10:54:56.380931
1763;1870;-107;10:54:56.380931
1760;1870;-110;10:54:56.380931
1755;1870;-115;10:54:56.380931
1758;1872;-114;10:54:56.380931
1761;1876;-115;10:54:56.380931
1760;1874;-114;10:54:56.380931
1760;1869;-109;10:54:56.380931
1760;1866;-106;10:54:56.380931
1759;1867;-108;10:54:56.380931
1757;1864;-107;10:54:56.380931
1753;1864;-111;10:54:56.380931
1754;1865;-111;10:54:56.380931
1750;1865;-115;10:54:56.380931
1750;1866;-116;10:54:56.380931
1756;1866;-110;10:54:56.380931
1754;1866;-112;10:54:56.380931
1755;1859;-104;10:54:56.380931
1755;1866;-111;10:54:56.380931
1748;1863;-115;10:54:56.380931
1752;1858;-106;10:54:56.380931
1754;1861;-107;10:54:56.380931
1752;1865;-113;10:54:56.380931
1749;1862;-113;10:54:56.380931
1750;1863;-113;10:54:56.380931
1752;1868;-116;10:54:56.380931
1752;1861;-109;10:54:56.380931
1751;1861;-110;10:54:56.380931
1753;1861;-108;10:54:56.380931
1756;1866;-110;10:54:56.380931
1757;1864;-107;10:54:56.380931
1759;1870;-111;10:54:56.380931
1758;1868;-110;10:54:56.380931
1757;1869;-112;10:54:56.380931
1761;1869;-108;10:54:56.380931
1762;1871;-109;10:54:56.380931
1765;1873;-108;10:54:56.380931
1761;1873;-112;10:54:56.380931
1761;1875;-114;10:54:56.380931
1764;1876;-112;10:54:56.380931
1761;1870;-109;10:54:56.380931
1760;1872;-112;10:54:56.380931
1762;1875;-113;10:54:56.380931
1761;1874;-113;10:54:56.380931
1760;1874;-114;10:54:56.380931
1765;1868;-103;10:54:56.380931
1768;1875;-107;10:54:56.380931
1767;1874;-107;10:54:56.380931
1765;1875;-110;10:54:56.380931
1767;1870;-103;10:54:56.380931
1766;1871;-105;10:54:56.380931
1763;1874;-111;10:54:56.380931
1757;1876;-119;10:54:56.380931
1761;1873;-112;10:54:56.380931
1767;1875;-108;10:54:56.380931
1761;1872;-111;10:54:56.380931
1763;1872;-109;10:54:56.380931
1761;1869;-108;10:54:56.380931
1757;1869;-112;10:54:56.380931
1760;1871;-111;10:54:56.380931
1764;1865;-101;10:54:56.380931
1763;1869;-106;10:54:56.380931
1762;1871;-109;10:54:56.380931
1763;1872;-109;10:54:56.380931
1756;1872;-116;10:54:56.380931
1756;1874;-118;10:54:56.380931
1760;1871;-111;10:54:56.380931
1766;1876;-110;10:54:56.380931
1760;1870;-110;10:54:56.380931
1761;1872;-111;10:54:56.380931
1760;1875;-115;10:54:56.380931
1759;1875;-116;10:54:56.380931
1762;1875;-113;10:54:56.380931
1763;1873;-110;10:54:56.380931
1759;1872;-113;10:54:56.380931
1763;1872;-109;10:54:56.380931
1765;1871;-106;10:54:56.380931
1762;1871;-109;10:54:56.380931
1763;1874;-111;10:54:56.380931
1764;1875;-111;10:54:56.380931
1763;1878;-115;10:54:56.380931
1763;1878;-115;10:54:56.380931
1763;1881;-118;10:54:56.380931
1759;1875;-116;10:54:56.380931
1765;1872;-107;10:54:56.380931
1768;1875;-107;10:54:56.380931
1764;1873;-109;10:54:56.380931
1760;1871;-111;10:54:56.380931
1762;1874;-112;10:54:56.380931
1763;1876;-113;10:54:56.380931
1765;1873;-108;10:54:56.380931
1763;1873;-110;10:54:56.380931
1764;1874;-110;10:54:56.380931
1766;1878;-112;10:54:56.380931
1765;1877;-112;10:54:56.380931
1766;1872;-106;10:54:56.380931
1765;1876;-111;10:54:56.380931
1761;1874;-113;10:54:56.380931
1761;1868;-107;10:54:56.380931
1761;1870;-109;10:54:56.380931
1759;1875;-116;10:54:56.380931
1752;1874;-122;10:54:56.380931
1756;1874;-118;10:54:56.380931
1752;1871;-119;10:54:56.380931
1759;1869;-110;10:54:56.380931
1758;1863;-105;10:54:56.380931
1752;1866;-114;10:54:56.380931
1756;1869;-113;10:54:56.380931
1756;1867;-111;10:54:56.380931
1757;1868;-111;10:54:56.380931
1756;1866;-110;10:54:56.380931
1755;1870;-115;10:54:56.380931
1748;1870;-122;10:54:56.380931
1753;1869;-116;10:54:56.380931
1756;1859;-103;10:54:56.380931
1748;1864;-116;10:54:56.380931
1754;1865;-111;10:54:56.380931
1752;1870;-118;10:54:56.380931
1748;1867;-119;10:54:56.380931
1755;1869;-114;10:54:56.380931
1749;1869;-120;10:54:56.380931
1757;1869;-112;10:54:56.380931
1756;1868;-112;10:54:56.380931
1759;1865;-106;10:54:56.380931
1760;1865;-105;10:54:56.380931
1758;1866;-108;10:54:56.380931
1762;1865;-103;10:54:56.380931
1759;1869;-110;10:54:56.380931
1759;1868;-109;10:54:56.380931
1761;1875;-114;10:54:56.380931
1756;1874;-118;10:54:56.380931
1756;1874;-118;10:54:56.380931
1759;1872;-113;10:54:56.380931
1762;1871;-109;10:54:56.380931
1758;1868;-110;10:54:56.380931
1761;1868;-107;10:54:56.380931
1759;1867;-108;10:54:56.380931
1754;1869;-115;10:54:56.380931
1757;1865;-108;10:54:56.380931
1757;1868;-111;10:54:56.380931
1757;1869;-112;10:54:56.380931
1760;1870;-110;10:54:56.380931
1755;1866;-111;10:54:56.380931
1756;1868;-112;10:54:56.380931
1752;1865;-113;10:54:56.380931
1755;1865;-110;10:54:56.380931
1758;1870;-112;10:54:56.380931
1758;1867;-109;10:54:56.380931
1757;1870;-113;10:54:56.380931
1766;1871;-105;10:54:56.380931
1764;1875;-111;10:54:56.380931
1759;1869;-110;10:54:56.380931
1761;1869;-108;10:54:56.380931
1767;1882;-115;10:54:56.380931
1768;1881;-113;10:54:56.380931
1767;1877;-110;10:54:56.380931
1767;1881;-114;10:54:56.380931
1768;1880;-112;10:54:56.380931
1766;1880;-114;10:54:56.380931
1770;1882;-112;10:54:56.380931
1774;1879;-105;10:54:56.380931
1773;1877;-104;10:54:56.380931
1772;1881;-109;10:54:56.380931
1767;1884;-117;10:54:56.380931
1763;1878;-115;10:54:56.380931
1766;1876;-110;10:54:56.380931
1766;1875;-109;10:54:56.380931
1761;1879;-118;10:54:56.380931
1764;1878;-114;10:54:56.380931
1767;1874;-107;10:54:56.380931
1764;1876;-112;10:54:56.380931
1765;1872;-107;10:54:56.380931
1766;1876;-110;10:54:56.380931
1769;1876;-107;10:54:56.380931
1765;1875;-110;10:54:56.380931
1761;1872;-111;10:54:56.380931
1763;1870;-107;10:54:56.380931
1762;1875;-113;10:54:56.380931
1765;1876;-111;10:54:56.380931
1767;1875;-108;10:54:56.380931
1767;1878;-111;10:54:56.380931
1765;1877;-112;10:54:56.380931
1767;1876;-109;10:54:56.380931
1764;1876;-112;10:54:56.380931
1764;1880;-116;10:54:56.380931
1765;1882;-117;10:54:56.380931
1769;1880;-111;10:54:56.380931
1766;1882;-116;10:54:56.380931
1766;1880;-114;10:54:56.380931
1764;1878;-114;10:54:56.380931
1763;1876;-113;10:54:56.380931
1763;1874;-111;10:54:56.380931
1765;1876;-111;10:54:56.380931
1760;1878;-118;10:54:56.380931
1759;1878;-119;10:54:56.380931
1764;1876;-112;10:54:56.380931
1765;1879;-114;10:54:56.380931
1761;1881;-120;10:54:56.380931
1762;1878;-116;10:54:56.380931
1766;1877;-111;10:54:56.380931
1761;1875;-114;10:54:56.380931
1763;1877;-114;10:54:56.380931
1767;1883;-116;10:54:56.380931
1770;1883;-113;10:54:56.380931
1767;1877;-110;10:54:56.380931
1767;1877;-110;10:54:56.380931
1767;1873;-106;10:54:56.380931
1761;1876;-115;10:54:56.380931
1760;1881;-121;10:54:56.380931
1755;1873;-118;10:54:56.380931
1755;1873;-118;10:54:56.380931
1758;1873;-115;10:54:56.380931
1761;1871;-110;10:54:56.380931
1757;1869;-112;10:54:56.380931
1756;1866;-110;10:54:56.380931
1759;1869;-110;10:54:56.380931
1755;1875;-120;10:54:56.380931
1757;1873;-116;10:54:56.380931
1760;1869;-109;10:54:56.380931
1759;1871;-112;10:54:56.380931
1756;1870;-114;10:54:56.380931
1753;1867;-114;10:54:56.380931
1759;1873;-114;10:54:56.380931
1756;1871;-115;10:54:56.380931
1757;1869;-112;10:54:56.380931
1757;1872;-115;10:54:56.380931
1756;1870;-114;10:54:56.380931
1757;1871;-114;10:54:56.380931
1758;1868;-110;10:54:56.380931
1752;1866;-114;10:54:56.380931
1750;1863;-113;10:54:56.380931
1754;1867;-113;10:54:56.380931
1756;1864;-108;10:54:56.380931
1751;1864;-113;10:54:56.380931
1753;1863;-110;10:54:56.380931
1754;1868;-114;10:54:56.380931
1753;1863;-110;10:54:56.380931
1751;1864;-113;10:54:56.380931
1748;1870;-122;10:54:56.380931
1751;1867;-116;10:54:56.380931
1756;1871;-115;10:54:56.380931
1758;1869;-111;10:54:56.380931
1758;1868;-110;10:54:56.380931
1757;1866;-109;10:54:56.380931
1761;1863;-102;10:54:56.380931
1758;1866;-108;10:54:56.380931
1753;1864;-111;10:54:56.380931
1755;1867;-112;10:54:56.380931
1759;1869;-110;10:54:56.380931
1753;1866;-113;10:54:56.380931
1752;1865;-113;10:54:56.380931
1748;1864;-116;10:54:56.380931
1748;1861;-113;10:54:56.380931
1750;1860;-110;10:54:56.380931
1751;1858;-107;10:54:56.380931
1750;1859;-109;10:54:56.380931
1749;1862;-113;10:54:56.380931
1746;1861;-115;10:54:56.380931
1742;1861;-119;10:54:56.380931
1746;1861;-115;10:54:56.380931
1746;1863;-117;10:54:56.380931
1747;1862;-115;10:54:56.380931
1747;1861;-114;10:54:56.380931
1745;1859;-114;10:54:56.380931
1747;1863;-116;10:54:56.380931
1750;1863;-113;10:54:56.380931
1751;1859;-108;10:54:56.380931
1751;1857;-106;10:54:56.380931
1751;1859;-108;10:54:56.380931
1746;1856;-110;10:54:56.380931
1745;1865;-120;10:54:56.380931
1747;1861;-114;10:54:56.380931
1752;1866;-114;10:54:56.380931
1753;1864;-111;10:54:56.380931
1757;1867;-110;10:54:56.380931
1757;1869;-112;10:54:56.380931
1761;1869;-108;10:54:56.380931
1763;1867;-104;10:54:56.380931
1764;1868;-104;10:54:56.380931
1766;1872;-106;10:54:56.380931
1764;1874;-110;10:54:56.380931
1763;1873;-110;10:54:56.380931
1764;1868;-104;10:54:56.380931
1762;1871;-109;10:54:56.380931
1760;1871;-111;10:54:56.380931
1759;1870;-111;10:54:56.380931
1756;1869;-113;10:54:56.380931
1757;1862;-105;10:54:56.380931
1759;1869;-110;10:54:56.380931
1759;1870;-111;10:54:56.380931
1761;1867;-106;10:54:56.380931
1762;1874;-112;10:54:56.380931
1758;1873;-115;10:54:56.380931
1764;1873;-109;10:54:56.380931
1766;1875;-109;10:54:56.380931
1766;1874;-108;10:54:56.380931
1763;1877;-114;10:54:56.380931
1762;1877;-115;10:54:56.380931
1767;1876;-109;10:54:56.380931
1771;1879;-108;10:54:56.380931
1772;1882;-110;10:54:56.380931
1769;1883;-114;10:54:56.380931
1777;1883;-106;10:54:56.380931
1778;1885;-107;10:54:56.380931
1775;1882;-107;10:54:56.380931
1777;1880;-103;10:54:56.380931
1774;1885;-111;10:54:56.380931
1770;1884;-114;10:54:56.380931
1768;1887;-119;10:54:56.380931
1771;1882;-111;10:54:56.380931
1770;1879;-109;10:54:56.380931
1774;1877;-103;10:54:56.380931
1773;1880;-107;10:54:56.380931
1774;1881;-107;10:54:56.380931
1766;1876;-110;10:54:56.380931
1763;1874;-111;10:54:56.380931
1766;1875;-109;10:54:56.380931
1762;1871;-109;10:54:56.380931
1760;1872;-112;10:54:56.380931
1762;1871;-109;10:54:56.380931
1761;1870;-109;10:54:56.380931
1758;1873;-115;10:54:56.380931
1758;1867;-109;10:54:56.380931
1762;1869;-107;10:54:56.380931
1762;1870;-108;10:54:56.380931
1762;1873;-111;10:54:56.380931
1762;1875;-113;10:54:56.380931
1760;1875;-115;10:54:56.380931
1760;1879;-119;10:54:56.380931
1761;1875;-114;10:54:56.380931
1760;1875;-115;10:54:56.380931
1759;1871;-112;10:54:56.380931
1764;1872;-108;10:54:56.380931
1761;1873;-112;10:54:56.380931
1763;1875;-112;10:54:56.380931
1762;1874;-112;10:54:56.380931
1760;1878;-118;10:54:56.380931
1760;1878;-118;10:54:56.380931
1758;1874;-116;10:54:56.380931
1756;1875;-119;10:54:56.380931
1759;1875;-116;10:54:56.380931
1762;1874;-112;10:54:56.380931
1759;1878;-119;10:54:56.380931
1762;1874;-112;10:54:56.380931
1763;1871;-108;10:54:56.380931
1754;1868;-114;10:54:56.380931
1754;1868;-114;10:54:56.380931
1758;1864;-106;10:54:56.380931
1749;1869;-120;10:54:56.380931
1748;1865;-117;10:54:56.380931
1748;1868;-120;10:54:56.380931
1748;1865;-117;10:54:56.380931
1751;1861;-110;10:54:56.380931
1743;1860;-117;10:54:56.380931
1744;1860;-116;10:54:56.380931
1744;1861;-117;10:54:56.380931
1744;1857;-113;10:54:56.380931
1747;1859;-112;10:54:56.380931
1746;1856;-110;10:54:56.380931
1751;1857;-106;10:54:56.380931
1750;1855;-105;10:54:56.380931
1748;1860;-112;10:54:56.380931
1751;1859;-108;10:54:56.380931
1748;1862;-114;10:54:56.380931
1744;1863;-119;10:54:56.380931
1753;1864;-111;10:54:56.380931
1754;1865;-111;10:54:56.380931
1754;1871;-117;10:54:56.380931
1758;1867;-109;10:54:56.380931
1760;1870;-110;10:54:56.380931
1757;1869;-112;10:54:56.380931
1760;1872;-112;10:54:56.380931
1768;1875;-107;10:54:56.380931
1768;1875;-107;10:54:56.380931
1768;1877;-109;10:54:56.380931
1770;1875;-105;10:54:56.380931
1770;1881;-111;10:54:56.380931
1771;1878;-107;10:54:56.380931
1769;1881;-112;10:54:56.380931
1769;1879;-110;10:54:56.380931
1771;1878;-107;10:54:56.380931
1768;1876;-108;10:54:56.380931
1769;1871;-102;10:54:56.380931
1765;1874;-109;10:54:56.380931
1769;1872;-103;10:54:56.380931
1770;1873;-103;10:54:56.380931
1766;1873;-107;10:54:56.380931
1763;1875;-112;10:54:56.380931
1763;1867;-104;10:54:56.380931
1767;1866;-99;10:54:56.380931
1760;1865;-105;10:54:56.380931
1755;1869;-114;10:54:56.380931
1756;1867;-111;10:54:56.380931
1753;1865;-112;10:54:56.380931
1757;1867;-110;10:54:56.380931
1756;1865;-109;10:54:56.380931
1755;1863;-108;10:54:56.380931
1757;1861;-104;10:54:56.380931
1757;1866;-109;10:54:56.380931
1756;1863;-107;10:54:56.380931
1759;1867;-108;10:54:56.380931
1758;1871;-113;10:54:56.380931
1757;1869;-112;10:54:56.380931
1753;1863;-110;10:54:56.380931
1755;1864;-109;10:54:56.380931
1754;1865;-111;10:54:56.380931
1749;1861;-112;10:54:56.380931
1751;1860;-109;10:54:56.380931
1749;1860;-111;10:54:56.380931
1748;1861;-113;10:54:56.380931
1749;1861;-112;10:54:56.380931
1748;1861;-113;10:54:56.380931
1746;1860;-114;10:54:56.380931
1744;1858;-114;10:54:56.380931
1742;1859;-117;10:54:56.380931
1745;1862;-117;10:54:56.380931
1746;1859;-113;10:54:56.380931
1745;1857;-112;10:54:56.380931
1746;1858;-112;10:54:56.380931
1749;1861;-112;10:54:56.380931
1746;1859;-113;10:54:56.380931
1745;1860;-115;10:54:56.380931
1751;1862;-111;10:54:56.380931
1749;1860;-111;10:54:56.380931
1748;1863;-115;10:54:56.380931
1746;1864;-118;10:54:56.380931
1749;1859;-110;10:54:56.380931
1751;1861;-110;10:54:56.380931
1753;1863;-110;10:54:56.380931
1751;1861;-110;10:54:56.380931
1753;1867;-114;10:54:56.380931
1757;1864;-107;10:54:56.380931
1757;1863;-106;10:54:56.380931
1754;1864;-110;10:54:56.380931
1752;1865;-113;10:54:56.380931
1748;1867;-119;10:54:56.380931
1751;1869;-118;10:54:56.380931
1751;1864;-113;10:54:56.380931
1754;1866;-112;10:54:56.380931
1754;1865;-111;10:54:56.380931
1754;1865;-111;10:54:56.380931
1753;1869;-116;10:54:56.380931
1757;1866;-109;10:54:56.380931
1753;1868;-115;10:54:56.380931
1754;1865;-111;10:54:56.380931
1753;1869;-116;10:54:56.380931
1750;1867;-117;10:54:56.380931
1756;1865;-109;10:54:56.380931
1754;1867;-113;10:54:56.380931
1756;1868;-112;10:54:56.380931
1756;1862;-106;10:54:56.380931
1759;1863;-104;10:54:56.380931
1757;1867;-110;10:54:56.380931
1755;1866;-111;10:54:56.380931
1756;1865;-109;10:54:56.380931
1755;1868;-113;10:54:56.380931
1752;1863;-111;10:54:56.380931
1749;1863;-114;10:54:56.380931
1748;1864;-116;10:54:56.380931
1749;1862;-113;10:54:56.380931
1750;1858;-108;10:54:56.380931
1748;1858;-110;10:54:56.380931
1754;1862;-108;10:54:56.380931
1757;1863;-106;10:54:56.380931
1755;1867;-112;10:54:56.380931
1754;1869;-115;10:54:56.380931
1761;1870;-109;10:54:56.380931
1763;1875;-112;10:54:56.380931
1766;1879;-113;10:54:56.380931
1768;1872;-104;10:54:56.380931
1763;1874;-111;10:54:56.380931
1760;1870;-110;10:54:56.380931
1760;1871;-111;10:54:56.380931
1759;1870;-111;10:54:56.380931
1761;1873;-112;10:54:56.380931
1763;1872;-109;10:54:56.380931
1762;1869;-107;10:54:56.380931
1766;1870;-104;10:54:56.380931
1763;1872;-109;10:54:56.380931
1761;1873;-112;10:54:56.380931
1761;1872;-111;10:54:56.380931
1761;1870;-109;10:54:56.380931
1761;1868;-107;10:54:56.380931
1761;1873;-112;10:54:56.380931
1764;1873;-109;10:54:56.380931
1763;1873;-110;10:54:56.380931
1765;1876;-111;10:54:56.380931
1767;1873;-106;10:54:56.380931
1764;1869;-105;10:54:56.380931
1765;1871;-106;10:54:56.380931
1762;1877;-115;10:54:56.380931
1757;1876;-119;10:54:56.380931
1762;1875;-113;10:54:56.380931
1768;1875;-107;10:54:56.380931
1767;1875;-108;10:54:56.380931
1765;1876;-111;10:54:56.382738
1769;1880;-111;10:54:56.382738
1769;1882;-113;10:54:56.382738
1768;1881;-113;10:54:56.382738
1772;1881;-109;10:54:56.382738
1769;1881;-112;10:54:56.382738
1768;1881;-113;10:54:56.382738
1767;1882;-115;10:54:56.382738
1767;1881;-114;10:54:56.382738
1767;1881;-114;10:54:56.382738
1768;1884;-116;10:54:56.382738
1768;1878;-110;10:54:56.382738
1768;1878;-110;10:54:56.382738
1767;1874;-107;10:54:56.382738
1765;1873;-108;10:54:56.382738
1767;1871;-104;10:54:56.382738
1768;1872;-104;10:54:56.382738
1765;1878;-113;10:54:56.382738
1766;1878;-112;10:54:56.382738
1760;1875;-115;10:54:56.382738
1762;1879;-117;10:54:56.382738
1763;1877;-114;10:54:56.382738
1764;1872;-108;10:54:56.382738
1764;1874;-110;10:54:56.382738
1764;1878;-114;10:54:56.382738
1765;1878;-113;10:54:56.382738
1767;1878;-111;10:54:56.382738
1769;1881;-112;10:54:56.382738
1769;1875;-106;10:54:56.382738
1767;1879;-112;10:54:56.382738
1766;1876;-110;10:54:56.382738
1761;1875;-114;10:54:56.382738
1761;1876;-115;10:54:56.382738
1764;1872;-108;10:54:56.382738
1764;1875;-111;10:54:56.382738
1762;1869;-107;10:54:56.382738
1759;1870;-111;10:54:56.382738
1756;1868;-112;10:54:56.382738
1754;1869;-115;10:54:56.382738
1753;1866;-113;10:54:56.382738
1754;1867;-113;10:54:56.382738
1748;1863;-115;10:54:56.382738
1746;1864;-118;10:54:56.382738
1748;1865;-117;10:54:56.382738
1751;1864;-113;10:54:56.382738
1749;1858;-109;10:54:56.382738
1746;1862;-116;10:54:56.382738
1744;1863;-119;10:54:56.382738
1747;1861;-114;10:54:56.382738
1746;1861;-115;10:54:56.382738
1747;1862;-115;10:54:56.382738
1749;1863;-114;10:54:56.382738
1750;1863;-113;10:54:56.382738
1747;1866;-119;10:54:56.382738
1748;1866;-118;10:54:56.382738
1746;1861;-115;10:54:56.382738
1745;1862;-117;10:54:56.382738
1747;1862;-115;10:54:56.382738
1750;1863;-113;10:54:56.382738
1750;1866;-116;10:54:56.382738
1751;1862;-111;10:54:56.382738
1748;1856;-108;10:54:56.382738
1746;1857;-111;10:54:56.382738
1742;1852;-110;10:54:56.382738
1742;1850;-108;10:54:56.382738
1739;1851;-112;10:54:56.382738
1736;1853;-117;10:54:56.382738
1733;1852;-119;10:54:56.382738
1733;1849;-116;10:54:56.382738
1735;1848;-113;10:54:56.382738
1738;1850;-112;10:54:56.382738
1740;1851;-111;10:54:56.382738
1743;1850;-107;10:54:56.382738
1742;1855;-113;10:54:56.382738
1742;1856;-114;10:54:56.382738
1741;1853;-112;10:54:56.382738
1744;1853;-109;10:54:56.382738
1746;1855;-109;10:54:56.382738
1751;1858;-107;10:54:56.382738
1748;1858;-110;10:54:56.382738
1747;1858;-111;10:54:56.382738
1750;1858;-108;10:54:56.382738
1752;1862;-110;10:54:56.382738
1749;1864;-115;10:54:56.382738
1750;1863;-113;10:54:56.382738
1748;1863;-115;10:54:56.382738
1746;1856;-110;10:54:56.382738
1748;1856;-108;10:54:56.382738
1745;1854;-109;10:54:56.382738
1744;1852;-108;10:54:56.382738
1746;1857;-111;10:54:56.382738
1748;1859;-111;10:54:56.382738
1750;1861;-111;10:54:56.382738
1749;1856;-107;10:54:56.382738
1744;1856;-112;10:54:56.382738
1747;1858;-111;10:54:56.382738
1749;1857;-108;10:54:56.382738
1747;1858;-111;10:54:56.382738
1751;1860;-109;10:54:56.382738
1750;1857;-107;10:54:56.382738
1752;1859;-107;10:54:56.382738
1752;1860;-108;10:54:56.382738
1752;1861;-109;10:54:56.382738
1754;1863;-109;10:54:56.382738
1753;1866;-113;10:54:56.382738
1759;1862;-103;10:54:56.382738
1759;1858;-99;10:54:56.382738
1755;1859;-104;10:54:56.382738
1755;1858;-103;10:54:56.382738
1753;1858;-105;10:54:56.382738
1752;1863;-111;10:54:56.382738
1756;1864;-108;10:54:56.382738
1757;1868;-111;10:54:56.382738
1758;1867;-109;10:54:56.382738
1758;1863;-105;10:54:56.382738
1758;1866;-108;10:54:56.382738
1758;1871;-113;10:54:56.382738
1762;1873;-111;10:54:56.382738
1763;1871;-108;10:54:56.382738
1762;1871;-109;10:54:56.382738
1763;1872;-109;10:54:56.382738
1761;1870;-109;10:54:56.382738
1760;1873;-113;10:54:56.382738
1763;1871;-108;10:54:56.382738
1766;1869;-103;10:54:56.382738
1763;1872;-109;10:54:56.382738
1757;1871;-114;10:54:56.382738
1756;1872;-116;10:54:56.382738
1759;1876;-117;10:54:56.382738
1763;1879;-116;10:54:56.382738
1769;1878;-109;10:54:56.382738
1769;1874;-105;10:54:56.382738
1770;1875;-105;10:54:56.382738
1768;1875;-107;10:54:56.382738
1764;1875;-111;10:54:56.382738
1765;1875;-110;10:54:56.382738
1768;1874;-106;10:54:56.382738
1769;1877;-108;10:54:56.382738
1766;1879;-113;10:54:56.382738
1768;1879;-111;10:54:56.382738
1770;1880;-110;10:54:56.382738
1774;1883;-109;10:54:56.382738
1775;1881;-106;10:54:56.382738
1777;1883;-106;10:54:56.382738
1775;1882;-107;10:54:56.382738
1771;1883;-112;10:54:56.382738
1774;1883;-109;10:54:56.382738
1776;1885;-109;10:54:56.382738
1778;1889;-111;10:54:56.382738
1779;1888;-109;10:54:56.382738
1776;1887;-111;10:54:56.382738
1777;1888;-111;10:54:56.382738
1780;1885;-105;10:54:56.382738
1778;1885;-107;10:54:56.382738
1779;1887;-108;10:54:56.382738
1781;1883;-102;10:54:56.382738
1779;1883;-104;10:54:56.382738
1777;1884;-107;10:54:56.382738
1777;1884;-107;10:54:56.382738
1777;1884;-107;10:54:56.382738
1773;1880;-107;10:54:56.382738
1772;1880;-108;10:54:56.382738
1770;1875;-105;10:54:56.382738
1763;1873;-110;10:54:56.382738
1764;1877;-113;10:54:56.382738
1767;1877;-110;10:54:56.382738
1766;1875;-109;10:54:56.382738
1763;1876;-113;10:54:56.382738
1765;1869;-104;10:54:56.382738
1768;1867;-99;10:54:56.382738
1767;1870;-103;10:54:56.382738
1769;1868;-99;10:54:56.382738
1764;1871;-107;10:54:56.382738
1763;1871;-108;10:54:56.382738
1768;1876;-108;10:54:56.382738
1762;1874;-112;10:54:56.382738
1763;1877;-114;10:54:56.382738
1766;1878;-112;10:54:56.382738
1767;1876;-109;10:54:56.382738
1767;1879;-112;10:54:56.382738
1773;1878;-105;10:54:56.382738
1774;1878;-104;10:54:56.382738
1773;1883;-110;10:54:56.382738
1771;1882;-111;10:54:56.382738
1775;1883;-108;10:54:56.382738
1777;1883;-106;10:54:56.382738
1777;1885;-108;10:54:56.382738
1777;1883;-106;10:54:56.382738
1778;1882;-104;10:54:56.382738
1776;1885;-109;10:54:56.382738
1777;1885;-108;10:54:56.382738
1772;1881;-109;10:54:56.382738
1764;1881;-117;10:54:56.382738
1766;1880;-114;10:54:56.382738
1768;1880;-112;10:54:56.382738
1763;1882;-119;10:54:56.382738
1763;1878;-115;10:54:56.382738
1764;1876;-112;10:54:56.382738
1768;1876;-108;10:54:56.382738
1768;1873;-105;10:54:56.382738
1765;1870;-105;10:54:56.382738
1762;1870;-108;10:54:56.382738
1760;1870;-110;10:54:56.382738
1758;1869;-111;10:54:56.382738
1759;1871;-112;10:54:56.382738
1756;1868;-112;10:54:56.382738
1756;1871;-115;10:54:56.382738
1757;1868;-111;10:54:56.382738
1756;1869;-113;10:54:56.382738
1756;1865;-109;10:54:56.382738
1754;1867;-113;10:54:56.382738
1752;1866;-114;10:54:56.382738
1756;1866;-110;10:54:56.382738
1756;1869;-113;10:54:56.382738
1755;1869;-114;10:54:56.382738
1757;1869;-112;10:54:56.382738
1759;1870;-111;10:54:56.382738
1757;1873;-116;10:54:56.382738
1752;1871;-119;10:54:56.382738
1755;1870;-115;10:54:56.382738
1758;1871;-113;10:54:56.382738
1758;1872;-114;10:54:56.382738
1758;1871;-113;10:54:56.382738
1758;1873;-115;10:54:56.382738
1758;1876;-118;10:54:56.382738
1761;1872;-111;10:54:56.382738
1758;1874;-116;10:54:56.382738
1756;1872;-116;10:54:56.382738
1754;1872;-118;10:54:56.382738
1751;1869;-118;10:54:56.382738
1755;1869;-114;10:54:56.382738
1752;1865;-113;10:54:56.382738
1747;1861;-114;10:54:56.382738
1746;1859;-113;10:54:56.382738
1743;1857;-114;10:54:56.382738
1742;1855;-113;10:54:56.382738
1741;1853;-112;10:54:56.382738
1740;1854;-114;10:54:56.382738
1736;1852;-116;10:54:56.382738
1731;1850;-119;10:54:56.382738
1733;1850;-117;10:54:56.382738
1735;1852;-117;10:54:56.382738
1732;1850;-118;10:54:56.382738
1734;1852;-118;10:54:56.382738
1736;1850;-114;10:54:56.382738
1734;1853;-119;10:54:56.382738
1735;1851;-116;10:54:56.382738
1734;1853;-119;10:54:56.382738
1733;1851;-118;10:54:56.382738
1732;1851;-119;10:54:56.382738
1738;1853;-115;10:54:56.382738
1736;1857;-121;10:54:56.382738
1737;1855;-118;10:54:56.382738
1739;1856;-117;10:54:56.382738
1739;1860;-121;10:54:56.382738
1744;1865;-121;10:54:56.433227
1746;1865;-119;10:54:56.433227
1750;1861;-111;10:54:56.433227
1746;1861;-115;10:54:56.433227
1748;1864;-116;10:54:56.433227
1753;1863;-110;10:54:56.433227
1753;1861;-108;10:54:56.433227
1753;1861;-108;10:54:56.433227
1753;1861;-108;10:54:56.433227
1752;1861;-109;10:54:56.433227
1753;1865;-112;10:54:56.433227
1757;1863;-106;10:54:56.433227
1757;1864;-107;10:54:56.433227
1753;1871;-118;10:54:56.433227
1756;1868;-112;10:54:56.433227
1761;1868;-107;10:54:56.433227
1763;1869;-106;10:54:56.433227
1765;1869;-104;10:54:56.433227
1763;1873;-110;10:54:56.433227
1770;1878;-108;10:54:56.433227
1769;1876;-107;10:54:56.433227
1765;1874;-109;10:54:56.433227
1764;1875;-111;10:54:56.433227
1765;1875;-110;10:54:56.433227
1767;1875;-108;10:54:56.433227
1765;1876;-111;10:54:56.433227
1763;1876;-113;10:54:56.433227
1768;1872;-104;10:54:56.433227
1768;1874;-106;10:54:56.433227
1767;1875;-108;10:54:56.433227
1765;1874;-109;10:54:56.433227
1764;1874;-110;10:54:56.433227
1764;1875;-111;10:54:56.433227
1765;1877;-112;10:54:56.433227
1765;1881;-116;10:54:56.433227
1766;1881;-115;10:54:56.433227
1769;1879;-110;10:54:56.433227
1773;1884;-111;10:54:56.433227
1771;1881;-110;10:54:56.433227
1770;1877;-107;10:54:56.433227
1771;1877;-106;10:54:56.433227
1770;1879;-109;10:54:56.433227
1765;1879;-114;10:54:56.433227
1765;1875;-110;10:54:56.433227
1765;1873;-108;10:54:56.433227
1764;1876;-112;10:54:56.433227
1763;1871;-108;10:54:56.433227
1764;1870;-106;10:54:56.433227
1763;1874;-111;10:54:56.433227
1761;1872;-111;10:54:56.433227
1761;1871;-110;10:54:56.433227
1760;1869;-109;10:54:56.433227
1761;1870;-109;10:54:56.433227
1758;1865;-107;10:54:56.433227
1757;1865;-108;10:54:56.433227
1756;1869;-113;10:54:56.433227
1756;1867;-111;10:54:56.433227
1755;1865;-110;10:54:56.433227
1754;1869;-115;10:54:56.433227
1757;1867;-110;10:54:56.433227
1759;1868;-109;10:54:56.433227
1758;1870;-112;10:54:56.433227
1754;1871;-117;10:54:56.433227
1755;1871;-116;10:54:56.433227
1757;1874;-117;10:54:56.433227
1759;1872;-113;10:54:56.433227
1761;1872;-111;10:54:56.433227
1761;1879;-118;10:54:56.433227
1761;1882;-121;10:54:56.433227
1764;1879;-115;10:54:56.433227
1768;1882;-114;10:54:56.433227
1774;1883;-109;10:54:56.433227
1772;1883;-111;10:54:56.433227
1772;1886;-114;10:54:56.433227
1775;1889;-114;10:54:56.433227
1774;1888;-114;10:54:56.433227
1775;1887;-112;10:54:56.433227
1779;1886;-107;10:54:56.433227
1779;1890;-111;10:54:56.433227
1780;1890;-110;10:54:56.433227
1778;1890;-112;10:54:56.433227
1780;1889;-109;10:54:56.433227
1780;1890;-110;10:54:56.433227
1780;1888;-108;10:54:56.433227
1782;1885;-103;10:54:56.433227
1776;1883;-107;10:54:56.433227
1769;1883;-114;10:54:56.433227
1771;1883;-112;10:54:56.433227
1772;1883;-111;10:54:56.433227
1770;1878;-108;10:54:56.433227
1765;1881;-116;10:54:56.433227
1764;1881;-117;10:54:56.433227
1765;1881;-116;10:54:56.433227
1765;1880;-115;10:54:56.433227
1765;1880;-115;10:54:56.433227
1766;1878;-112;10:54:56.433227
1766;1876;-110;10:54:56.433227
1763;1877;-114;10:54:56.433227
1760;1869;-109;10:54:56.433227
1762;1872;-110;10:54:56.433227
1760;1871;-111;10:54:56.433227
1754;1869;-115;10:54:56.433227
1755;1871;-116;10:54:56.433227
1754;1872;-118;10:54:56.433227
1754;1870;-116;10:54:56.433227
1755;1870;-115;10:54:56.433227
1758;1871;-113;10:54:56.433227
1757;1873;-116;10:54:56.433227
1762;1873;-111;10:54:56.433227
1763;1872;-109;10:54:56.433227
1762;1872;-110;10:54:56.433227
1762;1873;-111;10:54:56.433227
1761;1871;-110;10:54:56.433227
1757;1873;-116;10:54:56.433227
1759;1870;-111;10:54:56.433227
1756;1873;-117;10:54:56.433227
1752;1872;-120;10:54:56.433227
1751;1870;-119;10:54:56.433227
1751;1871;-120;10:54:56.433227
1756;1867;-111;10:54:56.433227
1753;1867;-114;10:54:56.433227
1754;1864;-110;10:54:56.433227
1754;1863;-109;10:54:56.433227
1751;1865;-114;10:54:56.433227
1752;1862;-110;10:54:56.433227
1746;1860;-114;10:54:56.433227
1741;1860;-119;10:54:56.433227
1743;1862;-119;10:54:56.433227
1746;1858;-112;10:54:56.433227
1749;1857;-108;10:54:56.433227
1745;1857;-112;10:54:56.433227
1743;1854;-111;10:54:56.433227
1746;1858;-112;10:54:56.433227
1749;1856;-107;10:54:56.433227
1747;1856;-109;10:54:56.433227
1742;1854;-112;10:54:56.433227
1743;1858;-115;10:54:56.433227
1744;1856;-112;10:54:56.433227
1742;1857;-115;10:54:56.433227
1747;1862;-115;10:54:56.433227
1750;1866;-116;10:54:56.433227
1750;1865;-115;10:54:56.433227
1755;1866;-111;10:54:56.433227
1753;1865;-112;10:54:56.433227
1754;1864;-110;10:54:56.433227
1759;1869;-110;10:54:56.433227
1761;1869;-108;10:54:56.433227
1758;1866;-108;10:54:56.433227
1756;1867;-111;10:54:56.433227
1756;1869;-113;10:54:56.433227
1754;1868;-114;10:54:56.433227
1755;1864;-109;10:54:56.433227
1758;1867;-109;10:54:56.433227
1757;1867;-110;10:54:56.433227
1751;1861;-110;10:54:56.433227
1755;1862;-107;10:54:56.433227
1755;1864;-109;10:54:56.433227
1752;1864;-112;10:54:56.433227
1752;1862;-110;10:54:56.433227
1755;1863;-108;10:54:56.433227
1753;1860;-107;10:54:56.433227
1753;1860;-107;10:54:56.433227
1754;1863;-109;10:54:56.433227
1757;1867;-110;10:54:56.433227
1761;1869;-108;10:54:56.433227
1762;1870;-108;10:54:56.433227
1759;1872;-113;10:54:56.433227
1761;1875;-114;10:54:56.433227
1765;1875;-110;10:54:56.433227
1763;1879;-116;10:54:56.433227
1763;1880;-117;10:54:56.433227
1767;1877;-110;10:54:56.433227
1766;1882;-116;10:54:56.433227
1765;1882;-117;10:54:56.433227
1768;1878;-110;10:54:56.433227
1773;1877;-104;10:54:56.433227
1773;1878;-105;10:54:56.433227
1768;1876;-108;10:54:56.433227
1767;1878;-111;10:54:56.433227
1766;1878;-112;10:54:56.433227
1765;1877;-112;10:54:56.433227
1768;1876;-108;10:54:56.433227
1766;1877;-111;10:54:56.433227
1762;1878;-116;10:54:56.433227
1762;1878;-116;10:54:56.433227
1765;1879;-114;10:54:56.433227
1769;1881;-112;10:54:56.433227
1768;1877;-109;10:54:56.433227
1770;1881;-111;10:54:56.433227
1767;1879;-112;10:54:56.433227
1765;1878;-113;10:54:56.433227
1769;1876;-107;10:54:56.433227
1770;1875;-105;10:54:56.433227
1766;1870;-104;10:54:56.433227
1767;1870;-103;10:54:56.433227
1764;1870;-106;10:54:56.433227
1762;1870;-108;10:54:56.433227
1761;1868;-107;10:54:56.433227
1757;1869;-112;10:54:56.433227
1756;1872;-116;10:54:56.433227
1759;1873;-114;10:54:56.433227
1757;1870;-113;10:54:56.433227
1752;1872;-120;10:54:56.433227
1754;1872;-118;10:54:56.433227
1758;1872;-114;10:54:56.433227
1758;1872;-114;10:54:56.433227
1760;1869;-109;10:54:56.433227
1760;1871;-111;10:54:56.433227
1760;1872;-112;10:54:56.433227
1761;1873;-112;10:54:56.433227
1761;1870;-109;10:54:56.433227
1760;1867;-107;10:54:56.433227
1757;1866;-109;10:54:56.433227
1754;1872;-118;10:54:56.433227
1757;1872;-115;10:54:56.433227
1757;1872;-115;10:54:56.433227
1758;1872;-114;10:54:56.433227
1762;1875;-113;10:54:56.433227
1761;1874;-113;10:54:56.433227
1759;1874;-115;10:54:56.433227
1762;1876;-114;10:54:56.433227
1764;1875;-111;10:54:56.433227
1761;1875;-114;10:54:56.433227
1765;1876;-111;10:54:56.433227
1763;1876;-113;10:54:56.433227
1763;1875;-112;10:54:56.433227
1764;1877;-113;10:54:56.433227
1766;1878;-112;10:54:56.433227
1766;1878;-112;10:54:56.433227
1765;1878;-113;10:54:56.433227
1761;1877;-116;10:54:56.433227
1764;1876;-112;10:54:56.433227
1765;1881;-116;10:54:56.433227
1764;1882;-118;10:54:56.433227
1767;1882;-115;10:54:56.433227
1769;1883;-114;10:54:56.433227
1768;1882;-114;10:54:56.433227
1770;1878;-108;10:54:56.433227
1769;1878;-109;10:54:56.433227
1767;1875;-108;10:54:56.433227
1768;1877;-109;10:54:56.433227
1765;1881;-116;10:54:56.433227
1765;1877;-112;10:54:56.433227
1767;1878;-111;10:54:56.433227
1768;1876;-108;10:54:56.433227
1765;1878;-113;10:54:56.433227
1766;1875;-109;10:54:56.433227
1764;1874;-110;10:54:56.433227
1762;1876;-114;10:54:56.433227
1760;1873;-113;10:54:56.433227
1759;1868;-109;10:54:56.433227
1758;1869;-111;10:54:56.433227
1759;1867;-108;10:54:56.433227
1755;1866;-111;10:54:56.433227
1751;1869;-118;10:54:56.433227
1753;1872;-119;10:54:56.452172
1756;1874;-118;10:54:56.452172
1758;1873;-115;10:54:56.452172
1762;1873;-111;10:54:56.452172
1762;1874;-112;10:54:56.452172
1761;1877;-116;10:54:56.452172
1764;1875;-111;10:54:56.452172
1764;1875;-111;10:54:56.452172
1768;1877;-109;10:54:56.452172
1763;1874;-111;10:54:56.452172
1760;1874;-114;10:54:56.452172
1759;1872;-113;10:54:56.452172
1759;1870;-111;10:54:56.452172
1757;1873;-116;10:54:56.452172
1758;1872;-114;10:54:56.452172
1754;1872;-118;10:54:56.452172
1753;1869;-116;10:54:56.452172
1754;1866;-112;10:54:56.452172
1748;1864;-116;10:54:56.452172
1747;1862;-115;10:54:56.452172
1746;1860;-114;10:54:56.452172
1743;1858;-115;10:54:56.452172
1744;1856;-112;10:54:56.452172
1744;1856;-112;10:54:56.452172
1744;1859;-115;10:54:56.452172
1744;1862;-118;10:54:56.452172
1746;1862;-116;10:54:56.452172
1744;1864;-120;10:54:56.452172
1744;1862;-118;10:54:56.452172
1743;1860;-117;10:54:56.452172
1746;1860;-114;10:54:56.452172
1747;1862;-115;10:54:56.452172
1748;1859;-111;10:54:56.452172
1746;1864;-118;10:54:56.452172
1748;1862;-114;10:54:56.452172
1748;1862;-114;10:54:56.452172
1745;1862;-117;10:54:56.452172
1749;1862;-113;10:54:56.452172
1749;1861;-112;10:54:56.452172
1750;1861;-111;10:54:56.452172
1749;1861;-112;10:54:56.452172
1748;1860;-112;10:54:56.452172
1750;1861;-111;10:54:56.452172
1751;1859;-108;10:54:56.452172
1750;1861;-111;10:54:56.452172
1746;1859;-113;10:54:56.452172
1744;1858;-114;10:54:56.452172
1746;1856;-110;10:54:56.452172
1744;1855;-111;10:54:56.452172
1743;1852;-109;10:54:56.452172
1743;1854;-111;10:54:56.452172
1744;1855;-111;10:54:56.452172
1744;1852;-108;10:54:56.452172
1745;1854;-109;10:54:56.452172
1747;1854;-107;10:54:56.452172
1745;1855;-110;10:54:56.452172
1745;1855;-110;10:54:56.452172
1746;1856;-110;10:54:56.452172
1744;1857;-113;10:54:56.452172
1743;1857;-114;10:54:56.452172
1744;1858;-114;10:54:56.452172
1744;1858;-114;10:54:56.452172
1744;1856;-112;10:54:56.452172
1745;1856;-111;10:54:56.452172
1742;1854;-112;10:54:56.452172
1743;1853;-110;10:54:56.452172
1740;1848;-108;10:54:56.452172
1739;1845;-106;10:54:56.452172
1737;1845;-108;10:54:56.452172
1737;1844;-107;10:54:56.452172
1735;1843;-108;10:54:56.452172
1733;1845;-112;10:54:56.452172
1736;1846;-110;10:54:56.452172
1734;1848;-114;10:54:56.452172
1735;1849;-114;10:54:56.452172
1738;1849;-111;10:54:56.452172
1742;1853;-111;10:54:56.452172
1743;1855;-112;10:54:56.452172
1745;1857;-112;10:54:56.452172
1743;1856;-113;10:54:56.452172
1744;1856;-112;10:54:56.452172
1745;1858;-113;10:54:56.452172
1744;1855;-111;10:54:56.452172
1740;1854;-114;10:54:56.452172
1744;1859;-115;10:54:56.452172
1747;1859;-112;10:54:56.452172
1747;1860;-113;10:54:56.452172
1748;1860;-112;10:54:56.452172
1751;1861;-110;10:54:56.452172
1753;1861;-108;10:54:56.452172
1755;1862;-107;10:54:56.452172
1756;1865;-109;10:54:56.452172
1755;1865;-110;10:54:56.452172
1758;1863;-105;10:54:56.452172
1758;1861;-103;10:54:56.452172
1761;1865;-104;10:54:56.452172
1764;1866;-102;10:54:56.452172
1765;1870;-105;10:54:56.452172
1761;1872;-111;10:54:56.452172
1761;1872;-111;10:54:56.452172
1761;1873;-112;10:54:56.452172
1760;1874;-114;10:54:56.452172
1763;1875;-112;10:54:56.452172
1762;1874;-112;10:54:56.452172
1761;1874;-113;10:54:56.452172
1761;1871;-110;10:54:56.452172
1764;1872;-108;10:54:56.452172
1762;1873;-111;10:54:56.452172
1762;1874;-112;10:54:56.452172
1764;1872;-108;10:54:56.452172
1765;1873;-108;10:54:56.452172
1763;1870;-107;10:54:56.452172
1765;1871;-106;10:54:56.452172
1765;1875;-110;10:54:56.452172
1768;1879;-111;10:54:56.452172
1769;1880;-111;10:54:56.452172
1775;1885;-110;10:54:56.452172
1780;1890;-110;10:54:56.452172
1778;1893;-115;10:54:56.452172
1782;1898;-116;10:54:56.452172
1785;1898;-113;10:54:56.452172
1787;1899;-112;10:54:56.452172
1791;1900;-109;10:54:56.452172
1789;1900;-111;10:54:56.452172
1791;1901;-110;10:54:56.452172
1792;1901;-109;10:54:56.452172
1793;1900;-107;10:54:56.452172
1792;1899;-107;10:54:56.452172
1790;1898;-108;10:54:56.452172
1788;1898;-110;10:54:56.452172
1787;1899;-112;10:54:56.452172
1784;1894;-110;10:54:56.452172
1784;1893;-109;10:54:56.452172
1781;1892;-111;10:54:56.452172
1777;1892;-115;10:54:56.452172
1776;1891;-115;10:54:56.452172
1774;1887;-113;10:54:56.452172
1772;1884;-112;10:54:56.452172
1773;1882;-109;10:54:56.452172
1773;1879;-106;10:54:56.452172
1770;1877;-107;10:54:56.452172
1769;1876;-107;10:54:56.452172
1766;1876;-110;10:54:56.452172
1765;1876;-111;10:54:56.452172
1765;1876;-111;10:54:56.452172
1760;1874;-114;10:54:56.452172
1761;1875;-114;10:54:56.452172
1767;1876;-109;10:54:56.452172
1766;1880;-114;10:54:56.452172
1767;1878;-111;10:54:56.452172
1770;1880;-110;10:54:56.452172
1770;1879;-109;10:54:56.452172
1769;1881;-112;10:54:56.452172
1770;1880;-110;10:54:56.452172
1768;1881;-113;10:54:56.452172
1768;1881;-113;10:54:56.452172
1765;1881;-116;10:54:56.452172
1764;1880;-116;10:54:56.452172
1763;1876;-113;10:54:56.452172
1762;1873;-111;10:54:56.452172
1756;1869;-113;10:54:56.452172
1754;1867;-113;10:54:56.452172
1755;1861;-106;10:54:56.452172
1750;1858;-108;10:54:56.452172
1747;1859;-112;10:54:56.452172
1743;1858;-115;10:54:56.452172
1743;1858;-115;10:54:56.452172
1745;1855;-110;10:54:56.452172
1744;1855;-111;10:54:56.452172
1743;1854;-111;10:54:56.452172
1741;1853;-112;10:54:56.452172
1744;1854;-110;10:54:56.452172
1742;1853;-111;10:54:56.452172
1740;1854;-114;10:54:56.452172
1740;1856;-116;10:54:56.452172
1742;1856;-114;10:54:56.452172
1743;1856;-113;10:54:56.452172
1744;1856;-112;10:54:56.452172
1742;1859;-117;10:54:56.452172
1741;1857;-116;10:54:56.452172
1742;1855;-113;10:54:56.452172
1743;1855;-112;10:54:56.452172
1741;1851;-110;10:54:56.452172
1735;1849;-114;10:54:56.452172
1736;1850;-114;10:54:56.452172
1738;1847;-109;10:54:56.452172
1739;1845;-106;10:54:56.452172
1738;1844;-106;10:54:56.452172
1737;1847;-110;10:54:56.452172
1736;1847;-111;10:54:56.452172
1736;1845;-109;10:54:56.452172
1734;1846;-112;10:54:56.452172
1733;1847;-114;10:54:56.452172
1733;1848;-115;10:54:56.452172
1733;1847;-114;10:54:56.452172
1737;1851;-114;10:54:56.452172
1738;1853;-115;10:54:56.452172
1742;1854;-112;10:54:56.452172
1744;1855;-111;10:54:56.452172
1744;1851;-107;10:54:56.452172
1744;1852;-108;10:54:56.452172
1744;1853;-109;10:54:56.452172
1740;1853;-113;10:54:56.452172
1739;1852;-113;10:54:56.452172
1742;1851;-109;10:54:56.452172
1742;1851;-109;10:54:56.452172
1737;1848;-111;10:54:56.452172
1735;1846;-111;10:54:56.452172
1733;1848;-115;10:54:56.452172
1736;1849;-113;10:54:56.452172
1739;1850;-111;10:54:56.452172
1741;1850;-109;10:54:56.452172
1742;1851;-109;10:54:56.452172
1742;1849;-107;10:54:56.452172
1744;1853;-109;10:54:56.452172
1742;1852;-110;10:54:56.452172
1739;1851;-112;10:54:56.452172
1739;1853;-114;10:54:56.452172
1743;1855;-112;10:54:56.452172
1743;1855;-112;10:54:56.452172
1745;1858;-113;10:54:56.452172
1748;1860;-112;10:54:56.452172
1749;1863;-114;10:54:56.452172
1748;1862;-114;10:54:56.452172
1753;1864;-111;10:54:56.452172
1756;1866;-110;10:54:56.452172
1757;1864;-107;10:54:56.452172
1756;1864;-108;10:54:56.452172
1756;1868;-112;10:54:56.452172
1757;1870;-113;10:54:56.452172
1760;1871;-111;10:54:56.452172
1762;1872;-110;10:54:56.452172
1761;1871;-110;10:54:56.452172
1759;1870;-111;10:54:56.452172
1761;1870;-109;10:54:56.452172
1761;1869;-108;10:54:56.452172
1763;1870;-107;10:54:56.452172
1765;1872;-107;10:54:56.452172
1765;1872;-107;10:54:56.452172
1764;1872;-108;10:54:56.452172
1764;1873;-109;10:54:56.452172
1766;1875;-109;10:54:56.452172
1767;1874;-107;10:54:56.452172
1767;1873;-106;10:54:56.452172
1767;1874;-107;10:54:56.452172
1765;1874;-109;10:54:56.452172
1764;1875;-111;10:54:56.452172
1763;1875;-112;10:54:56.452172
1759;1875;-116;10:54:56.452172
1758;1874;-116;10:54:56.452172
1759;1875;-116;10:54:56.452172
1760;1872;-112;10:54:56.452172
1754;1871;-117;10:54:56.452172
1754;1870;-116;10:54:56.452172
1757;1870;-113;10:54:56.452172
1759;1868;-109;10:54:56.453169
1761;1869;-108;10:54:56.453169
1761;1871;-110;10:54:56.453169
1761;1874;-113;10:54:56.453169
1762;1873;-111;10:54:56.453169
1762;1872;-110;10:54:56.453169
1762;1876;-114;10:54:56.453169
1765;1878;-113;10:54:56.453169
1769;1880;-111;10:54:56.453169
1768;1879;-111;10:54:56.453169
1768;1882;-114;10:54:56.453169
1772;1886;-114;10:54:56.453169
1771;1887;-116;10:54:56.453169
1771;1884;-113;10:54:56.453169
1772;1886;-114;10:54:56.453169
1772;1886;-114;10:54:56.453169
1774;1884;-110;10:54:56.453169
1774;1886;-112;10:54:56.453169
1774;1883;-109;10:54:56.453169
1769;1882;-113;10:54:56.453169
1770;1882;-112;10:54:56.453169
1769;1878;-109;10:54:56.453169
1767;1875;-108;10:54:56.453169
1767;1872;-105;10:54:56.453169
1764;1872;-108;10:54:56.453169
1761;1871;-110;10:54:56.453169
1760;1869;-109;10:54:56.453169
1761;1871;-110;10:54:56.453169
1761;1873;-112;10:54:56.453169
1759;1871;-112;10:54:56.453169
1759;1870;-111;10:54:56.453169
1760;1870;-110;10:54:56.453169
1758;1871;-113;10:54:56.453169
1756;1869;-113;10:54:56.453169
1761;1872;-111;10:54:56.453169
1761;1870;-109;10:54:56.453169
1761;1870;-109;10:54:56.453169
1759;1871;-112;10:54:56.453169
1760;1870;-110;10:54:56.453169
1758;1869;-111;10:54:56.453169
1759;1869;-110;10:54:56.453169
1760;1869;-109;10:54:56.453169
1756;1870;-114;10:54:56.453169
1758;1871;-113;10:54:56.453169
1758;1869;-111;10:54:56.453169
1756;1870;-114;10:54:56.453169
1762;1871;-109;10:54:56.453169
1765;1872;-107;10:54:56.453169
1768;1877;-109;10:54:56.453169
1771;1880;-109;10:54:56.453169
1776;1882;-106;10:54:56.453169
1778;1885;-107;10:54:56.453169
1778;1884;-106;10:54:56.453169
1780;1883;-103;10:54:56.453169
1777;1884;-107;10:54:56.453169
1774;1884;-110;10:54:56.453169
1773;1884;-111;10:54:56.453169
1773;1882;-109;10:54:56.453169
1771;1879;-108;10:54:56.453169
1769;1877;-108;10:54:56.453169
1768;1879;-111;10:54:56.453169
1770;1878;-108;10:54:56.453169
1769;1875;-106;10:54:56.453169
1770;1873;-103;10:54:56.453169
1769;1872;-103;10:54:56.453169
1764;1874;-110;10:54:56.453169
1762;1873;-111;10:54:56.453169
1763;1873;-110;10:54:56.453169
1766;1873;-107;10:54:56.453169
1765;1874;-109;10:54:56.453169
1765;1877;-112;10:54:56.453169
1767;1877;-110;10:54:56.453169
1767;1877;-110;10:54:56.453169
1764;1876;-112;10:54:56.453169
1765;1875;-110;10:54:56.453169
1767;1877;-110;10:54:56.453169
1764;1875;-111;10:54:56.453169
1762;1875;-113;10:54:56.453169
1761;1872;-111;10:54:56.453169
1765;1874;-109;10:54:56.453169
1765;1874;-109;10:54:56.453169
1767;1873;-106;10:54:56.453169
1767;1874;-107;10:54:56.453169
1768;1876;-108;10:54:56.453169
1767;1876;-109;10:54:56.453169
1770;1875;-105;10:54:56.453169
1770;1878;-108;10:54:56.453169
1769;1880;-111;10:54:56.453169
1768;1879;-111;10:54:56.453169
1766;1879;-113;10:54:56.453169
1766;1876;-110;10:54:56.453169
1764;1874;-110;10:54:56.453169
1762;1875;-113;10:54:56.453169
1763;1874;-111;10:54:56.453169
1763;1872;-109;10:54:56.453169
1763;1868;-105;10:54:56.453169
1756;1865;-109;10:54:56.453169
1753;1866;-113;10:54:56.453169
1753;1865;-112;10:54:56.453169
1750;1865;-115;10:54:56.453169
1749;1863;-114;10:54:56.453169
1749;1864;-115;10:54:56.453169
1750;1865;-115;10:54:56.453169
1749;1864;-115;10:54:56.453169
1748;1862;-114;10:54:56.453169
1746;1860;-114;10:54:56.453169
1747;1862;-115;10:54:56.453169
1745;1859;-114;10:54:56.453169
1744;1858;-114;10:54:56.453169
1746;1856;-110;10:54:56.453169
1744;1854;-110;10:54:56.453169
1743;1855;-112;10:54:56.453169
1740;1854;-114;10:54:56.453169
1739;1854;-115;10:54:56.453169
1739;1852;-113;10:54:56.453169
1737;1851;-114;10:54:56.453169
1738;1852;-114;10:54:56.453169
1738;1853;-115;10:54:56.453169
1737;1855;-118;10:54:56.453169
1738;1856;-118;10:54:56.453169
1740;1856;-116;10:54:56.453169
1740;1853;-113;10:54:56.453169
1740;1853;-113;10:54:56.453169
1743;1854;-111;10:54:56.453169
1742;1855;-113;10:54:56.453169
1744;1856;-112;10:54:56.453169
1746;1856;-110;10:54:56.453169
1746;1860;-114;10:54:56.453169
1748;1859;-111;10:54:56.453169
1749;1859;-110;10:54:56.453169
1747;1861;-114;10:54:56.453169
1743;1861;-118;10:54:56.453169
1748;1862;-114;10:54:56.453169
1747;1858;-111;10:54:56.453169
1744;1855;-111;10:54:56.453169
1743;1852;-109;10:54:56.453169
1742;1854;-112;10:54:56.453169
1739;1854;-115;10:54:56.453169
1741;1852;-111;10:54:56.453169
1743;1852;-109;10:54:56.453169
1744;1849;-105;10:54:56.453169
1743;1852;-109;10:54:56.453169
1743;1854;-111;10:54:56.453169
1742;1856;-114;10:54:56.453169
1745;1853;-108;10:54:56.453169
1748;1853;-105;10:54:56.453169
1746;1855;-109;10:54:56.453169
1742;1855;-113;10:54:56.453169
1745;1858;-113;10:54:56.453169
1747;1860;-113;10:54:56.453169
1749;1861;-112;10:54:56.453169
1753;1861;-108;10:54:56.453169
1755;1864;-109;10:54:56.453169
1757;1866;-109;10:54:56.453169
1762;1867;-105;10:54:56.453169
1765;1868;-103;10:54:56.453169
1768;1868;-100;10:54:56.453169
1767;1869;-102;10:54:56.453169
1768;1871;-103;10:54:56.453169
1768;1876;-108;10:54:56.453169
1770;1879;-109;10:54:56.453169
1769;1880;-111;10:54:56.453169
1772;1881;-109;10:54:56.453169
1773;1880;-107;10:54:56.453169
1771;1879;-108;10:54:56.453169
1772;1879;-107;10:54:56.453169
1772;1878;-106;10:54:56.453169
1768;1875;-107;10:54:56.453169
1768;1874;-106;10:54:56.453169
1769;1870;-101;10:54:56.453169
1766;1869;-103;10:54:56.453169
1763;1870;-107;10:54:56.453169
1766;1873;-107;10:54:56.453169
1768;1873;-105;10:54:56.453169
1767;1875;-108;10:54:56.453169
1769;1876;-107;10:54:56.453169
1770;1876;-106;10:54:56.453169
1770;1877;-107;10:54:56.453169
1775;1881;-106;10:54:56.453169
1777;1881;-104;10:54:56.453169
1774;1882;-108;10:54:56.453169
1778;1884;-106;10:54:56.453169
1778;1886;-108;10:54:56.453169
1778;1885;-107;10:54:56.453169
1779;1885;-106;10:54:56.453169
1779;1886;-107;10:54:56.453169
1779;1887;-108;10:54:56.453169
1779;1886;-107;10:54:56.453169
1780;1888;-108;10:54:56.453169
1781;1887;-106;10:54:56.453169
1780;1883;-103;10:54:56.453169
1780;1884;-104;10:54:56.453169
1778;1882;-104;10:54:56.453169
1777;1877;-100;10:54:56.453169
1773;1878;-105;10:54:56.453169
1773;1878;-105;10:54:56.453169
1771;1878;-107;10:54:56.453169
1772;1877;-105;10:54:56.453169
1771;1877;-106;10:54:56.453169
1770;1880;-110;10:54:56.453169
1772;1881;-109;10:54:56.453169
1774;1882;-108;10:54:56.453169
1775;1884;-109;10:54:56.453169
1770;1883;-113;10:54:56.453169
1771;1883;-112;10:54:56.453169
1775;1884;-109;10:54:56.453169
1773;1884;-111;10:54:56.453169
1774;1881;-107;10:54:56.453169
1776;1880;-104;10:54:56.453169
1772;1878;-106;10:54:56.453169
1772;1874;-102;10:54:56.453169
1774;1873;-99;10:54:56.453169
1773;1874;-101;10:54:56.453169
1774;1873;-99;10:54:56.453169
1771;1873;-102;10:54:56.453169
1771;1870;-99;10:54:56.453169
1773;1871;-98;10:54:56.453169
1770;1876;-106;10:54:56.453169
1769;1878;-109;10:54:56.453169
1768;1878;-110;10:54:56.453169
1767;1878;-111;10:54:56.453169
1768;1879;-111;10:54:56.453169
1770;1877;-107;10:54:56.453169
1768;1878;-110;10:54:56.453169
1769;1877;-108;10:54:56.453169
1768;1877;-109;10:54:56.453169
1767;1874;-107;10:54:56.453169
1764;1873;-109;10:54:56.453169
1764;1873;-109;10:54:56.453169
1762;1872;-110;10:54:56.453169
1759;1873;-114;10:54:56.453169
1760;1870;-110;10:54:56.453169
1759;1868;-109;10:54:56.453169
1756;1864;-108;10:54:56.453169
1756;1869;-113;10:54:56.453169
1762;1869;-107;10:54:56.453169
1760;1867;-107;10:54:56.453169
1762;1867;-105;10:54:56.453169
1763;1866;-103;10:54:56.453169
1761;1867;-106;10:54:56.453169
1759;1870;-111;10:54:56.453169
1757;1870;-113;10:54:56.453169
1753;1870;-117;10:54:56.453169
1753;1867;-114;10:54:56.453169
1754;1868;-114;10:54:56.453169
1753;1867;-114;10:54:56.453169
1750;1865;-115;10:54:56.453169
1751;1861;-110;10:54:56.453169
1750;1859;-109;10:54:56.453169
1747;1856;-109;10:54:56.453169
1745;1857;-112;10:54:56.453169
1744;1857;-113;10:54:56.453169
1745;1857;-112;10:54:56.453169
1749;1857;-108;10:54:56.453169
1753;1860;-107;10:54:56.453169
1752;1863;-111;10:54:56.545925
1754;1865;-111;10:54:56.545925
1757;1867;-110;10:54:56.545925
1760;1866;-106;10:54:56.545925
1763;1870;-107;10:54:56.545925
1763;1873;-110;10:54:56.545925
1762;1875;-113;10:54:56.545925
1765;1879;-114;10:54:56.545925
1767;1879;-112;10:54:56.545925
1768;1879;-111;10:54:56.545925
1768;1877;-109;10:54:56.545925
1766;1876;-110;10:54:56.545925
1765;1874;-109;10:54:56.545925
1763;1872;-109;10:54:56.545925
1763;1874;-111;10:54:56.545925
1762;1872;-110;10:54:56.545925
1762;1868;-106;10:54:56.545925
1761;1867;-106;10:54:56.545925
1760;1868;-108;10:54:56.545925
1758;1864;-106;10:54:56.545925
1758;1865;-107;10:54:56.545925
1756;1866;-110;10:54:56.545925
1756;1867;-111;10:54:56.545925
1757;1867;-110;10:54:56.545925
1756;1867;-111;10:54:56.545925
1752;1868;-116;10:54:56.545925
1752;1867;-115;10:54:56.545925
1752;1867;-115;10:54:56.545925
1750;1865;-115;10:54:56.545925
1751;1863;-112;10:54:56.545925
1752;1863;-111;10:54:56.545925
1752;1863;-111;10:54:56.545925
1748;1861;-113;10:54:56.545925
1747;1860;-113;10:54:56.545925
1745;1861;-116;10:54:56.545925
1746;1863;-117;10:54:56.545925
1750;1863;-113;10:54:56.545925
1752;1865;-113;10:54:56.545925
1750;1868;-118;10:54:56.545925
1754;1869;-115;10:54:56.545925
1759;1874;-115;10:54:56.545925
1764;1875;-111;10:54:56.545925
1763;1875;-112;10:54:56.545925
1763;1877;-114;10:54:56.545925
1764;1879;-115;10:54:56.545925
1763;1880;-117;10:54:56.545925
1762;1879;-117;10:54:56.545925
1762;1880;-118;10:54:56.545925
1762;1881;-119;10:54:56.545925
1764;1880;-116;10:54:56.545925
1766;1879;-113;10:54:56.545925
1763;1879;-116;10:54:56.545925
1761;1877;-116;10:54:56.545925
1762;1875;-113;10:54:56.545925
1760;1873;-113;10:54:56.545925
1757;1870;-113;10:54:56.545925
1754;1869;-115;10:54:56.545925
1756;1867;-111;10:54:56.545925
1757;1867;-110;10:54:56.545925
1756;1863;-107;10:54:56.545925
1754;1863;-109;10:54:56.545925
1754;1861;-107;10:54:56.545925
1752;1863;-111;10:54:56.545925
1751;1864;-113;10:54:56.545925
1751;1865;-114;10:54:56.545925
1751;1867;-116;10:54:56.545925
1751;1866;-115;10:54:56.545925
1752;1865;-113;10:54:56.545925
1752;1867;-115;10:54:56.545925
1752;1869;-117;10:54:56.545925
1752;1867;-115;10:54:56.545925
1753;1865;-112;10:54:56.545925
1751;1863;-112;10:54:56.545925
1752;1864;-112;10:54:56.545925
1754;1862;-108;10:54:56.545925
1756;1865;-109;10:54:56.545925
1753;1864;-111;10:54:56.545925
1753;1867;-114;10:54:56.545925
1755;1868;-113;10:54:56.545925
1758;1870;-112;10:54:56.545925
1757;1872;-115;10:54:56.545925
1760;1873;-113;10:54:56.545925
1761;1875;-114;10:54:56.545925
1761;1877;-116;10:54:56.545925
1765;1877;-112;10:54:56.545925
1764;1875;-111;10:54:56.545925
1764;1874;-110;10:54:56.545925
1765;1874;-109;10:54:56.545925
1763;1872;-109;10:54:56.545925
1761;1872;-111;10:54:56.545925
1760;1869;-109;10:54:56.545925
1758;1868;-110;10:54:56.545925
1756;1868;-112;10:54:56.545925
1755;1869;-114;10:54:56.545925
1754;1867;-113;10:54:56.545925
1753;1865;-112;10:54:56.545925
1754;1864;-110;10:54:56.545925
1755;1864;-109;10:54:56.545925
1754;1862;-108;10:54:56.545925
1753;1865;-112;10:54:56.545925
1753;1867;-114;10:54:56.545925
1756;1869;-113;10:54:56.545925
1757;1869;-112;10:54:56.545925
1760;1868;-108;10:54:56.545925
1760;1872;-112;10:54:56.545925
1760;1872;-112;10:54:56.545925
1763;1875;-112;10:54:56.545925
1764;1876;-112;10:54:56.545925
1762;1877;-115;10:54:56.545925
1760;1877;-117;10:54:56.545925
1758;1876;-118;10:54:56.545925
1762;1877;-115;10:54:56.545925
1762;1873;-111;10:54:56.545925
1760;1871;-111;10:54:56.545925
1758;1870;-112;10:54:56.545925
1759;1871;-112;10:54:56.545925
1759;1871;-112;10:54:56.545925
1757;1870;-113;10:54:56.545925
1754;1866;-112;10:54:56.545925
1755;1866;-111;10:54:56.545925
1752;1863;-111;10:54:56.545925
1751;1863;-112;10:54:56.545925
1749;1863;-114;10:54:56.545925
1750;1864;-114;10:54:56.545925
1752;1864;-112;10:54:56.545925
1752;1863;-111;10:54:56.545925
1754;1865;-111;10:54:56.545925
1754;1867;-113;10:54:56.545925
1754;1864;-110;10:54:56.545925
1756;1865;-109;10:54:56.545925
1755;1866;-111;10:54:56.545925
1755;1867;-112;10:54:56.545925
1756;1870;-114;10:54:56.545925
1756;1870;-114;10:54:56.545925
1755;1868;-113;10:54:56.545925
1759;1869;-110;10:54:56.545925
1762;1872;-110;10:54:56.545925
1762;1872;-110;10:54:56.545925
1764;1871;-107;10:54:56.545925
1764;1872;-108;10:54:56.545925
1766;1874;-108;10:54:56.545925
1768;1879;-111;10:54:56.545925
1766;1880;-114;10:54:56.545925
1766;1881;-115;10:54:56.545925
1767;1883;-116;10:54:56.545925
1768;1884;-116;10:54:56.545925
1769;1886;-117;10:54:56.545925
1769;1882;-113;10:54:56.545925
1772;1884;-112;10:54:56.545925
1774;1885;-111;10:54:56.545925
1776;1887;-111;10:54:56.545925
1775;1887;-112;10:54:56.545925
1775;1886;-111;10:54:56.545925
1772;1886;-114;10:54:56.545925
1772;1883;-111;10:54:56.545925
1773;1885;-112;10:54:56.545925
1774;1883;-109;10:54:56.545925
1773;1884;-111;10:54:56.545925
1775;1884;-109;10:54:56.545925
1777;1886;-109;10:54:56.545925
1778;1885;-107;10:54:56.545925
1775;1887;-112;10:54:56.545925
1776;1885;-109;10:54:56.545925
1777;1888;-111;10:54:56.545925
1779;1889;-110;10:54:56.545925
1779;1887;-108;10:54:56.545925
1782;1887;-105;10:54:56.545925
1781;1886;-105;10:54:56.545925
1779;1884;-105;10:54:56.545925
1779;1884;-105;10:54:56.545925
1777;1885;-108;10:54:56.545925
1776;1884;-108;10:54:56.545925
1773;1883;-110;10:54:56.545925
1770;1881;-111;10:54:56.545925
1765;1879;-114;10:54:56.545925
1765;1874;-109;10:54:56.545925
1761;1872;-111;10:54:56.545925
1758;1867;-109;10:54:56.545925
1759;1868;-109;10:54:56.545925
1758;1870;-112;10:54:56.545925
1758;1869;-111;10:54:56.545925
1757;1868;-111;10:54:56.545925
1756;1866;-110;10:54:56.545925
1757;1866;-109;10:54:56.545925
1758;1866;-108;10:54:56.545925
1758;1869;-111;10:54:56.545925
1758;1867;-109;10:54:56.545925
1758;1869;-111;10:54:56.545925
1759;1869;-110;10:54:56.545925
1758;1872;-114;10:54:56.545925
1757;1870;-113;10:54:56.545925
1758;1871;-113;10:54:56.545925
1758;1871;-113;10:54:56.545925
1762;1872;-110;10:54:56.545925
1761;1871;-110;10:54:56.545925
1761;1871;-110;10:54:56.545925
1761;1870;-109;10:54:56.545925
1761;1868;-107;10:54:56.545925
1759;1867;-108;10:54:56.545925
1758;1866;-108;10:54:56.545925
1758;1867;-109;10:54:56.545925
1757;1867;-110;10:54:56.545925
1758;1868;-110;10:54:56.545925
1756;1869;-113;10:54:56.545925
1753;1865;-112;10:54:56.545925
1752;1864;-112;10:54:56.545925
1750;1862;-112;10:54:56.545925
1753;1862;-109;10:54:56.545925
1752;1861;-109;10:54:56.545925
1748;1860;-112;10:54:56.545925
1747;1857;-110;10:54:56.545925
1747;1858;-111;10:54:56.545925
1748;1854;-106;10:54:56.545925
1747;1851;-104;10:54:56.545925
1746;1851;-105;10:54:56.545925
1746;1852;-106;10:54:56.545925
1743;1854;-111;10:54:56.545925
1743;1855;-112;10:54:56.545925
1746;1857;-111;10:54:56.545925
1746;1858;-112;10:54:56.545925
1745;1859;-114;10:54:56.545925
1745;1858;-113;10:54:56.545925
1744;1856;-112;10:54:56.545925
1743;1856;-113;10:54:56.545925
1745;1859;-114;10:54:56.545925
1749;1863;-114;10:54:56.545925
1749;1863;-114;10:54:56.545925
1751;1863;-112;10:54:56.545925
1751;1866;-115;10:54:56.545925
1750;1864;-114;10:54:56.545925
1750;1863;-113;10:54:56.545925
1752;1865;-113;10:54:56.545925
1753;1866;-113;10:54:56.545925
1754;1863;-109;10:54:56.545925
1754;1861;-107;10:54:56.545925
1752;1863;-111;10:54:56.545925
1749;1859;-110;10:54:56.545925
1749;1857;-108;10:54:56.545925
1749;1855;-106;10:54:56.545925
1749;1852;-103;10:54:56.545925
1747;1854;-107;10:54:56.545925
1746;1855;-109;10:54:56.545925
1743;1856;-113;10:54:56.545925
1745;1853;-108;10:54:56.545925
1748;1855;-107;10:54:56.545925
1747;1856;-109;10:54:56.545925
1746;1855;-109;10:54:56.545925
1745;1857;-112;10:54:56.545925
1746;1857;-111;10:54:56.545925
1748;1862;-114;10:54:56.545925
1751;1865;-114;10:54:56.545925
1750;1865;-115;10:54:56.545925
1752;1867;-115;10:54:56.545925
1753;1868;-115;10:54:56.545925
1756;1868;-112;10:54:56.545925
1760;1869;-109;10:54:56.566869
1759;1869;-110;10:54:56.566869
1762;1870;-108;10:54:56.566869
1762;1871;-109;10:54:56.566869
1762;1870;-108;10:54:56.566869
1762;1870;-108;10:54:56.566869
1761;1869;-108;10:54:56.566869
1761;1869;-108;10:54:56.566869
1762;1868;-106;10:54:56.566869
1757;1869;-112;10:54:56.566869
1757;1871;-114;10:54:56.566869
1760;1871;-111;10:54:56.566869
1761;1870;-109;10:54:56.566869
1762;1868;-106;10:54:56.566869
1763;1870;-107;10:54:56.566869
1763;1871;-108;10:54:56.566869
1763;1870;-107;10:54:56.566869
1764;1873;-109;10:54:56.566869
1764;1875;-111;10:54:56.566869
1763;1874;-111;10:54:56.566869
1764;1873;-109;10:54:56.566869
1765;1875;-110;10:54:56.566869
1763;1875;-112;10:54:56.566869
1762;1872;-110;10:54:56.566869
1764;1871;-107;10:54:56.566869
1766;1872;-106;10:54:56.566869
1766;1873;-107;10:54:56.566869
1764;1870;-106;10:54:56.566869
1761;1869;-108;10:54:56.566869
1760;1867;-107;10:54:56.566869
1759;1869;-110;10:54:56.566869
1758;1869;-111;10:54:56.566869
1760;1871;-111;10:54:56.566869
1760;1871;-111;10:54:56.566869
1761;1872;-111;10:54:56.566869
1760;1875;-115;10:54:56.566869
1759;1873;-114;10:54:56.566869
1758;1872;-114;10:54:56.566869
1757;1871;-114;10:54:56.566869
1756;1870;-114;10:54:56.566869
1756;1871;-115;10:54:56.566869
1753;1870;-117;10:54:56.566869
1751;1868;-117;10:54:56.566869
1748;1866;-118;10:54:56.566869
1749;1864;-115;10:54:56.566869
1750;1864;-114;10:54:56.566869
1751;1861;-110;10:54:56.566869
1753;1860;-107;10:54:56.566869
1753;1861;-108;10:54:56.566869
1756;1862;-106;10:54:56.566869
1755;1865;-110;10:54:56.566869
1755;1865;-110;10:54:56.566869
1755;1866;-111;10:54:56.566869
1755;1866;-111;10:54:56.566869
1756;1869;-113;10:54:56.566869
1757;1873;-116;10:54:56.566869
1758;1875;-117;10:54:56.566869
1761;1871;-110;10:54:56.566869
1763;1872;-109;10:54:56.566869
1761;1874;-113;10:54:56.566869
1761;1873;-112;10:54:56.566869
1762;1873;-111;10:54:56.566869
1759;1872;-113;10:54:56.566869
1761;1872;-111;10:54:56.566869
1761;1876;-115;10:54:56.566869
1761;1873;-112;10:54:56.566869
1761;1872;-111;10:54:56.566869
1762;1871;-109;10:54:56.566869
1762;1871;-109;10:54:56.566869
1760;1870;-110;10:54:56.566869
1761;1870;-109;10:54:56.566869
1760;1871;-111;10:54:56.566869
1762;1869;-107;10:54:56.566869
1764;1869;-105;10:54:56.566869
1763;1869;-106;10:54:56.566869
1762;1872;-110;10:54:56.566869
1763;1873;-110;10:54:56.566869
1765;1874;-109;10:54:56.566869
1762;1874;-112;10:54:56.566869
1763;1877;-114;10:54:56.566869
1764;1879;-115;10:54:56.566869
1764;1880;-116;10:54:56.566869
1763;1879;-116;10:54:56.566869
1763;1880;-117;10:54:56.566869
1764;1879;-115;10:54:56.566869
1764;1877;-113;10:54:56.566869
1765;1877;-112;10:54:56.566869
1766;1878;-112;10:54:56.566869
1768;1877;-109;10:54:56.566869
1763;1875;-112;10:54:56.566869
1762;1877;-115;10:54:56.566869
1763;1879;-116;10:54:56.566869
1764;1882;-118;10:54:56.566869
1767;1881;-114;10:54:56.566869
1772;1883;-111;10:54:56.566869
1774;1881;-107;10:54:56.566869
1772;1880;-108;10:54:56.566869
1770;1878;-108;10:54:56.566869
1771;1878;-107;10:54:56.566869
1767;1877;-110;10:54:56.566869
1765;1877;-112;10:54:56.566869
1764;1875;-111;10:54:56.566869
1761;1874;-113;10:54:56.566869
1760;1874;-114;10:54:56.566869
1757;1871;-114;10:54:56.566869
1753;1870;-117;10:54:56.566869
1754;1871;-117;10:54:56.566869
1755;1869;-114;10:54:56.566869
1753;1867;-114;10:54:56.566869
1753;1864;-111;10:54:56.566869
1754;1864;-110;10:54:56.566869
1751;1865;-114;10:54:56.566869
1750;1864;-114;10:54:56.566869
1750;1863;-113;10:54:56.566869
1751;1864;-113;10:54:56.566869
1751;1860;-109;10:54:56.566869
1752;1859;-107;10:54:56.566869
1752;1861;-109;10:54:56.566869
1752;1861;-109;10:54:56.566869
1751;1862;-111;10:54:56.566869
1752;1862;-110;10:54:56.566869
1754;1866;-112;10:54:56.566869
1753;1865;-112;10:54:56.566869
1753;1868;-115;10:54:56.566869
1757;1872;-115;10:54:56.566869
1757;1874;-117;10:54:56.566869
1760;1873;-113;10:54:56.566869
1762;1875;-113;10:54:56.566869
1762;1877;-115;10:54:56.566869
1762;1876;-114;10:54:56.566869
1764;1877;-113;10:54:56.566869
1763;1874;-111;10:54:56.566869
1761;1873;-112;10:54:56.566869
1760;1872;-112;10:54:56.566869
1759;1870;-111;10:54:56.566869
1760;1868;-108;10:54:56.566869
1758;1868;-110;10:54:56.566869
1758;1866;-108;10:54:56.566869
1756;1865;-109;10:54:56.566869
1756;1865;-109;10:54:56.566869
1754;1862;-108;10:54:56.566869
1751;1863;-112;10:54:56.566869
1750;1862;-112;10:54:56.566869
1750;1861;-111;10:54:56.566869
1749;1861;-112;10:54:56.566869
1748;1860;-112;10:54:56.566869
1749;1861;-112;10:54:56.566869
1749;1861;-112;10:54:56.566869
1747;1863;-116;10:54:56.566869
1748;1866;-118;10:54:56.566869
1751;1867;-116;10:54:56.566869
1754;1868;-114;10:54:56.566869
1758;1868;-110;10:54:56.566869
1757;1869;-112;10:54:56.566869
1756;1868;-112;10:54:56.566869
1753;1869;-116;10:54:56.566869
1753;1866;-113;10:54:56.566869
1752;1864;-112;10:54:56.566869
1751;1864;-113;10:54:56.566869
1751;1865;-114;10:54:56.566869
1751;1865;-114;10:54:56.566869
1749;1864;-115;10:54:56.566869
1749;1866;-117;10:54:56.566869
1752;1866;-114;10:54:56.566869
1753;1863;-110;10:54:56.566869
1750;1862;-112;10:54:56.566869
1751;1865;-114;10:54:56.566869
1749;1866;-117;10:54:56.566869
1749;1866;-117;10:54:56.566869
1749;1866;-117;10:54:56.566869
1749;1867;-118;10:54:56.566869
1752;1868;-116;10:54:56.566869
1754;1867;-113;10:54:56.566869
1751;1867;-116;10:54:56.566869
1750;1866;-116;10:54:56.566869
1752;1864;-112;10:54:56.566869
1747;1864;-117;10:54:56.566869
1743;1862;-119;10:54:56.566869
1742;1860;-118;10:54:56.566869
1741;1858;-117;10:54:56.566869
1741;1853;-112;10:54:56.566869
1741;1850;-109;10:54:56.566869
1740;1852;-112;10:54:56.566869
1738;1855;-117;10:54:56.566869
1740;1853;-113;10:54:56.566869
1740;1854;-114;10:54:56.566869
1740;1853;-113;10:54:56.566869
1739;1857;-118;10:54:56.566869
1738;1859;-121;10:54:56.566869
1741;1858;-117;10:54:56.566869
1741;1858;-117;10:54:56.566869
1743;1857;-114;10:54:56.566869
1747;1860;-113;10:54:56.566869
1749;1860;-111;10:54:56.566869
1751;1863;-112;10:54:56.566869
1750;1865;-115;10:54:56.566869
1754;1870;-116;10:54:56.566869
1756;1870;-114;10:54:56.566869
1759;1873;-114;10:54:56.566869
1762;1872;-110;10:54:56.566869
1763;1874;-111;10:54:56.566869
1766;1875;-109;10:54:56.566869
1771;1880;-109;10:54:56.566869
1772;1879;-107;10:54:56.566869
1773;1881;-108;10:54:56.566869
1777;1884;-107;10:54:56.566869
1779;1887;-108;10:54:56.566869
1780;1886;-106;10:54:56.566869
1781;1887;-106;10:54:56.566869
1781;1889;-108;10:54:56.566869
1780;1886;-106;10:54:56.566869
1780;1884;-104;10:54:56.566869
1777;1884;-107;10:54:56.566869
1778;1882;-104;10:54:56.566869
1777;1880;-103;10:54:56.566869
1774;1877;-103;10:54:56.566869
1773;1876;-103;10:54:56.566869
1772;1877;-105;10:54:56.566869
1773;1877;-104;10:54:56.566869
1770;1877;-107;10:54:56.566869
1770;1877;-107;10:54:56.566869
1769;1875;-106;10:54:56.566869
1768;1874;-106;10:54:56.566869
1766;1874;-108;10:54:56.566869
1765;1875;-110;10:54:56.566869
1767;1875;-108;10:54:56.566869
1765;1875;-110;10:54:56.566869
1764;1876;-112;10:54:56.566869
1765;1877;-112;10:54:56.566869
1768;1877;-109;10:54:56.566869
1769;1877;-108;10:54:56.566869
1767;1876;-109;10:54:56.566869
1765;1877;-112;10:54:56.566869
1764;1874;-110;10:54:56.566869
1767;1872;-105;10:54:56.566869
1765;1874;-109;10:54:56.566869
1764;1872;-108;10:54:56.566869
1765;1874;-109;10:54:56.566869
1767;1874;-107;10:54:56.566869
1765;1873;-108;10:54:56.566869
1765;1873;-108;10:54:56.566869
1770;1877;-107;10:54:56.566869
1769;1878;-109;10:54:56.566869
1767;1877;-110;10:54:56.566869
1768;1878;-110;10:54:56.566869
1770;1878;-108;10:54:56.566869
1769;1881;-112;10:54:56.566869
1768;1878;-110;10:54:56.566869
1768;1880;-112;10:54:56.566869
1766;1878;-112;10:54:56.566869
1764;1875;-111;10:54:56.566869
1763;1872;-109;10:54:56.566869
1765;1869;-104;10:54:56.566869
1760;1865;-105;10:54:56.566869
1756;1864;-108;10:54:56.566869
1750;1859;-109;10:54:56.567862
1746;1856;-110;10:54:56.567862
1745;1858;-113;10:54:56.567862
1742;1858;-116;10:54:56.567862
1741;1854;-113;10:54:56.567862
1744;1850;-106;10:54:56.567862
1743;1851;-108;10:54:56.567862
1743;1849;-106;10:54:56.567862
1740;1850;-110;10:54:56.567862
1741;1851;-110;10:54:56.567862
1743;1852;-109;10:54:56.567862
1746;1857;-111;10:54:56.567862
1746;1856;-110;10:54:56.567862
1742;1854;-112;10:54:56.567862
1745;1858;-113;10:54:56.567862
1745;1861;-116;10:54:56.567862
1744;1862;-118;10:54:56.567862
1744;1860;-116;10:54:56.567862
1746;1860;-114;10:54:56.567862
1747;1859;-112;10:54:56.567862
1745;1859;-114;10:54:56.567862
1748;1859;-111;10:54:56.567862
1748;1860;-112;10:54:56.567862
1751;1860;-109;10:54:56.567862
1753;1862;-109;10:54:56.567862
1754;1859;-105;10:54:56.567862
1754;1859;-105;10:54:56.567862
1754;1859;-105;10:54:56.567862
1753;1859;-106;10:54:56.567862
1752;1857;-105;10:54:56.567862
1753;1856;-103;10:54:56.567862
1753;1854;-101;10:54:56.567862
1748;1855;-107;10:54:56.567862
1745;1857;-112;10:54:56.567862
1747;1857;-110;10:54:56.567862
1747;1855;-108;10:54:56.567862
1745;1853;-108;10:54:56.567862
1742;1851;-109;10:54:56.567862
1739;1852;-113;10:54:56.567862
1742;1855;-113;10:54:56.567862
1745;1855;-110;10:54:56.567862
1744;1856;-112;10:54:56.567862
1745;1856;-111;10:54:56.567862
1745;1855;-110;10:54:56.567862
1745;1858;-113;10:54:56.567862
1746;1859;-113;10:54:56.567862
1747;1860;-113;10:54:56.567862
1748;1860;-112;10:54:56.567862
1748;1861;-113;10:54:56.567862
1750;1860;-110;10:54:56.567862
1747;1857;-110;10:54:56.567862
1747;1859;-112;10:54:56.567862
1749;1857;-108;10:54:56.567862
1749;1856;-107;10:54:56.567862
1749;1854;-105;10:54:56.567862
1750;1856;-106;10:54:56.567862
1749;1857;-108;10:54:56.567862
1749;1855;-106;10:54:56.567862
1749;1854;-105;10:54:56.567862
1747;1853;-106;10:54:56.567862
1747;1852;-105;10:54:56.567862
1747;1852;-105;10:54:56.567862
1747;1850;-103;10:54:56.567862
1748;1852;-104;10:54:56.567862
1753;1854;-101;10:54:56.567862
1753;1856;-103;10:54:56.567862
1753;1854;-101;10:54:56.567862
1755;1857;-102;10:54:56.567862
1758;1857;-99;10:54:56.567862
1758;1860;-102;10:54:56.567862
1759;1863;-104;10:54:56.567862
1760;1864;-104;10:54:56.567862
1758;1864;-106;10:54:56.567862
1759;1866;-107;10:54:56.567862
1759;1867;-108;10:54:56.567862
1758;1865;-107;10:54:56.567862
1759;1865;-106;10:54:56.567862
1758;1866;-108;10:54:56.567862
1756;1866;-110;10:54:56.567862
1756;1864;-108;10:54:56.567862
1755;1864;-109;10:54:56.567862
1754;1864;-110;10:54:56.567862
1754;1863;-109;10:54:56.567862
1751;1862;-111;10:54:56.567862
1751;1862;-111;10:54:56.567862
1754;1863;-109;10:54:56.567862
1756;1864;-108;10:54:56.567862
1757;1863;-106;10:54:56.567862
1757;1866;-109;10:54:56.567862
1760;1870;-110;10:54:56.567862
1763;1872;-109;10:54:56.567862
1764;1872;-108;10:54:56.567862
1765;1872;-107;10:54:56.567862
1768;1873;-105;10:54:56.567862
1768;1876;-108;10:54:56.567862
1767;1876;-109;10:54:56.567862
1764;1879;-115;10:54:56.567862
1765;1880;-115;10:54:56.567862
1767;1881;-114;10:54:56.567862
1769;1880;-111;10:54:56.567862
1770;1881;-111;10:54:56.567862
1769;1880;-111;10:54:56.567862
1774;1882;-108;10:54:56.567862
1775;1880;-105;10:54:56.567862
1772;1877;-105;10:54:56.567862
1769;1876;-107;10:54:56.567862
1769;1877;-108;10:54:56.567862
1770;1875;-105;10:54:56.567862
1771;1874;-103;10:54:56.567862
1767;1873;-106;10:54:56.567862
1768;1875;-107;10:54:56.567862
1769;1874;-105;10:54:56.567862
1765;1874;-109;10:54:56.567862
1762;1875;-113;10:54:56.567862
1763;1875;-112;10:54:56.567862
1766;1876;-110;10:54:56.567862
1767;1874;-107;10:54:56.567862
1766;1876;-110;10:54:56.567862
1765;1878;-113;10:54:56.567862
1767;1879;-112;10:54:56.567862
1770;1878;-108;10:54:56.567862
1771;1877;-106;10:54:56.567862
1769;1878;-109;10:54:56.567862
1769;1876;-107;10:54:56.567862
1770;1875;-105;10:54:56.567862
1768;1875;-107;10:54:56.567862
1769;1878;-109;10:54:56.567862
1770;1880;-110;10:54:56.567862
1772;1876;-104;10:54:56.567862
1768;1872;-104;10:54:56.567862
1767;1871;-104;10:54:56.567862
1765;1872;-107;10:54:56.567862
1763;1874;-111;10:54:56.567862
1761;1874;-113;10:54:56.567862
1764;1874;-110;10:54:56.567862
1764;1875;-111;10:54:56.567862
1764;1874;-110;10:54:56.567862
1762;1874;-112;10:54:56.567862
1762;1873;-111;10:54:56.567862
1762;1873;-111;10:54:56.567862
1760;1873;-113;10:54:56.567862
1761;1871;-110;10:54:56.567862
1765;1872;-107;10:54:56.567862
1766;1874;-108;10:54:56.567862
1766;1873;-107;10:54:56.567862
1764;1874;-110;10:54:56.567862
1763;1876;-113;10:54:56.567862
1762;1876;-114;10:54:56.567862
1763;1877;-114;10:54:56.567862
1764;1876;-112;10:54:56.567862
1763;1875;-112;10:54:56.567862
1763;1873;-110;10:54:56.567862
1765;1872;-107;10:54:56.567862
1763;1870;-107;10:54:56.567862
1762;1870;-108;10:54:56.567862
1764;1871;-107;10:54:56.567862
1766;1874;-108;10:54:56.567862
1765;1875;-110;10:54:56.567862
1762;1876;-114;10:54:56.567862
1766;1876;-110;10:54:56.567862
1764;1879;-115;10:54:56.567862
1766;1879;-113;10:54:56.567862
1763;1878;-115;10:54:56.567862
1762;1877;-115;10:54:56.567862
1763;1877;-114;10:54:56.567862
1762;1875;-113;10:54:56.567862
1761;1876;-115;10:54:56.567862
1761;1874;-113;10:54:56.567862
1758;1872;-114;10:54:56.567862
1761;1871;-110;10:54:56.567862
1759;1868;-109;10:54:56.567862
1759;1866;-107;10:54:56.567862
1757;1864;-107;10:54:56.567862
1754;1865;-111;10:54:56.567862
1753;1863;-110;10:54:56.567862
1753;1864;-111;10:54:56.567862
1751;1867;-116;10:54:56.567862
1749;1867;-118;10:54:56.567862
1750;1867;-117;10:54:56.567862
1752;1868;-116;10:54:56.567862
1753;1870;-117;10:54:56.567862
1755;1870;-115;10:54:56.567862
1758;1871;-113;10:54:56.567862
1759;1867;-108;10:54:56.567862
1760;1868;-108;10:54:56.567862
1763;1868;-105;10:54:56.567862
1763;1868;-105;10:54:56.567862
1759;1865;-106;10:54:56.567862
1754;1868;-114;10:54:56.567862
1755;1868;-113;10:54:56.567862
1755;1866;-111;10:54:56.567862
1753;1867;-114;10:54:56.567862
1751;1867;-116;10:54:56.567862
1753;1865;-112;10:54:56.567862
1753;1865;-112;10:54:56.567862
1754;1863;-109;10:54:56.567862
1753;1864;-111;10:54:56.567862
1752;1865;-113;10:54:56.567862
1751;1864;-113;10:54:56.567862
1748;1861;-113;10:54:56.567862
1746;1860;-114;10:54:56.567862
1746;1859;-113;10:54:56.567862
1746;1861;-115;10:54:56.567862
1744;1858;-114;10:54:56.567862
1743;1855;-112;10:54:56.567862
1743;1853;-110;10:54:56.567862
1742;1853;-111;10:54:56.567862
1742;1852;-110;10:54:56.567862
1742;1852;-110;10:54:56.567862
1742;1852;-110;10:54:56.567862
1740;1852;-112;10:54:56.567862
1742;1855;-113;10:54:56.567862
1745;1854;-109;10:54:56.567862
1743;1855;-112;10:54:56.567862
1744;1853;-109;10:54:56.567862
1746;1854;-108;10:54:56.567862
1744;1855;-111;10:54:56.567862
1743;1856;-113;10:54:56.567862
1742;1856;-114;10:54:56.567862
1742;1857;-115;10:54:56.567862
1745;1855;-110;10:54:56.567862
1745;1854;-109;10:54:56.567862
1743;1855;-112;10:54:56.567862
1745;1857;-112;10:54:56.567862
1750;1859;-109;10:54:56.567862
1750;1859;-109;10:54:56.567862
1747;1856;-109;10:54:56.567862
1745;1853;-108;10:54:56.567862
1746;1854;-108;10:54:56.567862
1747;1856;-109;10:54:56.567862
1747;1853;-106;10:54:56.567862
1748;1855;-107;10:54:56.567862
1747;1856;-109;10:54:56.567862
1747;1855;-108;10:54:56.567862
1750;1856;-106;10:54:56.567862
1754;1858;-104;10:54:56.567862
1756;1859;-103;10:54:56.567862
1756;1862;-106;10:54:56.567862
1758;1868;-110;10:54:56.567862
1759;1871;-112;10:54:56.567862
1765;1873;-108;10:54:56.567862
1770;1877;-107;10:54:56.567862
1771;1879;-108;10:54:56.567862
1771;1879;-108;10:54:56.567862
1773;1878;-105;10:54:56.567862
1773;1878;-105;10:54:56.567862
1771;1877;-106;10:54:56.567862
1772;1880;-108;10:54:56.567862
1773;1882;-109;10:54:56.567862
1772;1880;-108;10:54:56.567862
1769;1877;-108;10:54:56.567862
1771;1878;-107;10:54:56.567862
1771;1877;-106;10:54:56.567862
1771;1874;-103;10:54:56.567862
1771;1876;-105;10:54:56.567862
1771;1875;-104;10:54:56.567862
1771;1874;-103;10:54:56.567862
1771;1874;-103;10:54:56.567862
1768;1872;-104;10:54:56.567862
1769;1874;-105;10:54:56.567862
1768;1873;-105;10:54:56.567862
1765;1872;-107;10:54:56.567862
1764;1869;-105;10:54:56.567862
1763;1872;-109;10:54:56.567862
1764;1870;-106;10:54:56.567862
1764;1869;-105;10:54:56.567862
1763;1869;-106;10:54:56.567862
1763;1869;-106;10:54:56.567862
1762;1868;-106;10:54:56.567862
1762;1867;-105;10:54:56.567862
1762;1869;-107;10:54:56.567862
1760;1867;-107;10:54:56.567862
1757;1870;-113;10:54:56.567862
1758;1871;-113;10:54:56.567862
1759;1871;-112;10:54:56.567862
1763;1871;-108;10:54:56.567862
1764;1870;-106;10:54:56.567862
1764;1872;-108;10:54:56.567862
1765;1871;-106;10:54:56.567862
1766;1871;-105;10:54:56.567862
1763;1870;-107;10:54:56.567862
1761;1868;-107;10:54:56.567862
1760;1872;-112;10:54:56.567862
1761;1871;-110;10:54:56.567862
1756;1868;-112;10:54:56.567862
1754;1865;-111;10:54:56.567862
1754;1866;-112;10:54:56.567862
1757;1866;-109;10:54:56.567862
1759;1864;-105;10:54:56.567862
1756;1861;-105;10:54:56.567862
1755;1863;-108;10:54:56.567862
1754;1862;-108;10:54:56.567862
1754;1863;-109;10:54:56.567862
1758;1864;-106;10:54:56.567862
1756;1864;-108;10:54:56.567862
1756;1868;-112;10:54:56.567862
1758;1869;-111;10:54:56.567862
1760;1873;-113;10:54:56.567862
1762;1873;-111;10:54:56.567862
1766;1874;-108;10:54:56.567862
1768;1876;-108;10:54:56.567862
1769;1875;-106;10:54:56.567862
1769;1877;-108;10:54:56.567862
1769;1876;-107;10:54:56.567862
1766;1873;-107;10:54:56.567862
1763;1872;-109;10:54:56.567862
1760;1871;-111;10:54:56.567862
1757;1871;-114;10:54:56.567862
1758;1871;-113;10:54:56.567862
1759;1867;-108;10:54:56.567862
1758;1866;-108;10:54:56.567862
1756;1866;-110;10:54:56.567862
1757;1867;-110;10:54:56.567862
1759;1868;-109;10:54:56.567862
1759;1866;-107;10:54:56.567862
1759;1865;-106;10:54:56.567862
1761;1867;-106;10:54:56.567862
1762;1866;-104;10:54:56.567862
1761;1867;-106;10:54:56.567862
1760;1869;-109;10:54:56.567862
1760;1869;-109;10:54:56.567862
1762;1868;-106;10:54:56.567862
1761;1870;-109;10:54:56.567862
1756;1869;-113;10:54:56.567862
1752;1864;-112;10:54:56.567862
1753;1864;-111;10:54:56.567862
1752;1860;-108;10:54:56.567862
1753;1860;-107;10:54:56.567862
1752;1858;-106;10:54:56.567862
1750;1858;-108;10:54:56.567862
1749;1859;-110;10:54:56.567862
1752;1858;-106;10:54:56.567862
1753;1856;-103;10:54:56.567862
1753;1858;-105;10:54:56.567862
1752;1861;-109;10:54:56.567862
1751;1863;-112;10:54:56.567862
1751;1864;-113;10:54:56.567862
1753;1863;-110;10:54:56.567862
1755;1865;-110;10:54:56.567862
1754;1866;-112;10:54:56.567862
1749;1864;-115;10:54:56.567862
1747;1861;-114;10:54:56.567862
1746;1860;-114;10:54:56.567862
1744;1860;-116;10:54:56.567862
1743;1858;-115;10:54:56.567862
1747;1859;-112;10:54:56.567862
1748;1858;-110;10:54:56.567862
1747;1856;-109;10:54:56.567862
1748;1853;-105;10:54:56.567862
1746;1854;-108;10:54:56.567862
1746;1856;-110;10:54:56.567862
1746;1856;-110;10:54:56.567862
1743;1857;-114;10:54:56.567862
1744;1856;-112;10:54:56.567862
1747;1853;-106;10:54:56.567862
1750;1855;-105;10:54:56.567862
1750;1857;-107;10:54:56.567862
1751;1858;-107;10:54:56.567862
1747;1860;-113;10:54:56.567862
1748;1859;-111;10:54:56.567862
1752;1860;-108;10:54:56.567862
1752;1860;-108;10:54:56.567862
1751;1863;-112;10:54:56.567862
1752;1863;-111;10:54:56.567862
1751;1863;-112;10:54:56.567862
1755;1863;-108;10:54:56.567862
1755;1863;-108;10:54:56.567862
1755;1863;-108;10:54:56.567862
1756;1864;-108;10:54:56.567862
1756;1866;-110;10:54:56.567862
1756;1863;-107;10:54:56.567862
1755;1862;-107;10:54:56.567862
1752;1863;-111;10:54:56.567862
1750;1863;-113;10:54:56.567862
1750;1862;-112;10:54:56.567862
1750;1866;-116;10:54:56.567862
1750;1864;-114;10:54:56.567862
1751;1865;-114;10:54:56.567862
1754;1864;-110;10:54:56.567862
1757;1865;-108;10:54:56.567862
1758;1865;-107;10:54:56.567862
1758;1865;-107;10:54:56.567862
1755;1866;-111;10:54:56.567862
1755;1867;-112;10:54:56.567862
1757;1868;-111;10:54:56.567862
1761;1870;-109;10:54:56.567862
1761;1870;-109;10:54:56.567862
1762;1872;-110;10:54:56.567862
1762;1877;-115;10:54:56.567862
1761;1879;-118;10:54:56.567862
1767;1879;-112;10:54:56.567862
1770;1880;-110;10:54:56.567862
1771;1881;-110;10:54:56.567862
1774;1882;-108;10:54:56.567862
1775;1885;-110;10:54:56.567862
1775;1885;-110;10:54:56.567862
1774;1884;-110;10:54:56.567862
1774;1884;-110;10:54:56.567862
1776;1883;-107;10:54:56.567862
1774;1881;-107;10:54:56.567862
1773;1878;-105;10:54:56.567862
1772;1877;-105;10:54:56.567862
1772;1876;-104;10:54:56.567862
1768;1877;-109;10:54:56.567862
1767;1876;-109;10:54:56.567862
1767;1874;-107;10:54:56.567862
1763;1873;-110;10:54:56.567862
1762;1873;-111;10:54:56.567862
1763;1870;-107;10:54:56.567862
1761;1869;-108;10:54:56.567862
1759;1872;-113;10:54:56.567862
1762;1873;-111;10:54:56.567862
1763;1874;-111;10:54:56.567862
1763;1874;-111;10:54:56.567862
1764;1876;-112;10:54:56.567862
1763;1875;-112;10:54:56.567862
1761;1874;-113;10:54:56.567862
1762;1873;-111;10:54:56.567862
1763;1875;-112;10:54:56.567862
1763;1876;-113;10:54:56.567862
1763;1879;-116;10:54:56.567862
1766;1880;-114;10:54:56.567862
1767;1881;-114;10:54:56.567862
1766;1881;-115;10:54:56.567862
1769;1881;-112;10:54:56.567862
1770;1881;-111;10:54:56.567862
1769;1879;-110;10:54:56.567862
1770;1881;-111;10:54:56.567862
1770;1877;-107;10:54:56.567862
1766;1875;-109;10:54:56.567862
1767;1875;-108;10:54:56.567862
1767;1876;-109;10:54:56.567862
1765;1876;-111;10:54:56.567862
1763;1872;-109;10:54:56.567862
1763;1871;-108;10:54:56.567862
1759;1870;-111;10:54:56.567862
1755;1870;-115;10:54:56.567862
1756;1872;-116;10:54:56.567862
1757;1872;-115;10:54:56.567862
1760;1868;-108;10:54:56.567862
1762;1867;-105;10:54:56.567862
1760;1868;-108;10:54:56.567862
1759;1867;-108;10:54:56.567862
1756;1865;-109;10:54:56.567862
1751;1864;-113;10:54:56.567862
1753;1866;-113;10:54:56.567862
1756;1865;-109;10:54:56.567862
1758;1865;-107;10:54:56.567862
1755;1865;-110;10:54:56.567862
1753;1865;-112;10:54:56.567862
1754;1865;-111;10:54:56.567862
1757;1864;-107;10:54:56.567862
1755;1863;-108;10:54:56.567862
1752;1866;-114;10:54:56.567862
1755;1869;-114;10:54:56.567862
1754;1867;-113;10:54:56.567862
1755;1866;-111;10:54:56.567862
1755;1868;-113;10:54:56.567862
1754;1867;-113;10:54:56.567862
1756;1866;-110;10:54:56.567862
1756;1864;-108;10:54:56.567862
1754;1863;-109;10:54:56.567862
1754;1864;-110;10:54:56.567862
1757;1866;-109;10:54:56.567862
1758;1865;-107;10:54:56.567862
1759;1864;-105;10:54:56.567862
1758;1865;-107;10:54:56.567862
1758;1867;-109;10:54:56.567862
1758;1867;-109;10:54:56.567862
1756;1866;-110;10:54:56.567862
1759;1870;-111;10:54:56.567862
1758;1872;-114;10:54:56.567862
1758;1870;-112;10:54:56.567862
1759;1868;-109;10:54:56.567862
1759;1866;-107;10:54:56.567862
1756;1865;-109;10:54:56.567862
1753;1861;-108;10:54:56.567862
1751;1859;-108;10:54:56.567862
1747;1856;-109;10:54:56.567862
1746;1858;-112;10:54:56.567862
1745;1861;-116;10:54:56.567862
1745;1861;-116;10:54:56.567862
1745;1860;-115;10:54:56.567862
1746;1860;-114;10:54:56.567862
1749;1860;-111;10:54:56.567862
1747;1863;-116;10:54:56.567862
1751;1865;-114;10:54:56.567862
1756;1867;-111;10:54:56.567862
1757;1866;-109;10:54:56.567862
1756;1866;-110;10:54:56.567862
1759;1866;-107;10:54:56.567862
1755;1868;-113;10:54:56.567862
1753;1867;-114;10:54:56.567862
1755;1869;-114;10:54:56.567862
1754;1870;-116;10:54:56.567862
1753;1867;-114;10:54:56.567862
1754;1864;-110;10:54:56.567862
1752;1865;-113;10:54:56.567862
1750;1866;-116;10:54:56.567862
1749;1863;-114;10:54:56.567862
1750;1863;-113;10:54:56.567862
1749;1863;-114;10:54:56.567862
1749;1861;-112;10:54:56.567862
1750;1863;-113;10:54:56.567862
1750;1861;-111;10:54:56.567862
1751;1863;-112;10:54:56.567862
1758;1861;-103;10:54:56.567862
1758;1865;-107;10:54:56.567862
1760;1867;-107;10:54:56.567862
1760;1869;-109;10:54:56.567862
1763;1873;-110;10:54:56.660619
1766;1875;-109;10:54:56.660619
1764;1879;-115;10:54:56.660619
1763;1874;-111;10:54:56.660619
1759;1872;-113;10:54:56.660619
1758;1870;-112;10:54:56.660619
1758;1871;-113;10:54:56.660619
1755;1871;-116;10:54:56.660619
1755;1868;-113;10:54:56.660619
1753;1868;-115;10:54:56.660619
1753;1863;-110;10:54:56.660619
1752;1860;-108;10:54:56.660619
1748;1858;-110;10:54:56.660619
1744;1855;-111;10:54:56.660619
1743;1854;-111;10:54:56.660619
1744;1852;-108;10:54:56.660619
1742;1850;-108;10:54:56.660619
1739;1850;-111;10:54:56.660619
1740;1850;-110;10:54:56.660619
1739;1851;-112;10:54:56.660619
1741;1850;-109;10:54:56.660619
1743;1853;-110;10:54:56.660619
1744;1857;-113;10:54:56.660619
1746;1859;-113;10:54:56.660619
1746;1860;-114;10:54:56.660619
1748;1861;-113;10:54:56.660619
1750;1863;-113;10:54:56.660619
1751;1862;-111;10:54:56.660619
1753;1863;-110;10:54:56.660619
1755;1864;-109;10:54:56.660619
1757;1867;-110;10:54:56.660619
1758;1867;-109;10:54:56.660619
1759;1868;-109;10:54:56.660619
1760;1869;-109;10:54:56.660619
1760;1870;-110;10:54:56.660619
1759;1870;-111;10:54:56.660619
1760;1870;-110;10:54:56.660619
1761;1870;-109;10:54:56.660619
1763;1870;-107;10:54:56.660619
1761;1869;-108;10:54:56.660619
1756;1864;-108;10:54:56.660619
1755;1864;-109;10:54:56.660619
1752;1863;-111;10:54:56.660619
1754;1861;-107;10:54:56.660619
1753;1860;-107;10:54:56.660619
1753;1860;-107;10:54:56.660619
1749;1859;-110;10:54:56.660619
1746;1860;-114;10:54:56.660619
1745;1861;-116;10:54:56.660619
1747;1860;-113;10:54:56.660619
1752;1861;-109;10:54:56.660619
1755;1862;-107;10:54:56.660619
1758;1864;-106;10:54:56.660619
1758;1865;-107;10:54:56.660619
1758;1868;-110;10:54:56.660619
1762;1870;-108;10:54:56.660619
1763;1874;-111;10:54:56.660619
1761;1873;-112;10:54:56.660619
1762;1873;-111;10:54:56.660619
1763;1873;-110;10:54:56.660619
1765;1870;-105;10:54:56.660619
1765;1872;-107;10:54:56.660619
1764;1872;-108;10:54:56.660619
1766;1873;-107;10:54:56.660619
1767;1874;-107;10:54:56.660619
1768;1872;-104;10:54:56.660619
1766;1871;-105;10:54:56.660619
1767;1873;-106;10:54:56.660619
1770;1876;-106;10:54:56.660619
1772;1878;-106;10:54:56.660619
1771;1875;-104;10:54:56.660619
1771;1876;-105;10:54:56.660619
1772;1876;-104;10:54:56.660619
1774;1876;-102;10:54:56.660619
1770;1876;-106;10:54:56.660619
1769;1875;-106;10:54:56.660619
1768;1876;-108;10:54:56.660619
1767;1873;-106;10:54:56.660619
1767;1872;-105;10:54:56.660619
1768;1874;-106;10:54:56.660619
1768;1874;-106;10:54:56.660619
1768;1875;-107;10:54:56.660619
1767;1872;-105;10:54:56.660619
1764;1870;-106;10:54:56.660619
1764;1868;-104;10:54:56.660619
1763;1868;-105;10:54:56.660619
1762;1868;-106;10:54:56.660619
1761;1871;-110;10:54:56.660619
1760;1870;-110;10:54:56.660619
1762;1868;-106;10:54:56.660619
1760;1866;-106;10:54:56.660619
1760;1865;-105;10:54:56.660619
1757;1865;-108;10:54:56.660619
1755;1867;-112;10:54:56.660619
1754;1870;-116;10:54:56.660619
1753;1868;-115;10:54:56.660619
1754;1867;-113;10:54:56.660619
1758;1871;-113;10:54:56.660619
1759;1872;-113;10:54:56.660619
1759;1873;-114;10:54:56.660619
1762;1870;-108;10:54:56.660619
1763;1871;-108;10:54:56.660619
1766;1872;-106;10:54:56.660619
1767;1874;-107;10:54:56.660619
1764;1875;-111;10:54:56.660619
1766;1876;-110;10:54:56.660619
1767;1876;-109;10:54:56.660619
1766;1871;-105;10:54:56.660619
1765;1870;-105;10:54:56.660619
1760;1869;-109;10:54:56.660619
1759;1870;-111;10:54:56.660619
1757;1867;-110;10:54:56.660619
1758;1866;-108;10:54:56.660619
1756;1862;-106;10:54:56.660619
1752;1861;-109;10:54:56.660619
1751;1860;-109;10:54:56.660619
1748;1858;-110;10:54:56.660619
1747;1855;-108;10:54:56.660619
1746;1855;-109;10:54:56.660619
1747;1857;-110;10:54:56.660619
1745;1856;-111;10:54:56.660619
1744;1854;-110;10:54:56.660619
1744;1854;-110;10:54:56.660619
1748;1858;-110;10:54:56.660619
1750;1860;-110;10:54:56.660619
1748;1859;-111;10:54:56.660619
1751;1862;-111;10:54:56.660619
1753;1863;-110;10:54:56.660619
1753;1865;-112;10:54:56.660619
1754;1864;-110;10:54:56.660619
1755;1865;-110;10:54:56.660619
1755;1865;-110;10:54:56.660619
1758;1867;-109;10:54:56.660619
1759;1868;-109;10:54:56.660619
1761;1869;-108;10:54:56.660619
1763;1869;-106;10:54:56.660619
1761;1868;-107;10:54:56.660619
1759;1866;-107;10:54:56.660619
1758;1865;-107;10:54:56.660619
1758;1864;-106;10:54:56.660619
1755;1863;-108;10:54:56.660619
1752;1863;-111;10:54:56.660619
1754;1862;-108;10:54:56.660619
1753;1860;-107;10:54:56.660619
1754;1860;-106;10:54:56.660619
1753;1860;-107;10:54:56.660619
1752;1859;-107;10:54:56.660619
1751;1859;-108;10:54:56.660619
1752;1859;-107;10:54:56.660619
1750;1859;-109;10:54:56.660619
1751;1859;-108;10:54:56.660619
1749;1858;-109;10:54:56.660619
1748;1855;-107;10:54:56.660619
1745;1854;-109;10:54:56.660619
1743;1854;-111;10:54:56.660619
1742;1854;-112;10:54:56.660619
1742;1852;-110;10:54:56.660619
1741;1850;-109;10:54:56.660619
1740;1848;-108;10:54:56.660619
1741;1850;-109;10:54:56.660619
1741;1851;-110;10:54:56.660619
1740;1849;-109;10:54:56.660619
1740;1848;-108;10:54:56.660619
1743;1853;-110;10:54:56.660619
1745;1856;-111;10:54:56.660619
1747;1855;-108;10:54:56.660619
1744;1854;-110;10:54:56.660619
1746;1855;-109;10:54:56.660619
1746;1858;-112;10:54:56.660619
1747;1860;-113;10:54:56.660619
1748;1862;-114;10:54:56.660619
1751;1862;-111;10:54:56.660619
1752;1864;-112;10:54:56.660619
1753;1866;-113;10:54:56.660619
1757;1864;-107;10:54:56.660619
1759;1866;-107;10:54:56.660619
1762;1869;-107;10:54:56.660619
1766;1874;-108;10:54:56.660619
1763;1874;-111;10:54:56.660619
1769;1880;-111;10:54:56.660619
1770;1882;-112;10:54:56.660619
1771;1880;-109;10:54:56.660619
1772;1879;-107;10:54:56.660619
1773;1878;-105;10:54:56.660619
1773;1880;-107;10:54:56.660619
1774;1878;-104;10:54:56.660619
1775;1879;-104;10:54:56.660619
1772;1879;-107;10:54:56.660619
1771;1881;-110;10:54:56.660619
1773;1880;-107;10:54:56.660619
1771;1878;-107;10:54:56.660619
1769;1877;-108;10:54:56.660619
1767;1874;-107;10:54:56.660619
1767;1874;-107;10:54:56.660619
1767;1872;-105;10:54:56.660619
1766;1871;-105;10:54:56.660619
1764;1870;-106;10:54:56.660619
1763;1873;-110;10:54:56.660619
1764;1873;-109;10:54:56.660619
1764;1870;-106;10:54:56.660619
1766;1871;-105;10:54:56.660619
1765;1874;-109;10:54:56.660619
1764;1876;-112;10:54:56.660619
1765;1875;-110;10:54:56.660619
1765;1877;-112;10:54:56.660619
1768;1879;-111;10:54:56.660619
1770;1882;-112;10:54:56.660619
1768;1884;-116;10:54:56.660619
1769;1888;-119;10:54:56.660619
1773;1887;-114;10:54:56.660619
1773;1887;-114;10:54:56.660619
1774;1887;-113;10:54:56.660619
1777;1886;-109;10:54:56.660619
1775;1886;-111;10:54:56.660619
1776;1884;-108;10:54:56.660619
1775;1885;-110;10:54:56.660619
1773;1882;-109;10:54:56.660619
1771;1880;-109;10:54:56.660619
1771;1879;-108;10:54:56.660619
1770;1875;-105;10:54:56.660619
1770;1874;-104;10:54:56.660619
1767;1875;-108;10:54:56.660619
1767;1876;-109;10:54:56.660619
1766;1876;-110;10:54:56.660619
1766;1876;-110;10:54:56.660619
1769;1874;-105;10:54:56.660619
1767;1873;-106;10:54:56.660619
1765;1870;-105;10:54:56.660619
1761;1869;-108;10:54:56.660619
1759;1868;-109;10:54:56.660619
1758;1869;-111;10:54:56.660619
1757;1870;-113;10:54:56.660619
1757;1867;-110;10:54:56.660619
1754;1865;-111;10:54:56.660619
1750;1863;-113;10:54:56.660619
1748;1863;-115;10:54:56.660619
1745;1862;-117;10:54:56.660619
1743;1859;-116;10:54:56.660619
1744;1859;-115;10:54:56.660619
1749;1859;-110;10:54:56.660619
1748;1858;-110;10:54:56.660619
1747;1857;-110;10:54:56.660619
1745;1858;-113;10:54:56.660619
1744;1858;-114;10:54:56.660619
1744;1861;-117;10:54:56.660619
1748;1864;-116;10:54:56.660619
1751;1867;-116;10:54:56.660619
1756;1868;-112;10:54:56.660619
1757;1867;-110;10:54:56.660619
1759;1868;-109;10:54:56.660619
1762;1870;-108;10:54:56.660619
1763;1873;-110;10:54:56.660619
1763;1874;-111;10:54:56.660619
1765;1877;-112;10:54:56.660619
1767;1878;-111;10:54:56.660619
1769;1875;-106;10:54:56.677573
1767;1876;-109;10:54:56.677573
1766;1875;-109;10:54:56.677573
1764;1870;-106;10:54:56.677573
1761;1869;-108;10:54:56.677573
1761;1869;-108;10:54:56.677573
1759;1868;-109;10:54:56.677573
1758;1865;-107;10:54:56.677573
1757;1863;-106;10:54:56.677573
1754;1864;-110;10:54:56.677573
1752;1862;-110;10:54:56.677573
1753;1861;-108;10:54:56.677573
1753;1864;-111;10:54:56.677573
1754;1864;-110;10:54:56.677573
1753;1865;-112;10:54:56.677573
1758;1867;-109;10:54:56.677573
1759;1868;-109;10:54:56.677573
1759;1869;-110;10:54:56.677573
1761;1872;-111;10:54:56.677573
1761;1870;-109;10:54:56.677573
1761;1868;-107;10:54:56.677573
1762;1869;-107;10:54:56.677573
1760;1871;-111;10:54:56.677573
1757;1869;-112;10:54:56.677573
1755;1870;-115;10:54:56.677573
1755;1869;-114;10:54:56.677573
1757;1871;-114;10:54:56.677573
1758;1869;-111;10:54:56.677573
1760;1871;-111;10:54:56.677573
1761;1867;-106;10:54:56.677573
1760;1867;-107;10:54:56.677573
1762;1866;-104;10:54:56.677573
1760;1868;-108;10:54:56.677573
1756;1868;-112;10:54:56.677573
1758;1870;-112;10:54:56.677573
1759;1870;-111;10:54:56.677573
1758;1870;-112;10:54:56.677573
1757;1870;-113;10:54:56.677573
1755;1868;-113;10:54:56.677573
1756;1864;-108;10:54:56.677573
1754;1866;-112;10:54:56.677573
1755;1866;-111;10:54:56.677573
1754;1865;-111;10:54:56.677573
1757;1865;-108;10:54:56.677573
1757;1863;-106;10:54:56.677573
1758;1866;-108;10:54:56.677573
1755;1866;-111;10:54:56.677573
1757;1869;-112;10:54:56.677573
1760;1869;-109;10:54:56.677573
1760;1869;-109;10:54:56.677573
1755;1867;-112;10:54:56.677573
1754;1867;-113;10:54:56.677573
1754;1866;-112;10:54:56.677573
1753;1864;-111;10:54:56.677573
1753;1862;-109;10:54:56.677573
1750;1862;-112;10:54:56.677573
1748;1859;-111;10:54:56.677573
1746;1858;-112;10:54:56.677573
1748;1858;-110;10:54:56.677573
1747;1861;-114;10:54:56.677573
1749;1862;-113;10:54:56.677573
1750;1861;-111;10:54:56.677573
1751;1860;-109;10:54:56.677573
1751;1860;-109;10:54:56.677573
1752;1864;-112;10:54:56.677573
1753;1867;-114;10:54:56.677573
1753;1866;-113;10:54:56.677573
1751;1863;-112;10:54:56.677573
1753;1864;-111;10:54:56.677573
1751;1866;-115;10:54:56.677573
1752;1867;-115;10:54:56.677573
1751;1869;-118;10:54:56.677573
1750;1870;-120;10:54:56.677573
1755;1869;-114;10:54:56.677573
1759;1869;-110;10:54:56.677573
1757;1867;-110;10:54:56.677573
1754;1865;-111;10:54:56.677573
1754;1868;-114;10:54:56.677573
1758;1868;-110;10:54:56.677573
1757;1867;-110;10:54:56.677573
1756;1867;-111;10:54:56.677573
1757;1869;-112;10:54:56.677573
1757;1867;-110;10:54:56.677573
1756;1866;-110;10:54:56.677573
1758;1865;-107;10:54:56.677573
1760;1865;-105;10:54:56.677573
1761;1867;-106;10:54:56.677573
1762;1869;-107;10:54:56.677573
1760;1870;-110;10:54:56.677573
1760;1872;-112;10:54:56.677573
1763;1874;-111;10:54:56.677573
1765;1878;-113;10:54:56.677573
1764;1878;-114;10:54:56.677573
1764;1879;-115;10:54:56.677573
1767;1879;-112;10:54:56.677573
1764;1875;-111;10:54:56.677573
1764;1872;-108;10:54:56.677573
1763;1871;-108;10:54:56.677573
1762;1871;-109;10:54:56.677573
1759;1868;-109;10:54:56.677573
1756;1867;-111;10:54:56.677573
1755;1869;-114;10:54:56.677573
1756;1871;-115;10:54:56.677573
1758;1871;-113;10:54:56.677573
1759;1870;-111;10:54:56.677573
1761;1871;-110;10:54:56.677573
1761;1871;-110;10:54:56.677573
1760;1871;-111;10:54:56.677573
1761;1870;-109;10:54:56.677573
1762;1871;-109;10:54:56.677573
1762;1873;-111;10:54:56.677573
1764;1874;-110;10:54:56.677573
1762;1874;-112;10:54:56.677573
1763;1874;-111;10:54:56.677573
1764;1874;-110;10:54:56.677573
1765;1875;-110;10:54:56.677573
1765;1874;-109;10:54:56.677573
1767;1877;-110;10:54:56.677573
1767;1877;-110;10:54:56.677573
1765;1878;-113;10:54:56.677573
1766;1879;-113;10:54:56.677573
1766;1879;-113;10:54:56.677573
1766;1880;-114;10:54:56.677573
1768;1879;-111;10:54:56.677573
1767;1879;-112;10:54:56.677573
1764;1875;-111;10:54:56.677573
1762;1877;-115;10:54:56.677573
1762;1876;-114;10:54:56.677573
1762;1874;-112;10:54:56.677573
1760;1873;-113;10:54:56.677573
1755;1871;-116;10:54:56.677573
1752;1869;-117;10:54:56.677573
1751;1868;-117;10:54:56.677573
1753;1866;-113;10:54:56.677573
1755;1866;-111;10:54:56.677573
1752;1866;-114;10:54:56.677573
1753;1866;-113;10:54:56.677573
1755;1868;-113;10:54:56.677573
1757;1868;-111;10:54:56.677573
1761;1873;-112;10:54:56.677573
1764;1878;-114;10:54:56.677573
1767;1879;-112;10:54:56.677573
1770;1879;-109;10:54:56.677573
1771;1878;-107;10:54:56.677573
1774;1883;-109;10:54:56.677573
1775;1885;-110;10:54:56.677573
1774;1885;-111;10:54:56.677573
1776;1884;-108;10:54:56.677573
1773;1883;-110;10:54:56.677573
1773;1884;-111;10:54:56.677573
1772;1884;-112;10:54:56.677573
1769;1883;-114;10:54:56.677573
1766;1878;-112;10:54:56.677573
1761;1876;-115;10:54:56.677573
1762;1873;-111;10:54:56.677573
1761;1871;-110;10:54:56.677573
1759;1868;-109;10:54:56.677573
1755;1865;-110;10:54:56.677573
1755;1865;-110;10:54:56.677573
1753;1865;-112;10:54:56.677573
1754;1866;-112;10:54:56.677573
1753;1863;-110;10:54:56.677573
1751;1865;-114;10:54:56.677573
1752;1868;-116;10:54:56.677573
1754;1869;-115;10:54:56.677573
1757;1870;-113;10:54:56.677573
1758;1869;-111;10:54:56.677573
1758;1872;-114;10:54:56.677573
1758;1875;-117;10:54:56.677573
1758;1876;-118;10:54:56.677573
1759;1876;-117;10:54:56.677573
1760;1875;-115;10:54:56.677573
1760;1877;-117;10:54:56.677573
1763;1879;-116;10:54:56.677573
1763;1879;-116;10:54:56.677573
1763;1879;-116;10:54:56.677573
1761;1878;-117;10:54:56.677573
1760;1875;-115;10:54:56.677573
1762;1872;-110;10:54:56.677573
1760;1876;-116;10:54:56.677573
1760;1874;-114;10:54:56.677573
1758;1875;-117;10:54:56.677573
1754;1876;-122;10:54:56.677573
1756;1875;-119;10:54:56.677573
1758;1877;-119;10:54:56.677573
1759;1874;-115;10:54:56.677573
1761;1873;-112;10:54:56.677573
1758;1871;-113;10:54:56.677573
1757;1871;-114;10:54:56.677573
1755;1869;-114;10:54:56.677573
1752;1867;-115;10:54:56.677573
1751;1865;-114;10:54:56.677573
1750;1863;-113;10:54:56.677573
1751;1865;-114;10:54:56.677573
1749;1861;-112;10:54:56.677573
1747;1862;-115;10:54:56.677573
1749;1860;-111;10:54:56.677573
1750;1861;-111;10:54:56.677573
1752;1859;-107;10:54:56.677573
1752;1861;-109;10:54:56.677573
1752;1864;-112;10:54:56.677573
1755;1868;-113;10:54:56.677573
1755;1868;-113;10:54:56.677573
1755;1868;-113;10:54:56.677573
1751;1869;-118;10:54:56.677573
1754;1872;-118;10:54:56.677573
1753;1871;-118;10:54:56.677573
1752;1869;-117;10:54:56.677573
1753;1871;-118;10:54:56.677573
1756;1871;-115;10:54:56.677573
1755;1871;-116;10:54:56.677573
1755;1871;-116;10:54:56.677573
1756;1875;-119;10:54:56.677573
1759;1876;-117;10:54:56.677573
1756;1874;-118;10:54:56.677573
1757;1872;-115;10:54:56.677573
1758;1872;-114;10:54:56.677573
1760;1873;-113;10:54:56.677573
1760;1871;-111;10:54:56.677573
1755;1868;-113;10:54:56.677573
1753;1869;-116;10:54:56.677573
1756;1867;-111;10:54:56.677573
1758;1869;-111;10:54:56.677573
1756;1871;-115;10:54:56.677573
1759;1870;-111;10:54:56.677573
1760;1873;-113;10:54:56.677573
1758;1873;-115;10:54:56.677573
1759;1872;-113;10:54:56.677573
1758;1872;-114;10:54:56.677573
1759;1872;-113;10:54:56.677573
1759;1874;-115;10:54:56.677573
1760;1872;-112;10:54:56.677573
1757;1871;-114;10:54:56.677573
1755;1869;-114;10:54:56.677573
1753;1867;-114;10:54:56.677573
1753;1867;-114;10:54:56.677573
1755;1867;-112;10:54:56.677573
1754;1867;-113;10:54:56.677573
1753;1869;-116;10:54:56.677573
1752;1868;-116;10:54:56.677573
1752;1869;-117;10:54:56.677573
1756;1872;-116;10:54:56.677573
1757;1872;-115;10:54:56.677573
1754;1871;-117;10:54:56.677573
1754;1872;-118;10:54:56.677573
1754;1872;-118;10:54:56.677573
1753;1870;-117;10:54:56.677573
1751;1864;-113;10:54:56.677573
1749;1864;-115;10:54:56.677573
1747;1864;-117;10:54:56.677573
1744;1862;-118;10:54:56.677573
1744;1863;-119;10:54:56.677573
1744;1861;-117;10:54:56.677573
1746;1858;-112;10:54:56.677573
1746;1858;-112;10:54:56.677573
1745;1858;-113;10:54:56.679568
1744;1859;-115;10:54:56.679568
1744;1861;-117;10:54:56.679568
1745;1861;-116;10:54:56.679568
1745;1859;-114;10:54:56.679568
1746;1859;-113;10:54:56.679568
1749;1861;-112;10:54:56.679568
1754;1862;-108;10:54:56.679568
1754;1863;-109;10:54:56.679568
1758;1865;-107;10:54:56.679568
1756;1866;-110;10:54:56.679568
1757;1867;-110;10:54:56.679568
1760;1869;-109;10:54:56.679568
1755;1869;-114;10:54:56.679568
1757;1870;-113;10:54:56.679568
1761;1873;-112;10:54:56.679568
1760;1874;-114;10:54:56.679568
1759;1873;-114;10:54:56.679568
1761;1875;-114;10:54:56.679568
1761;1874;-113;10:54:56.679568
1760;1875;-115;10:54:56.679568
1760;1877;-117;10:54:56.679568
1763;1878;-115;10:54:56.679568
1763;1876;-113;10:54:56.679568
1763;1875;-112;10:54:56.679568
1767;1873;-106;10:54:56.679568
1771;1875;-104;10:54:56.679568
1771;1875;-104;10:54:56.679568
1769;1878;-109;10:54:56.679568
1768;1878;-110;10:54:56.679568
1768;1879;-111;10:54:56.679568
1770;1880;-110;10:54:56.679568
1770;1881;-111;10:54:56.679568
1767;1881;-114;10:54:56.679568
1764;1880;-116;10:54:56.679568
1767;1882;-115;10:54:56.679568
1768;1879;-111;10:54:56.679568
1772;1880;-108;10:54:56.679568
1773;1882;-109;10:54:56.679568
1775;1881;-106;10:54:56.679568
1772;1883;-111;10:54:56.679568
1770;1882;-112;10:54:56.679568
1768;1882;-114;10:54:56.679568
1767;1880;-113;10:54:56.679568
1767;1879;-112;10:54:56.679568
1768;1877;-109;10:54:56.679568
1766;1876;-110;10:54:56.679568
1763;1872;-109;10:54:56.679568
1759;1871;-112;10:54:56.679568
1760;1870;-110;10:54:56.679568
1754;1867;-113;10:54:56.679568
1754;1868;-114;10:54:56.679568
1755;1867;-112;10:54:56.679568
1755;1866;-111;10:54:56.679568
1758;1863;-105;10:54:56.679568
1757;1864;-107;10:54:56.679568
1755;1863;-108;10:54:56.679568
1756;1865;-109;10:54:56.679568
1755;1866;-111;10:54:56.679568
1753;1866;-113;10:54:56.679568
1751;1865;-114;10:54:56.679568
1752;1865;-113;10:54:56.679568
1751;1866;-115;10:54:56.679568
1749;1866;-117;10:54:56.679568
1750;1865;-115;10:54:56.679568
1752;1867;-115;10:54:56.679568
1756;1866;-110;10:54:56.679568
1757;1866;-109;10:54:56.679568
1758;1868;-110;10:54:56.679568
1757;1869;-112;10:54:56.679568
1759;1870;-111;10:54:56.679568
1760;1869;-109;10:54:56.679568
1759;1870;-111;10:54:56.679568
1757;1871;-114;10:54:56.679568
1758;1872;-114;10:54:56.679568
1758;1875;-117;10:54:56.679568
1758;1875;-117;10:54:56.679568
1760;1875;-115;10:54:56.679568
1764;1874;-110;10:54:56.679568
1764;1872;-108;10:54:56.679568
1766;1872;-106;10:54:56.679568
1765;1869;-104;10:54:56.679568
1764;1869;-105;10:54:56.679568
1766;1869;-103;10:54:56.679568
1767;1869;-102;10:54:56.679568
1766;1870;-104;10:54:56.679568
1765;1872;-107;10:54:56.679568
1764;1872;-108;10:54:56.679568
1763;1872;-109;10:54:56.679568
1762;1873;-111;10:54:56.679568
1760;1875;-115;10:54:56.679568
1758;1874;-116;10:54:56.679568
1761;1872;-111;10:54:56.679568
1760;1871;-111;10:54:56.679568
1761;1871;-110;10:54:56.679568
1761;1872;-111;10:54:56.679568
1760;1871;-111;10:54:56.679568
1761;1869;-108;10:54:56.679568
1761;1869;-108;10:54:56.679568
1762;1869;-107;10:54:56.679568
1763;1870;-107;10:54:56.679568
1763;1871;-108;10:54:56.679568
1762;1873;-111;10:54:56.679568
1761;1874;-113;10:54:56.679568
1759;1873;-114;10:54:56.679568
1759;1872;-113;10:54:56.679568
1756;1873;-117;10:54:56.679568
1757;1872;-115;10:54:56.679568
1757;1870;-113;10:54:56.679568
1757;1865;-108;10:54:56.679568
1758;1862;-104;10:54:56.679568
1757;1861;-104;10:54:56.679568
1756;1861;-105;10:54:56.679568
1753;1862;-109;10:54:56.679568
1755;1862;-107;10:54:56.679568
1756;1863;-107;10:54:56.679568
1755;1863;-108;10:54:56.679568
1757;1864;-107;10:54:56.679568
1757;1865;-108;10:54:56.679568
1756;1864;-108;10:54:56.679568
1757;1865;-108;10:54:56.679568
1754;1866;-112;10:54:56.679568
1753;1867;-114;10:54:56.679568
1751;1867;-116;10:54:56.679568
1749;1865;-116;10:54:56.679568
1750;1861;-111;10:54:56.679568
1748;1862;-114;10:54:56.679568
1746;1859;-113;10:54:56.679568
1744;1856;-112;10:54:56.679568
1748;1858;-110;10:54:56.679568
1751;1859;-108;10:54:56.679568
1756;1858;-102;10:54:56.679568
1759;1860;-101;10:54:56.679568
1760;1862;-102;10:54:56.679568
1760;1866;-106;10:54:56.679568
1756;1866;-110;10:54:56.679568
1755;1866;-111;10:54:56.679568
1752;1865;-113;10:54:56.679568
1750;1862;-112;10:54:56.679568
1748;1857;-109;10:54:56.679568
1747;1858;-111;10:54:56.679568
1743;1855;-112;10:54:56.679568
1741;1858;-117;10:54:56.679568
1744;1859;-115;10:54:56.679568
1750;1860;-110;10:54:56.679568
1753;1863;-110;10:54:56.679568
1754;1860;-106;10:54:56.679568
1755;1861;-106;10:54:56.679568
1755;1862;-107;10:54:56.679568
1758;1859;-101;10:54:56.679568
1759;1863;-104;10:54:56.679568
1759;1862;-103;10:54:56.679568
1757;1866;-109;10:54:56.679568
1753;1868;-115;10:54:56.679568
1750;1869;-119;10:54:56.679568
1751;1866;-115;10:54:56.679568
1752;1867;-115;10:54:56.679568
1753;1869;-116;10:54:56.679568
1755;1870;-115;10:54:56.679568
1757;1873;-116;10:54:56.679568
1762;1875;-113;10:54:56.679568
1768;1879;-111;10:54:56.679568
1772;1883;-111;10:54:56.679568
1775;1885;-110;10:54:56.679568
1774;1882;-108;10:54:56.679568
1769;1880;-111;10:54:56.679568
1768;1881;-113;10:54:56.679568
1766;1881;-115;10:54:56.679568
1762;1879;-117;10:54:56.679568
1762;1874;-112;10:54:56.679568
1761;1872;-111;10:54:56.679568
1762;1867;-105;10:54:56.679568
1762;1867;-105;10:54:56.679568
1761;1869;-108;10:54:56.679568
1762;1871;-109;10:54:56.679568
1761;1870;-109;10:54:56.679568
1766;1869;-103;10:54:56.679568
1764;1872;-108;10:54:56.679568
1761;1874;-113;10:54:56.679568
1762;1874;-112;10:54:56.679568
1760;1875;-115;10:54:56.679568
1754;1872;-118;10:54:56.679568
1756;1868;-112;10:54:56.679568
1756;1867;-111;10:54:56.679568
1755;1862;-107;10:54:56.679568
1755;1860;-105;10:54:56.679568
1754;1864;-110;10:54:56.679568
1757;1865;-108;10:54:56.679568
1757;1862;-105;10:54:56.679568
1755;1864;-109;10:54:56.679568
1754;1867;-113;10:54:56.679568
1754;1867;-113;10:54:56.679568
1755;1869;-114;10:54:56.679568
1760;1868;-108;10:54:56.679568
1762;1867;-105;10:54:56.679568
1759;1869;-110;10:54:56.679568
1759;1870;-111;10:54:56.679568
1756;1870;-114;10:54:56.679568
1757;1871;-114;10:54:56.679568
1757;1869;-112;10:54:56.679568
1756;1869;-113;10:54:56.679568
1750;1866;-116;10:54:56.679568
1745;1865;-120;10:54:56.679568
1748;1863;-115;10:54:56.679568
1751;1864;-113;10:54:56.679568
1754;1865;-111;10:54:56.679568
1755;1866;-111;10:54:56.679568
1752;1863;-111;10:54:56.679568
1753;1863;-110;10:54:56.679568
1753;1862;-109;10:54:56.679568
1754;1866;-112;10:54:56.679568
1758;1868;-110;10:54:56.679568
1759;1873;-114;10:54:56.679568
1759;1877;-118;10:54:56.679568
1761;1879;-118;10:54:56.679568
1762;1882;-120;10:54:56.679568
1762;1881;-119;10:54:56.679568
1760;1879;-119;10:54:56.679568
1758;1875;-117;10:54:56.679568
1759;1873;-114;10:54:56.679568
1756;1870;-114;10:54:56.679568
1757;1867;-110;10:54:56.679568
1760;1871;-111;10:54:56.679568
1762;1876;-114;10:54:56.679568
1767;1878;-111;10:54:56.679568
1772;1881;-109;10:54:56.679568
1769;1882;-113;10:54:56.679568
1767;1882;-115;10:54:56.679568
1770;1887;-117;10:54:56.679568
1771;1882;-111;10:54:56.679568
1772;1884;-112;10:54:56.679568
1774;1883;-109;10:54:56.679568
1776;1884;-108;10:54:56.679568
1778;1888;-110;10:54:56.679568
1781;1886;-105;10:54:56.679568
1782;1885;-103;10:54:56.679568
1779;1882;-103;10:54:56.679568
1779;1880;-101;10:54:56.679568
1775;1880;-105;10:54:56.679568
1772;1879;-107;10:54:56.679568
1765;1873;-108;10:54:56.679568
1762;1870;-108;10:54:56.679568
1759;1869;-110;10:54:56.679568
1754;1868;-114;10:54:56.679568
1748;1864;-116;10:54:56.679568
1749;1866;-117;10:54:56.679568
1748;1863;-115;10:54:56.679568
1745;1861;-116;10:54:56.679568
1742;1856;-114;10:54:56.679568
1743;1856;-113;10:54:56.679568
1746;1855;-109;10:54:56.679568
1745;1856;-111;10:54:56.679568
1745;1855;-110;10:54:56.679568
1747;1855;-108;10:54:56.679568
1747;1856;-109;10:54:56.679568
1752;1868;-116;10:54:56.682560
1753;1872;-119;10:54:56.682560
1759;1872;-113;10:54:56.682560
1763;1874;-111;10:54:56.682560
1766;1876;-110;10:54:56.682560
1767;1880;-113;10:54:56.682560
1769;1882;-113;10:54:56.682560
1773;1883;-110;10:54:56.682560
1772;1882;-110;10:54:56.682560
1774;1878;-104;10:54:56.682560
1772;1880;-108;10:54:56.682560
1766;1880;-114;10:54:56.682560
1765;1879;-114;10:54:56.682560
1765;1882;-117;10:54:56.682560
1768;1882;-114;10:54:56.682560
1772;1878;-106;10:54:56.682560
1772;1877;-105;10:54:56.682560
1767;1876;-109;10:54:56.682560
1759;1874;-115;10:54:56.682560
1757;1869;-112;10:54:56.682560
1755;1866;-111;10:54:56.682560
1750;1859;-109;10:54:56.682560
1748;1854;-106;10:54:56.682560
1743;1852;-109;10:54:56.682560
1738;1850;-112;10:54:56.682560
1735;1846;-111;10:54:56.682560
1736;1849;-113;10:54:56.682560
1739;1849;-110;10:54:56.682560
1740;1851;-111;10:54:56.682560
1735;1854;-119;10:54:56.682560
1736;1857;-121;10:54:56.682560
1744;1855;-111;10:54:56.682560
1750;1858;-108;10:54:56.682560
1749;1863;-114;10:54:56.682560
1752;1864;-112;10:54:56.682560
1755;1865;-110;10:54:56.682560
1753;1868;-115;10:54:56.682560
1752;1868;-116;10:54:56.682560
1753;1870;-117;10:54:56.682560
1757;1870;-113;10:54:56.682560
1757;1871;-114;10:54:56.682560
1756;1868;-112;10:54:56.682560
1757;1868;-111;10:54:56.682560
1757;1866;-109;10:54:56.682560
1753;1866;-113;10:54:56.682560
1756;1860;-104;10:54:56.682560
1753;1860;-107;10:54:56.682560
1752;1857;-105;10:54:56.682560
1750;1854;-104;10:54:56.682560
1745;1856;-111;10:54:56.682560
1745;1859;-114;10:54:56.682560
1747;1859;-112;10:54:56.682560
1747;1859;-112;10:54:56.682560
1747;1857;-110;10:54:56.682560
1743;1855;-112;10:54:56.682560
1742;1854;-112;10:54:56.682560
1745;1854;-109;10:54:56.682560
1746;1854;-108;10:54:56.682560
1747;1852;-105;10:54:56.682560
1740;1852;-112;10:54:56.682560
1738;1852;-114;10:54:56.682560
1739;1857;-118;10:54:56.682560
1741;1858;-117;10:54:56.682560
1743;1860;-117;10:54:56.682560
1744;1859;-115;10:54:56.682560
1744;1856;-112;10:54:56.682560
1743;1856;-113;10:54:56.682560
1741;1853;-112;10:54:56.682560
1744;1854;-110;10:54:56.682560
1743;1855;-112;10:54:56.682560
1742;1854;-112;10:54:56.682560
1744;1860;-116;10:54:56.682560
1748;1865;-117;10:54:56.682560
1750;1865;-115;10:54:56.682560
1755;1867;-112;10:54:56.682560
1759;1871;-112;10:54:56.682560
1761;1867;-106;10:54:56.682560
1754;1866;-112;10:54:56.682560
1756;1867;-111;10:54:56.682560
1755;1864;-109;10:54:56.682560
1753;1866;-113;10:54:56.682560
1754;1866;-112;10:54:56.682560
1756;1867;-111;10:54:56.682560
1757;1868;-111;10:54:56.682560
1757;1872;-115;10:54:56.682560
1760;1872;-112;10:54:56.682560
1762;1874;-112;10:54:56.682560
1766;1873;-107;10:54:56.682560
1763;1872;-109;10:54:56.682560
1756;1869;-113;10:54:56.682560
1758;1867;-109;10:54:56.682560
1760;1867;-107;10:54:56.682560
1757;1866;-109;10:54:56.682560
1756;1865;-109;10:54:56.682560
1753;1868;-115;10:54:56.682560
1753;1867;-114;10:54:56.682560
1756;1869;-113;10:54:56.682560
1760;1875;-115;10:54:56.682560
1763;1876;-113;10:54:56.682560
1772;1878;-106;10:54:56.682560
1774;1881;-107;10:54:56.682560
1775;1883;-108;10:54:56.682560
1778;1888;-110;10:54:56.682560
1781;1894;-113;10:54:56.682560
1777;1893;-116;10:54:56.682560
1780;1893;-113;10:54:56.682560
1779;1891;-112;10:54:56.682560
1777;1891;-114;10:54:56.682560
1778;1892;-114;10:54:56.682560
1777;1892;-115;10:54:56.682560
1780;1893;-113;10:54:56.682560
1785;1891;-106;10:54:56.682560
1789;1891;-102;10:54:56.682560
1784;1892;-108;10:54:56.682560
1784;1896;-112;10:54:56.682560
1787;1899;-112;10:54:56.682560
1789;1898;-109;10:54:56.682560
1794;1896;-102;10:54:56.682560
1800;1900;-100;10:54:56.682560
1793;1903;-110;10:54:56.682560
1793;1901;-108;10:54:56.682560
1793;1898;-105;10:54:56.682560
1791;1896;-105;10:54:56.682560
1791;1892;-101;10:54:56.682560
1790;1892;-102;10:54:56.682560
1787;1893;-106;10:54:56.682560
1784;1890;-106;10:54:56.682560
1781;1890;-109;10:54:56.682560
1778;1886;-108;10:54:56.682560
1777;1883;-106;10:54:56.682560
1775;1882;-107;10:54:56.682560
1770;1882;-112;10:54:56.682560
1767;1883;-116;10:54:56.682560
1767;1882;-115;10:54:56.682560
1762;1880;-118;10:54:56.682560
1763;1881;-118;10:54:56.682560
1769;1878;-109;10:54:56.682560
1765;1878;-113;10:54:56.682560
1759;1872;-113;10:54:56.682560
1762;1868;-106;10:54:56.682560
1762;1868;-106;10:54:56.682560
1759;1868;-109;10:54:56.682560
1757;1868;-111;10:54:56.682560
1756;1871;-115;10:54:56.682560
1757;1877;-120;10:54:56.682560
1759;1877;-118;10:54:56.682560
1765;1880;-115;10:54:56.682560
1768;1883;-115;10:54:56.682560
1768;1885;-117;10:54:56.682560
1772;1888;-116;10:54:56.682560
1774;1893;-119;10:54:56.682560
1775;1887;-112;10:54:56.682560
1780;1887;-107;10:54:56.682560
1781;1885;-104;10:54:56.682560
1777;1887;-110;10:54:56.682560
1775;1885;-110;10:54:56.682560
1775;1887;-112;10:54:56.682560
1772;1884;-112;10:54:56.682560
1770;1883;-113;10:54:56.682560
1770;1883;-113;10:54:56.682560
1768;1883;-115;10:54:56.682560
1767;1880;-113;10:54:56.682560
1764;1878;-114;10:54:56.682560
1765;1875;-110;10:54:56.682560
1762;1871;-109;10:54:56.682560
1758;1862;-104;10:54:56.682560
1754;1858;-104;10:54:56.682560
1750;1859;-109;10:54:56.682560
1750;1858;-108;10:54:56.682560
1748;1858;-110;10:54:56.682560
1746;1858;-112;10:54:56.682560
1742;1859;-117;10:54:56.682560
1746;1862;-116;10:54:56.682560
1746;1864;-118;10:54:56.682560
1747;1861;-114;10:54:56.682560
1749;1861;-112;10:54:56.682560
1752;1861;-109;10:54:56.682560
1755;1861;-106;10:54:56.682560
1753;1859;-106;10:54:56.682560
1751;1860;-109;10:54:56.682560
1754;1860;-106;10:54:56.682560
1754;1863;-109;10:54:56.682560
1750;1864;-114;10:54:56.682560
1746;1867;-121;10:54:56.682560
1748;1871;-123;10:54:56.682560
1749;1864;-115;10:54:56.682560
1748;1864;-116;10:54:56.682560
1750;1860;-110;10:54:56.682560
1751;1857;-106;10:54:56.682560
1751;1854;-103;10:54:56.682560
1749;1858;-109;10:54:56.682560
1747;1857;-110;10:54:56.682560
1747;1852;-105;10:54:56.682560
1744;1850;-106;10:54:56.682560
1740;1850;-110;10:54:56.682560
1737;1846;-109;10:54:56.682560
1733;1846;-113;10:54:56.682560
1734;1848;-114;10:54:56.682560
1733;1846;-113;10:54:56.682560
1734;1847;-113;10:54:56.682560
1732;1849;-117;10:54:56.682560
1735;1847;-112;10:54:56.682560
1736;1844;-108;10:54:56.682560
1732;1841;-109;10:54:56.682560
1729;1839;-110;10:54:56.682560
1730;1838;-108;10:54:56.682560
1725;1840;-115;10:54:56.682560
1721;1843;-122;10:54:56.682560
1720;1843;-123;10:54:56.682560
1723;1844;-121;10:54:56.682560
1723;1845;-122;10:54:56.682560
1726;1843;-117;10:54:56.682560
1727;1843;-116;10:54:56.682560
1726;1845;-119;10:54:56.682560
1731;1850;-119;10:54:56.682560
1734;1852;-118;10:54:56.682560
1736;1857;-121;10:54:56.682560
1736;1859;-123;10:54:56.682560
1739;1862;-123;10:54:56.682560
1741;1859;-118;10:54:56.682560
1741;1862;-121;10:54:56.682560
1742;1857;-115;10:54:56.682560
1741;1858;-117;10:54:56.682560
1740;1850;-110;10:54:56.682560
1735;1848;-113;10:54:56.682560
1731;1851;-120;10:54:56.682560
1734;1852;-118;10:54:56.682560
1737;1854;-117;10:54:56.682560
1740;1856;-116;10:54:56.682560
1743;1858;-115;10:54:56.682560
1746;1859;-113;10:54:56.682560
1744;1861;-117;10:54:56.682560
1748;1860;-112;10:54:56.682560
1749;1859;-110;10:54:56.682560
1747;1857;-110;10:54:56.682560
1747;1857;-110;10:54:56.682560
1748;1861;-113;10:54:56.682560
1748;1861;-113;10:54:56.682560
1754;1865;-111;10:54:56.682560
1752;1864;-112;10:54:56.682560
1751;1866;-115;10:54:56.682560
1751;1867;-116;10:54:56.682560
1754;1867;-113;10:54:56.682560
1751;1867;-116;10:54:56.682560
1753;1863;-110;10:54:56.682560
1753;1867;-114;10:54:56.682560
1754;1867;-113;10:54:56.682560
1756;1870;-114;10:54:56.682560
1760;1872;-112;10:54:56.682560
1764;1875;-111;10:54:56.682560
1764;1874;-110;10:54:56.682560
1762;1874;-112;10:54:56.682560
1764;1875;-111;10:54:56.682560
1764;1877;-113;10:54:56.682560
1764;1876;-112;10:54:56.682560
1766;1881;-115;10:54:56.728437
1766;1877;-111;10:54:56.728437
1768;1878;-110;10:54:56.728437
1769;1878;-109;10:54:56.728437
1766;1880;-114;10:54:56.728437
1768;1882;-114;10:54:56.728437
1770;1882;-112;10:54:56.728437
1768;1886;-118;10:54:56.728437
1770;1885;-115;10:54:56.728437
1768;1884;-116;10:54:56.728437
1769;1885;-116;10:54:56.728437
1769;1885;-116;10:54:56.728437
1770;1879;-109;10:54:56.728437
1767;1876;-109;10:54:56.728437
1763;1871;-108;10:54:56.728437
1762;1869;-107;10:54:56.728437
1765;1870;-105;10:54:56.728437
1760;1871;-111;10:54:56.728437
1759;1873;-114;10:54:56.728437
1760;1875;-115;10:54:56.728437
1759;1875;-116;10:54:56.728437
1758;1873;-115;10:54:56.728437
1762;1874;-112;10:54:56.728437
1761;1877;-116;10:54:56.728437
1764;1874;-110;10:54:56.728437
1763;1875;-112;10:54:56.728437
1764;1877;-113;10:54:56.728437
1766;1878;-112;10:54:56.728437
1768;1878;-110;10:54:56.728437
1770;1881;-111;10:54:56.728437
1768;1883;-115;10:54:56.728437
1767;1882;-115;10:54:56.728437
1768;1880;-112;10:54:56.728437
1767;1879;-112;10:54:56.728437
1764;1879;-115;10:54:56.728437
1769;1879;-110;10:54:56.728437
1766;1876;-110;10:54:56.728437
1765;1874;-109;10:54:56.728437
1768;1876;-108;10:54:56.728437
1772;1879;-107;10:54:56.728437
1773;1875;-102;10:54:56.728437
1771;1876;-105;10:54:56.728437
1772;1880;-108;10:54:56.728437
1774;1877;-103;10:54:56.728437
1773;1876;-103;10:54:56.728437
1774;1876;-102;10:54:56.728437
1769;1876;-107;10:54:56.728437
1768;1875;-107;10:54:56.728437
1769;1876;-107;10:54:56.728437
1768;1876;-108;10:54:56.728437
1769;1879;-110;10:54:56.728437
1773;1880;-107;10:54:56.728437
1772;1886;-114;10:54:56.728437
1770;1887;-117;10:54:56.728437
1769;1888;-119;10:54:56.728437
1770;1888;-118;10:54:56.728437
1771;1888;-117;10:54:56.728437
1769;1886;-117;10:54:56.728437
1771;1880;-109;10:54:56.728437
1771;1878;-107;10:54:56.728437
1772;1872;-100;10:54:56.728437
1769;1870;-101;10:54:56.728437
1763;1868;-105;10:54:56.728437
1763;1870;-107;10:54:56.728437
1764;1869;-105;10:54:56.728437
1761;1869;-108;10:54:56.728437
1760;1868;-108;10:54:56.728437
1761;1868;-107;10:54:56.728437
1760;1869;-109;10:54:56.728437
1762;1873;-111;10:54:56.728437
1761;1874;-113;10:54:56.728437
1761;1878;-117;10:54:56.728437
1762;1876;-114;10:54:56.728437
1763;1878;-115;10:54:56.728437
1762;1878;-116;10:54:56.728437
1764;1877;-113;10:54:56.728437
1765;1874;-109;10:54:56.728437
1763;1874;-111;10:54:56.728437
1761;1874;-113;10:54:56.728437
1764;1875;-111;10:54:56.728437
1765;1877;-112;10:54:56.728437
1766;1878;-112;10:54:56.728437
1762;1874;-112;10:54:56.728437
1758;1873;-115;10:54:56.728437
1760;1871;-111;10:54:56.728437
1760;1868;-108;10:54:56.728437
1754;1866;-112;10:54:56.728437
1753;1868;-115;10:54:56.728437
1755;1867;-112;10:54:56.728437
1754;1869;-115;10:54:56.728437
1754;1867;-113;10:54:56.728437
1752;1866;-114;10:54:56.728437
1747;1864;-117;10:54:56.728437
1744;1861;-117;10:54:56.728437
1742;1858;-116;10:54:56.728437
1741;1857;-116;10:54:56.728437
1741;1852;-111;10:54:56.728437
1742;1853;-111;10:54:56.728437
1741;1855;-114;10:54:56.728437
1744;1858;-114;10:54:56.728437
1740;1856;-116;10:54:56.728437
1739;1855;-116;10:54:56.728437
1738;1857;-119;10:54:56.728437
1740;1857;-117;10:54:56.728437
1739;1858;-119;10:54:56.728437
1736;1857;-121;10:54:56.728437
1736;1856;-120;10:54:56.728437
1741;1854;-113;10:54:56.728437
1745;1854;-109;10:54:56.728437
1749;1856;-107;10:54:56.728437
1750;1861;-111;10:54:56.728437
1751;1861;-110;10:54:56.728437
1752;1863;-111;10:54:56.728437
1755;1862;-107;10:54:56.728437
1755;1864;-109;10:54:56.728437
1753;1866;-113;10:54:56.728437
1752;1864;-112;10:54:56.728437
1749;1863;-114;10:54:56.728437
1750;1864;-114;10:54:56.728437
1752;1864;-112;10:54:56.728437
1756;1868;-112;10:54:56.728437
1760;1872;-112;10:54:56.728437
1762;1873;-111;10:54:56.728437
1761;1871;-110;10:54:56.728437
1758;1870;-112;10:54:56.728437
1756;1867;-111;10:54:56.728437
1758;1866;-108;10:54:56.728437
1757;1871;-114;10:54:56.728437
1751;1868;-117;10:54:56.728437
1752;1867;-115;10:54:56.728437
1754;1868;-114;10:54:56.728437
1753;1864;-111;10:54:56.728437
1752;1865;-113;10:54:56.728437
1753;1859;-106;10:54:56.728437
1753;1859;-106;10:54:56.728437
1748;1858;-110;10:54:56.728437
1746;1852;-106;10:54:56.728437
1746;1853;-107;10:54:56.728437
1746;1855;-109;10:54:56.728437
1746;1855;-109;10:54:56.728437
1745;1857;-112;10:54:56.728437
1751;1859;-108;10:54:56.728437
1754;1864;-110;10:54:56.728437
1756;1865;-109;10:54:56.728437
1758;1866;-108;10:54:56.728437
1759;1872;-113;10:54:56.728437
1763;1869;-106;10:54:56.728437
1763;1873;-110;10:54:56.728437
1761;1875;-114;10:54:56.728437
1762;1877;-115;10:54:56.728437
1762;1879;-117;10:54:56.728437
1765;1881;-116;10:54:56.728437
1767;1881;-114;10:54:56.728437
1769;1878;-109;10:54:56.728437
1766;1878;-112;10:54:56.728437
1762;1876;-114;10:54:56.728437
1760;1872;-112;10:54:56.728437
1761;1873;-112;10:54:56.728437
1757;1871;-114;10:54:56.728437
1753;1868;-115;10:54:56.728437
1752;1865;-113;10:54:56.728437
1751;1862;-111;10:54:56.728437
1750;1858;-108;10:54:56.728437
1749;1860;-111;10:54:56.728437
1748;1857;-109;10:54:56.728437
1749;1860;-111;10:54:56.728437
1749;1858;-109;10:54:56.728437
1754;1861;-107;10:54:56.728437
1753;1863;-110;10:54:56.728437
1754;1866;-112;10:54:56.728437
1757;1870;-113;10:54:56.728437
1759;1871;-112;10:54:56.728437
1764;1876;-112;10:54:56.728437
1772;1877;-105;10:54:56.728437
1769;1878;-109;10:54:56.728437
1768;1879;-111;10:54:56.728437
1769;1877;-108;10:54:56.728437
1770;1878;-108;10:54:56.728437
1770;1873;-103;10:54:56.728437
1768;1874;-106;10:54:56.728437
1769;1876;-107;10:54:56.728437
1769;1875;-106;10:54:56.728437
1767;1872;-105;10:54:56.728437
1769;1872;-103;10:54:56.728437
1769;1876;-107;10:54:56.728437
1768;1876;-108;10:54:56.728437
1768;1877;-109;10:54:56.728437
1771;1881;-110;10:54:56.728437
1774;1887;-113;10:54:56.728437
1774;1886;-112;10:54:56.728437
1776;1886;-110;10:54:56.728437
1776;1888;-112;10:54:56.728437
1776;1893;-117;10:54:56.728437
1781;1893;-112;10:54:56.728437
1781;1892;-111;10:54:56.728437
1783;1893;-110;10:54:56.728437
1786;1892;-106;10:54:56.728437
1784;1894;-110;10:54:56.728437
1784;1892;-108;10:54:56.728437
1783;1894;-111;10:54:56.728437
1786;1896;-110;10:54:56.728437
1788;1897;-109;10:54:56.728437
1786;1896;-110;10:54:56.728437
1788;1900;-112;10:54:56.728437
1788;1899;-111;10:54:56.728437
1783;1895;-112;10:54:56.728437
1782;1895;-113;10:54:56.728437
1781;1889;-108;10:54:56.728437
1779;1885;-106;10:54:56.728437
1778;1884;-106;10:54:56.728437
1778;1887;-109;10:54:56.728437
1780;1884;-104;10:54:56.728437
1779;1882;-103;10:54:56.728437
1781;1883;-102;10:54:56.728437
1777;1885;-108;10:54:56.728437
1775;1888;-113;10:54:56.728437
1778;1889;-111;10:54:56.728437
1777;1890;-113;10:54:56.728437
1781;1891;-110;10:54:56.728437
1782;1891;-109;10:54:56.728437
1781;1890;-109;10:54:56.728437
1779;1887;-108;10:54:56.728437
1778;1885;-107;10:54:56.728437
1779;1885;-106;10:54:56.728437
1776;1885;-109;10:54:56.728437
1779;1886;-107;10:54:56.728437
1777;1885;-108;10:54:56.728437
1771;1883;-112;10:54:56.728437
1770;1882;-112;10:54:56.728437
1771;1884;-113;10:54:56.728437
1773;1880;-107;10:54:56.728437
1772;1880;-108;10:54:56.728437
1772;1880;-108;10:54:56.728437
1771;1880;-109;10:54:56.728437
1769;1878;-109;10:54:56.728437
1771;1879;-108;10:54:56.728437
1771;1879;-108;10:54:56.728437
1771;1878;-107;10:54:56.728437
1772;1880;-108;10:54:56.728437
1771;1878;-107;10:54:56.728437
1769;1875;-106;10:54:56.728437
1768;1872;-104;10:54:56.728437
1765;1873;-108;10:54:56.728437
1762;1869;-107;10:54:56.728437
1757;1868;-111;10:54:56.728437
1755;1869;-114;10:54:56.728437
1757;1872;-115;10:54:56.728437
1757;1870;-113;10:54:56.728437
1754;1868;-114;10:54:56.728437
1753;1866;-113;10:54:56.728437
1750;1863;-113;10:54:56.728437
1748;1861;-113;10:54:56.728437
1746;1858;-112;10:54:56.728437
1747;1857;-110;10:54:56.728437
1742;1857;-115;10:54:56.728437
1758;1869;-111;10:54:56.746385
1758;1871;-113;10:54:56.746385
1758;1873;-115;10:54:56.746385
1755;1869;-114;10:54:56.746385
1750;1869;-119;10:54:56.746385
1753;1869;-116;10:54:56.746385
1758;1875;-117;10:54:56.746385
1758;1876;-118;10:54:56.746385
1757;1876;-119;10:54:56.746385
1758;1881;-123;10:54:56.746385
1761;1883;-122;10:54:56.746385
1761;1881;-120;10:54:56.746385
1762;1879;-117;10:54:56.746385
1764;1878;-114;10:54:56.746385
1766;1879;-113;10:54:56.746385
1765;1880;-115;10:54:56.746385
1765;1880;-115;10:54:56.746385
1766;1879;-113;10:54:56.746385
1767;1879;-112;10:54:56.746385
1767;1880;-113;10:54:56.746385
1765;1879;-114;10:54:56.746385
1762;1879;-117;10:54:56.746385
1763;1883;-120;10:54:56.746385
1764;1883;-119;10:54:56.746385
1763;1878;-115;10:54:56.746385
1763;1876;-113;10:54:56.746385
1759;1874;-115;10:54:56.746385
1755;1872;-117;10:54:56.746385
1749;1867;-118;10:54:56.746385
1747;1867;-120;10:54:56.746385
1748;1866;-118;10:54:56.746385
1749;1864;-115;10:54:56.746385
1748;1865;-117;10:54:56.746385
1748;1867;-119;10:54:56.746385
1749;1870;-121;10:54:56.746385
1752;1872;-120;10:54:56.746385
1754;1872;-118;10:54:56.746385
1754;1870;-116;10:54:56.746385
1754;1871;-117;10:54:56.746385
1754;1873;-119;10:54:56.746385
1751;1873;-122;10:54:56.746385
1751;1870;-119;10:54:56.746385
1754;1871;-117;10:54:56.746385
1754;1875;-121;10:54:56.746385
1753;1880;-127;10:54:56.746385
1757;1882;-125;10:54:56.746385
1757;1882;-125;10:54:56.746385
1761;1883;-122;10:54:56.746385
1763;1880;-117;10:54:56.746385
1761;1878;-117;10:54:56.746385
1760;1877;-117;10:54:56.746385
1758;1875;-117;10:54:56.746385
1759;1876;-117;10:54:56.746385
1762;1878;-116;10:54:56.746385
1762;1878;-116;10:54:56.746385
1764;1880;-116;10:54:56.746385
1761;1878;-117;10:54:56.746385
1757;1875;-118;10:54:56.746385
1759;1876;-117;10:54:56.746385
1762;1877;-115;10:54:56.746385
1763;1877;-114;10:54:56.746385
1761;1879;-118;10:54:56.746385
1762;1881;-119;10:54:56.746385
1761;1880;-119;10:54:56.746385
1759;1880;-121;10:54:56.746385
1759;1879;-120;10:54:56.746385
1756;1875;-119;10:54:56.746385
1755;1869;-114;10:54:56.746385
1754;1867;-113;10:54:56.746385
1750;1866;-116;10:54:56.746385
1749;1862;-113;10:54:56.746385
1749;1862;-113;10:54:56.746385
1751;1859;-108;10:54:56.746385
1747;1856;-109;10:54:56.746385
1745;1854;-109;10:54:56.746385
1741;1855;-114;10:54:56.746385
1740;1859;-119;10:54:56.746385
1739;1861;-122;10:54:56.746385
1744;1864;-120;10:54:56.746385
1747;1865;-118;10:54:56.746385
1747;1866;-119;10:54:56.746385
1749;1864;-115;10:54:56.746385
1751;1865;-114;10:54:56.746385
1748;1863;-115;10:54:56.746385
1749;1860;-111;10:54:56.746385
1749;1859;-110;10:54:56.746385
1745;1858;-113;10:54:56.746385
1741;1857;-116;10:54:56.746385
1740;1856;-116;10:54:56.746385
1741;1858;-117;10:54:56.746385
1740;1854;-114;10:54:56.746385
1737;1852;-115;10:54:56.746385
1738;1853;-115;10:54:56.746385
1739;1851;-112;10:54:56.746385
1741;1851;-110;10:54:56.746385
1739;1851;-112;10:54:56.746385
1736;1850;-114;10:54:56.746385
1736;1848;-112;10:54:56.746385
1733;1845;-112;10:54:56.746385
1730;1844;-114;10:54:56.746385
1732;1844;-112;10:54:56.746385
1730;1840;-110;10:54:56.746385
1724;1840;-116;10:54:56.746385
1722;1838;-116;10:54:56.746385
1722;1837;-115;10:54:56.746385
1729;1838;-109;10:54:56.746385
1727;1836;-109;10:54:56.746385
1728;1840;-112;10:54:56.746385
1726;1844;-118;10:54:56.746385
1730;1845;-115;10:54:56.746385
1735;1847;-112;10:54:56.746385
1735;1850;-115;10:54:56.746385
1736;1854;-118;10:54:56.746385
1738;1854;-116;10:54:56.746385
1740;1853;-113;10:54:56.746385
1740;1850;-110;10:54:56.746385
1740;1849;-109;10:54:56.746385
1740;1850;-110;10:54:56.746385
1740;1853;-113;10:54:56.746385
1737;1854;-117;10:54:56.746385
1739;1855;-116;10:54:56.746385
1744;1858;-114;10:54:56.746385
1745;1860;-115;10:54:56.746385
1742;1861;-119;10:54:56.746385
1746;1859;-113;10:54:56.746385
1750;1861;-111;10:54:56.746385
1750;1859;-109;10:54:56.746385
1752;1858;-106;10:54:56.746385
1753;1858;-105;10:54:56.746385
1748;1856;-108;10:54:56.746385
1748;1858;-110;10:54:56.746385
1746;1860;-114;10:54:56.746385
1745;1858;-113;10:54:56.746385
1746;1858;-112;10:54:56.746385
1747;1858;-111;10:54:56.746385
1745;1860;-115;10:54:56.746385
1744;1859;-115;10:54:56.746385
1745;1858;-113;10:54:56.746385
1745;1858;-113;10:54:56.746385
1746;1858;-112;10:54:56.746385
1752;1855;-103;10:54:56.746385
1751;1858;-107;10:54:56.746385
1748;1860;-112;10:54:56.746385
1749;1861;-112;10:54:56.746385
1749;1860;-111;10:54:56.746385
1747;1860;-113;10:54:56.746385
1747;1861;-114;10:54:56.746385
1746;1860;-114;10:54:56.746385
1747;1861;-114;10:54:56.746385
1751;1863;-112;10:54:56.746385
1757;1864;-107;10:54:56.746385
1757;1869;-112;10:54:56.746385
1756;1870;-114;10:54:56.746385
1759;1870;-111;10:54:56.746385
1760;1874;-114;10:54:56.746385
1762;1874;-112;10:54:56.746385
1764;1875;-111;10:54:56.746385
1767;1876;-109;10:54:56.746385
1765;1877;-112;10:54:56.746385
1763;1876;-113;10:54:56.746385
1763;1877;-114;10:54:56.746385
1762;1876;-114;10:54:56.746385
1763;1876;-113;10:54:56.746385
1764;1875;-111;10:54:56.746385
1764;1875;-111;10:54:56.746385
1764;1874;-110;10:54:56.746385
1762;1871;-109;10:54:56.746385
1762;1871;-109;10:54:56.746385
1760;1869;-109;10:54:56.746385
1758;1871;-113;10:54:56.746385
1758;1869;-111;10:54:56.746385
1758;1868;-110;10:54:56.746385
1756;1867;-111;10:54:56.746385
1755;1870;-115;10:54:56.746385
1758;1870;-112;10:54:56.746385
1760;1871;-111;10:54:56.746385
1761;1871;-110;10:54:56.746385
1764;1871;-107;10:54:56.746385
1770;1873;-103;10:54:56.746385
1771;1873;-102;10:54:56.746385
1771;1877;-106;10:54:56.746385
1771;1882;-111;10:54:56.746385
1771;1884;-113;10:54:56.746385
1769;1883;-114;10:54:56.746385
1770;1882;-112;10:54:56.746385
1773;1881;-108;10:54:56.746385
1773;1879;-106;10:54:56.746385
1774;1877;-103;10:54:56.746385
1773;1878;-105;10:54:56.746385
1771;1877;-106;10:54:56.746385
1772;1879;-107;10:54:56.746385
1769;1881;-112;10:54:56.746385
1766;1881;-115;10:54:56.746385
1771;1884;-113;10:54:56.746385
1775;1883;-108;10:54:56.746385
1771;1886;-115;10:54:56.746385
1765;1886;-121;10:54:56.746385
1768;1885;-117;10:54:56.746385
1772;1884;-112;10:54:56.746385
1774;1879;-105;10:54:56.746385
1775;1879;-104;10:54:56.746385
1772;1879;-107;10:54:56.746385
1773;1882;-109;10:54:56.746385
1773;1883;-110;10:54:56.746385
1776;1882;-106;10:54:56.746385
1773;1881;-108;10:54:56.746385
1771;1881;-110;10:54:56.746385
1769;1881;-112;10:54:56.746385
1765;1878;-113;10:54:56.746385
1763;1879;-116;10:54:56.746385
1765;1876;-111;10:54:56.746385
1764;1877;-113;10:54:56.746385
1764;1875;-111;10:54:56.746385
1763;1875;-112;10:54:56.746385
1761;1875;-114;10:54:56.746385
1763;1874;-111;10:54:56.746385
1766;1874;-108;10:54:56.746385
1763;1872;-109;10:54:56.746385
1757;1871;-114;10:54:56.746385
1756;1867;-111;10:54:56.746385
1753;1865;-112;10:54:56.746385
1746;1861;-115;10:54:56.746385
1745;1859;-114;10:54:56.746385
1743;1858;-115;10:54:56.746385
1742;1856;-114;10:54:56.746385
1739;1854;-115;10:54:56.746385
1738;1854;-116;10:54:56.746385
1737;1855;-118;10:54:56.746385
1737;1851;-114;10:54:56.746385
1735;1850;-115;10:54:56.746385
1735;1852;-117;10:54:56.746385
1737;1850;-113;10:54:56.746385
1741;1850;-109;10:54:56.746385
1740;1849;-109;10:54:56.746385
1740;1851;-111;10:54:56.746385
1738;1851;-113;10:54:56.746385
1738;1853;-115;10:54:56.746385
1737;1854;-117;10:54:56.746385
1740;1856;-116;10:54:56.746385
1742;1856;-114;10:54:56.746385
1740;1857;-117;10:54:56.746385
1738;1853;-115;10:54:56.746385
1741;1854;-113;10:54:56.746385
1744;1855;-111;10:54:56.746385
1743;1856;-113;10:54:56.746385
1740;1854;-114;10:54:56.746385
1739;1852;-113;10:54:56.746385
1737;1851;-114;10:54:56.746385
1741;1846;-105;10:54:56.746385
1742;1847;-105;10:54:56.746385
1743;1847;-104;10:54:56.746385
1743;1848;-105;10:54:56.746385
1745;1852;-107;10:54:56.746385
1747;1853;-106;10:54:56.746385
1747;1852;-105;10:54:56.746385
1748;1854;-106;10:54:56.842129
1747;1852;-105;10:54:56.842129
1746;1854;-108;10:54:56.842129
1743;1856;-113;10:54:56.842129
1739;1857;-118;10:54:56.842129
1740;1855;-115;10:54:56.842129
1744;1854;-110;10:54:56.842129
1744;1853;-109;10:54:56.842129
1744;1851;-107;10:54:56.842129
1742;1854;-112;10:54:56.842129
1743;1853;-110;10:54:56.842129
1745;1854;-109;10:54:56.842129
1746;1856;-110;10:54:56.842129
1744;1856;-112;10:54:56.842129
1745;1856;-111;10:54:56.842129
1748;1857;-109;10:54:56.842129
1748;1860;-112;10:54:56.842129
1749;1861;-112;10:54:56.842129
1750;1860;-110;10:54:56.842129
1750;1862;-112;10:54:56.842129
1747;1863;-116;10:54:56.842129
1747;1863;-116;10:54:56.842129
1749;1863;-114;10:54:56.842129
1752;1861;-109;10:54:56.842129
1750;1857;-107;10:54:56.842129
1749;1860;-111;10:54:56.842129
1751;1863;-112;10:54:56.842129
1750;1862;-112;10:54:56.842129
1747;1858;-111;10:54:56.842129
1749;1856;-107;10:54:56.842129
1749;1857;-108;10:54:56.842129
1747;1852;-105;10:54:56.842129
1746;1855;-109;10:54:56.842129
1746;1856;-110;10:54:56.842129
1748;1857;-109;10:54:56.842129
1747;1856;-109;10:54:56.842129
1746;1858;-112;10:54:56.842129
1749;1862;-113;10:54:56.842129
1753;1862;-109;10:54:56.842129
1753;1867;-114;10:54:56.842129
1753;1870;-117;10:54:56.842129
1757;1869;-112;10:54:56.842129
1759;1871;-112;10:54:56.842129
1762;1872;-110;10:54:56.842129
1765;1868;-103;10:54:56.842129
1764;1866;-102;10:54:56.842129
1762;1863;-101;10:54:56.842129
1758;1862;-104;10:54:56.842129
1755;1860;-105;10:54:56.842129
1752;1858;-106;10:54:56.842129
1750;1860;-110;10:54:56.842129
1750;1860;-110;10:54:56.842129
1749;1863;-114;10:54:56.842129
1752;1867;-115;10:54:56.842129
1755;1864;-109;10:54:56.842129
1758;1864;-106;10:54:56.842129
1758;1867;-109;10:54:56.842129
1759;1867;-108;10:54:56.842129
1759;1870;-111;10:54:56.842129
1761;1873;-112;10:54:56.842129
1761;1872;-111;10:54:56.842129
1760;1869;-109;10:54:56.842129
1760;1872;-112;10:54:56.842129
1761;1868;-107;10:54:56.842129
1761;1866;-105;10:54:56.842129
1762;1866;-104;10:54:56.842129
1757;1864;-107;10:54:56.842129
1753;1863;-110;10:54:56.842129
1754;1863;-109;10:54:56.842129
1754;1864;-110;10:54:56.842129
1751;1861;-110;10:54:56.842129
1750;1862;-112;10:54:56.842129
1752;1865;-113;10:54:56.842129
1751;1865;-114;10:54:56.842129
1752;1863;-111;10:54:56.842129
1756;1863;-107;10:54:56.842129
1757;1866;-109;10:54:56.842129
1756;1867;-111;10:54:56.842129
1759;1867;-108;10:54:56.842129
1761;1871;-110;10:54:56.842129
1761;1874;-113;10:54:56.842129
1765;1876;-111;10:54:56.842129
1767;1878;-111;10:54:56.842129
1769;1882;-113;10:54:56.842129
1773;1886;-113;10:54:56.842129
1776;1891;-115;10:54:56.842129
1778;1890;-112;10:54:56.842129
1778;1891;-113;10:54:56.842129
1782;1890;-108;10:54:56.842129
1781;1891;-110;10:54:56.842129
1779;1889;-110;10:54:56.842129
1778;1889;-111;10:54:56.842129
1778;1887;-109;10:54:56.842129
1780;1884;-104;10:54:56.842129
1779;1884;-105;10:54:56.842129
1781;1885;-104;10:54:56.842129
1781;1888;-107;10:54:56.842129
1780;1885;-105;10:54:56.842129
1780;1887;-107;10:54:56.842129
1779;1888;-109;10:54:56.842129
1776;1887;-111;10:54:56.842129
1774;1882;-108;10:54:56.842129
1768;1878;-110;10:54:56.842129
1767;1874;-107;10:54:56.842129
1765;1872;-107;10:54:56.842129
1766;1872;-106;10:54:56.842129
1764;1870;-106;10:54:56.842129
1762;1869;-107;10:54:56.842129
1764;1869;-105;10:54:56.842129
1765;1870;-105;10:54:56.842129
1765;1866;-101;10:54:56.842129
1765;1868;-103;10:54:56.842129
1762;1869;-107;10:54:56.842129
1763;1870;-107;10:54:56.842129
1763;1872;-109;10:54:56.842129
1766;1873;-107;10:54:56.842129
1764;1875;-111;10:54:56.842129
1761;1878;-117;10:54:56.842129
1764;1877;-113;10:54:56.842129
1766;1874;-108;10:54:56.842129
1766;1875;-109;10:54:56.842129
1766;1878;-112;10:54:56.842129
1766;1877;-111;10:54:56.842129
1767;1873;-106;10:54:56.842129
1764;1870;-106;10:54:56.842129
1765;1871;-106;10:54:56.842129
1763;1870;-107;10:54:56.842129
1761;1870;-109;10:54:56.842129
1758;1868;-110;10:54:56.842129
1760;1872;-112;10:54:56.842129
1759;1874;-115;10:54:56.842129
1762;1874;-112;10:54:56.842129
1765;1873;-108;10:54:56.842129
1765;1873;-108;10:54:56.842129
1765;1874;-109;10:54:56.842129
1762;1875;-113;10:54:56.842129
1760;1872;-112;10:54:56.842129
1760;1870;-110;10:54:56.842129
1761;1868;-107;10:54:56.842129
1759;1869;-110;10:54:56.842129
1758;1866;-108;10:54:56.842129
1754;1865;-111;10:54:56.842129
1751;1864;-113;10:54:56.842129
1751;1861;-110;10:54:56.842129
1749;1857;-108;10:54:56.842129
1747;1853;-106;10:54:56.842129
1743;1855;-112;10:54:56.842129
1744;1855;-111;10:54:56.842129
1748;1857;-109;10:54:56.842129
1746;1856;-110;10:54:56.842129
1747;1860;-113;10:54:56.842129
1749;1865;-116;10:54:56.842129
1748;1865;-117;10:54:56.842129
1747;1863;-116;10:54:56.842129
1747;1862;-115;10:54:56.842129
1747;1867;-120;10:54:56.842129
1749;1865;-116;10:54:56.842129
1752;1867;-115;10:54:56.842129
1750;1865;-115;10:54:56.842129
1750;1865;-115;10:54:56.842129
1755;1865;-110;10:54:56.842129
1754;1866;-112;10:54:56.842129
1750;1861;-111;10:54:56.842129
1746;1861;-115;10:54:56.842129
1748;1861;-113;10:54:56.842129
1748;1860;-112;10:54:56.842129
1747;1859;-112;10:54:56.842129
1749;1859;-110;10:54:56.842129
1748;1860;-112;10:54:56.842129
1749;1856;-107;10:54:56.842129
1749;1855;-106;10:54:56.842129
1747;1853;-106;10:54:56.842129
1743;1855;-112;10:54:56.842129
1740;1853;-113;10:54:56.842129
1736;1854;-118;10:54:56.842129
1734;1852;-118;10:54:56.842129
1738;1857;-119;10:54:56.842129
1740;1858;-118;10:54:56.842129
1740;1859;-119;10:54:56.842129
1741;1858;-117;10:54:56.842129
1742;1855;-113;10:54:56.842129
1743;1850;-107;10:54:56.842129
1742;1848;-106;10:54:56.842129
1741;1847;-106;10:54:56.842129
1737;1849;-112;10:54:56.842129
1739;1853;-114;10:54:56.842129
1740;1854;-114;10:54:56.842129
1740;1854;-114;10:54:56.842129
1741;1855;-114;10:54:56.842129
1740;1854;-114;10:54:56.842129
1743;1857;-114;10:54:56.842129
1744;1861;-117;10:54:56.842129
1746;1859;-113;10:54:56.842129
1752;1860;-108;10:54:56.842129
1755;1861;-106;10:54:56.842129
1754;1862;-108;10:54:56.842129
1754;1864;-110;10:54:56.842129
1755;1867;-112;10:54:56.842129
1755;1868;-113;10:54:56.842129
1757;1871;-114;10:54:56.842129
1760;1873;-113;10:54:56.842129
1762;1872;-110;10:54:56.842129
1761;1871;-110;10:54:56.842129
1764;1868;-104;10:54:56.842129
1762;1869;-107;10:54:56.842129
1761;1866;-105;10:54:56.842129
1764;1869;-105;10:54:56.842129
1764;1871;-107;10:54:56.842129
1763;1872;-109;10:54:56.842129
1762;1878;-116;10:54:56.842129
1765;1875;-110;10:54:56.842129
1765;1877;-112;10:54:56.842129
1768;1876;-108;10:54:56.842129
1769;1875;-106;10:54:56.842129
1769;1872;-103;10:54:56.842129
1769;1873;-104;10:54:56.842129
1767;1876;-109;10:54:56.842129
1765;1877;-112;10:54:56.842129
1769;1877;-108;10:54:56.842129
1771;1878;-107;10:54:56.842129
1772;1878;-106;10:54:56.842129
1771;1884;-113;10:54:56.842129
1771;1884;-113;10:54:56.842129
1772;1885;-113;10:54:56.842129
1772;1884;-112;10:54:56.842129
1773;1886;-113;10:54:56.842129
1778;1888;-110;10:54:56.842129
1779;1887;-108;10:54:56.842129
1779;1886;-107;10:54:56.842129
1781;1887;-106;10:54:56.842129
1781;1890;-109;10:54:56.842129
1783;1887;-104;10:54:56.842129
1783;1888;-105;10:54:56.842129
1783;1889;-106;10:54:56.842129
1782;1891;-109;10:54:56.842129
1779;1890;-111;10:54:56.842129
1778;1889;-111;10:54:56.842129
1776;1891;-115;10:54:56.842129
1776;1886;-110;10:54:56.842129
1777;1883;-106;10:54:56.842129
1776;1879;-103;10:54:56.842129
1776;1876;-100;10:54:56.842129
1775;1879;-104;10:54:56.842129
1776;1880;-104;10:54:56.842129
1776;1877;-101;10:54:56.842129
1773;1877;-104;10:54:56.842129
1772;1876;-104;10:54:56.842129
1772;1876;-104;10:54:56.842129
1767;1875;-108;10:54:56.842129
1764;1872;-108;10:54:56.842129
1762;1873;-111;10:54:56.842129
1762;1871;-109;10:54:56.842129
1761;1872;-111;10:54:56.842129
1760;1870;-110;10:54:56.842129
1754;1869;-115;10:54:56.842129
1757;1868;-111;10:54:56.859083
1752;1865;-113;10:54:56.859083
1753;1862;-109;10:54:56.859083
1753;1861;-108;10:54:56.859083
1755;1862;-107;10:54:56.859083
1754;1862;-108;10:54:56.859083
1752;1863;-111;10:54:56.859083
1749;1866;-117;10:54:56.859083
1749;1866;-117;10:54:56.859083
1752;1864;-112;10:54:56.859083
1751;1865;-114;10:54:56.859083
1749;1863;-114;10:54:56.859083
1746;1862;-116;10:54:56.859083
1747;1863;-116;10:54:56.859083
1748;1863;-115;10:54:56.859083
1750;1864;-114;10:54:56.859083
1748;1861;-113;10:54:56.859083
1749;1864;-115;10:54:56.859083
1750;1865;-115;10:54:56.859083
1752;1865;-113;10:54:56.859083
1752;1866;-114;10:54:56.859083
1755;1866;-111;10:54:56.859083
1753;1865;-112;10:54:56.859083
1752;1864;-112;10:54:56.859083
1751;1862;-111;10:54:56.859083
1752;1863;-111;10:54:56.859083
1751;1863;-112;10:54:56.859083
1750;1859;-109;10:54:56.859083
1747;1860;-113;10:54:56.859083
1748;1861;-113;10:54:56.859083
1745;1860;-115;10:54:56.859083
1744;1858;-114;10:54:56.859083
1748;1858;-110;10:54:56.859083
1750;1857;-107;10:54:56.859083
1749;1860;-111;10:54:56.859083
1749;1861;-112;10:54:56.859083
1749;1861;-112;10:54:56.859083
1753;1865;-112;10:54:56.859083
1755;1867;-112;10:54:56.859083
1755;1867;-112;10:54:56.859083
1754;1868;-114;10:54:56.859083
1756;1868;-112;10:54:56.859083
1759;1865;-106;10:54:56.859083
1756;1866;-110;10:54:56.859083
1754;1865;-111;10:54:56.859083
1758;1868;-110;10:54:56.859083
1760;1868;-108;10:54:56.859083
1760;1867;-107;10:54:56.859083
1758;1873;-115;10:54:56.859083
1757;1873;-116;10:54:56.859083
1759;1870;-111;10:54:56.859083
1761;1868;-107;10:54:56.859083
1761;1867;-106;10:54:56.859083
1762;1869;-107;10:54:56.859083
1760;1870;-110;10:54:56.859083
1758;1871;-113;10:54:56.859083
1756;1872;-116;10:54:56.859083
1760;1873;-113;10:54:56.859083
1757;1871;-114;10:54:56.859083
1755;1870;-115;10:54:56.859083
1753;1871;-118;10:54:56.859083
1757;1872;-115;10:54:56.859083
1760;1870;-110;10:54:56.859083
1760;1871;-111;10:54:56.859083
1759;1870;-111;10:54:56.859083
1757;1871;-114;10:54:56.859083
1758;1869;-111;10:54:56.859083
1756;1870;-114;10:54:56.859083
1752;1869;-117;10:54:56.859083
1753;1867;-114;10:54:56.859083
1752;1867;-115;10:54:56.859083
1749;1863;-114;10:54:56.859083
1750;1861;-111;10:54:56.859083
1748;1862;-114;10:54:56.859083
1746;1861;-115;10:54:56.859083
1748;1863;-115;10:54:56.859083
1747;1862;-115;10:54:56.859083
1745;1861;-116;10:54:56.859083
1746;1863;-117;10:54:56.859083
1750;1867;-117;10:54:56.859083
1751;1865;-114;10:54:56.859083
1749;1866;-117;10:54:56.859083
1749;1864;-115;10:54:56.859083
1752;1866;-114;10:54:56.859083
1754;1865;-111;10:54:56.859083
1755;1866;-111;10:54:56.859083
1758;1868;-110;10:54:56.859083
1757;1868;-111;10:54:56.859083
1757;1871;-114;10:54:56.859083
1757;1874;-117;10:54:56.859083
1761;1875;-114;10:54:56.859083
1763;1876;-113;10:54:56.859083
1763;1878;-115;10:54:56.859083
1764;1880;-116;10:54:56.859083
1766;1881;-115;10:54:56.859083
1764;1882;-118;10:54:56.859083
1765;1881;-116;10:54:56.859083
1768;1881;-113;10:54:56.859083
1766;1879;-113;10:54:56.859083
1765;1877;-112;10:54:56.859083
1765;1879;-114;10:54:56.859083
1767;1877;-110;10:54:56.859083
1768;1877;-109;10:54:56.859083
1766;1873;-107;10:54:56.859083
1764;1874;-110;10:54:56.859083
1763;1872;-109;10:54:56.859083
1762;1872;-110;10:54:56.859083
1764;1872;-108;10:54:56.859083
1762;1870;-108;10:54:56.859083
1761;1868;-107;10:54:56.859083
1762;1871;-109;10:54:56.859083
1762;1871;-109;10:54:56.859083
1757;1871;-114;10:54:56.859083
1757;1869;-112;10:54:56.859083
1762;1873;-111;10:54:56.859083
1764;1875;-111;10:54:56.859083
1762;1874;-112;10:54:56.859083
1762;1873;-111;10:54:56.859083
1762;1876;-114;10:54:56.859083
1761;1875;-114;10:54:56.859083
1757;1872;-115;10:54:56.859083
1758;1871;-113;10:54:56.859083
1760;1871;-111;10:54:56.859083
1759;1868;-109;10:54:56.859083
1758;1866;-108;10:54:56.859083
1757;1867;-110;10:54:56.859083
1757;1868;-111;10:54:56.859083
1756;1870;-114;10:54:56.859083
1755;1871;-116;10:54:56.859083
1757;1871;-114;10:54:56.859083
1759;1871;-112;10:54:56.859083
1760;1872;-112;10:54:56.859083
1759;1875;-116;10:54:56.859083
1758;1873;-115;10:54:56.859083
1759;1871;-112;10:54:56.859083
1761;1873;-112;10:54:56.859083
1760;1870;-110;10:54:56.859083
1759;1869;-110;10:54:56.859083
1756;1870;-114;10:54:56.859083
1754;1868;-114;10:54:56.859083
1753;1868;-115;10:54:56.859083
1753;1867;-114;10:54:56.859083
1755;1866;-111;10:54:56.859083
1757;1866;-109;10:54:56.859083
1757;1866;-109;10:54:56.859083
1756;1865;-109;10:54:56.859083
1754;1862;-108;10:54:56.859083
1754;1862;-108;10:54:56.859083
1754;1866;-112;10:54:56.859083
1754;1863;-109;10:54:56.859083
1749;1864;-115;10:54:56.859083
1749;1862;-113;10:54:56.859083
1748;1862;-114;10:54:56.859083
1748;1862;-114;10:54:56.859083
1749;1861;-112;10:54:56.859083
1751;1865;-114;10:54:56.859083
1752;1865;-113;10:54:56.859083
1752;1864;-112;10:54:56.859083
1753;1861;-108;10:54:56.859083
1751;1861;-110;10:54:56.859083
1748;1861;-113;10:54:56.859083
1752;1861;-109;10:54:56.859083
1749;1860;-111;10:54:56.859083
1746;1859;-113;10:54:56.859083
1744;1859;-115;10:54:56.859083
1748;1860;-112;10:54:56.859083
1749;1860;-111;10:54:56.859083
1750;1861;-111;10:54:56.859083
1751;1860;-109;10:54:56.859083
1750;1862;-112;10:54:56.859083
1753;1862;-109;10:54:56.859083
1755;1863;-108;10:54:56.859083
1754;1867;-113;10:54:56.859083
1754;1868;-114;10:54:56.859083
1758;1871;-113;10:54:56.859083
1759;1872;-113;10:54:56.859083
1760;1873;-113;10:54:56.859083
1761;1872;-111;10:54:56.859083
1764;1872;-108;10:54:56.859083
1763;1871;-108;10:54:56.859083
1765;1868;-103;10:54:56.859083
1762;1868;-106;10:54:56.859083
1762;1867;-105;10:54:56.859083
1761;1864;-103;10:54:56.859083
1758;1864;-106;10:54:56.859083
1755;1865;-110;10:54:56.859083
1755;1866;-111;10:54:56.859083
1752;1868;-116;10:54:56.859083
1751;1866;-115;10:54:56.859083
1752;1864;-112;10:54:56.859083
1755;1864;-109;10:54:56.859083
1753;1868;-115;10:54:56.859083
1755;1868;-113;10:54:56.859083
1758;1867;-109;10:54:56.859083
1759;1870;-111;10:54:56.859083
1758;1870;-112;10:54:56.859083
1761;1872;-111;10:54:56.859083
1760;1873;-113;10:54:56.859083
1759;1874;-115;10:54:56.859083
1761;1874;-113;10:54:56.859083
1763;1879;-116;10:54:56.859083
1764;1876;-112;10:54:56.859083
1763;1877;-114;10:54:56.859083
1762;1878;-116;10:54:56.859083
1763;1878;-115;10:54:56.859083
1765;1876;-111;10:54:56.859083
1767;1874;-107;10:54:56.859083
1764;1875;-111;10:54:56.859083
1762;1873;-111;10:54:56.859083
1761;1874;-113;10:54:56.859083
1762;1876;-114;10:54:56.859083
1764;1875;-111;10:54:56.859083
1763;1876;-113;10:54:56.859083
1764;1876;-112;10:54:56.859083
1764;1877;-113;10:54:56.859083
1765;1878;-113;10:54:56.859083
1767;1874;-107;10:54:56.859083
1764;1876;-112;10:54:56.859083
1763;1876;-113;10:54:56.859083
1764;1877;-113;10:54:56.859083
1762;1874;-112;10:54:56.859083
1756;1872;-116;10:54:56.859083
1756;1871;-115;10:54:56.859083
1757;1871;-114;10:54:56.859083
1757;1868;-111;10:54:56.859083
1754;1866;-112;10:54:56.859083
1755;1865;-110;10:54:56.859083
1755;1867;-112;10:54:56.859083
1755;1865;-110;10:54:56.859083
1759;1868;-109;10:54:56.859083
1756;1869;-113;10:54:56.859083
1752;1871;-119;10:54:56.859083
1753;1873;-120;10:54:56.859083
1757;1876;-119;10:54:56.859083
1758;1877;-119;10:54:56.859083
1758;1874;-116;10:54:56.859083
1760;1877;-117;10:54:56.859083
1761;1875;-114;10:54:56.859083
1758;1872;-114;10:54:56.859083
1755;1868;-113;10:54:56.859083
1755;1869;-114;10:54:56.859083
1753;1867;-114;10:54:56.859083
1753;1866;-113;10:54:56.859083
1755;1865;-110;10:54:56.859083
1751;1863;-112;10:54:56.859083
1753;1864;-111;10:54:56.859083
1755;1868;-113;10:54:56.859083
1756;1867;-111;10:54:56.859083
1757;1867;-110;10:54:56.859083
1756;1868;-112;10:54:56.859083
1754;1871;-117;10:54:56.859083
1757;1870;-113;10:54:56.859083
1759;1867;-108;10:54:56.859083
1759;1867;-108;10:54:56.859083
1755;1867;-112;10:54:56.859083
1755;1863;-108;10:54:56.860081
1750;1861;-111;10:54:56.860081
1748;1859;-111;10:54:56.860081
1744;1856;-112;10:54:56.860081
1741;1855;-114;10:54:56.860081
1742;1850;-108;10:54:56.860081
1740;1851;-111;10:54:56.860081
1741;1852;-111;10:54:56.860081
1742;1850;-108;10:54:56.860081
1743;1851;-108;10:54:56.860081
1744;1852;-108;10:54:56.860081
1741;1853;-112;10:54:56.860081
1738;1852;-114;10:54:56.860081
1736;1851;-115;10:54:56.860081
1735;1852;-117;10:54:56.860081
1735;1850;-115;10:54:56.860081
1733;1851;-118;10:54:56.860081
1733;1846;-113;10:54:56.860081
1734;1846;-112;10:54:56.860081
1733;1848;-115;10:54:56.860081
1737;1849;-112;10:54:56.860081
1735;1848;-113;10:54:56.860081
1734;1848;-114;10:54:56.860081
1739;1854;-115;10:54:56.860081
1742;1854;-112;10:54:56.860081
1743;1855;-112;10:54:56.860081
1745;1854;-109;10:54:56.860081
1748;1855;-107;10:54:56.860081
1746;1855;-109;10:54:56.860081
1744;1854;-110;10:54:56.860081
1746;1858;-112;10:54:56.860081
1747;1862;-115;10:54:56.860081
1750;1862;-112;10:54:56.860081
1752;1863;-111;10:54:56.860081
1755;1865;-110;10:54:56.860081
1757;1867;-110;10:54:56.860081
1757;1867;-110;10:54:56.860081
1758;1867;-109;10:54:56.860081
1757;1868;-111;10:54:56.860081
1755;1867;-112;10:54:56.860081
1757;1866;-109;10:54:56.860081
1755;1865;-110;10:54:56.860081
1754;1862;-108;10:54:56.860081
1754;1860;-106;10:54:56.860081
1752;1860;-108;10:54:56.860081
1748;1858;-110;10:54:56.860081
1751;1857;-106;10:54:56.860081
1748;1858;-110;10:54:56.860081
1752;1862;-110;10:54:56.860081
1754;1862;-108;10:54:56.860081
1756;1864;-108;10:54:56.860081
1755;1865;-110;10:54:56.860081
1754;1869;-115;10:54:56.860081
1754;1870;-116;10:54:56.860081
1759;1871;-112;10:54:56.860081
1763;1869;-106;10:54:56.860081
1763;1869;-106;10:54:56.860081
1765;1871;-106;10:54:56.860081
1766;1870;-104;10:54:56.860081
1764;1873;-109;10:54:56.860081
1765;1871;-106;10:54:56.860081
1763;1873;-110;10:54:56.860081
1763;1873;-110;10:54:56.860081
1765;1872;-107;10:54:56.860081
1767;1874;-107;10:54:56.860081
1765;1876;-111;10:54:56.860081
1766;1879;-113;10:54:56.860081
1768;1880;-112;10:54:56.860081
1770;1881;-111;10:54:56.860081
1770;1880;-110;10:54:56.860081
1772;1879;-107;10:54:56.860081
1771;1881;-110;10:54:56.860081
1771;1881;-110;10:54:56.860081
1771;1879;-108;10:54:56.860081
1767;1874;-107;10:54:56.860081
1766;1873;-107;10:54:56.860081
1762;1870;-108;10:54:56.860081
1759;1869;-110;10:54:56.860081
1760;1868;-108;10:54:56.860081
1759;1871;-112;10:54:56.860081
1758;1870;-112;10:54:56.860081
1756;1868;-112;10:54:56.860081
1756;1867;-111;10:54:56.860081
1761;1870;-109;10:54:56.860081
1761;1870;-109;10:54:56.860081
1763;1870;-107;10:54:56.860081
1760;1871;-111;10:54:56.860081
1760;1871;-111;10:54:56.860081
1760;1870;-110;10:54:56.860081
1760;1871;-111;10:54:56.860081
1759;1870;-111;10:54:56.860081
1756;1868;-112;10:54:56.860081
1756;1871;-115;10:54:56.860081
1755;1871;-116;10:54:56.860081
1756;1869;-113;10:54:56.860081
1756;1869;-113;10:54:56.860081
1755;1869;-114;10:54:56.860081
1756;1869;-113;10:54:56.860081
1756;1869;-113;10:54:56.860081
1755;1868;-113;10:54:56.860081
1753;1867;-114;10:54:56.860081
1753;1864;-111;10:54:56.860081
1751;1866;-115;10:54:56.860081
1747;1863;-116;10:54:56.860081
1747;1859;-112;10:54:56.860081
1744;1857;-113;10:54:56.860081
1741;1855;-114;10:54:56.860081
1740;1852;-112;10:54:56.860081
1742;1851;-109;10:54:56.860081
1742;1852;-110;10:54:56.860081
1743;1853;-110;10:54:56.860081
1745;1855;-110;10:54:56.860081
1744;1856;-112;10:54:56.860081
1744;1855;-111;10:54:56.860081
1749;1856;-107;10:54:56.860081
1746;1857;-111;10:54:56.860081
1746;1858;-112;10:54:56.860081
1748;1859;-111;10:54:56.860081
1750;1860;-110;10:54:56.860081
1749;1862;-113;10:54:56.860081
1749;1860;-111;10:54:56.860081
1749;1856;-107;10:54:56.860081
1750;1855;-105;10:54:56.860081
1748;1854;-106;10:54:56.860081
1748;1855;-107;10:54:56.860081
1747;1858;-111;10:54:56.860081
1748;1859;-111;10:54:56.860081
1751;1861;-110;10:54:56.860081
1754;1863;-109;10:54:56.860081
1754;1864;-110;10:54:56.860081
1756;1867;-111;10:54:56.860081
1758;1866;-108;10:54:56.860081
1757;1866;-109;10:54:56.860081
1756;1865;-109;10:54:56.860081
1761;1867;-106;10:54:56.860081
1761;1870;-109;10:54:56.860081
1759;1868;-109;10:54:56.860081
1761;1871;-110;10:54:56.860081
1762;1871;-109;10:54:56.860081
1759;1871;-112;10:54:56.860081
1761;1869;-108;10:54:56.860081
1762;1868;-106;10:54:56.860081
1761;1868;-107;10:54:56.860081
1759;1867;-108;10:54:56.860081
1757;1865;-108;10:54:56.860081
1759;1863;-104;10:54:56.860081
1758;1862;-104;10:54:56.860081
1761;1865;-104;10:54:56.860081
1761;1868;-107;10:54:56.860081
1761;1868;-107;10:54:56.860081
1762;1869;-107;10:54:56.860081
1760;1870;-110;10:54:56.860081
1761;1866;-105;10:54:56.860081
1759;1867;-108;10:54:56.860081
1757;1865;-108;10:54:56.860081
1757;1866;-109;10:54:56.860081
1756;1867;-111;10:54:56.860081
1752;1864;-112;10:54:56.860081
1749;1866;-117;10:54:56.860081
1749;1863;-114;10:54:56.860081
1746;1866;-120;10:54:56.860081
1752;1864;-112;10:54:56.860081
1754;1864;-110;10:54:56.860081
1752;1867;-115;10:54:56.860081
1757;1868;-111;10:54:56.860081
1758;1871;-113;10:54:56.860081
1757;1871;-114;10:54:56.860081
1761;1876;-115;10:54:56.860081
1762;1875;-113;10:54:56.860081
1761;1874;-113;10:54:56.860081
1763;1874;-111;10:54:56.860081
1765;1877;-112;10:54:56.860081
1765;1875;-110;10:54:56.860081
1768;1878;-110;10:54:56.860081
1774;1881;-107;10:54:56.860081
1775;1883;-108;10:54:56.860081
1776;1882;-106;10:54:56.860081
1776;1884;-108;10:54:56.860081
1779;1885;-106;10:54:56.860081
1780;1885;-105;10:54:56.860081
1778;1886;-108;10:54:56.860081
1777;1885;-108;10:54:56.860081
1775;1884;-109;10:54:56.860081
1774;1881;-107;10:54:56.860081
1776;1881;-105;10:54:56.860081
1774;1881;-107;10:54:56.860081
1773;1879;-106;10:54:56.860081
1772;1879;-107;10:54:56.860081
1769;1878;-109;10:54:56.860081
1765;1877;-112;10:54:56.860081
1767;1877;-110;10:54:56.860081
1767;1876;-109;10:54:56.860081
1765;1873;-108;10:54:56.860081
1764;1875;-111;10:54:56.860081
1762;1875;-113;10:54:56.860081
1759;1870;-111;10:54:56.860081
1759;1870;-111;10:54:56.860081
1760;1869;-109;10:54:56.860081
1758;1870;-112;10:54:56.860081
1755;1867;-112;10:54:56.860081
1756;1866;-110;10:54:56.860081
1755;1867;-112;10:54:56.860081
1755;1864;-109;10:54:56.860081
1756;1866;-110;10:54:56.860081
1758;1868;-110;10:54:56.860081
1755;1870;-115;10:54:56.860081
1759;1872;-113;10:54:56.860081
1762;1875;-113;10:54:56.860081
1760;1875;-115;10:54:56.860081
1762;1873;-111;10:54:56.860081
1763;1877;-114;10:54:56.860081
1764;1876;-112;10:54:56.860081
1761;1870;-109;10:54:56.860081
1758;1869;-111;10:54:56.860081
1754;1869;-115;10:54:56.860081
1753;1866;-113;10:54:56.860081
1748;1863;-115;10:54:56.860081
1749;1861;-112;10:54:56.860081
1746;1860;-114;10:54:56.860081
1746;1859;-113;10:54:56.860081
1743;1856;-113;10:54:56.860081
1740;1855;-115;10:54:56.860081
1741;1854;-113;10:54:56.860081
1742;1852;-110;10:54:56.860081
1743;1852;-109;10:54:56.860081
1740;1852;-112;10:54:56.860081
1740;1851;-111;10:54:56.860081
1742;1853;-111;10:54:56.860081
1740;1855;-115;10:54:56.860081
1737;1852;-115;10:54:56.860081
1737;1854;-117;10:54:56.860081
1738;1854;-116;10:54:56.860081
1737;1856;-119;10:54:56.860081
1738;1853;-115;10:54:56.860081
1740;1854;-114;10:54:56.860081
1740;1855;-115;10:54:56.860081
1741;1854;-113;10:54:56.860081
1743;1854;-111;10:54:56.860081
1745;1856;-111;10:54:56.860081
1745;1858;-113;10:54:56.860081
1747;1858;-111;10:54:56.860081
1748;1858;-110;10:54:56.860081
1750;1862;-112;10:54:56.860081
1752;1864;-112;10:54:56.860081
1754;1862;-108;10:54:56.860081
1754;1863;-109;10:54:56.860081
1755;1864;-109;10:54:56.860081
1759;1868;-109;10:54:56.860081
1761;1869;-108;10:54:56.860081
1760;1867;-107;10:54:56.860081
1759;1867;-108;10:54:56.860081
1758;1870;-112;10:54:56.860081
1760;1870;-110;10:54:56.860081
1762;1870;-108;10:54:56.860081
1763;1869;-106;10:54:56.860081
1768;1874;-106;10:54:56.861078
1768;1872;-104;10:54:56.861078
1766;1870;-104;10:54:56.861078
1765;1870;-105;10:54:56.861078
1764;1872;-108;10:54:56.861078
1765;1871;-106;10:54:56.861078
1764;1871;-107;10:54:56.861078
1763;1869;-106;10:54:56.861078
1766;1868;-102;10:54:56.861078
1764;1868;-104;10:54:56.861078
1760;1868;-108;10:54:56.861078
1760;1867;-107;10:54:56.861078
1761;1870;-109;10:54:56.861078
1762;1870;-108;10:54:56.861078
1765;1873;-108;10:54:56.861078
1763;1875;-112;10:54:56.861078
1764;1876;-112;10:54:56.861078
1764;1876;-112;10:54:56.861078
1767;1876;-109;10:54:56.861078
1766;1876;-110;10:54:56.861078
1763;1876;-113;10:54:56.861078
1762;1874;-112;10:54:56.861078
1764;1873;-109;10:54:56.861078
1763;1872;-109;10:54:56.861078
1761;1872;-111;10:54:56.861078
1761;1873;-112;10:54:56.861078
1760;1874;-114;10:54:56.861078
1762;1874;-112;10:54:56.861078
1758;1871;-113;10:54:56.861078
1761;1872;-111;10:54:56.861078
1765;1874;-109;10:54:56.861078
1763;1872;-109;10:54:56.861078
1759;1871;-112;10:54:56.861078
1760;1872;-112;10:54:56.861078
1761;1871;-110;10:54:56.861078
1762;1868;-106;10:54:56.861078
1762;1869;-107;10:54:56.861078
1759;1869;-110;10:54:56.861078
1758;1868;-110;10:54:56.861078
1758;1870;-112;10:54:56.861078
1756;1869;-113;10:54:56.861078
1757;1865;-108;10:54:56.861078
1758;1869;-111;10:54:56.861078
1757;1868;-111;10:54:56.861078
1752;1868;-116;10:54:56.861078
1751;1868;-117;10:54:56.861078
1748;1867;-119;10:54:56.861078
1752;1869;-117;10:54:56.861078
1753;1866;-113;10:54:56.861078
1751;1865;-114;10:54:56.861078
1751;1866;-115;10:54:56.861078
1751;1869;-118;10:54:56.861078
1754;1868;-114;10:54:56.861078
1754;1869;-115;10:54:56.861078
1752;1870;-118;10:54:56.861078
1752;1869;-117;10:54:56.861078
1753;1871;-118;10:54:56.861078
1752;1870;-118;10:54:56.861078
1753;1870;-117;10:54:56.861078
1754;1868;-114;10:54:56.861078
1757;1868;-111;10:54:56.861078
1756;1869;-113;10:54:56.861078
1754;1869;-115;10:54:56.861078
1755;1869;-114;10:54:56.861078
1756;1869;-113;10:54:56.861078
1759;1866;-107;10:54:56.861078
1761;1866;-105;10:54:56.861078
1757;1869;-112;10:54:56.861078
1758;1868;-110;10:54:56.861078
1759;1872;-113;10:54:56.861078
1759;1872;-113;10:54:56.861078
1762;1870;-108;10:54:56.861078
1761;1873;-112;10:54:56.861078
1759;1869;-110;10:54:56.861078
1758;1871;-113;10:54:56.861078
1757;1868;-111;10:54:56.861078
1757;1871;-114;10:54:56.861078
1757;1869;-112;10:54:56.861078
1756;1868;-112;10:54:56.861078
1756;1868;-112;10:54:56.861078
1756;1868;-112;10:54:56.861078
1755;1865;-110;10:54:56.861078
1756;1867;-111;10:54:56.861078
1756;1867;-111;10:54:56.861078
1753;1867;-114;10:54:56.861078
1752;1867;-115;10:54:56.861078
1753;1868;-115;10:54:56.861078
1747;1868;-121;10:54:56.861078
1748;1865;-117;10:54:56.861078
1749;1867;-118;10:54:56.861078
1748;1867;-119;10:54:56.861078
1747;1862;-115;10:54:56.861078
1748;1863;-115;10:54:56.861078
1750;1863;-113;10:54:56.861078
1750;1863;-113;10:54:56.861078
1751;1862;-111;10:54:56.861078
1751;1863;-112;10:54:56.861078
1751;1862;-111;10:54:56.861078
1751;1859;-108;10:54:56.861078
1749;1862;-113;10:54:56.861078
1750;1864;-114;10:54:56.861078
1753;1868;-115;10:54:56.861078
1754;1867;-113;10:54:56.861078
1753;1865;-112;10:54:56.861078
1754;1863;-109;10:54:56.861078
1755;1866;-111;10:54:56.861078
1757;1870;-113;10:54:56.861078
1758;1870;-112;10:54:56.861078
1760;1874;-114;10:54:56.861078
1763;1877;-114;10:54:56.861078
1762;1880;-118;10:54:56.861078
1765;1878;-113;10:54:56.861078
1768;1877;-109;10:54:56.861078
1765;1875;-110;10:54:56.861078
1765;1877;-112;10:54:56.861078
1765;1878;-113;10:54:56.861078
1762;1876;-114;10:54:56.861078
1764;1877;-113;10:54:56.861078
1768;1876;-108;10:54:56.861078
1767;1873;-106;10:54:56.861078
1767;1877;-110;10:54:56.861078
1769;1877;-108;10:54:56.861078
1768;1878;-110;10:54:56.861078
1767;1879;-112;10:54:56.861078
1767;1879;-112;10:54:56.861078
1771;1881;-110;10:54:56.861078
1769;1883;-114;10:54:56.861078
1772;1884;-112;10:54:56.861078
1775;1885;-110;10:54:56.861078
1773;1886;-113;10:54:56.861078
1775;1883;-108;10:54:56.861078
1777;1883;-106;10:54:56.861078
1773;1880;-107;10:54:56.861078
1772;1880;-108;10:54:56.861078
1772;1883;-111;10:54:56.861078
1771;1881;-110;10:54:56.861078
1772;1882;-110;10:54:56.861078
1773;1881;-108;10:54:56.861078
1772;1881;-109;10:54:56.861078
1769;1881;-112;10:54:56.861078
1768;1878;-110;10:54:56.861078
1771;1878;-107;10:54:56.861078
1774;1878;-104;10:54:56.861078
1777;1881;-104;10:54:56.861078
1775;1881;-106;10:54:56.861078
1773;1881;-108;10:54:56.861078
1772;1881;-109;10:54:56.861078
1770;1881;-111;10:54:56.861078
1771;1881;-110;10:54:56.861078
1770;1880;-110;10:54:56.861078
1769;1880;-111;10:54:56.861078
1770;1881;-111;10:54:56.861078
1770;1882;-112;10:54:56.861078
1769;1879;-110;10:54:56.861078
1768;1877;-109;10:54:56.861078
1770;1877;-107;10:54:56.861078
1768;1878;-110;10:54:56.861078
1767;1875;-108;10:54:56.861078
1766;1877;-111;10:54:56.861078
1762;1874;-112;10:54:56.861078
1759;1872;-113;10:54:56.861078
1760;1873;-113;10:54:56.861078
1759;1872;-113;10:54:56.861078
1755;1868;-113;10:54:56.861078
1753;1865;-112;10:54:56.861078
1752;1865;-113;10:54:56.861078
1751;1864;-113;10:54:56.861078
1755;1864;-109;10:54:56.861078
1754;1867;-113;10:54:56.861078
1751;1869;-118;10:54:56.861078
1753;1866;-113;10:54:56.861078
1753;1866;-113;10:54:56.861078
1752;1865;-113;10:54:56.861078
1752;1862;-110;10:54:56.861078
1752;1862;-110;10:54:56.861078
1752;1863;-111;10:54:56.861078
1750;1863;-113;10:54:56.861078
1750;1863;-113;10:54:56.861078
1750;1861;-111;10:54:56.861078
1753;1864;-111;10:54:56.861078
1756;1866;-110;10:54:56.861078
1757;1870;-113;10:54:56.861078
1755;1868;-113;10:54:56.861078
1758;1868;-110;10:54:56.861078
1758;1868;-110;10:54:56.861078
1755;1871;-116;10:54:56.861078
1757;1870;-113;10:54:56.861078
1759;1871;-112;10:54:56.861078
1758;1871;-113;10:54:56.861078
1761;1871;-110;10:54:56.861078
1763;1872;-109;10:54:56.861078
1763;1873;-110;10:54:56.861078
1760;1871;-111;10:54:56.861078
1759;1869;-110;10:54:56.861078
1759;1872;-113;10:54:56.861078
1759;1870;-111;10:54:56.861078
1759;1868;-109;10:54:56.861078
1761;1868;-107;10:54:56.861078
1761;1870;-109;10:54:56.861078
1758;1872;-114;10:54:56.861078
1761;1871;-110;10:54:56.861078
1763;1873;-110;10:54:56.861078
1760;1870;-110;10:54:56.861078
1758;1868;-110;10:54:56.861078
1763;1867;-104;10:54:56.861078
1761;1863;-102;10:54:56.861078
1758;1864;-106;10:54:56.861078
1760;1868;-108;10:54:56.861078
1759;1869;-110;10:54:56.861078
1758;1870;-112;10:54:56.861078
1759;1870;-111;10:54:56.861078
1758;1873;-115;10:54:56.861078
1762;1872;-110;10:54:56.861078
1764;1868;-104;10:54:56.861078
1760;1871;-111;10:54:56.861078
1761;1871;-110;10:54:56.861078
1764;1874;-110;10:54:56.861078
1766;1875;-109;10:54:56.861078
1767;1874;-107;10:54:56.861078
1768;1876;-108;10:54:56.861078
1771;1878;-107;10:54:56.861078
1772;1878;-106;10:54:56.861078
1774;1877;-103;10:54:56.861078
1774;1878;-104;10:54:56.861078
1770;1881;-111;10:54:56.861078
1771;1882;-111;10:54:56.861078
1772;1885;-113;10:54:56.861078
1770;1883;-113;10:54:56.861078
1770;1882;-112;10:54:56.861078
1771;1885;-114;10:54:56.861078
1771;1885;-114;10:54:56.861078
1773;1884;-111;10:54:56.861078
1775;1883;-108;10:54:56.861078
1777;1884;-107;10:54:56.861078
1775;1881;-106;10:54:56.861078
1774;1880;-106;10:54:56.861078
1771;1879;-108;10:54:56.861078
1768;1876;-108;10:54:56.861078
1767;1875;-108;10:54:56.861078
1763;1870;-107;10:54:56.861078
1761;1868;-107;10:54:56.861078
1759;1867;-108;10:54:56.861078
1758;1866;-108;10:54:56.861078
1758;1866;-108;10:54:56.861078
1757;1867;-110;10:54:56.861078
1760;1871;-111;10:54:56.861078
1762;1872;-110;10:54:56.861078
1760;1875;-115;10:54:56.861078
1761;1876;-115;10:54:56.861078
1760;1881;-121;10:54:56.861078
1763;1881;-118;10:54:56.861078
1766;1881;-115;10:54:56.861078
1769;1879;-110;10:54:56.861078
1770;1882;-112;10:54:56.861078
1768;1880;-112;10:54:56.861078
1771;1877;-106;10:54:56.924396
1766;1874;-108;10:54:56.924396
1767;1874;-107;10:54:56.924396
1767;1877;-110;10:54:56.924396
1765;1877;-112;10:54:56.924396
1764;1875;-111;10:54:56.924396
1765;1876;-111;10:54:56.924396
1767;1874;-107;10:54:56.924396
1764;1874;-110;10:54:56.924396
1762;1874;-112;10:54:56.924396
1763;1875;-112;10:54:56.924396
1764;1874;-110;10:54:56.924396
1764;1871;-107;10:54:56.924396
1761;1870;-109;10:54:56.924396
1760;1872;-112;10:54:56.924396
1760;1872;-112;10:54:56.924396
1762;1873;-111;10:54:56.924396
1760;1875;-115;10:54:56.924396
1757;1871;-114;10:54:56.924396
1758;1871;-113;10:54:56.924396
1759;1869;-110;10:54:56.924396
1757;1868;-111;10:54:56.924396
1760;1867;-107;10:54:56.924396
1758;1871;-113;10:54:56.924396
1757;1868;-111;10:54:56.924396
1756;1868;-112;10:54:56.924396
1756;1867;-111;10:54:56.924396
1754;1867;-113;10:54:56.924396
1753;1864;-111;10:54:56.924396
1754;1863;-109;10:54:56.924396
1751;1863;-112;10:54:56.924396
1749;1867;-118;10:54:56.924396
1751;1868;-117;10:54:56.924396
1752;1869;-117;10:54:56.924396
1751;1868;-117;10:54:56.924396
1753;1867;-114;10:54:56.924396
1757;1869;-112;10:54:56.924396
1756;1868;-112;10:54:56.924396
1757;1868;-111;10:54:56.924396
1759;1870;-111;10:54:56.924396
1760;1868;-108;10:54:56.924396
1759;1869;-110;10:54:56.924396
1755;1865;-110;10:54:56.924396
1754;1864;-110;10:54:56.924396
1750;1865;-115;10:54:56.924396
1748;1862;-114;10:54:56.924396
1748;1859;-111;10:54:56.924396
1745;1858;-113;10:54:56.924396
1743;1854;-111;10:54:56.924396
1745;1851;-106;10:54:56.924396
1745;1852;-107;10:54:56.924396
1742;1855;-113;10:54:56.924396
1745;1854;-109;10:54:56.924396
1746;1855;-109;10:54:56.924396
1746;1855;-109;10:54:56.924396
1746;1856;-110;10:54:56.924396
1744;1856;-112;10:54:56.924396
1741;1857;-116;10:54:56.924396
1741;1856;-115;10:54:56.924396
1742;1855;-113;10:54:56.924396
1742;1854;-112;10:54:56.924396
1744;1853;-109;10:54:56.924396
1745;1855;-110;10:54:56.924396
1745;1856;-111;10:54:56.924396
1744;1856;-112;10:54:56.924396
1746;1854;-108;10:54:56.924396
1747;1857;-110;10:54:56.924396
1749;1859;-110;10:54:56.924396
1749;1861;-112;10:54:56.924396
1751;1861;-110;10:54:56.924396
1751;1864;-113;10:54:56.924396
1753;1864;-111;10:54:56.924396
1757;1864;-107;10:54:56.924396
1759;1868;-109;10:54:56.924396
1759;1866;-107;10:54:56.924396
1757;1868;-111;10:54:56.924396
1762;1869;-107;10:54:56.924396
1762;1869;-107;10:54:56.924396
1762;1868;-106;10:54:56.924396
1764;1867;-103;10:54:56.924396
1763;1870;-107;10:54:56.924396
1762;1868;-106;10:54:56.924396
1759;1869;-110;10:54:56.924396
1760;1869;-109;10:54:56.924396
1762;1871;-109;10:54:56.924396
1760;1871;-111;10:54:56.924396
1759;1870;-111;10:54:56.924396
1759;1868;-109;10:54:56.924396
1759;1869;-110;10:54:56.924396
1760;1868;-108;10:54:56.924396
1760;1869;-109;10:54:56.924396
1765;1870;-105;10:54:56.924396
1763;1873;-110;10:54:56.924396
1766;1873;-107;10:54:56.924396
1766;1873;-107;10:54:56.924396
1764;1873;-109;10:54:56.924396
1764;1874;-110;10:54:56.924396
1764;1874;-110;10:54:56.924396
1764;1875;-111;10:54:56.924396
1764;1873;-109;10:54:56.924396
1766;1875;-109;10:54:56.924396
1766;1875;-109;10:54:56.924396
1763;1875;-112;10:54:56.924396
1764;1873;-109;10:54:56.924396
1763;1877;-114;10:54:56.924396
1762;1876;-114;10:54:56.924396
1759;1874;-115;10:54:56.924396
1759;1874;-115;10:54:56.924396
1761;1872;-111;10:54:56.924396
1759;1874;-115;10:54:56.924396
1759;1872;-113;10:54:56.924396
1761;1872;-111;10:54:56.924396
1761;1873;-112;10:54:56.924396
1757;1873;-116;10:54:56.924396
1758;1871;-113;10:54:56.924396
1760;1871;-111;10:54:56.924396
1762;1872;-110;10:54:56.924396
1760;1869;-109;10:54:56.924396
1757;1868;-111;10:54:56.924396
1754;1866;-112;10:54:56.924396
1752;1867;-115;10:54:56.924396
1751;1867;-116;10:54:56.924396
1751;1867;-116;10:54:56.924396
1750;1865;-115;10:54:56.924396
1751;1865;-114;10:54:56.924396
1753;1861;-108;10:54:56.924396
1753;1863;-110;10:54:56.924396
1753;1869;-116;10:54:56.924396
1756;1869;-113;10:54:56.924396
1757;1869;-112;10:54:56.924396
1761;1870;-109;10:54:56.924396
1759;1870;-111;10:54:56.924396
1758;1871;-113;10:54:56.924396
1759;1870;-111;10:54:56.924396
1760;1870;-110;10:54:56.924396
1758;1869;-111;10:54:56.924396
1755;1871;-116;10:54:56.924396
1756;1870;-114;10:54:56.924396
1756;1869;-113;10:54:56.924396
1759;1867;-108;10:54:56.924396
1759;1866;-107;10:54:56.924396
1758;1870;-112;10:54:56.924396
1759;1870;-111;10:54:56.924396
1757;1870;-113;10:54:56.924396
1759;1870;-111;10:54:56.924396
1763;1874;-111;10:54:56.924396
1765;1873;-108;10:54:56.924396
1766;1874;-108;10:54:56.924396
1769;1875;-106;10:54:56.924396
1767;1874;-107;10:54:56.924396
1765;1875;-110;10:54:56.924396
1766;1877;-111;10:54:56.924396
1764;1876;-112;10:54:56.924396
1765;1872;-107;10:54:56.924396
1764;1873;-109;10:54:56.924396
1763;1873;-110;10:54:56.924396
1760;1869;-109;10:54:56.924396
1756;1866;-110;10:54:56.924396
1753;1864;-111;10:54:56.924396
1755;1863;-108;10:54:56.924396
1754;1861;-107;10:54:56.924396
1752;1862;-110;10:54:56.924396
1753;1861;-108;10:54:56.924396
1755;1862;-107;10:54:56.924396
1758;1861;-103;10:54:56.924396
1758;1864;-106;10:54:56.924396
1756;1866;-110;10:54:56.924396
1757;1871;-114;10:54:56.924396
1759;1873;-114;10:54:56.924396
1759;1873;-114;10:54:56.924396
1756;1874;-118;10:54:56.924396
1758;1875;-117;10:54:56.924396
1761;1878;-117;10:54:56.924396
1758;1875;-117;10:54:56.924396
1761;1873;-112;10:54:56.924396
1763;1874;-111;10:54:56.924396
1762;1874;-112;10:54:56.924396
1763;1875;-112;10:54:56.924396
1763;1877;-114;10:54:56.924396
1760;1876;-116;10:54:56.924396
1762;1873;-111;10:54:56.924396
1763;1871;-108;10:54:56.924396
1764;1871;-107;10:54:56.924396
1761;1868;-107;10:54:56.924396
1762;1869;-107;10:54:56.924396
1763;1869;-106;10:54:56.924396
1759;1866;-107;10:54:56.924396
1757;1865;-108;10:54:56.924396
1757;1864;-107;10:54:56.924396
1755;1863;-108;10:54:56.924396
1753;1863;-110;10:54:56.924396
1752;1863;-111;10:54:56.924396
1749;1860;-111;10:54:56.924396
1749;1857;-108;10:54:56.924396
1747;1858;-111;10:54:56.924396
1744;1857;-113;10:54:56.924396
1745;1858;-113;10:54:56.924396
1748;1856;-108;10:54:56.924396
1748;1856;-108;10:54:56.924396
1745;1856;-111;10:54:56.924396
1748;1855;-107;10:54:56.924396
1750;1857;-107;10:54:56.924396
1749;1859;-110;10:54:56.924396
1751;1860;-109;10:54:56.924396
1754;1862;-108;10:54:56.924396
1755;1864;-109;10:54:56.924396
1755;1867;-112;10:54:56.924396
1754;1868;-114;10:54:56.924396
1756;1870;-114;10:54:56.924396
1757;1869;-112;10:54:56.924396
1762;1872;-110;10:54:56.924396
1763;1872;-109;10:54:56.924396
1761;1872;-111;10:54:56.924396
1762;1873;-111;10:54:56.924396
1763;1873;-110;10:54:56.924396
1762;1872;-110;10:54:56.924396
1759;1870;-111;10:54:56.924396
1759;1870;-111;10:54:56.924396
1760;1869;-109;10:54:56.924396
1758;1869;-111;10:54:56.924396
1762;1871;-109;10:54:56.924396
1761;1871;-110;10:54:56.924396
1759;1871;-112;10:54:56.924396
1759;1869;-110;10:54:56.924396
1760;1870;-110;10:54:56.924396
1759;1867;-108;10:54:56.924396
1759;1868;-109;10:54:56.924396
1759;1866;-107;10:54:56.924396
1758;1865;-107;10:54:56.924396
1756;1862;-106;10:54:56.924396
1753;1864;-111;10:54:56.924396
1752;1862;-110;10:54:56.924396
1749;1862;-113;10:54:56.924396
1753;1866;-113;10:54:56.924396
1754;1863;-109;10:54:56.924396
1752;1862;-110;10:54:56.924396
1753;1862;-109;10:54:56.924396
1753;1865;-112;10:54:56.924396
1754;1862;-108;10:54:56.924396
1752;1863;-111;10:54:56.924396
1751;1863;-112;10:54:56.924396
1752;1866;-114;10:54:56.924396
1752;1867;-115;10:54:56.924396
1751;1867;-116;10:54:56.924396
1756;1868;-112;10:54:56.924396
1756;1865;-109;10:54:56.924396
1755;1863;-108;10:54:56.924396
1754;1866;-112;10:54:56.924396
1753;1866;-113;10:54:56.924396
1753;1865;-112;10:54:56.924396
1753;1864;-111;10:54:56.924396
1754;1865;-111;10:54:56.924396
1752;1861;-109;10:54:56.924396
1753;1861;-108;10:54:56.924396
1752;1861;-109;10:54:56.924396
1752;1860;-108;10:54:56.941351
1751;1860;-109;10:54:56.941351
1751;1862;-111;10:54:56.941351
1753;1859;-106;10:54:56.941351
1754;1859;-105;10:54:56.941351
1753;1861;-108;10:54:56.941351
1753;1862;-109;10:54:56.941351
1755;1865;-110;10:54:56.941351
1756;1866;-110;10:54:56.941351
1756;1866;-110;10:54:56.941351
1756;1869;-113;10:54:56.941351
1757;1868;-111;10:54:56.941351
1760;1870;-110;10:54:56.941351
1762;1871;-109;10:54:56.941351
1762;1873;-111;10:54:56.941351
1762;1873;-111;10:54:56.941351
1762;1871;-109;10:54:56.941351
1761;1871;-110;10:54:56.941351
1760;1870;-110;10:54:56.941351
1761;1868;-107;10:54:56.941351
1762;1869;-107;10:54:56.941351
1759;1870;-111;10:54:56.941351
1763;1871;-108;10:54:56.941351
1764;1871;-107;10:54:56.941351
1764;1871;-107;10:54:56.941351
1766;1873;-107;10:54:56.941351
1764;1874;-110;10:54:56.941351
1764;1874;-110;10:54:56.941351
1766;1876;-110;10:54:56.941351
1766;1876;-110;10:54:56.941351
1770;1877;-107;10:54:56.941351
1769;1876;-107;10:54:56.941351
1769;1875;-106;10:54:56.941351
1768;1876;-108;10:54:56.941351
1769;1878;-109;10:54:56.941351
1770;1877;-107;10:54:56.941351
1769;1874;-105;10:54:56.941351
1769;1877;-108;10:54:56.941351
1769;1873;-104;10:54:56.941351
1768;1874;-106;10:54:56.941351
1766;1872;-106;10:54:56.941351
1767;1871;-104;10:54:56.941351
1765;1872;-107;10:54:56.941351
1766;1874;-108;10:54:56.941351
1766;1874;-108;10:54:56.941351
1765;1874;-109;10:54:56.941351
1764;1875;-111;10:54:56.941351
1767;1876;-109;10:54:56.941351
1768;1875;-107;10:54:56.941351
1765;1873;-108;10:54:56.941351
1763;1872;-109;10:54:56.941351
1763;1871;-108;10:54:56.941351
1762;1868;-106;10:54:56.941351
1764;1872;-108;10:54:56.941351
1762;1871;-109;10:54:56.941351
1761;1870;-109;10:54:56.941351
1761;1869;-108;10:54:56.941351
1761;1871;-110;10:54:56.941351
1759;1869;-110;10:54:56.941351
1760;1870;-110;10:54:56.941351
1760;1872;-112;10:54:56.941351
1759;1872;-113;10:54:56.941351
1762;1873;-111;10:54:56.941351
1764;1872;-108;10:54:56.941351
1763;1873;-110;10:54:56.941351
1762;1869;-107;10:54:56.941351
1763;1866;-103;10:54:56.941351
1760;1867;-107;10:54:56.941351
1758;1868;-110;10:54:56.941351
1758;1868;-110;10:54:56.941351
1755;1869;-114;10:54:56.941351
1756;1868;-112;10:54:56.941351
1757;1867;-110;10:54:56.941351
1757;1869;-112;10:54:56.941351
1755;1869;-114;10:54:56.941351
1759;1868;-109;10:54:56.941351
1760;1868;-108;10:54:56.941351
1759;1867;-108;10:54:56.941351
1757;1867;-110;10:54:56.941351
1756;1865;-109;10:54:56.941351
1755;1865;-110;10:54:56.941351
1751;1864;-113;10:54:56.941351
1752;1863;-111;10:54:56.941351
1752;1863;-111;10:54:56.941351
1748;1861;-113;10:54:56.941351
1750;1863;-113;10:54:56.941351
1749;1863;-114;10:54:56.941351
1753;1862;-109;10:54:56.941351
1756;1862;-106;10:54:56.941351
1754;1859;-105;10:54:56.941351
1753;1858;-105;10:54:56.941351
1753;1859;-106;10:54:56.941351
1755;1862;-107;10:54:56.941351
1756;1862;-106;10:54:56.941351
1753;1859;-106;10:54:56.941351
1752;1861;-109;10:54:56.941351
1754;1862;-108;10:54:56.941351
1754;1862;-108;10:54:56.941351
1750;1860;-110;10:54:56.941351
1753;1861;-108;10:54:56.941351
1755;1864;-109;10:54:56.941351
1754;1861;-107;10:54:56.941351
1751;1862;-111;10:54:56.941351
1751;1863;-112;10:54:56.941351
1752;1864;-112;10:54:56.941351
1757;1864;-107;10:54:56.941351
1760;1867;-107;10:54:56.941351
1757;1868;-111;10:54:56.941351
1758;1869;-111;10:54:56.941351
1761;1869;-108;10:54:56.941351
1759;1866;-107;10:54:56.941351
1756;1863;-107;10:54:56.941351
1757;1863;-106;10:54:56.941351
1755;1862;-107;10:54:56.941351
1755;1860;-105;10:54:56.941351
1756;1859;-103;10:54:56.941351
1751;1862;-111;10:54:56.941351
1749;1861;-112;10:54:56.941351
1751;1862;-111;10:54:56.941351
1750;1860;-110;10:54:56.941351
1754;1860;-106;10:54:56.941351
1754;1860;-106;10:54:56.941351
1755;1859;-104;10:54:56.941351
1754;1862;-108;10:54:56.941351
1754;1863;-109;10:54:56.941351
1759;1865;-106;10:54:56.941351
1761;1866;-105;10:54:56.941351
1760;1862;-102;10:54:56.941351
1759;1868;-109;10:54:56.941351
1756;1871;-115;10:54:56.941351
1758;1872;-114;10:54:56.941351
1756;1870;-114;10:54:56.941351
1757;1868;-111;10:54:56.941351
1757;1870;-113;10:54:56.941351
1756;1870;-114;10:54:56.941351
1758;1867;-109;10:54:56.941351
1758;1864;-106;10:54:56.941351
1756;1863;-107;10:54:56.941351
1757;1863;-106;10:54:56.941351
1760;1862;-102;10:54:56.941351
1756;1863;-107;10:54:56.941351
1756;1867;-111;10:54:56.941351
1759;1867;-108;10:54:56.941351
1755;1865;-110;10:54:56.941351
1753;1866;-113;10:54:56.941351
1755;1866;-111;10:54:56.941351
1759;1867;-108;10:54:56.941351
1760;1866;-106;10:54:56.941351
1760;1870;-110;10:54:56.941351
1757;1870;-113;10:54:56.941351
1758;1871;-113;10:54:56.941351
1762;1870;-108;10:54:56.941351
1761;1871;-110;10:54:56.941351
1759;1873;-114;10:54:56.941351
1763;1876;-113;10:54:56.941351
1764;1877;-113;10:54:56.941351
1761;1874;-113;10:54:56.941351
1761;1873;-112;10:54:56.941351
1761;1872;-111;10:54:56.941351
1758;1867;-109;10:54:56.941351
1758;1868;-110;10:54:56.941351
1759;1869;-110;10:54:56.941351
1760;1867;-107;10:54:56.941351
1760;1867;-107;10:54:56.941351
1761;1867;-106;10:54:56.941351
1761;1871;-110;10:54:56.941351
1761;1873;-112;10:54:56.941351
1761;1874;-113;10:54:56.941351
1765;1873;-108;10:54:56.941351
1766;1875;-109;10:54:56.941351
1765;1874;-109;10:54:56.941351
1764;1876;-112;10:54:56.941351
1764;1874;-110;10:54:56.941351
1762;1873;-111;10:54:56.941351
1762;1870;-108;10:54:56.941351
1760;1869;-109;10:54:56.941351
1759;1868;-109;10:54:56.941351
1758;1866;-108;10:54:56.941351
1757;1870;-113;10:54:56.941351
1757;1871;-114;10:54:56.941351
1761;1871;-110;10:54:56.941351
1759;1875;-116;10:54:56.941351
1761;1875;-114;10:54:56.941351
1767;1874;-107;10:54:56.941351
1769;1873;-104;10:54:56.941351
1769;1873;-104;10:54:56.941351
1771;1873;-102;10:54:56.941351
1773;1876;-103;10:54:56.941351
1773;1879;-106;10:54:56.941351
1772;1876;-104;10:54:56.941351
1773;1879;-106;10:54:56.941351
1770;1878;-108;10:54:56.941351
1768;1880;-112;10:54:56.941351
1765;1875;-110;10:54:56.941351
1765;1875;-110;10:54:56.941351
1765;1876;-111;10:54:56.941351
1764;1876;-112;10:54:56.941351
1766;1874;-108;10:54:56.941351
1765;1875;-110;10:54:56.941351
1766;1876;-110;10:54:56.941351
1766;1876;-110;10:54:56.941351
1766;1876;-110;10:54:56.941351
1765;1875;-110;10:54:56.941351
1763;1877;-114;10:54:56.941351
1761;1875;-114;10:54:56.941351
1761;1875;-114;10:54:56.941351
1764;1876;-112;10:54:56.941351
1767;1875;-108;10:54:56.941351
1768;1877;-109;10:54:56.941351
1769;1878;-109;10:54:56.941351
1771;1879;-108;10:54:56.941351
1770;1878;-108;10:54:56.941351
1771;1879;-108;10:54:56.941351
1774;1880;-106;10:54:56.941351
1775;1884;-109;10:54:56.941351
1775;1886;-111;10:54:56.941351
1777;1885;-108;10:54:56.941351
1779;1886;-107;10:54:56.941351
1779;1886;-107;10:54:56.941351
1781;1888;-107;10:54:56.941351
1785;1890;-105;10:54:56.941351
1782;1890;-108;10:54:56.941351
1779;1886;-107;10:54:56.941351
1779;1887;-108;10:54:56.941351
1776;1885;-109;10:54:56.941351
1772;1881;-109;10:54:56.941351
1770;1880;-110;10:54:56.941351
1771;1881;-110;10:54:56.941351
1771;1880;-109;10:54:56.941351
1772;1875;-103;10:54:56.941351
1769;1872;-103;10:54:56.941351
1767;1869;-102;10:54:56.941351
1768;1871;-103;10:54:56.941351
1766;1870;-104;10:54:56.941351
1766;1867;-101;10:54:56.941351
1762;1865;-103;10:54:56.941351
1759;1865;-106;10:54:56.941351
1757;1866;-109;10:54:56.941351
1755;1865;-110;10:54:56.941351
1753;1864;-111;10:54:56.941351
1755;1865;-110;10:54:56.941351
1755;1863;-108;10:54:56.941351
1752;1863;-111;10:54:56.941351
1753;1864;-111;10:54:56.941351
1752;1864;-112;10:54:56.941351
1750;1865;-115;10:54:56.941351
1754;1866;-112;10:54:56.941351
1756;1865;-109;10:54:56.941351
1753;1868;-115;10:54:56.941351
1755;1865;-110;10:54:56.941351
1757;1864;-107;10:54:56.941351
1755;1863;-108;10:54:56.941351
1752;1863;-111;10:54:56.941351
1752;1865;-113;10:54:56.941351
1753;1866;-113;10:54:56.941351
1750;1864;-114;10:54:57.048065
1753;1865;-112;10:54:57.048065
1755;1864;-109;10:54:57.048065
1758;1864;-106;10:54:57.048065
1756;1863;-107;10:54:57.048065
1760;1865;-105;10:54:57.048065
1762;1866;-104;10:54:57.048065
1765;1869;-104;10:54:57.048065
1766;1870;-104;10:54:57.048065
1762;1871;-109;10:54:57.048065
1763;1869;-106;10:54:57.048065
1764;1870;-106;10:54:57.048065
1760;1872;-112;10:54:57.048065
1758;1872;-114;10:54:57.048065
1760;1874;-114;10:54:57.048065
1762;1875;-113;10:54:57.048065
1765;1871;-106;10:54:57.048065
1763;1872;-109;10:54:57.048065
1760;1871;-111;10:54:57.048065
1759;1870;-111;10:54:57.048065
1757;1867;-110;10:54:57.048065
1758;1865;-107;10:54:57.048065
1756;1863;-107;10:54:57.048065
1759;1859;-100;10:54:57.048065
1755;1860;-105;10:54:57.048065
1753;1860;-107;10:54:57.048065
1748;1859;-111;10:54:57.048065
1750;1860;-110;10:54:57.048065
1751;1861;-110;10:54:57.048065
1747;1862;-115;10:54:57.048065
1746;1862;-116;10:54:57.048065
1745;1863;-118;10:54:57.048065
1748;1860;-112;10:54:57.048065
1750;1860;-110;10:54:57.048065
1751;1858;-107;10:54:57.048065
1754;1859;-105;10:54:57.048065
1754;1859;-105;10:54:57.048065
1754;1858;-104;10:54:57.048065
1753;1861;-108;10:54:57.048065
1754;1866;-112;10:54:57.048065
1757;1866;-109;10:54:57.048065
1757;1866;-109;10:54:57.048065
1757;1868;-111;10:54:57.048065
1761;1873;-112;10:54:57.048065
1761;1874;-113;10:54:57.048065
1764;1874;-110;10:54:57.048065
1763;1876;-113;10:54:57.048065
1764;1876;-112;10:54:57.048065
1766;1875;-109;10:54:57.048065
1765;1873;-108;10:54:57.048065
1763;1870;-107;10:54:57.048065
1759;1867;-108;10:54:57.048065
1758;1869;-111;10:54:57.048065
1756;1864;-108;10:54:57.048065
1755;1861;-106;10:54:57.048065
1756;1860;-104;10:54:57.048065
1756;1861;-105;10:54:57.048065
1755;1863;-108;10:54:57.048065
1752;1860;-108;10:54:57.048065
1750;1860;-110;10:54:57.048065
1750;1864;-114;10:54:57.048065
1748;1864;-116;10:54:57.048065
1750;1862;-112;10:54:57.048065
1753;1862;-109;10:54:57.048065
1753;1862;-109;10:54:57.048065
1751;1864;-113;10:54:57.048065
1752;1865;-113;10:54:57.048065
1757;1865;-108;10:54:57.048065
1755;1865;-110;10:54:57.048065
1757;1866;-109;10:54:57.048065
1758;1869;-111;10:54:57.048065
1759;1873;-114;10:54:57.048065
1762;1872;-110;10:54:57.048065
1761;1872;-111;10:54:57.048065
1760;1872;-112;10:54:57.048065
1764;1875;-111;10:54:57.048065
1767;1876;-109;10:54:57.048065
1767;1876;-109;10:54:57.048065
1769;1876;-107;10:54:57.048065
1770;1879;-109;10:54:57.048065
1768;1878;-110;10:54:57.048065
1770;1877;-107;10:54:57.048065
1771;1882;-111;10:54:57.048065
1775;1879;-104;10:54:57.048065
1773;1880;-107;10:54:57.048065
1775;1881;-106;10:54:57.048065
1776;1882;-106;10:54:57.048065
1776;1880;-104;10:54:57.048065
1775;1879;-104;10:54:57.048065
1773;1878;-105;10:54:57.048065
1775;1880;-105;10:54:57.048065
1777;1878;-101;10:54:57.048065
1778;1880;-102;10:54:57.048065
1777;1880;-103;10:54:57.048065
1774;1878;-104;10:54:57.048065
1775;1878;-103;10:54:57.048065
1774;1878;-104;10:54:57.048065
1771;1877;-106;10:54:57.048065
1772;1877;-105;10:54:57.048065
1773;1879;-106;10:54:57.048065
1774;1881;-107;10:54:57.048065
1776;1881;-105;10:54:57.048065
1774;1881;-107;10:54:57.048065
1772;1877;-105;10:54:57.048065
1771;1874;-103;10:54:57.048065
1769;1877;-108;10:54:57.048065
1767;1876;-109;10:54:57.048065
1768;1874;-106;10:54:57.048065
1767;1874;-107;10:54:57.048065
1767;1875;-108;10:54:57.048065
1767;1873;-106;10:54:57.048065
1767;1874;-107;10:54:57.048065
1765;1876;-111;10:54:57.048065
1765;1877;-112;10:54:57.048065
1768;1874;-106;10:54:57.048065
1768;1875;-107;10:54:57.048065
1767;1875;-108;10:54:57.048065
1769;1873;-104;10:54:57.048065
1768;1874;-106;10:54:57.048065
1766;1871;-105;10:54:57.048065
1762;1873;-111;10:54:57.048065
1763;1871;-108;10:54:57.048065
1762;1872;-110;10:54:57.048065
1762;1871;-109;10:54:57.048065
1762;1869;-107;10:54:57.048065
1761;1868;-107;10:54:57.048065
1760;1867;-107;10:54:57.048065
1760;1867;-107;10:54:57.048065
1759;1867;-108;10:54:57.048065
1755;1863;-108;10:54:57.048065
1754;1861;-107;10:54:57.048065
1755;1860;-105;10:54:57.048065
1754;1859;-105;10:54:57.048065
1754;1859;-105;10:54:57.048065
1753;1862;-109;10:54:57.048065
1756;1863;-107;10:54:57.048065
1756;1864;-108;10:54:57.048065
1757;1864;-107;10:54:57.048065
1759;1865;-106;10:54:57.048065
1759;1868;-109;10:54:57.048065
1758;1867;-109;10:54:57.048065
1760;1870;-110;10:54:57.048065
1761;1873;-112;10:54:57.048065
1761;1873;-112;10:54:57.048065
1762;1874;-112;10:54:57.048065
1764;1877;-113;10:54:57.048065
1762;1877;-115;10:54:57.048065
1762;1878;-116;10:54:57.048065
1766;1878;-112;10:54:57.048065
1766;1876;-110;10:54:57.048065
1767;1875;-108;10:54:57.048065
1770;1876;-106;10:54:57.048065
1769;1878;-109;10:54:57.048065
1770;1879;-109;10:54:57.048065
1770;1878;-108;10:54:57.048065
1769;1879;-110;10:54:57.048065
1771;1881;-110;10:54:57.048065
1773;1883;-110;10:54:57.048065
1774;1882;-108;10:54:57.048065
1775;1883;-108;10:54:57.048065
1775;1884;-109;10:54:57.048065
1777;1885;-108;10:54:57.048065
1780;1883;-103;10:54:57.048065
1779;1882;-103;10:54:57.048065
1777;1882;-105;10:54:57.048065
1779;1885;-106;10:54:57.048065
1775;1884;-109;10:54:57.048065
1775;1885;-110;10:54:57.048065
1774;1884;-110;10:54:57.048065
1774;1884;-110;10:54:57.048065
1774;1885;-111;10:54:57.048065
1775;1884;-109;10:54:57.048065
1774;1883;-109;10:54:57.048065
1774;1881;-107;10:54:57.048065
1775;1880;-105;10:54:57.048065
1774;1880;-106;10:54:57.048065
1772;1880;-108;10:54:57.048065
1772;1879;-107;10:54:57.048065
1773;1879;-106;10:54:57.048065
1772;1876;-104;10:54:57.048065
1772;1875;-103;10:54:57.048065
1772;1876;-104;10:54:57.048065
1771;1876;-105;10:54:57.048065
1771;1877;-106;10:54:57.048065
1769;1879;-110;10:54:57.048065
1770;1880;-110;10:54:57.048065
1771;1881;-110;10:54:57.048065
1774;1882;-108;10:54:57.048065
1774;1885;-111;10:54:57.048065
1771;1884;-113;10:54:57.048065
1773;1877;-104;10:54:57.048065
1769;1873;-104;10:54:57.048065
1768;1872;-104;10:54:57.048065
1767;1873;-106;10:54:57.048065
1768;1873;-105;10:54:57.048065
1767;1870;-103;10:54:57.048065
1762;1871;-109;10:54:57.048065
1760;1868;-108;10:54:57.048065
1761;1867;-106;10:54:57.048065
1759;1866;-107;10:54:57.048065
1760;1867;-107;10:54:57.048065
1758;1868;-110;10:54:57.048065
1757;1867;-110;10:54:57.048065
1760;1869;-109;10:54:57.048065
1760;1870;-110;10:54:57.048065
1759;1872;-113;10:54:57.048065
1760;1873;-113;10:54:57.048065
1760;1870;-110;10:54:57.048065
1761;1868;-107;10:54:57.048065
1760;1865;-105;10:54:57.048065
1757;1866;-109;10:54:57.048065
1758;1868;-110;10:54:57.048065
1757;1866;-109;10:54:57.048065
1756;1867;-111;10:54:57.048065
1755;1868;-113;10:54:57.048065
1757;1867;-110;10:54:57.048065
1758;1867;-109;10:54:57.048065
1757;1867;-110;10:54:57.048065
1756;1867;-111;10:54:57.048065
1757;1867;-110;10:54:57.048065
1758;1871;-113;10:54:57.048065
1758;1872;-114;10:54:57.048065
1761;1875;-114;10:54:57.048065
1762;1878;-116;10:54:57.048065
1764;1876;-112;10:54:57.048065
1766;1872;-106;10:54:57.048065
1766;1873;-107;10:54:57.048065
1766;1873;-107;10:54:57.048065
1766;1874;-108;10:54:57.048065
1764;1874;-110;10:54:57.048065
1765;1875;-110;10:54:57.048065
1768;1872;-104;10:54:57.048065
1766;1870;-104;10:54:57.048065
1763;1868;-105;10:54:57.048065
1759;1867;-108;10:54:57.048065
1757;1866;-109;10:54:57.048065
1755;1862;-107;10:54:57.048065
1752;1860;-108;10:54:57.048065
1750;1859;-109;10:54:57.048065
1749;1857;-108;10:54:57.048065
1750;1856;-106;10:54:57.048065
1749;1857;-108;10:54:57.048065
1748;1858;-110;10:54:57.048065
1749;1859;-110;10:54:57.048065
1751;1863;-112;10:54:57.048065
1752;1863;-111;10:54:57.048065
1754;1864;-110;10:54:57.048065
1758;1868;-110;10:54:57.048065
1757;1869;-112;10:54:57.048065
1758;1868;-110;10:54:57.048065
1760;1871;-111;10:54:57.048065
1761;1870;-109;10:54:57.048065
1761;1869;-108;10:54:57.048065
1764;1869;-105;10:54:57.048065
1763;1871;-108;10:54:57.048065
1761;1869;-108;10:54:57.067018
1760;1869;-109;10:54:57.067018
1759;1868;-109;10:54:57.067018
1757;1867;-110;10:54:57.067018
1758;1868;-110;10:54:57.067018
1758;1867;-109;10:54:57.067018
1754;1864;-110;10:54:57.067018
1756;1864;-108;10:54:57.067018
1757;1864;-107;10:54:57.067018
1755;1863;-108;10:54:57.067018
1757;1864;-107;10:54:57.067018
1759;1863;-104;10:54:57.067018
1758;1865;-107;10:54:57.067018
1759;1864;-105;10:54:57.067018
1760;1866;-106;10:54:57.067018
1759;1865;-106;10:54:57.067018
1763;1866;-103;10:54:57.067018
1762;1868;-106;10:54:57.067018
1759;1866;-107;10:54:57.067018
1760;1869;-109;10:54:57.067018
1762;1871;-109;10:54:57.067018
1762;1869;-107;10:54:57.067018
1761;1872;-111;10:54:57.067018
1766;1875;-109;10:54:57.067018
1768;1875;-107;10:54:57.067018
1769;1871;-102;10:54:57.067018
1771;1875;-104;10:54:57.067018
1767;1874;-107;10:54:57.067018
1767;1873;-106;10:54:57.067018
1767;1876;-109;10:54:57.067018
1764;1877;-113;10:54:57.067018
1763;1873;-110;10:54:57.067018
1766;1871;-105;10:54:57.067018
1766;1872;-106;10:54:57.067018
1765;1870;-105;10:54:57.067018
1760;1871;-111;10:54:57.067018
1761;1872;-111;10:54:57.067018
1763;1871;-108;10:54:57.067018
1763;1869;-106;10:54:57.067018
1762;1869;-107;10:54:57.067018
1764;1871;-107;10:54:57.067018
1765;1873;-108;10:54:57.067018
1766;1875;-109;10:54:57.067018
1766;1875;-109;10:54:57.067018
1767;1878;-111;10:54:57.067018
1771;1880;-109;10:54:57.067018
1771;1877;-106;10:54:57.067018
1772;1879;-107;10:54:57.067018
1772;1882;-110;10:54:57.067018
1774;1883;-109;10:54:57.067018
1777;1885;-108;10:54:57.067018
1778;1882;-104;10:54:57.067018
1779;1883;-104;10:54:57.067018
1777;1885;-108;10:54:57.067018
1775;1880;-105;10:54:57.067018
1772;1879;-107;10:54:57.067018
1769;1876;-107;10:54:57.067018
1768;1872;-104;10:54:57.067018
1763;1869;-106;10:54:57.067018
1759;1866;-107;10:54:57.067018
1754;1863;-109;10:54:57.067018
1753;1862;-109;10:54:57.067018
1754;1862;-108;10:54:57.067018
1753;1859;-106;10:54:57.067018
1746;1857;-111;10:54:57.067018
1746;1857;-111;10:54:57.067018
1749;1859;-110;10:54:57.067018
1751;1861;-110;10:54:57.067018
1752;1862;-110;10:54:57.067018
1753;1862;-109;10:54:57.067018
1755;1864;-109;10:54:57.067018
1754;1863;-109;10:54:57.067018
1755;1865;-110;10:54:57.067018
1755;1866;-111;10:54:57.067018
1753;1863;-110;10:54:57.067018
1753;1862;-109;10:54:57.067018
1752;1864;-112;10:54:57.067018
1749;1863;-114;10:54:57.067018
1748;1864;-116;10:54:57.067018
1749;1862;-113;10:54:57.067018
1749;1860;-111;10:54:57.067018
1748;1855;-107;10:54:57.067018
1748;1857;-109;10:54:57.067018
1750;1860;-110;10:54:57.067018
1752;1860;-108;10:54:57.067018
1751;1859;-108;10:54:57.067018
1753;1859;-106;10:54:57.067018
1754;1862;-108;10:54:57.067018
1756;1863;-107;10:54:57.067018
1757;1863;-106;10:54:57.067018
1759;1865;-106;10:54:57.067018
1761;1867;-106;10:54:57.067018
1762;1870;-108;10:54:57.067018
1765;1872;-107;10:54:57.067018
1764;1871;-107;10:54:57.067018
1765;1871;-106;10:54:57.067018
1771;1871;-100;10:54:57.067018
1767;1871;-104;10:54:57.067018
1767;1867;-100;10:54:57.067018
1767;1869;-102;10:54:57.067018
1765;1870;-105;10:54:57.067018
1765;1871;-106;10:54:57.067018
1766;1874;-108;10:54:57.067018
1766;1877;-111;10:54:57.067018
1766;1875;-109;10:54:57.067018
1766;1875;-109;10:54:57.067018
1767;1873;-106;10:54:57.067018
1768;1871;-103;10:54:57.067018
1767;1871;-104;10:54:57.067018
1765;1867;-102;10:54:57.067018
1761;1865;-104;10:54:57.067018
1759;1865;-106;10:54:57.067018
1755;1864;-109;10:54:57.067018
1752;1863;-111;10:54:57.067018
1752;1863;-111;10:54:57.067018
1752;1866;-114;10:54:57.067018
1754;1866;-112;10:54:57.067018
1756;1864;-108;10:54:57.067018
1757;1866;-109;10:54:57.067018
1756;1867;-111;10:54:57.067018
1759;1865;-106;10:54:57.067018
1761;1865;-104;10:54:57.067018
1759;1865;-106;10:54:57.067018
1760;1867;-107;10:54:57.067018
1759;1868;-109;10:54:57.067018
1758;1868;-110;10:54:57.067018
1758;1866;-108;10:54:57.067018
1756;1865;-109;10:54:57.067018
1756;1864;-108;10:54:57.067018
1755;1864;-109;10:54:57.067018
1753;1864;-111;10:54:57.067018
1751;1863;-112;10:54:57.067018
1752;1867;-115;10:54:57.067018
1751;1867;-116;10:54:57.067018
1753;1863;-110;10:54:57.067018
1751;1865;-114;10:54:57.067018
1753;1869;-116;10:54:57.067018
1752;1865;-113;10:54:57.067018
1749;1864;-115;10:54:57.067018
1752;1866;-114;10:54:57.067018
1755;1864;-109;10:54:57.067018
1759;1865;-106;10:54:57.067018
1755;1866;-111;10:54:57.067018
1755;1866;-111;10:54:57.067018
1754;1867;-113;10:54:57.067018
1753;1869;-116;10:54:57.067018
1753;1868;-115;10:54:57.067018
1752;1869;-117;10:54:57.067018
1752;1869;-117;10:54:57.067018
1750;1868;-118;10:54:57.067018
1750;1867;-117;10:54:57.067018
1753;1865;-112;10:54:57.067018
1752;1865;-113;10:54:57.067018
1749;1863;-114;10:54:57.067018
1745;1863;-118;10:54:57.067018
1749;1864;-115;10:54:57.067018
1748;1863;-115;10:54:57.067018
1745;1863;-118;10:54:57.067018
1746;1861;-115;10:54:57.067018
1747;1861;-114;10:54:57.067018
1746;1859;-113;10:54:57.067018
1750;1861;-111;10:54:57.067018
1755;1864;-109;10:54:57.067018
1757;1866;-109;10:54:57.067018
1758;1866;-108;10:54:57.067018
1761;1870;-109;10:54:57.067018
1764;1871;-107;10:54:57.067018
1762;1874;-112;10:54:57.067018
1762;1875;-113;10:54:57.067018
1762;1874;-112;10:54:57.067018
1763;1872;-109;10:54:57.067018
1763;1872;-109;10:54:57.067018
1759;1870;-111;10:54:57.067018
1757;1869;-112;10:54:57.067018
1759;1871;-112;10:54:57.067018
1757;1871;-114;10:54:57.067018
1757;1867;-110;10:54:57.067018
1757;1868;-111;10:54:57.067018
1756;1868;-112;10:54:57.067018
1757;1864;-107;10:54:57.067018
1758;1865;-107;10:54:57.067018
1762;1868;-106;10:54:57.067018
1758;1869;-111;10:54:57.067018
1758;1868;-110;10:54:57.067018
1762;1874;-112;10:54:57.067018
1762;1875;-113;10:54:57.067018
1760;1878;-118;10:54:57.067018
1763;1882;-119;10:54:57.067018
1767;1883;-116;10:54:57.067018
1767;1885;-118;10:54:57.067018
1767;1879;-112;10:54:57.067018
1768;1877;-109;10:54:57.067018
1766;1876;-110;10:54:57.067018
1766;1877;-111;10:54:57.067018
1768;1877;-109;10:54:57.067018
1769;1879;-110;10:54:57.067018
1770;1880;-110;10:54:57.067018
1770;1881;-111;10:54:57.067018
1774;1882;-108;10:54:57.067018
1773;1880;-107;10:54:57.067018
1771;1879;-108;10:54:57.067018
1768;1876;-108;10:54:57.067018
1767;1875;-108;10:54:57.067018
1768;1871;-103;10:54:57.067018
1767;1869;-102;10:54:57.067018
1762;1869;-107;10:54:57.067018
1762;1872;-110;10:54:57.067018
1764;1873;-109;10:54:57.067018
1765;1869;-104;10:54:57.067018
1763;1867;-104;10:54:57.067018
1763;1867;-104;10:54:57.067018
1766;1869;-103;10:54:57.067018
1762;1870;-108;10:54:57.067018
1763;1868;-105;10:54:57.067018
1765;1871;-106;10:54:57.067018
1764;1871;-107;10:54:57.067018
1764;1875;-111;10:54:57.067018
1762;1875;-113;10:54:57.067018
1761;1877;-116;10:54:57.067018
1764;1876;-112;10:54:57.067018
1767;1875;-108;10:54:57.067018
1766;1874;-108;10:54:57.067018
1766;1873;-107;10:54:57.067018
1763;1870;-107;10:54:57.067018
1760;1869;-109;10:54:57.067018
1756;1863;-107;10:54:57.067018
1753;1863;-110;10:54:57.067018
1752;1863;-111;10:54:57.067018
1753;1864;-111;10:54:57.067018
1752;1864;-112;10:54:57.067018
1756;1865;-109;10:54:57.067018
1762;1863;-101;10:54:57.067018
1760;1864;-104;10:54:57.067018
1760;1864;-104;10:54:57.067018
1759;1866;-107;10:54:57.067018
1757;1865;-108;10:54:57.067018
1755;1864;-109;10:54:57.067018
1756;1861;-105;10:54:57.067018
1757;1861;-104;10:54:57.067018
1755;1863;-108;10:54:57.067018
1753;1864;-111;10:54:57.067018
1754;1863;-109;10:54:57.067018
1753;1863;-110;10:54:57.067018
1755;1865;-110;10:54:57.067018
1758;1865;-107;10:54:57.067018
1757;1866;-109;10:54:57.067018
1756;1867;-111;10:54:57.067018
1753;1868;-115;10:54:57.067018
1754;1866;-112;10:54:57.067018
1757;1863;-106;10:54:57.067018
1756;1860;-104;10:54:57.067018
1755;1860;-105;10:54:57.067018
1756;1860;-104;10:54:57.067018
1757;1861;-104;10:54:57.067018
1758;1862;-104;10:54:57.067018
1760;1865;-105;10:54:57.067018
1757;1866;-109;10:54:57.067018
1754;1866;-112;10:54:57.067018
1754;1864;-110;10:54:57.067018
1753;1863;-110;10:54:57.067018
1751;1862;-111;10:54:57.067018
1750;1861;-111;10:54:57.067018
1749;1859;-110;10:54:57.067018
1750;1859;-109;10:54:57.067018
1751;1859;-108;10:54:57.067018
1754;1860;-106;10:54:57.067018
1752;1859;-107;10:54:57.067018
1751;1859;-108;10:54:57.067018
1752;1860;-108;10:54:57.067018
1752;1860;-108;10:54:57.067018
1749;1858;-109;10:54:57.067018
1750;1859;-109;10:54:57.067018
1750;1861;-111;10:54:57.067018
1752;1864;-112;10:54:57.067018
1754;1862;-108;10:54:57.067018
1758;1861;-103;10:54:57.067018
1756;1862;-106;10:54:57.067018
1758;1864;-106;10:54:57.067018
1758;1864;-106;10:54:57.067018
1755;1861;-106;10:54:57.067018
1748;1859;-111;10:54:57.067018
1747;1858;-111;10:54:57.067018
1748;1857;-109;10:54:57.067018
1749;1857;-108;10:54:57.067018
1749;1857;-108;10:54:57.067018
1750;1858;-108;10:54:57.067018
1748;1859;-111;10:54:57.067018
1748;1859;-111;10:54:57.067018
1747;1857;-110;10:54:57.067018
1749;1859;-110;10:54:57.067018
1747;1856;-109;10:54:57.067018
1747;1855;-108;10:54:57.067018
1746;1857;-111;10:54:57.067018
1748;1857;-109;10:54:57.067018
1748;1853;-105;10:54:57.067018
1750;1854;-104;10:54:57.067018
1750;1856;-106;10:54:57.067018
1751;1853;-102;10:54:57.067018
1750;1856;-106;10:54:57.067018
1749;1853;-104;10:54:57.067018
1747;1857;-110;10:54:57.067018
1742;1856;-114;10:54:57.067018
1744;1855;-111;10:54:57.067018
1746;1854;-108;10:54:57.067018
1749;1856;-107;10:54:57.067018
1754;1855;-101;10:54:57.067018
1756;1858;-102;10:54:57.067018
1756;1860;-104;10:54:57.067018
1758;1861;-103;10:54:57.067018
1759;1858;-99;10:54:57.067018
1756;1861;-105;10:54:57.067018
1758;1861;-103;10:54:57.067018
1757;1861;-104;10:54:57.067018
1757;1862;-105;10:54:57.067018
1757;1863;-106;10:54:57.067018
1758;1864;-106;10:54:57.067018
1757;1864;-107;10:54:57.067018
1758;1864;-106;10:54:57.067018
1759;1866;-107;10:54:57.067018
1757;1862;-105;10:54:57.067018
1757;1863;-106;10:54:57.067018
1758;1862;-104;10:54:57.067018
1758;1861;-103;10:54:57.067018
1761;1860;-99;10:54:57.067018
1761;1864;-103;10:54:57.067018
1763;1864;-101;10:54:57.067018
1761;1864;-103;10:54:57.067018
1758;1864;-106;10:54:57.067018
1760;1864;-104;10:54:57.067018
1756;1865;-109;10:54:57.067018
1759;1862;-103;10:54:57.067018
1756;1862;-106;10:54:57.067018
1757;1862;-105;10:54:57.067018
1757;1861;-104;10:54:57.067018
1755;1864;-109;10:54:57.067018
1753;1866;-113;10:54:57.067018
1754;1866;-112;10:54:57.067018
1755;1865;-110;10:54:57.067018
1757;1867;-110;10:54:57.067018
1757;1864;-107;10:54:57.067018
1760;1867;-107;10:54:57.067018
1759;1867;-108;10:54:57.067018
1757;1869;-112;10:54:57.067018
1757;1867;-110;10:54:57.067018
1762;1870;-108;10:54:57.067018
1763;1869;-106;10:54:57.067018
1764;1871;-107;10:54:57.067018
1763;1872;-109;10:54:57.067018
1765;1874;-109;10:54:57.067018
1765;1873;-108;10:54:57.067018
1767;1877;-110;10:54:57.067018
1769;1878;-109;10:54:57.067018
1768;1878;-110;10:54:57.067018
1768;1877;-109;10:54:57.067018
1771;1874;-103;10:54:57.067018
1770;1872;-102;10:54:57.067018
1768;1872;-104;10:54:57.067018
1765;1874;-109;10:54:57.067018
1766;1875;-109;10:54:57.067018
1760;1875;-115;10:54:57.067018
1763;1873;-110;10:54:57.067018
1762;1874;-112;10:54:57.067018
1761;1870;-109;10:54:57.067018
1759;1870;-111;10:54:57.067018
1758;1871;-113;10:54:57.067018
1755;1869;-114;10:54:57.067018
1756;1871;-115;10:54:57.067018
1752;1867;-115;10:54:57.067018
1758;1868;-110;10:54:57.067018
1760;1863;-103;10:54:57.067018
1758;1861;-103;10:54:57.067018
1756;1864;-108;10:54:57.067018
1753;1860;-107;10:54:57.067018
1754;1865;-111;10:54:57.067018
1753;1863;-110;10:54:57.067018
1752;1869;-117;10:54:57.067018
1754;1866;-112;10:54:57.067018
1756;1869;-113;10:54:57.067018
1755;1868;-113;10:54:57.067018
1760;1868;-108;10:54:57.067018
1758;1868;-110;10:54:57.067018
1761;1871;-110;10:54:57.067018
1758;1873;-115;10:54:57.067018
1761;1871;-110;10:54:57.067018
1764;1876;-112;10:54:57.067018
1765;1871;-106;10:54:57.067018
1762;1872;-110;10:54:57.067018
1762;1870;-108;10:54:57.067018
1759;1868;-109;10:54:57.067018
1762;1865;-103;10:54:57.067018
1758;1868;-110;10:54:57.067018
1762;1873;-111;10:54:57.067018
1758;1873;-115;10:54:57.067018
1759;1877;-118;10:54:57.067018
1760;1871;-111;10:54:57.067018
1760;1869;-109;10:54:57.067018
1759;1871;-112;10:54:57.067018
1759;1871;-112;10:54:57.067018
1761;1869;-108;10:54:57.067018
1758;1868;-110;10:54:57.067018
1755;1866;-111;10:54:57.067018
1755;1866;-111;10:54:57.067018
1756;1864;-108;10:54:57.067018
1755;1860;-105;10:54:57.067018
1752;1866;-114;10:54:57.067018
1754;1863;-109;10:54:57.067018
1754;1867;-113;10:54:57.067018
1755;1867;-112;10:54:57.067018
1756;1867;-111;10:54:57.067018
1752;1870;-118;10:54:57.067018
1757;1868;-111;10:54:57.067018
1755;1868;-113;10:54:57.067018
1752;1866;-114;10:54:57.067018
1752;1868;-116;10:54:57.067018
1752;1866;-114;10:54:57.067018
1754;1863;-109;10:54:57.067018
1754;1860;-106;10:54:57.067018
1751;1862;-111;10:54:57.067018
1752;1862;-110;10:54:57.067018
1751;1862;-111;10:54:57.067018
1752;1861;-109;10:54:57.067018
1749;1862;-113;10:54:57.067018
1749;1864;-115;10:54:57.067018
1751;1860;-109;10:54:57.067018
1754;1863;-109;10:54:57.067018
1750;1859;-109;10:54:57.067018
1755;1865;-110;10:54:57.067018
1754;1856;-102;10:54:57.067018
1754;1857;-103;10:54:57.067018
1750;1857;-107;10:54:57.067018
1747;1855;-108;10:54:57.067018
1744;1856;-112;10:54:57.067018
1746;1854;-108;10:54:57.067018
1745;1856;-111;10:54:57.067018
1746;1856;-110;10:54:57.067018
1749;1858;-109;10:54:57.067018
1751;1860;-109;10:54:57.067018
1750;1858;-108;10:54:57.067018
1748;1861;-113;10:54:57.067018
1750;1863;-113;10:54:57.067018
1749;1864;-115;10:54:57.067018
1750;1864;-114;10:54:57.067018
1748;1865;-117;10:54:57.067018
1754;1865;-111;10:54:57.067018
1755;1865;-110;10:54:57.067018
1756;1864;-108;10:54:57.067018
1753;1859;-106;10:54:57.067018
1758;1863;-105;10:54:57.067018
1758;1864;-106;10:54:57.067018
1757;1864;-107;10:54:57.067018
1760;1865;-105;10:54:57.067018
1759;1869;-110;10:54:57.067018
1759;1866;-107;10:54:57.067018
1761;1871;-110;10:54:57.067018
1759;1866;-107;10:54:57.067018
1758;1871;-113;10:54:57.067018
1761;1869;-108;10:54:57.067018
1764;1874;-110;10:54:57.067018
1762;1868;-106;10:54:57.067018
1765;1872;-107;10:54:57.067018
1767;1873;-106;10:54:57.067018
1763;1868;-105;10:54:57.067018
1763;1871;-108;10:54:57.067018
1765;1871;-106;10:54:57.067018
1760;1870;-110;10:54:57.067018
1762;1873;-111;10:54:57.067018
1763;1872;-109;10:54:57.067018
1764;1871;-107;10:54:57.067018
1766;1872;-106;10:54:57.067018
1767;1870;-103;10:54:57.067018
1766;1872;-106;10:54:57.067018
1767;1870;-103;10:54:57.067018
1768;1873;-105;10:54:57.067018
1765;1871;-106;10:54:57.067018
1767;1876;-109;10:54:57.067018
1767;1874;-107;10:54:57.067018
1767;1874;-107;10:54:57.067018
1763;1872;-109;10:54:57.067018
1764;1873;-109;10:54:57.067018
1765;1871;-106;10:54:57.067018
1765;1878;-113;10:54:57.067018
1765;1876;-111;10:54:57.067018
1768;1879;-111;10:54:57.067018
1767;1880;-113;10:54:57.067018
1770;1887;-117;10:54:57.067018
1772;1884;-112;10:54:57.067018
1774;1884;-110;10:54:57.067018
1771;1886;-115;10:54:57.067018
1774;1880;-106;10:54:57.067018
1776;1884;-108;10:54:57.067018
1778;1880;-102;10:54:57.067018
1778;1882;-104;10:54:57.067018
1782;1883;-101;10:54:57.067018
1780;1884;-104;10:54:57.067018
1783;1883;-100;10:54:57.067018
1782;1883;-101;10:54:57.067018
1779;1883;-104;10:54:57.067018
1779;1881;-102;10:54:57.067018
1777;1884;-107;10:54:57.067018
1783;1883;-100;10:54:57.067018
1782;1886;-104;10:54:57.067018
1782;1887;-105;10:54:57.067018
1780;1885;-105;10:54:57.067018
1779;1887;-108;10:54:57.067018
1776;1883;-107;10:54:57.067018
1775;1882;-107;10:54:57.067018
1774;1879;-105;10:54:57.067018
1771;1875;-104;10:54:57.067018
1771;1874;-103;10:54:57.067018
1769;1872;-103;10:54:57.067018
1763;1868;-105;10:54:57.068012
1766;1871;-105;10:54:57.068012
1764;1871;-107;10:54:57.068012
1767;1872;-105;10:54:57.068012
1765;1871;-106;10:54:57.068012
1765;1867;-102;10:54:57.068012
1763;1869;-106;10:54:57.068012
1764;1873;-109;10:54:57.068012
1767;1873;-106;10:54:57.068012
1765;1870;-105;10:54:57.068012
1769;1877;-108;10:54:57.068012
1771;1876;-105;10:54:57.068012
1765;1876;-111;10:54:57.068012
1766;1872;-106;10:54:57.068012
1766;1876;-110;10:54:57.068012
1765;1870;-105;10:54:57.068012
1764;1872;-108;10:54:57.068012
1768;1873;-105;10:54:57.068012
1764;1870;-106;10:54:57.068012
1764;1869;-105;10:54:57.068012
1771;1875;-104;10:54:57.068012
1769;1873;-104;10:54:57.068012
1766;1875;-109;10:54:57.068012
1769;1874;-105;10:54:57.068012
1769;1880;-111;10:54:57.068012
1769;1876;-107;10:54:57.068012
1772;1874;-102;10:54:57.068012
1768;1874;-106;10:54:57.068012
1771;1875;-104;10:54:57.068012
1770;1872;-102;10:54:57.068012
1765;1870;-105;10:54:57.068012
1768;1870;-102;10:54:57.068012
1765;1870;-105;10:54:57.068012
1764;1869;-105;10:54:57.068012
1765;1873;-108;10:54:57.068012
1764;1874;-110;10:54:57.068012
1765;1873;-108;10:54:57.068012
1765;1875;-110;10:54:57.068012
1768;1875;-107;10:54:57.068012
1769;1878;-109;10:54:57.068012
1772;1878;-106;10:54:57.068012
1771;1881;-110;10:54:57.068012
1766;1879;-113;10:54:57.068012
1764;1882;-118;10:54:57.068012
1768;1876;-108;10:54:57.068012
1768;1878;-110;10:54:57.068012
1769;1874;-105;10:54:57.068012
1773;1876;-103;10:54:57.068012
1770;1877;-107;10:54:57.068012
1771;1877;-106;10:54:57.068012
1768;1879;-111;10:54:57.068012
1768;1875;-107;10:54:57.068012
1770;1878;-108;10:54:57.068012
1768;1875;-107;10:54:57.068012
1768;1874;-106;10:54:57.068012
1769;1874;-105;10:54:57.068012
1763;1872;-109;10:54:57.068012
1762;1873;-111;10:54:57.068012
1764;1871;-107;10:54:57.068012
1763;1861;-98;10:54:57.068012
1759;1861;-102;10:54:57.068012
1756;1858;-102;10:54:57.068012
1750;1853;-103;10:54:57.068012
1749;1852;-103;10:54:57.068012
1745;1852;-107;10:54:57.068012
1742;1854;-112;10:54:57.068012
1740;1854;-114;10:54:57.068012
1742;1855;-113;10:54:57.068012
1742;1856;-114;10:54:57.068012
1749;1856;-107;10:54:57.068012
1747;1855;-108;10:54:57.068012
1754;1857;-103;10:54:57.068012
1754;1859;-105;10:54:57.068012
1755;1863;-108;10:54:57.068012
1752;1867;-115;10:54:57.068012
1751;1868;-117;10:54:57.068012
1756;1861;-105;10:54:57.068012
1755;1865;-110;10:54:57.068012
1752;1864;-112;10:54:57.068012
1758;1869;-111;10:54:57.068012
1757;1871;-114;10:54:57.068012
1760;1870;-110;10:54:57.068012
1763;1869;-106;10:54:57.068012
1766;1869;-103;10:54:57.068012
1766;1875;-109;10:54:57.068012
1764;1871;-107;10:54:57.068012
1763;1873;-110;10:54:57.068012
1762;1875;-113;10:54:57.068012
1760;1871;-111;10:54:57.068012
1761;1870;-109;10:54:57.068012
1762;1867;-105;10:54:57.068012
1762;1864;-102;10:54:57.068012
1757;1864;-107;10:54:57.068012
1759;1861;-102;10:54:57.068012
1754;1858;-104;10:54:57.068012
1748;1859;-111;10:54:57.068012
1752;1858;-106;10:54:57.068012
1749;1858;-109;10:54:57.068012
1747;1854;-107;10:54:57.068012
1742;1856;-114;10:54:57.068012
1738;1858;-120;10:54:57.068012
1736;1858;-122;10:54:57.068012
1741;1858;-117;10:54:57.068012
1742;1855;-113;10:54:57.068012
1740;1853;-113;10:54:57.068012
1745;1853;-108;10:54:57.068012
1743;1851;-108;10:54:57.068012
1744;1849;-105;10:54:57.068012
1743;1851;-108;10:54:57.068012
1744;1858;-114;10:54:57.068012
1744;1857;-113;10:54:57.068012
1745;1862;-117;10:54:57.068012
1746;1864;-118;10:54:57.068012
1747;1868;-121;10:54:57.068012
1749;1869;-120;10:54:57.068012
1753;1864;-111;10:54:57.068012
1749;1867;-118;10:54:57.068012
1752;1861;-109;10:54:57.068012
1755;1859;-104;10:54:57.068012
1750;1859;-109;10:54:57.068012
1752;1857;-105;10:54:57.068012
1752;1860;-108;10:54:57.068012
1758;1861;-103;10:54:57.068012
1759;1860;-101;10:54:57.068012
1758;1864;-106;10:54:57.068012
1758;1859;-101;10:54:57.068012
1758;1863;-105;10:54:57.068012
1760;1862;-102;10:54:57.068012
1762;1862;-100;10:54:57.068012
1763;1865;-102;10:54:57.068012
1769;1865;-96;10:54:57.068012
1769;1866;-97;10:54:57.068012
1766;1866;-100;10:54:57.068012
1768;1870;-102;10:54:57.068012
1771;1869;-98;10:54:57.068012
1775;1874;-99;10:54:57.068012
1779;1879;-100;10:54:57.068012
1777;1883;-106;10:54:57.068012
1781;1880;-99;10:54:57.068012
1775;1878;-103;10:54:57.068012
1774;1874;-100;10:54:57.068012
1774;1873;-99;10:54:57.068012
1769;1875;-106;10:54:57.068012
1768;1872;-104;10:54:57.068012
1767;1873;-106;10:54:57.068012
1765;1871;-106;10:54:57.068012
1766;1869;-103;10:54:57.068012
1761;1874;-113;10:54:57.068012
1761;1876;-115;10:54:57.068012
1761;1875;-114;10:54:57.068012
1758;1873;-115;10:54:57.068012
1761;1872;-111;10:54:57.068012
1758;1868;-110;10:54:57.068012
1755;1861;-106;10:54:57.068012
1753;1869;-116;10:54:57.068012
1754;1866;-112;10:54:57.068012
1755;1867;-112;10:54:57.068012
1756;1867;-111;10:54:57.068012
1755;1867;-112;10:54:57.068012
1754;1864;-110;10:54:57.068012
1751;1868;-117;10:54:57.068012
1751;1870;-119;10:54:57.068012
1747;1868;-121;10:54:57.068012
1753;1867;-114;10:54:57.068012
1756;1866;-110;10:54:57.068012
1762;1861;-99;10:54:57.068012
1760;1865;-105;10:54:57.068012
1762;1866;-104;10:54:57.068012
1764;1865;-101;10:54:57.068012
1764;1869;-105;10:54:57.068012
1760;1870;-110;10:54:57.068012
1759;1867;-108;10:54:57.068012
1757;1870;-113;10:54:57.068012
1757;1873;-116;10:54:57.068012
1757;1866;-109;10:54:57.068012
1765;1869;-104;10:54:57.068012
1767;1872;-105;10:54:57.068012
1770;1874;-104;10:54:57.068012
1769;1875;-106;10:54:57.068012
1773;1882;-109;10:54:57.068012
1777;1880;-103;10:54:57.068012
1773;1881;-108;10:54:57.068012
1771;1886;-115;10:54:57.068012
1769;1882;-113;10:54:57.068012
1779;1887;-108;10:54:57.068012
1784;1891;-107;10:54:57.068012
1785;1889;-104;10:54:57.068012
1783;1887;-104;10:54:57.068012
1780;1884;-104;10:54:57.068012
1780;1885;-105;10:54:57.068012
1781;1883;-102;10:54:57.068012
1778;1882;-104;10:54:57.068012
1777;1886;-109;10:54:57.068012
1775;1886;-111;10:54:57.068012
1775;1890;-115;10:54:57.068012
1781;1886;-105;10:54:57.068012
1783;1885;-102;10:54:57.068012
1782;1884;-102;10:54:57.068012
1779;1886;-107;10:54:57.068012
1775;1885;-110;10:54:57.068012
1774;1885;-111;10:54:57.068012
1772;1886;-114;10:54:57.068012
1773;1888;-115;10:54:57.068012
1774;1891;-117;10:54:57.068012
1775;1887;-112;10:54:57.068012
1778;1885;-107;10:54:57.068012
1773;1880;-107;10:54:57.068012
1771;1876;-105;10:54:57.068012
1764;1874;-110;10:54:57.068012
1765;1876;-111;10:54:57.068012
1767;1875;-108;10:54:57.068012
1768;1872;-104;10:54:57.068012
1770;1875;-105;10:54:57.068012
1764;1873;-109;10:54:57.068012
1761;1869;-108;10:54:57.068012
1754;1871;-117;10:54:57.068012
1749;1872;-123;10:54:57.068012
1758;1872;-114;10:54:57.068012
1756;1864;-108;10:54:57.068012
1756;1861;-105;10:54:57.068012
1755;1856;-101;10:54:57.068012
1755;1854;-99;10:54:57.068012
1751;1859;-108;10:54:57.068012
1752;1859;-107;10:54:57.068012
1745;1858;-113;10:54:57.068012
1743;1855;-112;10:54:57.068012
1747;1849;-102;10:54:57.068012
1749;1851;-102;10:54:57.068012
1749;1850;-101;10:54:57.068012
1745;1856;-111;10:54:57.068012
1748;1858;-110;10:54:57.068012
1745;1856;-111;10:54:57.068012
1745;1854;-109;10:54:57.068012
1746;1856;-110;10:54:57.068012
1752;1863;-111;10:54:57.068012
1754;1864;-110;10:54:57.068012
1753;1863;-110;10:54:57.068012
1756;1863;-107;10:54:57.068012
1760;1859;-99;10:54:57.068012
1758;1863;-105;10:54:57.068012
1754;1857;-103;10:54:57.068012
1758;1861;-103;10:54:57.068012
1754;1863;-109;10:54:57.068012
1756;1860;-104;10:54:57.068012
1756;1861;-105;10:54:57.068012
1754;1865;-111;10:54:57.068012
1754;1863;-109;10:54:57.068012
1761;1864;-103;10:54:57.068012
1761;1860;-99;10:54:57.068012
1754;1856;-102;10:54:57.068012
1756;1854;-98;10:54:57.068012
1752;1858;-106;10:54:57.068012
1753;1856;-103;10:54:57.068012
1750;1856;-106;10:54:57.068012
1755;1857;-102;10:54:57.068012
1752;1859;-107;10:54:57.068012
1754;1865;-111;10:54:57.068012
1752;1863;-111;10:54:57.068012
1756;1864;-108;10:54:57.068012
1759;1865;-106;10:54:57.068012
1754;1863;-109;10:54:57.068012
1750;1860;-110;10:54:57.068012
1751;1862;-111;10:54:57.068012
1751;1868;-117;10:54:57.068012
1749;1862;-113;10:54:57.068012
1752;1865;-113;10:54:57.068012
1752;1860;-108;10:54:57.068012
1745;1862;-117;10:54:57.068012
1741;1859;-118;10:54:57.068012
1742;1861;-119;10:54:57.068012
1738;1859;-121;10:54:57.068012
1738;1855;-117;10:54:57.068012
1743;1852;-109;10:54:57.068012
1738;1854;-116;10:54:57.068012
1739;1854;-115;10:54:57.068012
1744;1855;-111;10:54:57.068012
1743;1854;-111;10:54:57.068012
1738;1854;-116;10:54:57.068012
1737;1851;-114;10:54:57.068012
1738;1853;-115;10:54:57.068012
1741;1853;-112;10:54:57.068012
1734;1853;-119;10:54:57.068012
1736;1853;-117;10:54:57.068012
1737;1852;-115;10:54:57.068012
1733;1848;-115;10:54:57.068012
1732;1843;-111;10:54:57.068012
1734;1843;-109;10:54:57.068012
1734;1841;-107;10:54:57.068012
1733;1844;-111;10:54:57.068012
1731;1838;-107;10:54:57.068012
1734;1837;-103;10:54:57.068012
1732;1840;-108;10:54:57.068012
1730;1839;-109;10:54:57.068012
1732;1840;-108;10:54:57.068012
1731;1847;-116;10:54:57.068012
1730;1846;-116;10:54:57.068012
1732;1848;-116;10:54:57.068012
1736;1849;-113;10:54:57.068012
1736;1854;-118;10:54:57.068012
1742;1851;-109;10:54:57.068012
1745;1859;-114;10:54:57.068012
1741;1857;-116;10:54:57.068012
1741;1857;-116;10:54:57.068012
1744;1856;-112;10:54:57.068012
1745;1859;-114;10:54:57.068012
1748;1859;-111;10:54:57.068012
1749;1857;-108;10:54:57.068012
1751;1860;-109;10:54:57.068012
1749;1864;-115;10:54:57.068012
1752;1865;-113;10:54:57.068012
1753;1863;-110;10:54:57.068012
1754;1870;-116;10:54:57.068012
1757;1870;-113;10:54:57.068012
1760;1870;-110;10:54:57.068012
1758;1868;-110;10:54:57.068012
1755;1865;-110;10:54:57.068012
1755;1865;-110;10:54:57.068012
1757;1860;-103;10:54:57.068012
1756;1863;-107;10:54:57.068012
1756;1863;-107;10:54:57.068012
1758;1860;-102;10:54:57.068012
1754;1865;-111;10:54:57.068012
1752;1856;-104;10:54:57.068012
1756;1860;-104;10:54:57.068012
1755;1861;-106;10:54:57.068012
1752;1862;-110;10:54:57.068012
1744;1861;-117;10:54:57.068012
1742;1855;-113;10:54:57.068012
1744;1853;-109;10:54:57.068012
1747;1853;-106;10:54:57.068012
1747;1855;-108;10:54:57.068012
1752;1860;-108;10:54:57.068012
1756;1863;-107;10:54:57.068012
1751;1864;-113;10:54:57.068012
1751;1867;-116;10:54:57.068012
1755;1868;-113;10:54:57.068012
1753;1867;-114;10:54:57.068012
1756;1866;-110;10:54:57.068012
1761;1868;-107;10:54:57.068012
1758;1866;-108;10:54:57.068012
1758;1869;-111;10:54:57.068012
1760;1871;-111;10:54:57.068012
1761;1868;-107;10:54:57.068012
1765;1869;-104;10:54:57.068012
1764;1869;-105;10:54:57.068012
1763;1875;-112;10:54:57.068012
1764;1874;-110;10:54:57.068012
1768;1874;-106;10:54:57.068012
1763;1872;-109;10:54:57.068012
1761;1870;-109;10:54:57.068012
1768;1876;-108;10:54:57.068012
1769;1875;-106;10:54:57.068012
1768;1874;-106;10:54:57.068012
1770;1871;-101;10:54:57.068012
1770;1876;-106;10:54:57.068012
1768;1876;-108;10:54:57.068012
1768;1875;-107;10:54:57.068012
1765;1875;-110;10:54:57.068012
1765;1871;-106;10:54:57.068012
1766;1866;-100;10:54:57.068012
1762;1864;-102;10:54:57.068012
1757;1868;-111;10:54:57.068012
1759;1869;-110;10:54:57.068012
1757;1867;-110;10:54:57.068012
1758;1868;-110;10:54:57.068012
1761;1869;-108;10:54:57.068012
1760;1868;-108;10:54:57.068012
1754;1870;-116;10:54:57.068012
1754;1870;-116;10:54:57.068012
1760;1868;-108;10:54:57.068012
1757;1865;-108;10:54:57.068012
1754;1864;-110;10:54:57.068012
1754;1861;-107;10:54:57.068012
1754;1865;-111;10:54:57.068012
1757;1868;-111;10:54:57.068012
1760;1875;-115;10:54:57.068012
1766;1876;-110;10:54:57.068012
1769;1880;-111;10:54:57.068012
1768;1885;-117;10:54:57.068012
1772;1888;-116;10:54:57.068012
1772;1890;-118;10:54:57.068012
1773;1890;-117;10:54:57.068012
1771;1890;-119;10:54:57.068012
1769;1888;-119;10:54:57.068012
1775;1883;-108;10:54:57.068012
1775;1882;-107;10:54:57.068012
1773;1881;-108;10:54:57.068012
1777;1883;-106;10:54:57.068012
1778;1885;-107;10:54:57.068012
1778;1887;-109;10:54:57.068012
1776;1887;-111;10:54:57.068012
1781;1886;-105;10:54:57.068012
1782;1890;-108;10:54:57.068012
1776;1889;-113;10:54:57.068012
1773;1884;-111;10:54:57.068012
1766;1884;-118;10:54:57.068012
1765;1881;-116;10:54:57.068012
1763;1874;-111;10:54:57.068012
1759;1870;-111;10:54:57.068012
1759;1873;-114;10:54:57.068012
1761;1869;-108;10:54:57.068012
1763;1872;-109;10:54:57.068012
1764;1872;-108;10:54:57.068012
1766;1871;-105;10:54:57.068012
1768;1877;-109;10:54:57.068012
1769;1878;-109;10:54:57.068012
1767;1877;-110;10:54:57.068012
1764;1880;-116;10:54:57.068012
1764;1874;-110;10:54:57.068012
1762;1875;-113;10:54:57.068012
1760;1871;-111;10:54:57.068012
1755;1873;-118;10:54:57.068012
1757;1873;-116;10:54:57.068012
1757;1875;-118;10:54:57.068012
1759;1872;-113;10:54:57.068012
1761;1873;-112;10:54:57.068012
1763;1870;-107;10:54:57.068012
1761;1872;-111;10:54:57.068012
1756;1865;-109;10:54:57.068012
1748;1859;-111;10:54:57.068012
1747;1855;-108;10:54:57.068012
1746;1854;-108;10:54:57.068012
1744;1853;-109;10:54:57.068012
1741;1853;-112;10:54:57.068012
1740;1857;-117;10:54:57.068012
1738;1855;-117;10:54:57.068012
1741;1855;-114;10:54:57.068012
1747;1855;-108;10:54:57.068012
1746;1855;-109;10:54:57.068012
1745;1857;-112;10:54:57.068012
1743;1857;-114;10:54:57.068012
1743;1855;-112;10:54:57.068012
1742;1855;-113;10:54:57.068012
1745;1853;-108;10:54:57.068012
1742;1852;-110;10:54:57.068012
1740;1852;-112;10:54:57.068012
1736;1857;-121;10:54:57.068012
1735;1855;-120;10:54:57.068012
1738;1854;-116;10:54:57.068012
1737;1853;-116;10:54:57.068012
1740;1852;-112;10:54:57.068012
1738;1850;-112;10:54:57.068012
1737;1847;-110;10:54:57.068012
1738;1849;-111;10:54:57.068012
1735;1849;-114;10:54:57.068012
1739;1851;-112;10:54:57.068012
1738;1852;-114;10:54:57.068012
1735;1848;-113;10:54:57.068012
1736;1847;-111;10:54:57.068012
1734;1848;-114;10:54:57.068012
1733;1850;-117;10:54:57.068012
1732;1846;-114;10:54:57.068012
1732;1845;-113;10:54:57.068012
1735;1846;-111;10:54:57.068012
1733;1846;-113;10:54:57.068012
1734;1845;-111;10:54:57.068012
1736;1850;-114;10:54:57.068012
1737;1853;-116;10:54:57.068012
1735;1851;-116;10:54:57.068012
1738;1852;-114;10:54:57.068012
1741;1851;-110;10:54:57.068012
1737;1845;-108;10:54:57.068012
1735;1848;-113;10:54:57.068012
1739;1852;-113;10:54:57.068012
1741;1852;-111;10:54:57.068012
1740;1852;-112;10:54:57.068012
1740;1853;-113;10:54:57.068012
1742;1851;-109;10:54:57.068012
1741;1855;-114;10:54:57.068012
1748;1857;-109;10:54:57.068012
1746;1859;-113;10:54:57.068012
1748;1861;-113;10:54:57.068012
1751;1860;-109;10:54:57.068012
1755;1863;-108;10:54:57.068012
1757;1863;-106;10:54:57.068012
1756;1864;-108;10:54:57.068012
1756;1864;-108;10:54:57.068012
1754;1863;-109;10:54:57.068012
1753;1863;-110;10:54:57.068012
1754;1866;-112;10:54:57.068012
1754;1871;-117;10:54:57.068012
1757;1871;-114;10:54:57.068012
1763;1873;-110;10:54:57.068012
1766;1875;-109;10:54:57.068012
1767;1871;-104;10:54:57.068012
1766;1871;-105;10:54:57.068012
1768;1869;-101;10:54:57.068012
1766;1873;-107;10:54:57.068012
1763;1871;-108;10:54:57.068012
1765;1876;-111;10:54:57.068012
1767;1878;-111;10:54:57.068012
1767;1877;-110;10:54:57.068012
1774;1883;-109;10:54:57.068012
1775;1883;-108;10:54:57.068012
1776;1886;-110;10:54:57.068012
1777;1888;-111;10:54:57.068012
1778;1890;-112;10:54:57.068012
1778;1890;-112;10:54:57.068012
1780;1889;-109;10:54:57.068012
1781;1890;-109;10:54:57.068012
1777;1890;-113;10:54:57.068012
1780;1890;-110;10:54:57.068012
1783;1893;-110;10:54:57.068012
1785;1893;-108;10:54:57.068012
1783;1892;-109;10:54:57.068012
1786;1894;-108;10:54:57.068012
1786;1895;-109;10:54:57.068012
1785;1892;-107;10:54:57.068012
1783;1890;-107;10:54:57.068012
1783;1890;-107;10:54:57.068012
1779;1888;-109;10:54:57.068012
1779;1886;-107;10:54:57.068012
1776;1884;-108;10:54:57.068012
1777;1884;-107;10:54:57.068012
1776;1880;-104;10:54:57.068012
1775;1880;-105;10:54:57.068012
1775;1880;-105;10:54:57.068012
1775;1881;-106;10:54:57.068012
1772;1878;-106;10:54:57.068012
1771;1880;-109;10:54:57.068012
1770;1881;-111;10:54:57.068012
1771;1884;-113;10:54:57.068012
1771;1880;-109;10:54:57.068012
1771;1883;-112;10:54:57.068012
1767;1876;-109;10:54:57.068012
1768;1877;-109;10:54:57.068012
1767;1878;-111;10:54:57.068012
1767;1875;-108;10:54:57.068012
1767;1875;-108;10:54:57.068012
1768;1879;-111;10:54:57.068012
1771;1879;-108;10:54:57.068012
1773;1881;-108;10:54:57.068012
1771;1882;-111;10:54:57.068012
1769;1882;-113;10:54:57.068012
1771;1881;-110;10:54:57.068012
1770;1878;-108;10:54:57.068012
1772;1877;-105;10:54:57.068012
1775;1878;-103;10:54:57.068012
1774;1878;-104;10:54:57.068012
1773;1880;-107;10:54:57.068012
1774;1879;-105;10:54:57.068012
1772;1879;-107;10:54:57.068012
1769;1879;-110;10:54:57.068012
1773;1878;-105;10:54:57.068012
1775;1881;-106;10:54:57.068012
1770;1880;-110;10:54:57.068012
1771;1875;-104;10:54:57.068012
1768;1876;-108;10:54:57.068012
1766;1874;-108;10:54:57.068012
1760;1872;-112;10:54:57.068012
1758;1869;-111;10:54:57.068012
1762;1869;-107;10:54:57.068012
1763;1870;-107;10:54:57.068012
1762;1864;-102;10:54:57.068012
1760;1867;-107;10:54:57.068012
1760;1864;-104;10:54:57.068012
1756;1865;-109;10:54:57.068012
1753;1863;-110;10:54:57.068012
1752;1862;-110;10:54:57.068012
1752;1865;-113;10:54:57.068012
1752;1862;-110;10:54:57.068012
1749;1866;-117;10:54:57.068012
1748;1860;-112;10:54:57.068012
1746;1862;-116;10:54:57.068012
1745;1861;-116;10:54:57.068012
1748;1861;-113;10:54:57.068012
1748;1860;-112;10:54:57.068012
1749;1863;-114;10:54:57.068012
1748;1860;-112;10:54:57.068012
1749;1861;-112;10:54:57.068012
1749;1858;-109;10:54:57.068012
1744;1862;-118;10:54:57.068012
1745;1862;-117;10:54:57.068012
1748;1861;-113;10:54:57.068012
1748;1859;-111;10:54:57.068012
1748;1861;-113;10:54:57.068012
1749;1861;-112;10:54:57.068012
1751;1863;-112;10:54:57.068012
1752;1863;-111;10:54:57.068012
1747;1864;-117;10:54:57.068012
1749;1864;-115;10:54:57.068012
1750;1862;-112;10:54:57.068012
1751;1861;-110;10:54:57.068012
1752;1857;-105;10:54:57.068012
1751;1859;-108;10:54:57.068012
1748;1857;-109;10:54:57.068012
1752;1858;-106;10:54:57.068012
1751;1857;-106;10:54:57.068012
1747;1859;-112;10:54:57.068012
1748;1860;-112;10:54:57.068012
1744;1859;-115;10:54:57.068012
1741;1856;-115;10:54:57.068012
1742;1853;-111;10:54:57.068012
1744;1853;-109;10:54:57.068012
1744;1852;-108;10:54:57.068012
1741;1851;-110;10:54:57.068012
1741;1854;-113;10:54:57.068012
1746;1855;-109;10:54:57.068012
1746;1856;-110;10:54:57.068012
1745;1858;-113;10:54:57.068012
1744;1863;-119;10:54:57.068012
1747;1864;-117;10:54:57.068012
1750;1863;-113;10:54:57.068012
1750;1869;-119;10:54:57.068012
1751;1866;-115;10:54:57.068012
1751;1868;-117;10:54:57.068012
1751;1868;-117;10:54:57.068012
1754;1869;-115;10:54:57.068012
1757;1868;-111;10:54:57.068012
1759;1870;-111;10:54:57.068012
1763;1875;-112;10:54:57.068012
1764;1878;-114;10:54:57.068012
1763;1879;-116;10:54:57.068012
1763;1879;-116;10:54:57.068012
1766;1879;-113;10:54:57.068012
1767;1879;-112;10:54:57.068012
1766;1879;-113;10:54:57.068012
1765;1876;-111;10:54:57.068012
1763;1872;-109;10:54:57.068012
1759;1871;-112;10:54:57.068012
1756;1869;-113;10:54:57.068012
1760;1867;-107;10:54:57.068012
1760;1868;-108;10:54:57.068012
1760;1867;-107;10:54:57.068012
1754;1865;-111;10:54:57.068012
1755;1865;-110;10:54:57.068012
1756;1867;-111;10:54:57.068012
1752;1867;-115;10:54:57.068012
1752;1866;-114;10:54:57.068012
1752;1866;-114;10:54:57.068012
1754;1866;-112;10:54:57.068012
1750;1865;-115;10:54:57.068012
1749;1863;-114;10:54:57.068012
1749;1865;-116;10:54:57.068012
1749;1868;-119;10:54:57.068012
1752;1868;-116;10:54:57.068012
1755;1868;-113;10:54:57.068012
1754;1867;-113;10:54:57.068012
1751;1866;-115;10:54:57.068012
1754;1866;-112;10:54:57.068012
1751;1864;-113;10:54:57.068012
1750;1865;-115;10:54:57.068012
1752;1863;-111;10:54:57.068012
1751;1866;-115;10:54:57.068012
1751;1866;-115;10:54:57.068012
1749;1868;-119;10:54:57.068012
1748;1865;-117;10:54:57.068012
1746;1860;-114;10:54:57.068012
1748;1863;-115;10:54:57.068012
1748;1861;-113;10:54:57.068012
1747;1862;-115;10:54:57.068012
1750;1860;-110;10:54:57.068012
1753;1858;-105;10:54:57.068012
1752;1862;-110;10:54:57.068012
1751;1866;-115;10:54:57.068012
1754;1864;-110;10:54:57.068012
1755;1867;-112;10:54:57.068012
1754;1869;-115;10:54:57.068012
1757;1870;-113;10:54:57.068012
1760;1874;-114;10:54:57.068012
1759;1868;-109;10:54:57.068012
1756;1870;-114;10:54:57.068012
1753;1867;-114;10:54:57.068012
1750;1867;-117;10:54:57.068012
1749;1867;-118;10:54:57.068012
1749;1868;-119;10:54:57.068012
1751;1864;-113;10:54:57.068012
1752;1865;-113;10:54:57.068012
1754;1868;-114;10:54:57.068012
1756;1871;-115;10:54:57.068012
1756;1869;-113;10:54:57.068012
1756;1874;-118;10:54:57.068012
1760;1877;-117;10:54:57.068012
1759;1876;-117;10:54:57.068012
1761;1876;-115;10:54:57.068012
1765;1878;-113;10:54:57.068012
1765;1878;-113;10:54:57.068012
1765;1879;-114;10:54:57.068012
1768;1881;-113;10:54:57.068012
1767;1881;-114;10:54:57.068012
1767;1882;-115;10:54:57.068012
1770;1883;-113;10:54:57.068012
1771;1884;-113;10:54:57.068012
1770;1886;-116;10:54:57.068012
1770;1886;-116;10:54:57.068012
1774;1886;-112;10:54:57.068012
1774;1885;-111;10:54:57.068012
1776;1884;-108;10:54:57.068012
1779;1885;-106;10:54:57.068012
1775;1885;-110;10:54:57.068012
1775;1885;-110;10:54:57.068012
1776;1884;-108;10:54:57.068012
1778;1887;-109;10:54:57.068012
1775;1885;-110;10:54:57.068012
1778;1886;-108;10:54:57.068012
1780;1885;-105;10:54:57.068012
1778;1885;-107;10:54:57.068012
1776;1883;-107;10:54:57.068012
1777;1885;-108;10:54:57.068012
1777;1884;-107;10:54:57.068012
1775;1884;-109;10:54:57.068012
1771;1883;-112;10:54:57.068012
1773;1882;-109;10:54:57.068012
1771;1884;-113;10:54:57.068012
1776;1884;-108;10:54:57.068012
1775;1888;-113;10:54:57.068012
1774;1888;-114;10:54:57.068012
1773;1887;-114;10:54:57.068012
1775;1886;-111;10:54:57.068012
1774;1887;-113;10:54:57.068012
1772;1887;-115;10:54:57.068012
1775;1886;-111;10:54:57.068012
1778;1887;-109;10:54:57.068012
1775;1884;-109;10:54:57.068012
1775;1887;-112;10:54:57.068012
1777;1884;-107;10:54:57.068012
1776;1884;-108;10:54:57.068012
1775;1884;-109;10:54:57.068012
1774;1883;-109;10:54:57.068012
1775;1883;-108;10:54:57.068012
1773;1886;-113;10:54:57.068012
1773;1887;-114;10:54:57.068012
1771;1887;-116;10:54:57.068012
1775;1889;-114;10:54:57.068012
1775;1888;-113;10:54:57.068012
1776;1887;-111;10:54:57.068012
1773;1885;-112;10:54:57.068012
1773;1885;-112;10:54:57.068012
1772;1884;-112;10:54:57.068012
1768;1880;-112;10:54:57.068012
1764;1880;-116;10:54:57.068012
1764;1878;-114;10:54:57.068012
1764;1877;-113;10:54:57.068012
1764;1874;-110;10:54:57.068012
1762;1873;-111;10:54:57.068012
1761;1871;-110;10:54:57.068012
1760;1870;-110;10:54:57.068012
1758;1869;-111;10:54:57.068012
1758;1870;-112;10:54:57.068012
1757;1868;-111;10:54:57.068012
1755;1867;-112;10:54:57.068012
1754;1870;-116;10:54:57.068012
1753;1868;-115;10:54:57.068012
1753;1868;-115;10:54:57.068012
1750;1864;-114;10:54:57.068012
1749;1864;-115;10:54:57.068012
1750;1863;-113;10:54:57.068012
1749;1860;-111;10:54:57.068012
1746;1859;-113;10:54:57.068012
1743;1858;-115;10:54:57.068012
1744;1861;-117;10:54:57.068012
1744;1860;-116;10:54:57.068012
1743;1857;-114;10:54:57.068012
1742;1858;-116;10:54:57.068012
1742;1855;-113;10:54:57.068012
1741;1854;-113;10:54:57.068012
1738;1854;-116;10:54:57.068012
1737;1853;-116;10:54:57.068012
1740;1852;-112;10:54:57.068012
1740;1859;-119;10:54:57.068012
1741;1856;-115;10:54:57.068012
1742;1857;-115;10:54:57.068012
1742;1856;-114;10:54:57.068012
1740;1853;-113;10:54:57.068012
1741;1853;-112;10:54:57.068012
1736;1852;-116;10:54:57.068012
1734;1849;-115;10:54:57.068012
1731;1850;-119;10:54:57.068012
1730;1849;-119;10:54:57.068012
1735;1848;-113;10:54:57.068012
1736;1844;-108;10:54:57.068012
1733;1843;-110;10:54:57.068012
1731;1843;-112;10:54:57.068012
1736;1845;-109;10:54:57.068012
1736;1847;-111;10:54:57.068012
1737;1849;-112;10:54:57.068012
1737;1852;-115;10:54:57.068012
1738;1852;-114;10:54:57.068012
1741;1855;-114;10:54:57.068012
1741;1856;-115;10:54:57.068012
1744;1858;-114;10:54:57.068012
1745;1859;-114;10:54:57.068012
1748;1860;-112;10:54:57.068012
1747;1863;-116;10:54:57.068012
1748;1865;-117;10:54:57.068012
1751;1866;-115;10:54:57.068012
1754;1870;-116;10:54:57.068012
1755;1870;-115;10:54:57.068012
1758;1869;-111;10:54:57.068012
1757;1868;-111;10:54:57.068012
1754;1868;-114;10:54:57.068012
1752;1864;-112;10:54:57.068012
1752;1863;-111;10:54:57.068012
1754;1866;-112;10:54:57.068012
1752;1865;-113;10:54:57.068012
1755;1866;-111;10:54:57.068012
1754;1866;-112;10:54:57.068012
1756;1868;-112;10:54:57.068012
1759;1869;-110;10:54:57.068012
1760;1870;-110;10:54:57.068012
1763;1869;-106;10:54:57.068012
1762;1869;-107;10:54:57.068012
1762;1873;-111;10:54:57.068012
1761;1871;-110;10:54:57.068012
1760;1873;-113;10:54:57.068012
1762;1870;-108;10:54:57.068012
1762;1873;-111;10:54:57.068012
1760;1871;-111;10:54:57.068012
1760;1872;-112;10:54:57.068012
1763;1873;-110;10:54:57.068012
1765;1875;-110;10:54:57.068012
1769;1874;-105;10:54:57.068012
1770;1877;-107;10:54:57.068012
1767;1877;-110;10:54:57.068012
1769;1879;-110;10:54:57.068012
1769;1882;-113;10:54:57.068012
1768;1884;-116;10:54:57.068012
1765;1881;-116;10:54:57.068012
1770;1880;-110;10:54:57.068012
1772;1881;-109;10:54:57.068012
1771;1879;-108;10:54:57.068012
1771;1880;-109;10:54:57.068012
1772;1882;-110;10:54:57.068012
1773;1884;-111;10:54:57.068012
1774;1882;-108;10:54:57.068012
1774;1882;-108;10:54:57.068012
1773;1883;-110;10:54:57.068012
1772;1884;-112;10:54:57.068012
1771;1884;-113;10:54:57.068012
1771;1883;-112;10:54:57.068012
1771;1881;-110;10:54:57.068012
1774;1882;-108;10:54:57.068012
1773;1883;-110;10:54:57.068012
1771;1882;-111;10:54:57.068012
1772;1884;-112;10:54:57.068012
1770;1883;-113;10:54:57.068012
1772;1882;-110;10:54:57.068012
1770;1879;-109;10:54:57.068012
1772;1877;-105;10:54:57.068012
1770;1876;-106;10:54:57.068012
1767;1878;-111;10:54:57.068012
1769;1877;-108;10:54:57.068012
1767;1877;-110;10:54:57.068012
1766;1875;-109;10:54:57.068012
1764;1876;-112;10:54:57.068012
1763;1875;-112;10:54:57.068012
1761;1873;-112;10:54:57.068012
1759;1873;-114;10:54:57.068012
1760;1871;-111;10:54:57.068012
1764;1870;-106;10:54:57.068012
1762;1867;-105;10:54:57.068012
1758;1864;-106;10:54:57.068012
1756;1863;-107;10:54:57.068012
1755;1863;-108;10:54:57.068012
1754;1863;-109;10:54:57.068012
1751;1862;-111;10:54:57.068012
1751;1863;-112;10:54:57.068012
1750;1863;-113;10:54:57.068012
1750;1866;-116;10:54:57.068012
1750;1868;-118;10:54:57.068012
1751;1866;-115;10:54:57.068012
1754;1865;-111;10:54:57.068012
1752;1864;-112;10:54:57.068012
1749;1863;-114;10:54:57.068012
1753;1864;-111;10:54:57.068012
1755;1864;-109;10:54:57.068012
1752;1862;-110;10:54:57.068012
1752;1864;-112;10:54:57.068012
1753;1866;-113;10:54:57.068012
1752;1868;-116;10:54:57.068012
1750;1866;-116;10:54:57.068012
1752;1870;-118;10:54:57.068012
1759;1868;-109;10:54:57.068012
1763;1869;-106;10:54:57.068012
1765;1873;-108;10:54:57.068012
1763;1875;-112;10:54:57.068012
1766;1877;-111;10:54:57.068012
1769;1876;-107;10:54:57.068012
1768;1876;-108;10:54:57.068012
1767;1876;-109;10:54:57.068012
1764;1876;-112;10:54:57.068012
1765;1878;-113;10:54:57.068012
1763;1875;-112;10:54:57.068012
1761;1873;-112;10:54:57.068012
1762;1872;-110;10:54:57.068012
1759;1871;-112;10:54:57.068012
1761;1870;-109;10:54:57.068012
1760;1869;-109;10:54:57.068012
1756;1868;-112;10:54:57.068012
1757;1868;-111;10:54:57.068012
1757;1865;-108;10:54:57.068012
1754;1861;-107;10:54:57.068012
1751;1864;-113;10:54:57.068012
1746;1862;-116;10:54:57.068012
1747;1862;-115;10:54:57.068012
1746;1856;-110;10:54:57.068012
1744;1855;-111;10:54:57.068012
1745;1855;-110;10:54:57.068012
1744;1858;-114;10:54:57.068012
1743;1858;-115;10:54:57.068012
1743;1859;-116;10:54:57.068012
1746;1860;-114;10:54:57.068012
1747;1860;-113;10:54:57.068012
1747;1860;-113;10:54:57.068012
1749;1863;-114;10:54:57.068012
1751;1861;-110;10:54:57.068012
1750;1861;-111;10:54:57.068012
1751;1863;-112;10:54:57.068012
1750;1867;-117;10:54:57.068012
1753;1864;-111;10:54:57.068012
1753;1864;-111;10:54:57.068012
1753;1863;-110;10:54:57.068012
1751;1863;-112;10:54:57.068012
1753;1865;-112;10:54:57.068012
1751;1865;-114;10:54:57.068012
1750;1863;-113;10:54:57.068012
1749;1861;-112;10:54:57.068012
1750;1860;-110;10:54:57.068012
1747;1857;-110;10:54:57.068012
1743;1855;-112;10:54:57.068012
1740;1855;-115;10:54:57.068012
1742;1857;-115;10:54:57.068012
1743;1857;-114;10:54:57.068012
1745;1856;-111;10:54:57.068012
1742;1854;-112;10:54:57.068012
1739;1854;-115;10:54:57.068012
1736;1854;-118;10:54:57.068012
1739;1853;-114;10:54:57.068012
1736;1853;-117;10:54:57.068012
1736;1854;-118;10:54:57.068012
1736;1854;-118;10:54:57.068012
1734;1853;-119;10:54:57.068012
1734;1850;-116;10:54:57.068012
1736;1855;-119;10:54:57.068012
1736;1855;-119;10:54:57.068012
1737;1855;-118;10:54:57.068012
1741;1854;-113;10:54:57.068012
1741;1855;-114;10:54:57.068012
1739;1856;-117;10:54:57.068012
1739;1855;-116;10:54:57.068012
1740;1858;-118;10:54:57.068012
1741;1857;-116;10:54:57.068012
1743;1858;-115;10:54:57.068012
1743;1859;-116;10:54:57.068012
1745;1859;-114;10:54:57.068012
1749;1863;-114;10:54:57.068012
1750;1865;-115;10:54:57.068012
1751;1864;-113;10:54:57.068012
1751;1865;-114;10:54:57.068012
1751;1865;-114;10:54:57.068012
1754;1866;-112;10:54:57.068012
1754;1869;-115;10:54:57.068012
1757;1868;-111;10:54:57.068012
1758;1868;-110;10:54:57.068012
1759;1870;-111;10:54:57.068012
1760;1869;-109;10:54:57.068012
1760;1869;-109;10:54:57.068012
1760;1869;-109;10:54:57.068012
1758;1870;-112;10:54:57.068012
1756;1870;-114;10:54:57.068012
1757;1869;-112;10:54:57.068012
1756;1867;-111;10:54:57.068012
1752;1868;-116;10:54:57.068012
1756;1869;-113;10:54:57.068012
1758;1871;-113;10:54:57.068012
1759;1870;-111;10:54:57.068012
1758;1869;-111;10:54:57.068012
1759;1871;-112;10:54:57.068012
1760;1874;-114;10:54:57.068012
1759;1875;-116;10:54:57.068012
1759;1875;-116;10:54:57.068012
1760;1875;-115;10:54:57.068012
1760;1873;-113;10:54:57.068012
1759;1874;-115;10:54:57.068012
1761;1874;-113;10:54:57.068012
1758;1874;-116;10:54:57.068012
1758;1874;-116;10:54:57.068012
1763;1875;-112;10:54:57.068012
1762;1874;-112;10:54:57.068012
1760;1874;-114;10:54:57.068012
1760;1875;-115;10:54:57.068012
1762;1875;-113;10:54:57.068012
1762;1875;-113;10:54:57.068012
1762;1877;-115;10:54:57.068012
1759;1874;-115;10:54:57.068012
1762;1878;-116;10:54:57.068012
1766;1879;-113;10:54:57.068012
1765;1881;-116;10:54:57.068012
1764;1880;-116;10:54:57.068012
1767;1877;-110;10:54:57.068012
1768;1879;-111;10:54:57.068012
1768;1878;-110;10:54:57.068012
1764;1877;-113;10:54:57.068012
1765;1876;-111;10:54:57.068012
1765;1879;-114;10:54:57.068012
1765;1876;-111;10:54:57.068012
1765;1879;-114;10:54:57.068012
1763;1876;-113;10:54:57.068012
1764;1878;-114;10:54:57.068012
1766;1880;-114;10:54:57.068012
1765;1877;-112;10:54:57.068012
1765;1877;-112;10:54:57.068012
1766;1876;-110;10:54:57.068012
1763;1875;-112;10:54:57.068012
1760;1875;-115;10:54:57.068012
1760;1874;-114;10:54:57.068012
1762;1880;-118;10:54:57.068012
1764;1882;-118;10:54:57.068012
1763;1881;-118;10:54:57.068012
1766;1883;-117;10:54:57.068012
1767;1883;-116;10:54:57.068012
1771;1883;-112;10:54:57.068012
1770;1885;-115;10:54:57.068012
1769;1884;-115;10:54:57.068012
1771;1886;-115;10:54:57.068012
1774;1888;-114;10:54:57.068012
1774;1889;-115;10:54:57.068012
1774;1887;-113;10:54:57.068012
1776;1889;-113;10:54:57.068012
1777;1888;-111;10:54:57.068012
1778;1890;-112;10:54:57.116885
1778;1892;-114;10:54:57.116885
1778;1893;-115;10:54:57.116885
1779;1891;-112;10:54:57.116885
1783;1891;-108;10:54:57.116885
1785;1891;-106;10:54:57.116885
1784;1889;-105;10:54:57.116885
1780;1890;-110;10:54:57.116885
1779;1888;-109;10:54:57.116885
1777;1887;-110;10:54:57.116885
1779;1886;-107;10:54:57.116885
1775;1884;-109;10:54:57.116885
1773;1883;-110;10:54:57.116885
1771;1879;-108;10:54:57.116885
1769;1881;-112;10:54:57.116885
1771;1881;-110;10:54:57.116885
1772;1880;-108;10:54:57.116885
1770;1883;-113;10:54:57.116885
1772;1883;-111;10:54:57.116885
1772;1883;-111;10:54:57.116885
1774;1882;-108;10:54:57.116885
1775;1884;-109;10:54:57.116885
1774;1884;-110;10:54:57.116885
1774;1884;-110;10:54:57.116885
1773;1884;-111;10:54:57.116885
1771;1884;-113;10:54:57.116885
1769;1884;-115;10:54:57.116885
1769;1882;-113;10:54:57.116885
1770;1880;-110;10:54:57.116885
1766;1877;-111;10:54:57.116885
1763;1876;-113;10:54:57.116885
1762;1876;-114;10:54:57.116885
1761;1871;-110;10:54:57.116885
1760;1871;-111;10:54:57.116885
1759;1871;-112;10:54:57.116885
1756;1871;-115;10:54:57.116885
1757;1870;-113;10:54:57.116885
1757;1868;-111;10:54:57.116885
1758;1866;-108;10:54:57.116885
1760;1865;-105;10:54:57.116885
1760;1866;-106;10:54:57.116885
1757;1868;-111;10:54:57.116885
1757;1865;-108;10:54:57.116885
1755;1863;-108;10:54:57.116885
1754;1862;-108;10:54:57.116885
1750;1864;-114;10:54:57.116885
1745;1861;-116;10:54:57.116885
1744;1864;-120;10:54:57.116885
1742;1859;-117;10:54:57.116885
1742;1855;-113;10:54:57.116885
1741;1854;-113;10:54:57.116885
1740;1852;-112;10:54:57.116885
1740;1852;-112;10:54:57.116885
1736;1852;-116;10:54:57.116885
1738;1855;-117;10:54:57.116885
1739;1857;-118;10:54:57.116885
1743;1856;-113;10:54:57.116885
1743;1859;-116;10:54:57.116885
1745;1860;-115;10:54:57.116885
1747;1859;-112;10:54:57.116885
1747;1861;-114;10:54:57.116885
1749;1862;-113;10:54:57.116885
1747;1863;-116;10:54:57.116885
1749;1865;-116;10:54:57.116885
1748;1864;-116;10:54:57.116885
1747;1865;-118;10:54:57.116885
1748;1862;-114;10:54:57.116885
1750;1863;-113;10:54:57.116885
1746;1862;-116;10:54:57.116885
1748;1862;-114;10:54:57.116885
1752;1862;-110;10:54:57.116885
1753;1862;-109;10:54:57.116885
1752;1861;-109;10:54:57.116885
1752;1862;-110;10:54:57.116885
1756;1864;-108;10:54:57.116885
1755;1863;-108;10:54:57.116885
1752;1860;-108;10:54:57.116885
1751;1863;-112;10:54:57.116885
1753;1862;-109;10:54:57.116885
1754;1860;-106;10:54:57.116885
1753;1860;-107;10:54:57.116885
1751;1858;-107;10:54:57.116885
1748;1860;-112;10:54:57.116885
1750;1858;-108;10:54:57.116885
1748;1855;-107;10:54:57.116885
1745;1852;-107;10:54:57.116885
1743;1855;-112;10:54:57.116885
1749;1856;-107;10:54:57.116885
1748;1855;-107;10:54:57.116885
1749;1855;-106;10:54:57.116885
1750;1858;-108;10:54:57.116885
1749;1858;-109;10:54:57.116885
1750;1860;-110;10:54:57.116885
1750;1863;-113;10:54:57.116885
1751;1866;-115;10:54:57.116885
1753;1868;-115;10:54:57.116885
1756;1869;-113;10:54:57.116885
1758;1870;-112;10:54:57.116885
1759;1870;-111;10:54:57.116885
1762;1873;-111;10:54:57.116885
1764;1874;-110;10:54:57.116885
1763;1875;-112;10:54:57.116885
1766;1876;-110;10:54:57.116885
1768;1875;-107;10:54:57.116885
1766;1875;-109;10:54:57.116885
1765;1877;-112;10:54:57.116885
1766;1878;-112;10:54:57.116885
1766;1879;-113;10:54:57.116885
1768;1879;-111;10:54:57.116885
1768;1878;-110;10:54:57.116885
1770;1879;-109;10:54:57.116885
1772;1879;-107;10:54:57.116885
1771;1879;-108;10:54:57.116885
1772;1879;-107;10:54:57.116885
1771;1881;-110;10:54:57.116885
1769;1880;-111;10:54:57.116885
1768;1881;-113;10:54:57.116885
1770;1879;-109;10:54:57.116885
1768;1880;-112;10:54:57.116885
1771;1880;-109;10:54:57.116885
1772;1877;-105;10:54:57.116885
1767;1873;-106;10:54:57.116885
1764;1874;-110;10:54:57.116885
1762;1874;-112;10:54:57.116885
1759;1871;-112;10:54:57.116885
1760;1870;-110;10:54:57.116885
1762;1869;-107;10:54:57.116885
1760;1871;-111;10:54:57.116885
1760;1872;-112;10:54:57.116885
1761;1873;-112;10:54:57.116885
1758;1875;-117;10:54:57.116885
1759;1874;-115;10:54:57.116885
1760;1878;-118;10:54:57.116885
1765;1880;-115;10:54:57.116885
1766;1882;-116;10:54:57.116885
1764;1881;-117;10:54:57.116885
1767;1882;-115;10:54:57.116885
1769;1882;-113;10:54:57.116885
1768;1882;-114;10:54:57.116885
1768;1881;-113;10:54:57.116885
1769;1883;-114;10:54:57.116885
1772;1883;-111;10:54:57.116885
1772;1880;-108;10:54:57.116885
1770;1880;-110;10:54:57.116885
1772;1883;-111;10:54:57.116885
1774;1885;-111;10:54:57.116885
1773;1890;-117;10:54:57.116885
1774;1890;-116;10:54:57.116885
1776;1893;-117;10:54:57.116885
1779;1892;-113;10:54:57.116885
1780;1890;-110;10:54:57.116885
1780;1889;-109;10:54:57.116885
1780;1888;-108;10:54:57.116885
1779;1888;-109;10:54:57.116885
1772;1885;-113;10:54:57.116885
1773;1883;-110;10:54:57.116885
1772;1880;-108;10:54:57.116885
1770;1880;-110;10:54:57.116885
1770;1876;-106;10:54:57.116885
1768;1876;-108;10:54:57.116885
1766;1875;-109;10:54:57.116885
1764;1876;-112;10:54:57.116885
1764;1876;-112;10:54:57.116885
1764;1874;-110;10:54:57.116885
1759;1873;-114;10:54:57.116885
1760;1874;-114;10:54:57.116885
1763;1876;-113;10:54:57.116885
1759;1873;-114;10:54:57.116885
1756;1871;-115;10:54:57.116885
1760;1875;-115;10:54:57.116885
1761;1877;-116;10:54:57.116885
1758;1874;-116;10:54:57.116885
1759;1870;-111;10:54:57.116885
1757;1872;-115;10:54:57.116885
1757;1872;-115;10:54:57.116885
1753;1871;-118;10:54:57.116885
1750;1870;-120;10:54:57.116885
1749;1870;-121;10:54:57.116885
1753;1867;-114;10:54:57.116885
1752;1867;-115;10:54:57.116885
1748;1867;-119;10:54:57.116885
1750;1864;-114;10:54:57.116885
1751;1865;-114;10:54:57.116885
1751;1866;-115;10:54:57.116885
1750;1866;-116;10:54:57.116885
1752;1861;-109;10:54:57.116885
1750;1863;-113;10:54:57.116885
1747;1864;-117;10:54:57.116885
1747;1865;-118;10:54:57.116885
1751;1866;-115;10:54:57.116885
1754;1869;-115;10:54:57.116885
1753;1870;-117;10:54:57.116885
1755;1869;-114;10:54:57.116885
1757;1869;-112;10:54:57.116885
1757;1871;-114;10:54:57.116885
1753;1870;-117;10:54:57.116885
1750;1869;-119;10:54:57.116885
1749;1868;-119;10:54:57.116885
1747;1864;-117;10:54:57.116885
1749;1863;-114;10:54:57.116885
1750;1863;-113;10:54:57.116885
1748;1865;-117;10:54:57.116885
1747;1865;-118;10:54:57.116885
1749;1865;-116;10:54:57.116885
1752;1869;-117;10:54:57.116885
1756;1869;-113;10:54:57.116885
1757;1871;-114;10:54:57.116885
1756;1871;-115;10:54:57.116885
1758;1873;-115;10:54:57.116885
1759;1874;-115;10:54:57.116885
1756;1875;-119;10:54:57.116885
1756;1874;-118;10:54:57.116885
1761;1875;-114;10:54:57.116885
1760;1871;-111;10:54:57.116885
1757;1869;-112;10:54:57.116885
1756;1870;-114;10:54:57.116885
1752;1869;-117;10:54:57.116885
1753;1867;-114;10:54:57.116885
1751;1866;-115;10:54:57.116885
1749;1865;-116;10:54:57.116885
1750;1865;-115;10:54:57.116885
1750;1864;-114;10:54:57.116885
1750;1861;-111;10:54:57.116885
1750;1857;-107;10:54:57.116885
1750;1859;-109;10:54:57.116885
1754;1863;-109;10:54:57.116885
1752;1864;-112;10:54:57.116885
1753;1865;-112;10:54:57.116885
1753;1865;-112;10:54:57.116885
1751;1866;-115;10:54:57.116885
1752;1867;-115;10:54:57.116885
1751;1865;-114;10:54:57.116885
1751;1866;-115;10:54:57.116885
1750;1865;-115;10:54:57.116885
1750;1867;-117;10:54:57.116885
1751;1864;-113;10:54:57.116885
1751;1865;-114;10:54:57.116885
1751;1864;-113;10:54:57.116885
1751;1866;-115;10:54:57.116885
1752;1867;-115;10:54:57.116885
1749;1867;-118;10:54:57.116885
1752;1867;-115;10:54:57.116885
1753;1868;-115;10:54:57.116885
1752;1866;-114;10:54:57.116885
1752;1864;-112;10:54:57.116885
1755;1866;-111;10:54:57.116885
1754;1865;-111;10:54:57.116885
1755;1866;-111;10:54:57.116885
1754;1869;-115;10:54:57.116885
1753;1871;-118;10:54:57.116885
1755;1873;-118;10:54:57.116885
1757;1873;-116;10:54:57.116885
1756;1872;-116;10:54:57.116885
1757;1872;-115;10:54:57.116885
1762;1871;-109;10:54:57.116885
1760;1873;-113;10:54:57.138822
1761;1874;-113;10:54:57.138822
1761;1876;-115;10:54:57.138822
1763;1875;-112;10:54:57.138822
1761;1872;-111;10:54:57.138822
1760;1873;-113;10:54:57.138822
1759;1873;-114;10:54:57.138822
1760;1871;-111;10:54:57.138822
1760;1870;-110;10:54:57.138822
1762;1875;-113;10:54:57.138822
1763;1874;-111;10:54:57.138822
1764;1873;-109;10:54:57.138822
1760;1872;-112;10:54:57.138822
1758;1875;-117;10:54:57.138822
1761;1877;-116;10:54:57.138822
1762;1876;-114;10:54:57.138822
1763;1877;-114;10:54:57.138822
1764;1875;-111;10:54:57.138822
1766;1877;-111;10:54:57.138822
1765;1876;-111;10:54:57.138822
1762;1873;-111;10:54:57.138822
1760;1874;-114;10:54:57.138822
1759;1874;-115;10:54:57.138822
1760;1874;-114;10:54:57.138822
1761;1873;-112;10:54:57.138822
1760;1874;-114;10:54:57.138822
1761;1873;-112;10:54:57.138822
1764;1876;-112;10:54:57.138822
1764;1879;-115;10:54:57.138822
1763;1880;-117;10:54:57.138822
1766;1882;-116;10:54:57.138822
1769;1884;-115;10:54:57.138822
1770;1888;-118;10:54:57.138822
1771;1887;-116;10:54:57.138822
1775;1888;-113;10:54:57.138822
1776;1890;-114;10:54:57.138822
1776;1889;-113;10:54:57.138822
1777;1887;-110;10:54:57.138822
1774;1887;-113;10:54:57.138822
1773;1885;-112;10:54:57.138822
1776;1885;-109;10:54:57.138822
1777;1885;-108;10:54:57.138822
1774;1884;-110;10:54:57.138822
1770;1885;-115;10:54:57.138822
1773;1883;-110;10:54:57.138822
1771;1883;-112;10:54:57.138822
1772;1880;-108;10:54:57.138822
1773;1879;-106;10:54:57.138822
1772;1880;-108;10:54:57.138822
1772;1882;-110;10:54:57.138822
1772;1882;-110;10:54:57.138822
1775;1884;-109;10:54:57.138822
1772;1885;-113;10:54:57.138822
1774;1886;-112;10:54:57.138822
1775;1888;-113;10:54:57.138822
1776;1889;-113;10:54:57.138822
1775;1887;-112;10:54:57.138822
1778;1887;-109;10:54:57.138822
1779;1890;-111;10:54:57.138822
1777;1886;-109;10:54:57.138822
1777;1887;-110;10:54:57.138822
1779;1890;-111;10:54:57.138822
1781;1891;-110;10:54:57.138822
1780;1889;-109;10:54:57.138822
1781;1888;-107;10:54:57.138822
1778;1888;-110;10:54:57.138822
1777;1886;-109;10:54:57.138822
1777;1886;-109;10:54:57.138822
1777;1885;-108;10:54:57.138822
1774;1886;-112;10:54:57.138822
1774;1883;-109;10:54:57.138822
1773;1882;-109;10:54:57.138822
1773;1881;-108;10:54:57.138822
1773;1882;-109;10:54:57.138822
1773;1880;-107;10:54:57.138822
1771;1881;-110;10:54:57.138822
1770;1879;-109;10:54:57.138822
1770;1881;-111;10:54:57.138822
1768;1881;-113;10:54:57.138822
1768;1878;-110;10:54:57.138822
1770;1876;-106;10:54:57.138822
1770;1874;-104;10:54:57.138822
1768;1877;-109;10:54:57.138822
1767;1875;-108;10:54:57.138822
1766;1875;-109;10:54:57.138822
1764;1874;-110;10:54:57.138822
1765;1876;-111;10:54:57.138822
1767;1876;-109;10:54:57.138822
1764;1875;-111;10:54:57.138822
1763;1874;-111;10:54:57.138822
1763;1873;-110;10:54:57.138822
1763;1872;-109;10:54:57.138822
1761;1872;-111;10:54:57.138822
1759;1870;-111;10:54:57.138822
1759;1868;-109;10:54:57.138822
1756;1868;-112;10:54:57.138822
1754;1865;-111;10:54:57.138822
1752;1864;-112;10:54:57.138822
1750;1865;-115;10:54:57.138822
1750;1863;-113;10:54:57.138822
1749;1862;-113;10:54:57.138822
1748;1863;-115;10:54:57.138822
1748;1864;-116;10:54:57.138822
1748;1861;-113;10:54:57.138822
1747;1859;-112;10:54:57.138822
1747;1860;-113;10:54:57.138822
1747;1861;-114;10:54:57.138822
1746;1862;-116;10:54:57.138822
1747;1864;-117;10:54:57.138822
1749;1864;-115;10:54:57.138822
1752;1862;-110;10:54:57.138822
1750;1864;-114;10:54:57.138822
1750;1863;-113;10:54:57.138822
1751;1866;-115;10:54:57.138822
1751;1863;-112;10:54:57.138822
1751;1863;-112;10:54:57.138822
1752;1864;-112;10:54:57.138822
1751;1863;-112;10:54:57.138822
1749;1861;-112;10:54:57.138822
1748;1859;-111;10:54:57.138822
1749;1859;-110;10:54:57.138822
1750;1860;-110;10:54:57.138822
1751;1862;-111;10:54:57.138822
1748;1859;-111;10:54:57.138822
1746;1861;-115;10:54:57.138822
1748;1859;-111;10:54:57.138822
1748;1857;-109;10:54:57.138822
1746;1859;-113;10:54:57.138822
1745;1857;-112;10:54:57.138822
1744;1856;-112;10:54:57.138822
1744;1857;-113;10:54:57.138822
1743;1856;-113;10:54:57.138822
1741;1854;-113;10:54:57.138822
1742;1854;-112;10:54:57.138822
1741;1852;-111;10:54:57.138822
1737;1852;-115;10:54:57.138822
1739;1852;-113;10:54:57.138822
1741;1853;-112;10:54:57.138822
1739;1850;-111;10:54:57.138822
1741;1853;-112;10:54:57.138822
1740;1853;-113;10:54:57.138822
1740;1852;-112;10:54:57.138822
1740;1852;-112;10:54:57.138822
1742;1856;-114;10:54:57.138822
1744;1858;-114;10:54:57.138822
1747;1857;-110;10:54:57.138822
1751;1863;-112;10:54:57.138822
1752;1866;-114;10:54:57.138822
1750;1864;-114;10:54:57.138822
1750;1863;-113;10:54:57.138822
1753;1863;-110;10:54:57.138822
1752;1865;-113;10:54:57.138822
1750;1863;-113;10:54:57.138822
1750;1864;-114;10:54:57.138822
1751;1866;-115;10:54:57.138822
1754;1863;-109;10:54:57.138822
1753;1863;-110;10:54:57.138822
1752;1865;-113;10:54:57.138822
1752;1867;-115;10:54:57.138822
1756;1865;-109;10:54:57.138822
1754;1865;-111;10:54:57.138822
1751;1864;-113;10:54:57.138822
1753;1864;-111;10:54:57.138822
1753;1864;-111;10:54:57.138822
1753;1861;-108;10:54:57.138822
1752;1859;-107;10:54:57.138822
1753;1864;-111;10:54:57.138822
1751;1866;-115;10:54:57.138822
1752;1863;-111;10:54:57.138822
1752;1867;-115;10:54:57.138822
1753;1870;-117;10:54:57.138822
1754;1867;-113;10:54:57.138822
1757;1869;-112;10:54:57.138822
1757;1868;-111;10:54:57.138822
1755;1870;-115;10:54:57.138822
1756;1870;-114;10:54:57.138822
1756;1869;-113;10:54:57.138822
1755;1869;-114;10:54:57.138822
1756;1872;-116;10:54:57.138822
1758;1873;-115;10:54:57.138822
1758;1874;-116;10:54:57.138822
1760;1873;-113;10:54:57.138822
1762;1875;-113;10:54:57.138822
1759;1873;-114;10:54:57.138822
1762;1873;-111;10:54:57.138822
1762;1873;-111;10:54:57.138822
1762;1874;-112;10:54:57.138822
1763;1873;-110;10:54:57.138822
1764;1874;-110;10:54:57.138822
1762;1874;-112;10:54:57.138822
1760;1873;-113;10:54:57.138822
1761;1874;-113;10:54:57.138822
1758;1873;-115;10:54:57.138822
1757;1871;-114;10:54:57.138822
1758;1869;-111;10:54:57.138822
1759;1874;-115;10:54:57.138822
1757;1875;-118;10:54:57.138822
1757;1872;-115;10:54:57.138822
1757;1873;-116;10:54:57.138822
1759;1875;-116;10:54:57.138822
1759;1875;-116;10:54:57.138822
1758;1876;-118;10:54:57.138822
1760;1879;-119;10:54:57.138822
1763;1879;-116;10:54:57.138822
1765;1879;-114;10:54:57.138822
1769;1879;-110;10:54:57.138822
1767;1880;-113;10:54:57.138822
1766;1881;-115;10:54:57.138822
1767;1880;-113;10:54:57.138822
1767;1879;-112;10:54:57.138822
1763;1880;-117;10:54:57.138822
1763;1881;-118;10:54:57.138822
1763;1880;-117;10:54:57.138822
1759;1879;-120;10:54:57.138822
1762;1879;-117;10:54:57.138822
1764;1880;-116;10:54:57.138822
1765;1880;-115;10:54:57.138822
1765;1878;-113;10:54:57.138822
1770;1876;-106;10:54:57.138822
1766;1878;-112;10:54:57.138822
1763;1878;-115;10:54:57.138822
1768;1880;-112;10:54:57.138822
1769;1884;-115;10:54:57.138822
1766;1881;-115;10:54:57.138822
1769;1882;-113;10:54:57.138822
1774;1886;-112;10:54:57.138822
1772;1885;-113;10:54:57.138822
1770;1882;-112;10:54:57.138822
1769;1882;-113;10:54:57.138822
1768;1882;-114;10:54:57.138822
1766;1884;-118;10:54:57.138822
1764;1881;-117;10:54:57.138822
1765;1881;-116;10:54:57.138822
1765;1879;-114;10:54:57.138822
1767;1879;-112;10:54:57.138822
1768;1877;-109;10:54:57.138822
1767;1875;-108;10:54:57.138822
1765;1874;-109;10:54:57.138822
1767;1876;-109;10:54:57.138822
1766;1874;-108;10:54:57.138822
1766;1874;-108;10:54:57.138822
1764;1874;-110;10:54:57.138822
1762;1877;-115;10:54:57.138822
1761;1875;-114;10:54:57.138822
1761;1874;-113;10:54:57.138822
1759;1874;-115;10:54:57.138822
1759;1875;-116;10:54:57.138822
1762;1874;-112;10:54:57.138822
1762;1875;-113;10:54:57.138822
1762;1876;-114;10:54:57.138822
1761;1879;-118;10:54:57.138822
1761;1881;-120;10:54:57.138822
1762;1881;-119;10:54:57.138822
1764;1879;-115;10:54:57.138822
1764;1879;-115;10:54:57.138822
1764;1881;-117;10:54:57.233574
1766;1880;-114;10:54:57.233574
1765;1880;-115;10:54:57.233574
1767;1880;-113;10:54:57.233574
1766;1880;-114;10:54:57.233574
1766;1881;-115;10:54:57.233574
1765;1878;-113;10:54:57.233574
1764;1878;-114;10:54:57.233574
1763;1877;-114;10:54:57.233574
1761;1877;-116;10:54:57.233574
1762;1876;-114;10:54:57.233574
1764;1875;-111;10:54:57.233574
1762;1875;-113;10:54:57.233574
1759;1873;-114;10:54:57.233574
1758;1876;-118;10:54:57.233574
1759;1875;-116;10:54:57.233574
1758;1874;-116;10:54:57.233574
1755;1872;-117;10:54:57.233574
1755;1874;-119;10:54:57.233574
1758;1873;-115;10:54:57.233574
1757;1874;-117;10:54:57.233574
1755;1871;-116;10:54:57.233574
1758;1871;-113;10:54:57.233574
1757;1873;-116;10:54:57.233574
1759;1873;-114;10:54:57.233574
1757;1873;-116;10:54:57.233574
1758;1874;-116;10:54:57.233574
1759;1873;-114;10:54:57.233574
1759;1872;-113;10:54:57.233574
1759;1871;-112;10:54:57.233574
1756;1871;-115;10:54:57.233574
1757;1877;-120;10:54:57.233574
1757;1877;-120;10:54:57.233574
1757;1876;-119;10:54:57.233574
1761;1878;-117;10:54:57.233574
1761;1878;-117;10:54:57.233574
1759;1875;-116;10:54:57.233574
1760;1874;-114;10:54:57.233574
1760;1875;-115;10:54:57.233574
1758;1875;-117;10:54:57.233574
1756;1873;-117;10:54:57.233574
1756;1871;-115;10:54:57.233574
1754;1870;-116;10:54:57.233574
1755;1872;-117;10:54:57.233574
1758;1873;-115;10:54:57.233574
1755;1872;-117;10:54:57.233574
1757;1869;-112;10:54:57.233574
1754;1868;-114;10:54:57.233574
1754;1868;-114;10:54:57.233574
1754;1867;-113;10:54:57.233574
1753;1866;-113;10:54:57.233574
1750;1867;-117;10:54:57.233574
1751;1866;-115;10:54:57.233574
1750;1866;-116;10:54:57.233574
1753;1868;-115;10:54:57.233574
1750;1866;-116;10:54:57.233574
1752;1866;-114;10:54:57.233574
1751;1865;-114;10:54:57.233574
1752;1865;-113;10:54:57.233574
1750;1866;-116;10:54:57.233574
1749;1866;-117;10:54:57.233574
1750;1867;-117;10:54:57.233574
1753;1870;-117;10:54:57.233574
1752;1870;-118;10:54:57.233574
1751;1870;-119;10:54:57.233574
1752;1869;-117;10:54:57.233574
1754;1871;-117;10:54:57.233574
1754;1869;-115;10:54:57.233574
1754;1870;-116;10:54:57.233574
1756;1871;-115;10:54:57.233574
1757;1871;-114;10:54:57.233574
1755;1871;-116;10:54:57.233574
1754;1873;-119;10:54:57.233574
1755;1875;-120;10:54:57.233574
1759;1873;-114;10:54:57.233574
1759;1875;-116;10:54:57.233574
1762;1877;-115;10:54:57.233574
1763;1875;-112;10:54:57.233574
1761;1877;-116;10:54:57.233574
1761;1875;-114;10:54:57.233574
1762;1877;-115;10:54:57.233574
1762;1876;-114;10:54:57.233574
1762;1876;-114;10:54:57.233574
1761;1875;-114;10:54:57.233574
1762;1877;-115;10:54:57.233574
1761;1877;-116;10:54:57.233574
1764;1876;-112;10:54:57.233574
1765;1875;-110;10:54:57.233574
1765;1873;-108;10:54:57.233574
1763;1873;-110;10:54:57.233574
1761;1871;-110;10:54:57.233574
1759;1870;-111;10:54:57.233574
1758;1870;-112;10:54:57.233574
1754;1871;-117;10:54:57.233574
1755;1871;-116;10:54:57.233574
1755;1871;-116;10:54:57.233574
1755;1873;-118;10:54:57.233574
1756;1871;-115;10:54:57.233574
1758;1872;-114;10:54:57.233574
1757;1871;-114;10:54:57.233574
1760;1873;-113;10:54:57.233574
1762;1875;-113;10:54:57.233574
1760;1872;-112;10:54:57.233574
1760;1874;-114;10:54:57.233574
1760;1874;-114;10:54:57.233574
1757;1872;-115;10:54:57.233574
1757;1870;-113;10:54:57.233574
1755;1871;-116;10:54:57.233574
1754;1872;-118;10:54:57.233574
1757;1869;-112;10:54:57.233574
1757;1871;-114;10:54:57.233574
1760;1872;-112;10:54:57.233574
1761;1872;-111;10:54:57.233574
1757;1873;-116;10:54:57.233574
1757;1873;-116;10:54:57.233574
1760;1873;-113;10:54:57.233574
1759;1873;-114;10:54:57.233574
1763;1873;-110;10:54:57.233574
1762;1874;-112;10:54:57.233574
1760;1876;-116;10:54:57.233574
1761;1875;-114;10:54:57.233574
1763;1873;-110;10:54:57.233574
1763;1870;-107;10:54:57.233574
1760;1872;-112;10:54:57.233574
1762;1873;-111;10:54:57.233574
1760;1873;-113;10:54:57.233574
1759;1872;-113;10:54:57.233574
1759;1875;-116;10:54:57.233574
1762;1875;-113;10:54:57.233574
1764;1873;-109;10:54:57.233574
1762;1871;-109;10:54:57.233574
1761;1870;-109;10:54:57.233574
1761;1871;-110;10:54:57.233574
1761;1873;-112;10:54:57.233574
1758;1873;-115;10:54:57.233574
1757;1872;-115;10:54:57.233574
1759;1872;-113;10:54:57.233574
1760;1872;-112;10:54:57.233574
1759;1871;-112;10:54:57.233574
1758;1869;-111;10:54:57.233574
1755;1872;-117;10:54:57.233574
1759;1874;-115;10:54:57.233574
1761;1876;-115;10:54:57.233574
1761;1876;-115;10:54:57.233574
1761;1879;-118;10:54:57.233574
1765;1881;-116;10:54:57.233574
1768;1881;-113;10:54:57.233574
1768;1883;-115;10:54:57.233574
1770;1886;-116;10:54:57.233574
1774;1883;-109;10:54:57.233574
1773;1882;-109;10:54:57.233574
1772;1881;-109;10:54:57.233574
1775;1881;-106;10:54:57.233574
1771;1883;-112;10:54:57.233574
1771;1881;-110;10:54:57.233574
1770;1881;-111;10:54:57.233574
1771;1882;-111;10:54:57.233574
1768;1883;-115;10:54:57.233574
1770;1879;-109;10:54:57.233574
1768;1879;-111;10:54:57.233574
1767;1880;-113;10:54:57.233574
1768;1877;-109;10:54:57.233574
1768;1879;-111;10:54:57.233574
1766;1875;-109;10:54:57.233574
1765;1876;-111;10:54:57.233574
1763;1875;-112;10:54:57.233574
1765;1874;-109;10:54:57.233574
1764;1872;-108;10:54:57.233574
1761;1868;-107;10:54:57.233574
1760;1870;-110;10:54:57.233574
1759;1872;-113;10:54:57.233574
1761;1872;-111;10:54:57.233574
1760;1875;-115;10:54:57.233574
1759;1874;-115;10:54:57.233574
1761;1872;-111;10:54:57.233574
1761;1872;-111;10:54:57.233574
1758;1871;-113;10:54:57.233574
1757;1872;-115;10:54:57.233574
1757;1873;-116;10:54:57.233574
1759;1873;-114;10:54:57.233574
1758;1871;-113;10:54:57.233574
1758;1873;-115;10:54:57.233574
1756;1872;-116;10:54:57.233574
1755;1871;-116;10:54:57.233574
1754;1868;-114;10:54:57.233574
1753;1867;-114;10:54:57.233574
1753;1868;-115;10:54:57.233574
1753;1867;-114;10:54:57.233574
1754;1867;-113;10:54:57.233574
1753;1868;-115;10:54:57.233574
1757;1869;-112;10:54:57.233574
1757;1866;-109;10:54:57.233574
1758;1868;-110;10:54:57.233574
1757;1870;-113;10:54:57.233574
1756;1871;-115;10:54:57.233574
1756;1871;-115;10:54:57.233574
1754;1871;-117;10:54:57.233574
1754;1869;-115;10:54:57.233574
1754;1869;-115;10:54:57.233574
1754;1867;-113;10:54:57.233574
1754;1866;-112;10:54:57.233574
1752;1866;-114;10:54:57.233574
1752;1865;-113;10:54:57.233574
1751;1865;-114;10:54:57.233574
1749;1862;-113;10:54:57.233574
1751;1862;-111;10:54:57.233574
1749;1863;-114;10:54:57.233574
1749;1859;-110;10:54:57.233574
1749;1863;-114;10:54:57.233574
1750;1865;-115;10:54:57.233574
1750;1866;-116;10:54:57.233574
1751;1866;-115;10:54:57.233574
1751;1867;-116;10:54:57.233574
1753;1867;-114;10:54:57.233574
1753;1866;-113;10:54:57.233574
1752;1867;-115;10:54:57.233574
1752;1867;-115;10:54:57.233574
1752;1866;-114;10:54:57.233574
1752;1864;-112;10:54:57.233574
1753;1863;-110;10:54:57.233574
1751;1864;-113;10:54:57.233574
1752;1864;-112;10:54:57.233574
1748;1863;-115;10:54:57.233574
1746;1863;-117;10:54:57.233574
1746;1863;-117;10:54:57.233574
1748;1862;-114;10:54:57.233574
1747;1862;-115;10:54:57.233574
1748;1861;-113;10:54:57.233574
1749;1861;-112;10:54:57.233574
1752;1863;-111;10:54:57.233574
1749;1862;-113;10:54:57.233574
1749;1861;-112;10:54:57.233574
1751;1862;-111;10:54:57.233574
1749;1863;-114;10:54:57.233574
1751;1864;-113;10:54:57.233574
1753;1864;-111;10:54:57.233574
1754;1866;-112;10:54:57.233574
1754;1866;-112;10:54:57.233574
1755;1867;-112;10:54:57.233574
1755;1868;-113;10:54:57.233574
1754;1866;-112;10:54:57.233574
1753;1867;-114;10:54:57.233574
1756;1867;-111;10:54:57.233574
1755;1867;-112;10:54:57.233574
1753;1869;-116;10:54:57.233574
1757;1869;-112;10:54:57.233574
1755;1871;-116;10:54:57.233574
1758;1869;-111;10:54:57.233574
1760;1872;-112;10:54:57.233574
1760;1872;-112;10:54:57.233574
1760;1870;-110;10:54:57.233574
1760;1869;-109;10:54:57.233574
1761;1868;-107;10:54:57.233574
1757;1868;-111;10:54:57.233574
1754;1869;-115;10:54:57.233574
1754;1870;-116;10:54:57.250528
1755;1869;-114;10:54:57.250528
1754;1870;-116;10:54:57.250528
1754;1872;-118;10:54:57.250528
1755;1870;-115;10:54:57.250528
1755;1872;-117;10:54:57.250528
1754;1872;-118;10:54:57.250528
1755;1874;-119;10:54:57.250528
1759;1873;-114;10:54:57.250528
1758;1872;-114;10:54:57.250528
1756;1873;-117;10:54:57.250528
1756;1873;-117;10:54:57.250528
1758;1874;-116;10:54:57.250528
1762;1873;-111;10:54:57.250528
1759;1871;-112;10:54:57.250528
1758;1870;-112;10:54:57.250528
1760;1873;-113;10:54:57.250528
1759;1874;-115;10:54:57.250528
1759;1871;-112;10:54:57.250528
1760;1870;-110;10:54:57.250528
1759;1873;-114;10:54:57.250528
1758;1873;-115;10:54:57.250528
1756;1872;-116;10:54:57.250528
1754;1868;-114;10:54:57.250528
1755;1867;-112;10:54:57.250528
1754;1869;-115;10:54:57.250528
1754;1869;-115;10:54:57.250528
1752;1869;-117;10:54:57.250528
1755;1870;-115;10:54:57.250528
1755;1871;-116;10:54:57.250528
1756;1870;-114;10:54:57.250528
1757;1870;-113;10:54:57.250528
1755;1870;-115;10:54:57.250528
1757;1869;-112;10:54:57.250528
1756;1869;-113;10:54:57.250528
1753;1870;-117;10:54:57.250528
1751;1870;-119;10:54:57.250528
1756;1873;-117;10:54:57.250528
1755;1873;-118;10:54:57.250528
1755;1873;-118;10:54:57.250528
1756;1874;-118;10:54:57.250528
1758;1875;-117;10:54:57.250528
1759;1875;-116;10:54:57.250528
1759;1876;-117;10:54:57.250528
1764;1878;-114;10:54:57.250528
1767;1882;-115;10:54:57.250528
1767;1879;-112;10:54:57.250528
1767;1879;-112;10:54:57.250528
1766;1878;-112;10:54:57.250528
1765;1878;-113;10:54:57.250528
1763;1877;-114;10:54:57.250528
1763;1879;-116;10:54:57.250528
1760;1876;-116;10:54:57.250528
1760;1875;-115;10:54:57.250528
1759;1873;-114;10:54:57.250528
1756;1873;-117;10:54:57.250528
1756;1871;-115;10:54:57.250528
1756;1868;-112;10:54:57.250528
1754;1866;-112;10:54:57.250528
1752;1861;-109;10:54:57.250528
1752;1863;-111;10:54:57.250528
1751;1861;-110;10:54:57.250528
1749;1860;-111;10:54:57.250528
1748;1859;-111;10:54:57.250528
1748;1858;-110;10:54:57.250528
1747;1858;-111;10:54:57.250528
1748;1858;-110;10:54:57.250528
1747;1860;-113;10:54:57.250528
1746;1861;-115;10:54:57.250528
1747;1861;-114;10:54:57.250528
1748;1860;-112;10:54:57.250528
1749;1860;-111;10:54:57.250528
1749;1862;-113;10:54:57.250528
1751;1861;-110;10:54:57.250528
1752;1863;-111;10:54:57.250528
1750;1864;-114;10:54:57.250528
1751;1866;-115;10:54:57.250528
1754;1867;-113;10:54:57.250528
1757;1867;-110;10:54:57.250528
1758;1868;-110;10:54:57.250528
1757;1867;-110;10:54:57.250528
1755;1865;-110;10:54:57.250528
1753;1866;-113;10:54:57.250528
1756;1866;-110;10:54:57.250528
1758;1867;-109;10:54:57.250528
1757;1869;-112;10:54:57.250528
1755;1867;-112;10:54:57.250528
1757;1867;-110;10:54:57.250528
1758;1868;-110;10:54:57.250528
1758;1869;-111;10:54:57.250528
1759;1868;-109;10:54:57.250528
1761;1869;-108;10:54:57.250528
1759;1871;-112;10:54:57.250528
1758;1871;-113;10:54:57.250528
1758;1869;-111;10:54:57.250528
1758;1868;-110;10:54:57.250528
1758;1868;-110;10:54:57.250528
1756;1868;-112;10:54:57.250528
1757;1867;-110;10:54:57.250528
1758;1868;-110;10:54:57.250528
1757;1867;-110;10:54:57.250528
1756;1866;-110;10:54:57.250528
1757;1868;-111;10:54:57.250528
1759;1870;-111;10:54:57.250528
1756;1869;-113;10:54:57.250528
1754;1867;-113;10:54:57.250528
1757;1868;-111;10:54:57.250528
1757;1871;-114;10:54:57.250528
1757;1871;-114;10:54:57.250528
1759;1870;-111;10:54:57.250528
1760;1874;-114;10:54:57.250528
1761;1873;-112;10:54:57.250528
1761;1873;-112;10:54:57.250528
1759;1871;-112;10:54:57.250528
1757;1874;-117;10:54:57.250528
1759;1872;-113;10:54:57.250528
1758;1874;-116;10:54:57.250528
1759;1875;-116;10:54:57.250528
1761;1874;-113;10:54:57.250528
1759;1875;-116;10:54:57.250528
1760;1876;-116;10:54:57.250528
1762;1876;-114;10:54:57.250528
1763;1875;-112;10:54:57.250528
1764;1876;-112;10:54:57.250528
1764;1877;-113;10:54:57.250528
1764;1874;-110;10:54:57.250528
1762;1873;-111;10:54:57.250528
1762;1872;-110;10:54:57.250528
1764;1870;-106;10:54:57.250528
1765;1870;-105;10:54:57.250528
1762;1868;-106;10:54:57.250528
1760;1869;-109;10:54:57.250528
1758;1868;-110;10:54:57.250528
1756;1865;-109;10:54:57.250528
1755;1864;-109;10:54:57.250528
1752;1864;-112;10:54:57.250528
1752;1862;-110;10:54:57.250528
1752;1863;-111;10:54:57.250528
1751;1864;-113;10:54:57.250528
1751;1865;-114;10:54:57.250528
1751;1864;-113;10:54:57.250528
1752;1863;-111;10:54:57.250528
1751;1861;-110;10:54:57.250528
1752;1859;-107;10:54:57.250528
1751;1864;-113;10:54:57.250528
1751;1863;-112;10:54:57.250528
1751;1862;-111;10:54:57.250528
1752;1864;-112;10:54:57.250528
1753;1864;-111;10:54:57.250528
1750;1865;-115;10:54:57.250528
1751;1867;-116;10:54:57.250528
1754;1867;-113;10:54:57.250528
1757;1870;-113;10:54:57.250528
1759;1868;-109;10:54:57.250528
1759;1870;-111;10:54:57.250528
1758;1867;-109;10:54:57.250528
1761;1870;-109;10:54:57.250528
1758;1870;-112;10:54:57.250528
1759;1870;-111;10:54:57.250528
1760;1869;-109;10:54:57.250528
1758;1868;-110;10:54:57.250528
1755;1866;-111;10:54:57.250528
1754;1863;-109;10:54:57.250528
1753;1864;-111;10:54:57.250528
1753;1864;-111;10:54:57.250528
1754;1861;-107;10:54:57.250528
1754;1861;-107;10:54:57.250528
1751;1859;-108;10:54:57.250528
1750;1862;-112;10:54:57.250528
1750;1864;-114;10:54:57.250528
1752;1864;-112;10:54:57.250528
1754;1861;-107;10:54:57.250528
1754;1862;-108;10:54:57.250528
1755;1862;-107;10:54:57.250528
1752;1863;-111;10:54:57.250528
1753;1864;-111;10:54:57.250528
1753;1864;-111;10:54:57.250528
1756;1867;-111;10:54:57.250528
1758;1867;-109;10:54:57.250528
1758;1866;-108;10:54:57.250528
1755;1867;-112;10:54:57.250528
1753;1866;-113;10:54:57.250528
1751;1865;-114;10:54:57.250528
1753;1866;-113;10:54:57.250528
1751;1863;-112;10:54:57.250528
1752;1861;-109;10:54:57.250528
1754;1864;-110;10:54:57.250528
1752;1863;-111;10:54:57.250528
1754;1863;-109;10:54:57.250528
1756;1864;-108;10:54:57.250528
1757;1865;-108;10:54:57.250528
1753;1864;-111;10:54:57.250528
1755;1866;-111;10:54:57.250528
1755;1868;-113;10:54:57.250528
1755;1867;-112;10:54:57.250528
1758;1869;-111;10:54:57.250528
1758;1871;-113;10:54:57.250528
1757;1870;-113;10:54:57.250528
1755;1867;-112;10:54:57.250528
1758;1866;-108;10:54:57.250528
1758;1865;-107;10:54:57.250528
1754;1862;-108;10:54:57.250528
1752;1863;-111;10:54:57.250528
1752;1861;-109;10:54:57.250528
1749;1860;-111;10:54:57.250528
1749;1858;-109;10:54:57.250528
1747;1859;-112;10:54:57.250528
1746;1858;-112;10:54:57.250528
1747;1857;-110;10:54:57.250528
1745;1857;-112;10:54:57.250528
1747;1858;-111;10:54:57.250528
1748;1859;-111;10:54:57.250528
1752;1860;-108;10:54:57.250528
1751;1860;-109;10:54:57.250528
1750;1862;-112;10:54:57.250528
1751;1864;-113;10:54:57.250528
1754;1865;-111;10:54:57.250528
1753;1863;-110;10:54:57.250528
1751;1863;-112;10:54:57.250528
1752;1864;-112;10:54:57.250528
1750;1863;-113;10:54:57.250528
1748;1859;-111;10:54:57.250528
1750;1863;-113;10:54:57.250528
1753;1864;-111;10:54:57.250528
1751;1865;-114;10:54:57.250528
1753;1866;-113;10:54:57.250528
1754;1868;-114;10:54:57.250528
1753;1865;-112;10:54:57.250528
1758;1866;-108;10:54:57.250528
1757;1868;-111;10:54:57.250528
1756;1868;-112;10:54:57.250528
1757;1868;-111;10:54:57.250528
1758;1867;-109;10:54:57.250528
1757;1866;-109;10:54:57.250528
1757;1869;-112;10:54:57.250528
1757;1871;-114;10:54:57.250528
1755;1870;-115;10:54:57.250528
1756;1869;-113;10:54:57.250528
1756;1867;-111;10:54:57.250528
1756;1870;-114;10:54:57.250528
1753;1868;-115;10:54:57.250528
1755;1868;-113;10:54:57.250528
1757;1867;-110;10:54:57.250528
1755;1865;-110;10:54:57.250528
1755;1866;-111;10:54:57.250528
1753;1864;-111;10:54:57.250528
1754;1866;-112;10:54:57.250528
1754;1863;-109;10:54:57.250528
1756;1865;-109;10:54:57.250528
1756;1866;-110;10:54:57.250528
1753;1865;-112;10:54:57.250528
1752;1867;-115;10:54:57.250528
1753;1867;-114;10:54:57.250528
1756;1867;-111;10:54:57.250528
1756;1868;-112;10:54:57.250528
1754;1867;-113;10:54:57.251521
1752;1866;-114;10:54:57.251521
1754;1868;-114;10:54:57.251521
1756;1868;-112;10:54:57.251521
1757;1865;-108;10:54:57.251521
1759;1869;-110;10:54:57.251521
1759;1867;-108;10:54:57.251521
1757;1867;-110;10:54:57.251521
1755;1868;-113;10:54:57.251521
1757;1871;-114;10:54:57.251521
1758;1870;-112;10:54:57.251521
1756;1868;-112;10:54:57.251521
1756;1871;-115;10:54:57.251521
1756;1870;-114;10:54:57.251521
1755;1868;-113;10:54:57.251521
1754;1868;-114;10:54:57.251521
1756;1867;-111;10:54:57.251521
1757;1868;-111;10:54:57.251521
1758;1868;-110;10:54:57.251521
1756;1868;-112;10:54:57.251521
1755;1868;-113;10:54:57.251521
1757;1867;-110;10:54:57.251521
1757;1867;-110;10:54:57.251521
1756;1864;-108;10:54:57.251521
1754;1864;-110;10:54:57.251521
1754;1863;-109;10:54:57.251521
1752;1864;-112;10:54:57.251521
1751;1862;-111;10:54:57.251521
1751;1864;-113;10:54:57.251521
1750;1862;-112;10:54:57.251521
1749;1862;-113;10:54:57.251521
1752;1865;-113;10:54:57.251521
1752;1866;-114;10:54:57.251521
1750;1863;-113;10:54:57.251521
1752;1864;-112;10:54:57.251521
1753;1864;-111;10:54:57.251521
1754;1866;-112;10:54:57.251521
1754;1865;-111;10:54:57.251521
1755;1869;-114;10:54:57.251521
1756;1868;-112;10:54:57.251521
1755;1868;-113;10:54:57.251521
1756;1867;-111;10:54:57.251521
1756;1868;-112;10:54:57.251521
1756;1870;-114;10:54:57.251521
1757;1869;-112;10:54:57.251521
1757;1870;-113;10:54:57.251521
1758;1869;-111;10:54:57.251521
1759;1870;-111;10:54:57.251521
1760;1874;-114;10:54:57.251521
1763;1872;-109;10:54:57.251521
1763;1874;-111;10:54:57.251521
1764;1875;-111;10:54:57.251521
1762;1875;-113;10:54:57.251521
1765;1874;-109;10:54:57.251521
1767;1874;-107;10:54:57.251521
1765;1874;-109;10:54:57.251521
1766;1874;-108;10:54:57.251521
1767;1873;-106;10:54:57.251521
1764;1874;-110;10:54:57.251521
1760;1874;-114;10:54:57.251521
1759;1875;-116;10:54:57.251521
1760;1873;-113;10:54:57.251521
1759;1873;-114;10:54:57.251521
1758;1870;-112;10:54:57.251521
1758;1867;-109;10:54:57.251521
1756;1866;-110;10:54:57.251521
1757;1867;-110;10:54:57.251521
1756;1868;-112;10:54:57.251521
1760;1870;-110;10:54:57.251521
1760;1871;-111;10:54:57.251521
1760;1872;-112;10:54:57.251521
1758;1873;-115;10:54:57.251521
1756;1875;-119;10:54:57.251521
1758;1873;-115;10:54:57.251521
1759;1873;-114;10:54:57.251521
1758;1872;-114;10:54:57.251521
1757;1872;-115;10:54:57.251521
1757;1873;-116;10:54:57.251521
1757;1874;-117;10:54:57.251521
1757;1872;-115;10:54:57.251521
1758;1872;-114;10:54:57.251521
1760;1873;-113;10:54:57.251521
1758;1873;-115;10:54:57.251521
1756;1872;-116;10:54:57.251521
1759;1871;-112;10:54:57.251521
1760;1873;-113;10:54:57.251521
1760;1871;-111;10:54:57.251521
1760;1872;-112;10:54:57.251521
1760;1874;-114;10:54:57.251521
1758;1873;-115;10:54:57.251521
1757;1871;-114;10:54:57.251521
1757;1871;-114;10:54:57.251521
1756;1872;-116;10:54:57.251521
1758;1872;-114;10:54:57.251521
1758;1871;-113;10:54:57.251521
1757;1868;-111;10:54:57.251521
1757;1868;-111;10:54:57.251521
1756;1867;-111;10:54:57.251521
1755;1865;-110;10:54:57.251521
1751;1861;-110;10:54:57.251521
1749;1861;-112;10:54:57.251521
1749;1862;-113;10:54:57.251521
1748;1859;-111;10:54:57.251521
1746;1861;-115;10:54:57.251521
1746;1861;-115;10:54:57.251521
1746;1860;-114;10:54:57.251521
1745;1859;-114;10:54:57.251521
1747;1861;-114;10:54:57.251521
1749;1859;-110;10:54:57.251521
1748;1861;-113;10:54:57.251521
1747;1863;-116;10:54:57.251521
1749;1862;-113;10:54:57.251521
1749;1862;-113;10:54:57.251521
1746;1861;-115;10:54:57.251521
1746;1862;-116;10:54:57.251521
1745;1863;-118;10:54:57.251521
1746;1861;-115;10:54:57.251521
1749;1863;-114;10:54:57.251521
1752;1862;-110;10:54:57.251521
1754;1863;-109;10:54:57.251521
1756;1864;-108;10:54:57.251521
1756;1864;-108;10:54:57.251521
1757;1863;-106;10:54:57.251521
1757;1866;-109;10:54:57.251521
1758;1866;-108;10:54:57.251521
1757;1869;-112;10:54:57.251521
1757;1873;-116;10:54:57.251521
1759;1874;-115;10:54:57.251521
1759;1873;-114;10:54:57.251521
1759;1871;-112;10:54:57.251521
1762;1873;-111;10:54:57.251521
1763;1873;-110;10:54:57.251521
1763;1873;-110;10:54:57.251521
1761;1874;-113;10:54:57.251521
1761;1873;-112;10:54:57.251521
1762;1870;-108;10:54:57.251521
1760;1867;-107;10:54:57.251521
1759;1868;-109;10:54:57.251521
1756;1866;-110;10:54:57.251521
1754;1865;-111;10:54:57.251521
1753;1864;-111;10:54:57.251521
1752;1863;-111;10:54:57.251521
1752;1865;-113;10:54:57.251521
1755;1868;-113;10:54:57.251521
1756;1867;-111;10:54:57.251521
1755;1870;-115;10:54:57.251521
1757;1868;-111;10:54:57.251521
1755;1868;-113;10:54:57.251521
1756;1869;-113;10:54:57.251521
1755;1867;-112;10:54:57.251521
1756;1867;-111;10:54:57.251521
1757;1868;-111;10:54:57.251521
1755;1868;-113;10:54:57.251521
1756;1870;-114;10:54:57.251521
1757;1870;-113;10:54:57.251521
1756;1871;-115;10:54:57.251521
1760;1873;-113;10:54:57.251521
1763;1872;-109;10:54:57.251521
1761;1871;-110;10:54:57.251521
1762;1872;-110;10:54:57.251521
1762;1871;-109;10:54:57.251521
1762;1871;-109;10:54:57.251521
1764;1871;-107;10:54:57.251521
1763;1870;-107;10:54:57.251521
1762;1869;-107;10:54:57.251521
1759;1869;-110;10:54:57.251521
1760;1869;-109;10:54:57.251521
1757;1869;-112;10:54:57.251521
1760;1867;-107;10:54:57.251521
1762;1868;-106;10:54:57.251521
1760;1867;-107;10:54:57.251521
1758;1867;-109;10:54:57.251521
1756;1867;-111;10:54:57.251521
1754;1867;-113;10:54:57.251521
1750;1868;-118;10:54:57.251521
1751;1865;-114;10:54:57.251521
1751;1865;-114;10:54:57.251521
1752;1864;-112;10:54:57.251521
1751;1864;-113;10:54:57.251521
1752;1864;-112;10:54:57.251521
1752;1865;-113;10:54:57.251521
1752;1864;-112;10:54:57.251521
1751;1866;-115;10:54:57.251521
1753;1867;-114;10:54:57.251521
1754;1868;-114;10:54:57.251521
1754;1867;-113;10:54:57.251521
1753;1868;-115;10:54:57.251521
1755;1868;-113;10:54:57.251521
1755;1866;-111;10:54:57.251521
1753;1867;-114;10:54:57.251521
1752;1868;-116;10:54:57.251521
1754;1868;-114;10:54:57.251521
1757;1869;-112;10:54:57.251521
1755;1869;-114;10:54:57.251521
1754;1868;-114;10:54:57.251521
1755;1870;-115;10:54:57.251521
1757;1869;-112;10:54:57.251521
1757;1868;-111;10:54:57.251521
1758;1865;-107;10:54:57.251521
1758;1871;-113;10:54:57.251521
1757;1871;-114;10:54:57.251521
1759;1870;-111;10:54:57.251521
1758;1868;-110;10:54:57.251521
1758;1870;-112;10:54:57.251521
1758;1870;-112;10:54:57.251521
1757;1869;-112;10:54:57.251521
1755;1867;-112;10:54:57.251521
1753;1866;-113;10:54:57.251521
1754;1867;-113;10:54:57.251521
1751;1866;-115;10:54:57.251521
1752;1862;-110;10:54:57.251521
1750;1861;-111;10:54:57.251521
1748;1860;-112;10:54:57.251521
1749;1859;-110;10:54:57.251521
1749;1858;-109;10:54:57.251521
1748;1859;-111;10:54:57.251521
1749;1862;-113;10:54:57.251521
1749;1862;-113;10:54:57.251521
1749;1864;-115;10:54:57.251521
1751;1866;-115;10:54:57.251521
1753;1867;-114;10:54:57.251521
1754;1868;-114;10:54:57.251521
1757;1868;-111;10:54:57.251521
1757;1870;-113;10:54:57.251521
1758;1869;-111;10:54:57.251521
1759;1871;-112;10:54:57.251521
1759;1870;-111;10:54:57.251521
1759;1870;-111;10:54:57.251521
1763;1870;-107;10:54:57.251521
1761;1869;-108;10:54:57.251521
1759;1871;-112;10:54:57.251521
1759;1874;-115;10:54:57.251521
1762;1875;-113;10:54:57.251521
1763;1873;-110;10:54:57.251521
1763;1872;-109;10:54:57.251521
1764;1873;-109;10:54:57.251521
1764;1874;-110;10:54:57.251521
1764;1873;-109;10:54:57.251521
1763;1874;-111;10:54:57.251521
1763;1874;-111;10:54:57.251521
1763;1873;-110;10:54:57.251521
1763;1871;-108;10:54:57.251521
1765;1872;-107;10:54:57.251521
1764;1870;-106;10:54:57.251521
1761;1870;-109;10:54:57.251521
1762;1871;-109;10:54:57.251521
1762;1869;-107;10:54:57.251521
1758;1868;-110;10:54:57.251521
1757;1867;-110;10:54:57.251521
1755;1867;-112;10:54:57.251521
1752;1868;-116;10:54:57.251521
1755;1868;-113;10:54:57.251521
1754;1869;-115;10:54:57.251521
1753;1870;-117;10:54:57.251521
1755;1870;-115;10:54:57.251521
1759;1871;-112;10:54:57.251521
1759;1871;-112;10:54:57.251521
1758;1872;-114;10:54:57.251521
1761;1873;-112;10:54:57.251521
1760;1871;-111;10:54:57.251521
1759;1869;-110;10:54:57.251521
1759;1872;-113;10:54:57.251521
1760;1872;-112;10:54:57.251521
1759;1873;-114;10:54:57.251521
1759;1873;-114;10:54:57.251521
1760;1872;-112;10:54:57.251521
1759;1873;-114;10:54:57.251521
1759;1875;-116;10:54:57.251521
1762;1876;-114;10:54:57.251521
1763;1875;-112;10:54:57.251521
1765;1875;-110;10:54:57.251521
1765;1876;-111;10:54:57.251521
1763;1877;-114;10:54:57.251521
1763;1878;-115;10:54:57.251521
1765;1881;-116;10:54:57.251521
1765;1878;-113;10:54:57.251521
1766;1877;-111;10:54:57.251521
1764;1875;-111;10:54:57.251521
1762;1875;-113;10:54:57.251521
1763;1875;-112;10:54:57.251521
1762;1876;-114;10:54:57.251521
1760;1875;-115;10:54:57.251521
1760;1875;-115;10:54:57.251521
1761;1875;-114;10:54:57.251521
1761;1871;-110;10:54:57.251521
1758;1870;-112;10:54:57.251521
1759;1871;-112;10:54:57.251521
1757;1870;-113;10:54:57.251521
1757;1870;-113;10:54:57.251521
1757;1871;-114;10:54:57.251521
1757;1869;-112;10:54:57.251521
1757;1871;-114;10:54:57.251521
1758;1870;-112;10:54:57.251521
1755;1870;-115;10:54:57.251521
1756;1869;-113;10:54:57.251521
1757;1871;-114;10:54:57.251521
1757;1872;-115;10:54:57.251521
1755;1871;-116;10:54:57.251521
1756;1875;-119;10:54:57.251521
1758;1876;-118;10:54:57.251521
1759;1873;-114;10:54:57.251521
1759;1872;-113;10:54:57.251521
1759;1872;-113;10:54:57.251521
1761;1871;-110;10:54:57.251521
1761;1873;-112;10:54:57.251521
1761;1872;-111;10:54:57.251521
1761;1874;-113;10:54:57.251521
1763;1872;-109;10:54:57.251521
1760;1872;-112;10:54:57.251521
1758;1873;-115;10:54:57.251521
1760;1872;-112;10:54:57.251521
1758;1872;-114;10:54:57.251521
1760;1871;-111;10:54:57.251521
1761;1873;-112;10:54:57.251521
1759;1872;-113;10:54:57.251521
1760;1872;-112;10:54:57.251521
1763;1875;-112;10:54:57.251521
1762;1872;-110;10:54:57.251521
1760;1870;-110;10:54:57.251521
1757;1869;-112;10:54:57.251521
1756;1870;-114;10:54:57.251521
1756;1870;-114;10:54:57.251521
1755;1868;-113;10:54:57.251521
1752;1870;-118;10:54:57.251521
1755;1869;-114;10:54:57.251521
1756;1868;-112;10:54:57.251521
1757;1870;-113;10:54:57.251521
1756;1869;-113;10:54:57.251521
1757;1869;-112;10:54:57.251521
1757;1871;-114;10:54:57.251521
1759;1872;-113;10:54:57.251521
1761;1873;-112;10:54:57.251521
1762;1874;-112;10:54:57.251521
1763;1873;-110;10:54:57.251521
1763;1873;-110;10:54:57.251521
1760;1872;-112;10:54:57.251521
1760;1877;-117;10:54:57.251521
1763;1876;-113;10:54:57.251521
1761;1876;-115;10:54:57.251521
1761;1874;-113;10:54:57.251521
1762;1874;-112;10:54:57.251521
1762;1875;-113;10:54:57.251521
1763;1873;-110;10:54:57.251521
1763;1873;-110;10:54:57.251521
1764;1871;-107;10:54:57.251521
1763;1871;-108;10:54:57.251521
1764;1872;-108;10:54:57.251521
1764;1872;-108;10:54:57.251521
1761;1871;-110;10:54:57.251521
1758;1872;-114;10:54:57.251521
1758;1872;-114;10:54:57.251521
1755;1872;-117;10:54:57.251521
1757;1873;-116;10:54:57.251521
1760;1872;-112;10:54:57.251521
1759;1870;-111;10:54:57.251521
1759;1872;-113;10:54:57.251521
1759;1871;-112;10:54:57.251521
1759;1872;-113;10:54:57.251521
1760;1871;-111;10:54:57.251521
1760;1871;-111;10:54:57.251521
1760;1870;-110;10:54:57.251521
1757;1868;-111;10:54:57.251521
1758;1870;-112;10:54:57.251521
1756;1869;-113;10:54:57.251521
1754;1868;-114;10:54:57.251521
1756;1868;-112;10:54:57.251521
1755;1867;-112;10:54:57.251521
1755;1864;-109;10:54:57.251521
1754;1868;-114;10:54:57.251521
1754;1867;-113;10:54:57.251521
1752;1867;-115;10:54:57.251521
1755;1865;-110;10:54:57.251521
1756;1865;-109;10:54:57.251521
1755;1868;-113;10:54:57.251521
1755;1868;-113;10:54:57.251521
1756;1868;-112;10:54:57.251521
1754;1871;-117;10:54:57.251521
1757;1871;-114;10:54:57.251521
1759;1871;-112;10:54:57.251521
1760;1873;-113;10:54:57.251521
1759;1874;-115;10:54:57.251521
1763;1873;-110;10:54:57.251521
1764;1872;-108;10:54:57.251521
1764;1870;-106;10:54:57.251521
1761;1871;-110;10:54:57.251521
1762;1871;-109;10:54:57.251521
1762;1871;-109;10:54:57.251521
1763;1871;-108;10:54:57.251521
1764;1873;-109;10:54:57.251521
1765;1876;-111;10:54:57.251521
1764;1872;-108;10:54:57.251521
1764;1870;-106;10:54:57.251521
1767;1871;-104;10:54:57.251521
1765;1871;-106;10:54:57.251521
1763;1871;-108;10:54:57.251521
1762;1873;-111;10:54:57.251521
1762;1871;-109;10:54:57.251521
1759;1870;-111;10:54:57.251521
1757;1870;-113;10:54:57.251521
1755;1869;-114;10:54:57.251521
1754;1866;-112;10:54:57.251521
1756;1867;-111;10:54:57.251521
1757;1866;-109;10:54:57.251521
1753;1868;-115;10:54:57.251521
1757;1868;-111;10:54:57.251521
1756;1864;-108;10:54:57.251521
1755;1863;-108;10:54:57.251521
1756;1863;-107;10:54:57.251521
1758;1866;-108;10:54:57.251521
1758;1865;-107;10:54:57.251521
1758;1865;-107;10:54:57.251521
1758;1867;-109;10:54:57.251521
1758;1867;-109;10:54:57.251521
1757;1866;-109;10:54:57.251521
1757;1868;-111;10:54:57.251521
1757;1870;-113;10:54:57.251521
1758;1869;-111;10:54:57.251521
1759;1869;-110;10:54:57.251521
1759;1869;-110;10:54:57.251521
1757;1869;-112;10:54:57.251521
1761;1868;-107;10:54:57.251521
1761;1868;-107;10:54:57.251521
1760;1870;-110;10:54:57.251521
1758;1870;-112;10:54:57.251521
1759;1869;-110;10:54:57.251521
1758;1867;-109;10:54:57.251521
1759;1866;-107;10:54:57.251521
1757;1865;-108;10:54:57.251521
1753;1867;-114;10:54:57.251521
1752;1864;-112;10:54:57.251521
1752;1864;-112;10:54:57.251521
1752;1864;-112;10:54:57.251521
1751;1866;-115;10:54:57.251521
1750;1864;-114;10:54:57.251521
1750;1863;-113;10:54:57.251521
1754;1862;-108;10:54:57.251521
1752;1863;-111;10:54:57.251521
1752;1863;-111;10:54:57.251521
1754;1866;-112;10:54:57.251521
1752;1864;-112;10:54:57.251521
1752;1865;-113;10:54:57.251521
1753;1865;-112;10:54:57.251521
1755;1867;-112;10:54:57.251521
1755;1865;-110;10:54:57.251521
1755;1864;-109;10:54:57.251521
1754;1864;-110;10:54:57.251521
1756;1867;-111;10:54:57.251521
1760;1867;-107;10:54:57.251521
1761;1871;-110;10:54:57.251521
1760;1869;-109;10:54:57.251521
1759;1870;-111;10:54:57.251521
1758;1871;-113;10:54:57.251521
1756;1870;-114;10:54:57.251521
1756;1870;-114;10:54:57.251521
1760;1872;-112;10:54:57.251521
1761;1870;-109;10:54:57.251521
1761;1868;-107;10:54:57.251521
1761;1867;-106;10:54:57.251521
1760;1868;-108;10:54:57.251521
1759;1867;-108;10:54:57.251521
1759;1868;-109;10:54:57.251521
1759;1869;-110;10:54:57.251521
1758;1867;-109;10:54:57.251521
1757;1869;-112;10:54:57.251521
1757;1868;-111;10:54:57.251521
1756;1867;-111;10:54:57.251521
1756;1868;-112;10:54:57.251521
1758;1865;-107;10:54:57.251521
1755;1866;-111;10:54:57.251521
1753;1865;-112;10:54:57.251521
1756;1865;-109;10:54:57.251521
1754;1864;-110;10:54:57.251521
1754;1863;-109;10:54:57.251521
1753;1865;-112;10:54:57.251521
1754;1865;-111;10:54:57.251521
1756;1867;-111;10:54:57.251521
1756;1868;-112;10:54:57.251521
1757;1869;-112;10:54:57.251521
1758;1870;-112;10:54:57.251521
1760;1871;-111;10:54:57.251521
1760;1871;-111;10:54:57.251521
1759;1873;-114;10:54:57.251521
1760;1873;-113;10:54:57.251521
1758;1872;-114;10:54:57.251521
1762;1871;-109;10:54:57.251521
1762;1873;-111;10:54:57.251521
1760;1867;-107;10:54:57.251521
1760;1868;-108;10:54:57.251521
1758;1870;-112;10:54:57.251521
1758;1868;-110;10:54:57.251521
1761;1871;-110;10:54:57.251521
1761;1873;-112;10:54:57.251521
1761;1871;-110;10:54:57.251521
1762;1871;-109;10:54:57.251521
1766;1875;-109;10:54:57.251521
1762;1874;-112;10:54:57.251521
1759;1872;-113;10:54:57.251521
1760;1872;-112;10:54:57.251521
1759;1874;-115;10:54:57.251521
1759;1870;-111;10:54:57.251521
1759;1873;-114;10:54:57.251521
1760;1872;-112;10:54:57.251521
1762;1871;-109;10:54:57.251521
1759;1870;-111;10:54:57.251521
1759;1870;-111;10:54:57.251521
1756;1867;-111;10:54:57.251521
1757;1865;-108;10:54:57.251521
1757;1867;-110;10:54:57.251521
1756;1867;-111;10:54:57.251521
1754;1866;-112;10:54:57.251521
1754;1864;-110;10:54:57.340283
1756;1865;-109;10:54:57.340283
1757;1870;-113;10:54:57.340283
1758;1869;-111;10:54:57.340283
1757;1871;-114;10:54:57.340283
1760;1870;-110;10:54:57.340283
1762;1871;-109;10:54:57.340283
1758;1869;-111;10:54:57.340283
1759;1869;-110;10:54:57.340283
1760;1871;-111;10:54:57.340283
1758;1869;-111;10:54:57.340283
1757;1869;-112;10:54:57.340283
1759;1867;-108;10:54:57.340283
1760;1868;-108;10:54:57.340283
1757;1869;-112;10:54:57.340283
1756;1870;-114;10:54:57.340283
1757;1872;-115;10:54:57.340283
1758;1871;-113;10:54:57.340283
1762;1871;-109;10:54:57.340283
1763;1872;-109;10:54:57.340283
1762;1872;-110;10:54:57.340283
1761;1874;-113;10:54:57.340283
1762;1874;-112;10:54:57.340283
1762;1872;-110;10:54:57.340283
1762;1870;-108;10:54:57.340283
1764;1871;-107;10:54:57.340283
1761;1873;-112;10:54:57.340283
1759;1873;-114;10:54:57.340283
1761;1869;-108;10:54:57.340283
1764;1872;-108;10:54:57.340283
1761;1871;-110;10:54:57.340283
1759;1870;-111;10:54:57.340283
1758;1871;-113;10:54:57.340283
1756;1869;-113;10:54:57.340283
1756;1869;-113;10:54:57.340283
1759;1869;-110;10:54:57.340283
1759;1870;-111;10:54:57.340283
1757;1871;-114;10:54:57.340283
1756;1870;-114;10:54:57.340283
1755;1872;-117;10:54:57.340283
1755;1869;-114;10:54:57.340283
1758;1867;-109;10:54:57.340283
1757;1866;-109;10:54:57.340283
1757;1865;-108;10:54:57.340283
1756;1867;-111;10:54:57.340283
1757;1867;-110;10:54:57.340283
1758;1866;-108;10:54:57.340283
1755;1867;-112;10:54:57.340283
1757;1867;-110;10:54:57.340283
1757;1870;-113;10:54:57.340283
1757;1869;-112;10:54:57.340283
1757;1870;-113;10:54:57.340283
1759;1872;-113;10:54:57.340283
1759;1873;-114;10:54:57.340283
1758;1871;-113;10:54:57.340283
1761;1870;-109;10:54:57.340283
1760;1871;-111;10:54:57.340283
1761;1871;-110;10:54:57.340283
1762;1871;-109;10:54:57.340283
1759;1871;-112;10:54:57.340283
1760;1871;-111;10:54:57.340283
1762;1873;-111;10:54:57.340283
1762;1872;-110;10:54:57.340283
1761;1872;-111;10:54:57.340283
1761;1870;-109;10:54:57.340283
1759;1870;-111;10:54:57.340283
1758;1873;-115;10:54:57.340283
1758;1870;-112;10:54:57.340283
1757;1868;-111;10:54:57.340283
1756;1867;-111;10:54:57.340283
1756;1866;-110;10:54:57.340283
1755;1866;-111;10:54:57.340283
1755;1865;-110;10:54:57.340283
1756;1864;-108;10:54:57.340283
1756;1864;-108;10:54:57.340283
1756;1865;-109;10:54:57.340283
1755;1866;-111;10:54:57.340283
1757;1865;-108;10:54:57.340283
1760;1868;-108;10:54:57.340283
1759;1868;-109;10:54:57.340283
1753;1867;-114;10:54:57.340283
1756;1866;-110;10:54:57.340283
1757;1866;-109;10:54:57.340283
1756;1866;-110;10:54:57.340283
1759;1870;-111;10:54:57.340283
1757;1871;-114;10:54:57.340283
1758;1871;-113;10:54:57.340283
1758;1872;-114;10:54:57.340283
1762;1870;-108;10:54:57.340283
1760;1872;-112;10:54:57.340283
1762;1873;-111;10:54:57.340283
1763;1872;-109;10:54:57.340283
1763;1873;-110;10:54:57.340283
1765;1874;-109;10:54:57.340283
1768;1876;-108;10:54:57.340283
1766;1874;-108;10:54:57.340283
1766;1874;-108;10:54:57.340283
1768;1874;-106;10:54:57.340283
1769;1874;-105;10:54:57.340283
1769;1874;-105;10:54:57.340283
1767;1872;-105;10:54:57.340283
1766;1874;-108;10:54:57.340283
1765;1873;-108;10:54:57.340283
1763;1870;-107;10:54:57.340283
1761;1869;-108;10:54:57.340283
1760;1871;-111;10:54:57.340283
1760;1869;-109;10:54:57.340283
1760;1871;-111;10:54:57.340283
1760;1870;-110;10:54:57.340283
1758;1869;-111;10:54:57.340283
1760;1867;-107;10:54:57.340283
1760;1866;-106;10:54:57.340283
1762;1867;-105;10:54:57.340283
1762;1864;-102;10:54:57.340283
1761;1866;-105;10:54:57.340283
1760;1868;-108;10:54:57.340283
1760;1869;-109;10:54:57.340283
1762;1872;-110;10:54:57.340283
1760;1873;-113;10:54:57.340283
1761;1874;-113;10:54:57.340283
1763;1872;-109;10:54:57.340283
1762;1873;-111;10:54:57.340283
1761;1872;-111;10:54:57.340283
1761;1872;-111;10:54:57.340283
1760;1872;-112;10:54:57.340283
1760;1873;-113;10:54:57.340283
1763;1874;-111;10:54:57.340283
1762;1874;-112;10:54:57.340283
1762;1874;-112;10:54:57.340283
1763;1874;-111;10:54:57.340283
1764;1874;-110;10:54:57.340283
1765;1874;-109;10:54:57.340283
1764;1876;-112;10:54:57.340283
1767;1877;-110;10:54:57.340283
1768;1879;-111;10:54:57.340283
1767;1875;-108;10:54:57.340283
1764;1875;-111;10:54:57.340283
1762;1873;-111;10:54:57.340283
1761;1871;-110;10:54:57.340283
1758;1868;-110;10:54:57.340283
1759;1869;-110;10:54:57.340283
1756;1868;-112;10:54:57.340283
1755;1865;-110;10:54:57.340283
1756;1864;-108;10:54:57.340283
1753;1862;-109;10:54:57.340283
1751;1861;-110;10:54:57.340283
1751;1860;-109;10:54:57.340283
1750;1861;-111;10:54:57.340283
1748;1860;-112;10:54:57.340283
1749;1861;-112;10:54:57.340283
1747;1863;-116;10:54:57.340283
1749;1863;-114;10:54:57.340283
1751;1864;-113;10:54:57.340283
1753;1863;-110;10:54:57.340283
1751;1861;-110;10:54:57.340283
1752;1862;-110;10:54:57.340283
1752;1865;-113;10:54:57.340283
1750;1865;-115;10:54:57.340283
1752;1864;-112;10:54:57.340283
1755;1863;-108;10:54:57.340283
1756;1866;-110;10:54:57.340283
1755;1866;-111;10:54:57.340283
1755;1866;-111;10:54:57.340283
1757;1869;-112;10:54:57.340283
1756;1872;-116;10:54:57.340283
1760;1871;-111;10:54:57.340283
1760;1873;-113;10:54:57.340283
1760;1874;-114;10:54:57.340283
1760;1874;-114;10:54:57.340283
1763;1875;-112;10:54:57.340283
1764;1873;-109;10:54:57.340283
1764;1872;-108;10:54:57.340283
1765;1872;-107;10:54:57.340283
1765;1872;-107;10:54:57.340283
1762;1872;-110;10:54:57.340283
1762;1872;-110;10:54:57.340283
1762;1873;-111;10:54:57.340283
1761;1871;-110;10:54:57.340283
1760;1869;-109;10:54:57.340283
1760;1869;-109;10:54:57.340283
1761;1867;-106;10:54:57.340283
1761;1866;-105;10:54:57.340283
1759;1865;-106;10:54:57.340283
1756;1865;-109;10:54:57.340283
1753;1865;-112;10:54:57.340283
1754;1865;-111;10:54:57.340283
1755;1866;-111;10:54:57.340283
1756;1866;-110;10:54:57.340283
1758;1868;-110;10:54:57.340283
1760;1872;-112;10:54:57.340283
1761;1871;-110;10:54:57.340283
1761;1868;-107;10:54:57.340283
1760;1867;-107;10:54:57.340283
1761;1869;-108;10:54:57.340283
1758;1865;-107;10:54:57.340283
1756;1867;-111;10:54:57.340283
1755;1869;-114;10:54:57.340283
1757;1870;-113;10:54:57.340283
1758;1869;-111;10:54:57.340283
1756;1871;-115;10:54:57.340283
1756;1869;-113;10:54:57.340283
1758;1870;-112;10:54:57.340283
1758;1868;-110;10:54:57.340283
1758;1867;-109;10:54:57.340283
1758;1867;-109;10:54:57.340283
1762;1868;-106;10:54:57.340283
1762;1870;-108;10:54:57.340283
1761;1871;-110;10:54:57.340283
1761;1873;-112;10:54:57.340283
1761;1872;-111;10:54:57.340283
1763;1871;-108;10:54:57.340283
1759;1868;-109;10:54:57.340283
1759;1870;-111;10:54:57.340283
1758;1869;-111;10:54:57.340283
1755;1868;-113;10:54:57.340283
1756;1867;-111;10:54:57.340283
1755;1866;-111;10:54:57.340283
1754;1864;-110;10:54:57.340283
1752;1864;-112;10:54:57.340283
1750;1862;-112;10:54:57.340283
1752;1859;-107;10:54:57.340283
1751;1859;-108;10:54:57.340283
1750;1859;-109;10:54:57.340283
1747;1858;-111;10:54:57.340283
1746;1857;-111;10:54:57.340283
1748;1857;-109;10:54:57.340283
1746;1858;-112;10:54:57.340283
1744;1859;-115;10:54:57.340283
1742;1856;-114;10:54:57.340283
1744;1860;-116;10:54:57.340283
1744;1859;-115;10:54:57.340283
1744;1858;-114;10:54:57.340283
1746;1859;-113;10:54:57.340283
1748;1862;-114;10:54:57.340283
1748;1861;-113;10:54:57.340283
1751;1859;-108;10:54:57.340283
1748;1861;-113;10:54:57.340283
1747;1860;-113;10:54:57.340283
1751;1862;-111;10:54:57.340283
1751;1862;-111;10:54:57.340283
1753;1861;-108;10:54:57.340283
1752;1861;-109;10:54:57.340283
1753;1862;-109;10:54:57.340283
1754;1863;-109;10:54:57.340283
1755;1862;-107;10:54:57.340283
1754;1860;-106;10:54:57.340283
1753;1862;-109;10:54:57.340283
1752;1860;-108;10:54:57.340283
1752;1861;-109;10:54:57.340283
1751;1861;-110;10:54:57.340283
1751;1862;-111;10:54:57.340283
1752;1860;-108;10:54:57.340283
1753;1860;-107;10:54:57.340283
1752;1859;-107;10:54:57.340283
1751;1859;-108;10:54:57.340283
1749;1859;-110;10:54:57.358237
1747;1857;-110;10:54:57.358237
1748;1857;-109;10:54:57.358237
1747;1858;-111;10:54:57.358237
1746;1856;-110;10:54:57.358237
1747;1857;-110;10:54:57.358237
1748;1855;-107;10:54:57.358237
1750;1856;-106;10:54:57.358237
1748;1857;-109;10:54:57.358237
1749;1859;-110;10:54:57.358237
1749;1861;-112;10:54:57.358237
1750;1861;-111;10:54:57.358237
1754;1863;-109;10:54:57.358237
1759;1865;-106;10:54:57.358237
1759;1869;-110;10:54:57.358237
1760;1868;-108;10:54:57.358237
1761;1868;-107;10:54:57.358237
1758;1868;-110;10:54:57.358237
1759;1867;-108;10:54:57.358237
1760;1869;-109;10:54:57.358237
1760;1871;-111;10:54:57.358237
1759;1871;-112;10:54:57.358237
1761;1871;-110;10:54:57.358237
1761;1870;-109;10:54:57.358237
1764;1870;-106;10:54:57.358237
1766;1870;-104;10:54:57.358237
1767;1873;-106;10:54:57.358237
1765;1870;-105;10:54:57.358237
1766;1871;-105;10:54:57.358237
1767;1870;-103;10:54:57.358237
1763;1871;-108;10:54:57.358237
1765;1872;-107;10:54:57.358237
1766;1872;-106;10:54:57.358237
1763;1871;-108;10:54:57.358237
1763;1869;-106;10:54:57.358237
1763;1870;-107;10:54:57.358237
1763;1869;-106;10:54:57.358237
1759;1869;-110;10:54:57.358237
1758;1868;-110;10:54:57.358237
1759;1869;-110;10:54:57.358237
1758;1865;-107;10:54:57.358237
1756;1863;-107;10:54:57.358237
1755;1864;-109;10:54:57.358237
1755;1866;-111;10:54:57.358237
1756;1865;-109;10:54:57.358237
1755;1866;-111;10:54:57.358237
1750;1865;-115;10:54:57.358237
1751;1867;-116;10:54:57.358237
1751;1867;-116;10:54:57.358237
1754;1866;-112;10:54:57.358237
1751;1867;-116;10:54:57.358237
1753;1868;-115;10:54:57.358237
1754;1871;-117;10:54:57.358237
1753;1869;-116;10:54:57.358237
1755;1868;-113;10:54:57.358237
1758;1870;-112;10:54:57.358237
1758;1869;-111;10:54:57.358237
1756;1870;-114;10:54:57.358237
1756;1868;-112;10:54:57.358237
1757;1868;-111;10:54:57.358237
1757;1869;-112;10:54:57.358237
1758;1869;-111;10:54:57.358237
1759;1872;-113;10:54:57.358237
1759;1873;-114;10:54:57.358237
1759;1873;-114;10:54:57.358237
1759;1872;-113;10:54:57.358237
1762;1871;-109;10:54:57.358237
1763;1871;-108;10:54:57.358237
1762;1872;-110;10:54:57.358237
1760;1870;-110;10:54:57.358237
1762;1870;-108;10:54:57.358237
1762;1871;-109;10:54:57.358237
1762;1869;-107;10:54:57.358237
1757;1869;-112;10:54:57.358237
1757;1869;-112;10:54:57.358237
1756;1867;-111;10:54:57.358237
1755;1867;-112;10:54:57.358237
1752;1868;-116;10:54:57.358237
1753;1868;-115;10:54:57.358237
1754;1868;-114;10:54:57.358237
1753;1867;-114;10:54:57.358237
1755;1867;-112;10:54:57.358237
1752;1870;-118;10:54:57.358237
1750;1869;-119;10:54:57.358237
1754;1867;-113;10:54:57.358237
1758;1868;-110;10:54:57.358237
1756;1867;-111;10:54:57.358237
1757;1869;-112;10:54:57.358237
1761;1870;-109;10:54:57.358237
1759;1869;-110;10:54:57.358237
1759;1869;-110;10:54:57.358237
1760;1871;-111;10:54:57.358237
1761;1874;-113;10:54:57.358237
1761;1872;-111;10:54:57.358237
1762;1871;-109;10:54:57.358237
1760;1870;-110;10:54:57.358237
1757;1871;-114;10:54:57.358237
1761;1870;-109;10:54:57.358237
1760;1868;-108;10:54:57.358237
1756;1866;-110;10:54:57.358237
1756;1868;-112;10:54:57.358237
1759;1869;-110;10:54:57.358237
1756;1868;-112;10:54:57.358237
1756;1866;-110;10:54:57.358237
1759;1869;-110;10:54:57.358237
1759;1870;-111;10:54:57.358237
1759;1870;-111;10:54:57.358237
1759;1869;-110;10:54:57.358237
1757;1868;-111;10:54:57.358237
1754;1866;-112;10:54:57.358237
1753;1866;-113;10:54:57.358237
1752;1866;-114;10:54:57.358237
1752;1864;-112;10:54:57.358237
1751;1863;-112;10:54:57.358237
1751;1861;-110;10:54:57.358237
1750;1861;-111;10:54:57.358237
1750;1861;-111;10:54:57.358237
1750;1863;-113;10:54:57.358237
1751;1865;-114;10:54:57.358237
1751;1864;-113;10:54:57.358237
1751;1866;-115;10:54:57.358237
1755;1865;-110;10:54:57.358237
1755;1866;-111;10:54:57.358237
1754;1867;-113;10:54:57.358237
1758;1866;-108;10:54:57.358237
1754;1866;-112;10:54:57.358237
1754;1865;-111;10:54:57.358237
1756;1868;-112;10:54:57.358237
1756;1869;-113;10:54:57.358237
1757;1869;-112;10:54:57.358237
1758;1867;-109;10:54:57.358237
1761;1868;-107;10:54:57.358237
1759;1871;-112;10:54:57.358237
1758;1870;-112;10:54:57.358237
1766;1869;-103;10:54:57.358237
1765;1870;-105;10:54:57.358237
1764;1871;-107;10:54:57.358237
1765;1870;-105;10:54:57.358237
1762;1869;-107;10:54:57.358237
1763;1869;-106;10:54:57.358237
1762;1868;-106;10:54:57.358237
1760;1865;-105;10:54:57.358237
1757;1867;-110;10:54:57.358237
1759;1868;-109;10:54:57.358237
1758;1867;-109;10:54:57.358237
1758;1864;-106;10:54:57.358237
1757;1863;-106;10:54:57.358237
1756;1864;-108;10:54:57.358237
1754;1864;-110;10:54:57.358237
1753;1864;-111;10:54:57.358237
1751;1863;-112;10:54:57.358237
1753;1866;-113;10:54:57.358237
1755;1868;-113;10:54:57.358237
1756;1868;-112;10:54:57.358237
1754;1867;-113;10:54:57.358237
1755;1866;-111;10:54:57.358237
1756;1865;-109;10:54:57.358237
1754;1866;-112;10:54:57.358237
1752;1866;-114;10:54:57.358237
1755;1866;-111;10:54:57.358237
1754;1867;-113;10:54:57.358237
1754;1865;-111;10:54:57.358237
1756;1867;-111;10:54:57.358237
1754;1870;-116;10:54:57.358237
1758;1870;-112;10:54:57.358237
1758;1871;-113;10:54:57.358237
1760;1871;-111;10:54:57.358237
1764;1871;-107;10:54:57.358237
1763;1873;-110;10:54:57.358237
1764;1873;-109;10:54:57.358237
1763;1873;-110;10:54:57.358237
1762;1871;-109;10:54:57.358237
1765;1873;-108;10:54:57.358237
1768;1872;-104;10:54:57.358237
1766;1873;-107;10:54:57.358237
1765;1873;-108;10:54:57.358237
1768;1873;-105;10:54:57.358237
1766;1876;-110;10:54:57.358237
1766;1873;-107;10:54:57.358237
1764;1873;-109;10:54:57.358237
1765;1872;-107;10:54:57.358237
1763;1873;-110;10:54:57.358237
1764;1874;-110;10:54:57.358237
1764;1873;-109;10:54:57.358237
1762;1872;-110;10:54:57.358237
1762;1872;-110;10:54:57.358237
1764;1870;-106;10:54:57.358237
1760;1867;-107;10:54:57.358237
1759;1867;-108;10:54:57.358237
1758;1866;-108;10:54:57.358237
1755;1866;-111;10:54:57.358237
1754;1865;-111;10:54:57.358237
1753;1866;-113;10:54:57.358237
1754;1865;-111;10:54:57.358237
1755;1864;-109;10:54:57.358237
1751;1865;-114;10:54:57.358237
1752;1868;-116;10:54:57.358237
1752;1869;-117;10:54:57.358237
1755;1869;-114;10:54:57.358237
1761;1871;-110;10:54:57.358237
1761;1872;-111;10:54:57.358237
1762;1875;-113;10:54:57.358237
1763;1875;-112;10:54:57.358237
1763;1874;-111;10:54:57.358237
1764;1872;-108;10:54:57.358237
1764;1873;-109;10:54:57.358237
1765;1875;-110;10:54:57.358237
1765;1874;-109;10:54:57.358237
1762;1875;-113;10:54:57.358237
1765;1874;-109;10:54:57.358237
1765;1875;-110;10:54:57.358237
1764;1872;-108;10:54:57.358237
1764;1873;-109;10:54:57.358237
1762;1873;-111;10:54:57.358237
1760;1872;-112;10:54:57.358237
1762;1872;-110;10:54:57.358237
1759;1869;-110;10:54:57.358237
1756;1868;-112;10:54:57.358237
1755;1865;-110;10:54:57.358237
1755;1865;-110;10:54:57.358237
1752;1862;-110;10:54:57.358237
1747;1860;-113;10:54:57.358237
1747;1862;-115;10:54:57.358237
1748;1861;-113;10:54:57.358237
1743;1858;-115;10:54:57.358237
1745;1856;-111;10:54:57.358237
1746;1857;-111;10:54:57.358237
1746;1858;-112;10:54:57.358237
1748;1858;-110;10:54:57.358237
1748;1861;-113;10:54:57.358237
1750;1861;-111;10:54:57.358237
1752;1863;-111;10:54:57.358237
1752;1863;-111;10:54:57.358237
1752;1865;-113;10:54:57.358237
1752;1864;-112;10:54:57.358237
1753;1864;-111;10:54:57.358237
1753;1865;-112;10:54:57.358237
1753;1864;-111;10:54:57.358237
1756;1864;-108;10:54:57.358237
1756;1865;-109;10:54:57.358237
1754;1863;-109;10:54:57.358237
1754;1865;-111;10:54:57.358237
1756;1866;-110;10:54:57.358237
1756;1867;-111;10:54:57.358237
1755;1866;-111;10:54:57.358237
1758;1867;-109;10:54:57.358237
1761;1868;-107;10:54:57.358237
1758;1867;-109;10:54:57.358237
1759;1867;-108;10:54:57.358237
1760;1869;-109;10:54:57.358237
1760;1871;-111;10:54:57.358237
1759;1868;-109;10:54:57.358237
1758;1868;-110;10:54:57.358237
1757;1868;-111;10:54:57.358237
1760;1869;-109;10:54:57.358237
1756;1866;-110;10:54:57.358237
1756;1866;-110;10:54:57.358237
1760;1869;-109;10:54:57.358237
1761;1868;-107;10:54:57.358237
1760;1867;-107;10:54:57.358237
1760;1868;-108;10:54:57.358237
1763;1869;-106;10:54:57.358237
1762;1868;-106;10:54:57.358237
1761;1868;-107;10:54:57.358237
1761;1870;-109;10:54:57.358237
1763;1872;-109;10:54:57.358237
1760;1874;-114;10:54:57.358237
1759;1873;-114;10:54:57.358237
1760;1874;-114;10:54:57.358237
1760;1873;-113;10:54:57.358237
1761;1872;-111;10:54:57.358237
1762;1870;-108;10:54:57.358237
1760;1873;-113;10:54:57.358237
1760;1872;-112;10:54:57.358237
1760;1871;-111;10:54:57.358237
1762;1870;-108;10:54:57.358237
1760;1870;-110;10:54:57.358237
1761;1870;-109;10:54:57.358237
1759;1872;-113;10:54:57.358237
1759;1871;-112;10:54:57.358237
1762;1869;-107;10:54:57.358237
1761;1870;-109;10:54:57.358237
1761;1870;-109;10:54:57.358237
1760;1871;-111;10:54:57.358237
1758;1869;-111;10:54:57.358237
1757;1869;-112;10:54:57.358237
1757;1869;-112;10:54:57.358237
1758;1870;-112;10:54:57.358237
1757;1869;-112;10:54:57.358237
1759;1867;-108;10:54:57.358237
1760;1867;-107;10:54:57.358237
1759;1868;-109;10:54:57.358237
1758;1867;-109;10:54:57.358237
1757;1866;-109;10:54:57.358237
1755;1868;-113;10:54:57.358237
1752;1864;-112;10:54:57.358237
1750;1863;-113;10:54:57.358237
1750;1863;-113;10:54:57.358237
1749;1865;-116;10:54:57.358237
1751;1861;-110;10:54:57.358237
1753;1863;-110;10:54:57.358237
1751;1864;-113;10:54:57.358237
1754;1866;-112;10:54:57.358237
1753;1866;-113;10:54:57.358237
1756;1867;-111;10:54:57.358237
1759;1869;-110;10:54:57.358237
1759;1868;-109;10:54:57.358237
1757;1870;-113;10:54:57.358237
1759;1871;-112;10:54:57.358237
1761;1872;-111;10:54:57.358237
1761;1871;-110;10:54:57.358237
1759;1870;-111;10:54:57.358237
1758;1870;-112;10:54:57.358237
1758;1872;-114;10:54:57.358237
1758;1872;-114;10:54:57.358237
1759;1873;-114;10:54:57.358237
1759;1875;-116;10:54:57.358237
1765;1873;-108;10:54:57.358237
1765;1875;-110;10:54:57.358237
1767;1876;-109;10:54:57.358237
1770;1878;-108;10:54:57.358237
1771;1881;-110;10:54:57.358237
1773;1878;-105;10:54:57.358237
1775;1880;-105;10:54:57.358237
1772;1880;-108;10:54:57.358237
1773;1881;-108;10:54:57.358237
1773;1879;-106;10:54:57.358237
1771;1878;-107;10:54:57.358237
1770;1876;-106;10:54:57.358237
1770;1874;-104;10:54:57.358237
1768;1874;-106;10:54:57.358237
1765;1874;-109;10:54:57.358237
1764;1871;-107;10:54:57.358237
1763;1870;-107;10:54:57.358237
1762;1870;-108;10:54:57.358237
1760;1870;-110;10:54:57.358237
1762;1869;-107;10:54:57.358237
1761;1869;-108;10:54:57.358237
1760;1870;-110;10:54:57.358237
1761;1870;-109;10:54:57.358237
1761;1871;-110;10:54:57.358237
1760;1870;-110;10:54:57.358237
1758;1870;-112;10:54:57.358237
1759;1869;-110;10:54:57.358237
1760;1870;-110;10:54:57.358237
1760;1870;-110;10:54:57.358237
1760;1871;-111;10:54:57.358237
1762;1872;-110;10:54:57.358237
1762;1872;-110;10:54:57.358237
1765;1872;-107;10:54:57.358237
1764;1873;-109;10:54:57.358237
1763;1875;-112;10:54:57.358237
1767;1877;-110;10:54:57.358237
1767;1878;-111;10:54:57.358237
1767;1876;-109;10:54:57.358237
1769;1878;-109;10:54:57.358237
1770;1879;-109;10:54:57.358237
1770;1878;-108;10:54:57.358237
1771;1879;-108;10:54:57.358237
1771;1879;-108;10:54:57.358237
1771;1880;-109;10:54:57.358237
1770;1878;-108;10:54:57.358237
1767;1877;-110;10:54:57.358237
1768;1877;-109;10:54:57.358237
1766;1875;-109;10:54:57.358237
1764;1873;-109;10:54:57.358237
1767;1873;-106;10:54:57.358237
1766;1869;-103;10:54:57.358237
1764;1870;-106;10:54:57.358237
1763;1870;-107;10:54:57.358237
1760;1871;-111;10:54:57.358237
1761;1869;-108;10:54:57.358237
1763;1872;-109;10:54:57.358237
1762;1873;-111;10:54:57.358237
1760;1874;-114;10:54:57.358237
1762;1873;-111;10:54:57.358237
1763;1875;-112;10:54:57.358237
1763;1875;-112;10:54:57.358237
1767;1875;-108;10:54:57.358237
1769;1875;-106;10:54:57.358237
1765;1874;-109;10:54:57.358237
1765;1876;-111;10:54:57.358237
1766;1878;-112;10:54:57.358237
1767;1878;-111;10:54:57.358237
1769;1880;-111;10:54:57.358237
1770;1880;-110;10:54:57.358237
1769;1876;-107;10:54:57.358237
1765;1877;-112;10:54:57.358237
1764;1877;-113;10:54:57.358237
1765;1878;-113;10:54:57.358237
1766;1877;-111;10:54:57.358237
1762;1874;-112;10:54:57.358237
1762;1876;-114;10:54:57.358237
1763;1874;-111;10:54:57.358237
1761;1871;-110;10:54:57.358237
1761;1870;-109;10:54:57.358237
1761;1872;-111;10:54:57.358237
1758;1872;-114;10:54:57.358237
1757;1869;-112;10:54:57.358237
1760;1868;-108;10:54:57.358237
1758;1868;-110;10:54:57.358237
1760;1869;-109;10:54:57.358237
1758;1868;-110;10:54:57.358237
1757;1869;-112;10:54:57.358237
1757;1867;-110;10:54:57.358237
1756;1866;-110;10:54:57.358237
1756;1867;-111;10:54:57.358237
1756;1868;-112;10:54:57.358237
1756;1868;-112;10:54:57.358237
1755;1865;-110;10:54:57.358237
1753;1865;-112;10:54:57.358237
1754;1865;-111;10:54:57.358237
1754;1865;-111;10:54:57.358237
1754;1866;-112;10:54:57.358237
1754;1867;-113;10:54:57.358237
1752;1868;-116;10:54:57.358237
1755;1868;-113;10:54:57.358237
1755;1868;-113;10:54:57.358237
1754;1865;-111;10:54:57.358237
1752;1866;-114;10:54:57.358237
1754;1868;-114;10:54:57.358237
1756;1870;-114;10:54:57.358237
1757;1870;-113;10:54:57.358237
1756;1870;-114;10:54:57.358237
1754;1871;-117;10:54:57.358237
1759;1872;-113;10:54:57.358237
1760;1870;-110;10:54:57.358237
1760;1868;-108;10:54:57.358237
1758;1869;-111;10:54:57.358237
1758;1869;-111;10:54:57.358237
1759;1870;-111;10:54:57.358237
1758;1868;-110;10:54:57.358237
1761;1869;-108;10:54:57.358237
1758;1870;-112;10:54:57.358237
1757;1870;-113;10:54:57.358237
1757;1870;-113;10:54:57.358237
1757;1870;-113;10:54:57.358237
1758;1868;-110;10:54:57.358237
1758;1867;-109;10:54:57.358237
1756;1867;-111;10:54:57.358237
1757;1866;-109;10:54:57.358237
1756;1867;-111;10:54:57.358237
1755;1866;-111;10:54:57.358237
1757;1866;-109;10:54:57.358237
1756;1866;-110;10:54:57.358237
1754;1864;-110;10:54:57.358237
1753;1863;-110;10:54:57.358237
1754;1865;-111;10:54:57.358237
1752;1864;-112;10:54:57.358237
1752;1865;-113;10:54:57.358237
1752;1867;-115;10:54:57.358237
1755;1868;-113;10:54:57.358237
1756;1869;-113;10:54:57.358237
1757;1872;-115;10:54:57.358237
1760;1874;-114;10:54:57.358237
1763;1875;-112;10:54:57.358237
1763;1877;-114;10:54:57.358237
1765;1876;-111;10:54:57.358237
1767;1879;-112;10:54:57.358237
1769;1882;-113;10:54:57.358237
1769;1883;-114;10:54:57.358237
1771;1883;-112;10:54:57.358237
1770;1882;-112;10:54:57.358237
1771;1883;-112;10:54:57.358237
1773;1883;-110;10:54:57.358237
1771;1883;-112;10:54:57.358237
1770;1882;-112;10:54:57.358237
1772;1880;-108;10:54:57.358237
1772;1881;-109;10:54:57.358237
1770;1877;-107;10:54:57.358237
1772;1879;-107;10:54:57.358237
1770;1876;-106;10:54:57.358237
1772;1879;-107;10:54:57.358237
1772;1878;-106;10:54:57.358237
1775;1881;-106;10:54:57.358237
1773;1880;-107;10:54:57.358237
1773;1879;-106;10:54:57.358237
1774;1881;-107;10:54:57.358237
1771;1882;-111;10:54:57.358237
1769;1879;-110;10:54:57.358237
1769;1880;-111;10:54:57.358237
1766;1878;-112;10:54:57.358237
1765;1876;-111;10:54:57.358237
1762;1874;-112;10:54:57.358237
1765;1870;-105;10:54:57.358237
1763;1870;-107;10:54:57.358237
1762;1870;-108;10:54:57.358237
1762;1871;-109;10:54:57.358237
1760;1874;-114;10:54:57.358237
1759;1871;-112;10:54:57.358237
1760;1871;-111;10:54:57.358237
1761;1874;-113;10:54:57.358237
1761;1872;-111;10:54:57.358237
1762;1873;-111;10:54:57.358237
1764;1873;-109;10:54:57.358237
1760;1871;-111;10:54:57.358237
1762;1870;-108;10:54:57.358237
1764;1876;-112;10:54:57.358237
1763;1875;-112;10:54:57.358237
1762;1875;-113;10:54:57.358237
1764;1876;-112;10:54:57.358237
1763;1877;-114;10:54:57.358237
1764;1877;-113;10:54:57.358237
1764;1873;-109;10:54:57.358237
1762;1875;-113;10:54:57.358237
1760;1873;-113;10:54:57.358237
1761;1872;-111;10:54:57.358237
1759;1872;-113;10:54:57.358237
1759;1870;-111;10:54:57.358237
1757;1871;-114;10:54:57.358237
1757;1867;-110;10:54:57.358237
1753;1864;-111;10:54:57.358237
1752;1865;-113;10:54:57.358237
1754;1864;-110;10:54:57.358237
1753;1864;-111;10:54:57.358237
1752;1862;-110;10:54:57.358237
1751;1862;-111;10:54:57.358237
1747;1863;-116;10:54:57.358237
1746;1862;-116;10:54:57.358237
1745;1863;-118;10:54:57.358237
1743;1860;-117;10:54:57.358237
1745;1859;-114;10:54:57.358237
1747;1860;-113;10:54:57.358237
1747;1862;-115;10:54:57.358237
1744;1862;-118;10:54:57.358237
1748;1861;-113;10:54:57.358237
1747;1859;-112;10:54:57.358237
1743;1857;-114;10:54:57.358237
1744;1859;-115;10:54:57.358237
1744;1858;-114;10:54:57.358237
1743;1857;-114;10:54:57.358237
1742;1858;-116;10:54:57.358237
1745;1859;-114;10:54:57.358237
1747;1860;-113;10:54:57.358237
1746;1860;-114;10:54:57.358237
1746;1860;-114;10:54:57.358237
1748;1862;-114;10:54:57.358237
1750;1862;-112;10:54:57.358237
1751;1861;-110;10:54:57.358237
1752;1863;-111;10:54:57.358237
1749;1861;-112;10:54:57.358237
1750;1863;-113;10:54:57.358237
1750;1863;-113;10:54:57.358237
1749;1862;-113;10:54:57.358237
1748;1861;-113;10:54:57.358237
1750;1861;-111;10:54:57.358237
1751;1863;-112;10:54:57.358237
1750;1862;-112;10:54:57.358237
1751;1862;-111;10:54:57.358237
1750;1863;-113;10:54:57.358237
1750;1863;-113;10:54:57.358237
1748;1862;-114;10:54:57.358237
1749;1864;-115;10:54:57.358237
1749;1863;-114;10:54:57.358237
1747;1862;-115;10:54:57.358237
1749;1860;-111;10:54:57.358237
1752;1860;-108;10:54:57.358237
1750;1862;-112;10:54:57.358237
1749;1860;-111;10:54:57.358237
1752;1862;-110;10:54:57.358237
1753;1861;-108;10:54:57.358237
1753;1861;-108;10:54:57.358237
1753;1862;-109;10:54:57.358237
1753;1864;-111;10:54:57.358237
1753;1865;-112;10:54:57.358237
1751;1864;-113;10:54:57.358237
1754;1865;-111;10:54:57.358237
1754;1866;-112;10:54:57.358237
1757;1865;-108;10:54:57.358237
1758;1866;-108;10:54:57.358237
1755;1869;-114;10:54:57.358237
1757;1869;-112;10:54:57.358237
1759;1871;-112;10:54:57.358237
1759;1869;-110;10:54:57.358237
1758;1871;-113;10:54:57.358237
1759;1872;-113;10:54:57.358237
1761;1874;-113;10:54:57.358237
1761;1870;-109;10:54:57.358237
1761;1870;-109;10:54:57.358237
1761;1871;-110;10:54:57.358237
1760;1872;-112;10:54:57.358237
1756;1872;-116;10:54:57.358237
1758;1872;-114;10:54:57.358237
1760;1872;-112;10:54:57.358237
1760;1870;-110;10:54:57.358237
1763;1869;-106;10:54:57.358237
1760;1868;-108;10:54:57.358237
1758;1870;-112;10:54:57.358237
1759;1870;-111;10:54:57.358237
1760;1870;-110;10:54:57.358237
1757;1869;-112;10:54:57.358237
1757;1867;-110;10:54:57.358237
1755;1870;-115;10:54:57.358237
1755;1871;-116;10:54:57.358237
1757;1873;-116;10:54:57.358237
1758;1871;-113;10:54:57.358237
1756;1869;-113;10:54:57.358237
1755;1871;-116;10:54:57.358237
1755;1872;-117;10:54:57.358237
1757;1873;-116;10:54:57.358237
1758;1873;-115;10:54:57.358237
1761;1874;-113;10:54:57.358237
1761;1874;-113;10:54:57.358237
1761;1876;-115;10:54:57.358237
1762;1878;-116;10:54:57.358237
1762;1876;-114;10:54:57.358237
1762;1877;-115;10:54:57.358237
1765;1879;-114;10:54:57.358237
1764;1878;-114;10:54:57.358237
1763;1880;-117;10:54:57.358237
1762;1880;-118;10:54:57.358237
1763;1878;-115;10:54:57.358237
1764;1881;-117;10:54:57.358237
1767;1879;-112;10:54:57.358237
1767;1879;-112;10:54:57.358237
1768;1877;-109;10:54:57.358237
1766;1876;-110;10:54:57.358237
1764;1875;-111;10:54:57.358237
1763;1875;-112;10:54:57.358237
1763;1877;-114;10:54:57.358237
1763;1877;-114;10:54:57.358237
1763;1875;-112;10:54:57.358237
1761;1876;-115;10:54:57.358237
1763;1876;-113;10:54:57.358237
1763;1873;-110;10:54:57.358237
1761;1874;-113;10:54:57.358237
1759;1872;-113;10:54:57.358237
1759;1872;-113;10:54:57.358237
1760;1873;-113;10:54:57.358237
1757;1873;-116;10:54:57.358237
1755;1872;-117;10:54:57.358237
1756;1872;-116;10:54:57.358237
1757;1873;-116;10:54:57.358237
1756;1871;-115;10:54:57.358237
1757;1873;-116;10:54:57.358237
1756;1873;-117;10:54:57.358237
1756;1872;-116;10:54:57.358237
1758;1872;-114;10:54:57.358237
1758;1871;-113;10:54:57.358237
1758;1871;-113;10:54:57.358237
1758;1871;-113;10:54:57.358237
1757;1872;-115;10:54:57.358237
1755;1869;-114;10:54:57.358237
1756;1869;-113;10:54:57.358237
1754;1870;-116;10:54:57.358237
1753;1869;-116;10:54:57.358237
1753;1867;-114;10:54:57.358237
1753;1869;-116;10:54:57.358237
1754;1868;-114;10:54:57.358237
1753;1870;-117;10:54:57.358237
1755;1871;-116;10:54:57.358237
1758;1872;-114;10:54:57.358237
1759;1870;-111;10:54:57.358237
1758;1870;-112;10:54:57.358237
1757;1872;-115;10:54:57.358237
1758;1871;-113;10:54:57.358237
1759;1871;-112;10:54:57.358237
1758;1871;-113;10:54:57.358237
1758;1868;-110;10:54:57.358237
1756;1869;-113;10:54:57.358237
1758;1870;-112;10:54:57.358237
1758;1869;-111;10:54:57.358237
1754;1867;-113;10:54:57.358237
1755;1865;-110;10:54:57.358237
1754;1866;-112;10:54:57.358237
1754;1864;-110;10:54:57.358237
1752;1864;-112;10:54:57.358237
1750;1866;-116;10:54:57.358237
1750;1865;-115;10:54:57.358237
1752;1863;-111;10:54:57.358237
1751;1860;-109;10:54:57.358237
1748;1862;-114;10:54:57.358237
1750;1863;-113;10:54:57.358237
1749;1864;-115;10:54:57.358237
1750;1863;-113;10:54:57.358237
1753;1861;-108;10:54:57.358237
1753;1862;-109;10:54:57.358237
1752;1862;-110;10:54:57.358237
1750;1862;-112;10:54:57.358237
1749;1861;-112;10:54:57.358237
1750;1860;-110;10:54:57.358237
1749;1861;-112;10:54:57.358237
1750;1862;-112;10:54:57.358237
1751;1866;-115;10:54:57.358237
1749;1864;-115;10:54:57.358237
1750;1863;-113;10:54:57.358237
1752;1865;-113;10:54:57.358237
1754;1865;-111;10:54:57.358237
1756;1865;-109;10:54:57.358237
1758;1867;-109;10:54:57.358237
1760;1867;-107;10:54:57.358237
1758;1864;-106;10:54:57.358237
1757;1863;-106;10:54:57.358237
1759;1864;-105;10:54:57.358237
1754;1864;-110;10:54:57.358237
1752;1861;-109;10:54:57.358237
1752;1864;-112;10:54:57.358237
1749;1862;-113;10:54:57.358237
1748;1858;-110;10:54:57.358237
1746;1858;-112;10:54:57.358237
1746;1858;-112;10:54:57.358237
1746;1857;-111;10:54:57.358237
1747;1855;-108;10:54:57.358237
1748;1857;-109;10:54:57.358237
1746;1856;-110;10:54:57.358237
1748;1856;-108;10:54:57.358237
1748;1856;-108;10:54:57.358237
1749;1858;-109;10:54:57.358237
1749;1859;-110;10:54:57.358237
1751;1861;-110;10:54:57.358237
1753;1863;-110;10:54:57.358237
1750;1864;-114;10:54:57.358237
1751;1864;-113;10:54:57.358237
1752;1863;-111;10:54:57.358237
1750;1865;-115;10:54:57.358237
1752;1863;-111;10:54:57.358237
1753;1866;-113;10:54:57.358237
1752;1866;-114;10:54:57.358237
1752;1865;-113;10:54:57.358237
1753;1864;-111;10:54:57.358237
1756;1863;-107;10:54:57.358237
1757;1865;-108;10:54:57.358237
1757;1866;-109;10:54:57.358237
1758;1867;-109;10:54:57.358237
1758;1867;-109;10:54:57.358237
1759;1868;-109;10:54:57.358237
1761;1869;-108;10:54:57.358237
1760;1871;-111;10:54:57.358237
1763;1871;-108;10:54:57.358237
1764;1872;-108;10:54:57.358237
1761;1872;-111;10:54:57.358237
1759;1873;-114;10:54:57.358237
1760;1871;-111;10:54:57.358237
1761;1868;-107;10:54:57.358237
1758;1867;-109;10:54:57.358237
1758;1867;-109;10:54:57.358237
1759;1866;-107;10:54:57.358237
1755;1868;-113;10:54:57.358237
1755;1866;-111;10:54:57.358237
1755;1866;-111;10:54:57.358237
1756;1866;-110;10:54:57.358237
1754;1866;-112;10:54:57.358237
1756;1867;-111;10:54:57.358237
1758;1867;-109;10:54:57.358237
1756;1865;-109;10:54:57.358237
1754;1865;-111;10:54:57.358237
1754;1866;-112;10:54:57.358237
1754;1867;-113;10:54:57.358237
1754;1869;-115;10:54:57.358237
1758;1871;-113;10:54:57.358237
1758;1871;-113;10:54:57.358237
1760;1871;-111;10:54:57.358237
1763;1875;-112;10:54:57.358237
1764;1875;-111;10:54:57.358237
1763;1874;-111;10:54:57.358237
1765;1874;-109;10:54:57.358237
1762;1875;-113;10:54:57.358237
1763;1875;-112;10:54:57.358237
1761;1875;-114;10:54:57.358237
1763;1876;-113;10:54:57.358237
1764;1875;-111;10:54:57.358237
1764;1875;-111;10:54:57.358237
1764;1875;-111;10:54:57.358237
1764;1876;-112;10:54:57.358237
1765;1874;-109;10:54:57.358237
1767;1875;-108;10:54:57.521925
1764;1875;-111;10:54:57.521925
1764;1875;-111;10:54:57.521925
1765;1877;-112;10:54:57.521925
1765;1875;-110;10:54:57.521925
1765;1874;-109;10:54:57.521925
1767;1875;-108;10:54:57.521925
1765;1875;-110;10:54:57.521925
1761;1874;-113;10:54:57.521925
1764;1877;-113;10:54:57.521925
1764;1878;-114;10:54:57.521925
1763;1876;-113;10:54:57.521925
1762;1872;-110;10:54:57.521925
1761;1872;-111;10:54:57.521925
1759;1869;-110;10:54:57.521925
1757;1869;-112;10:54:57.521925
1758;1869;-111;10:54:57.521925
1757;1869;-112;10:54:57.521925
1756;1869;-113;10:54:57.521925
1760;1872;-112;10:54:57.521925
1759;1874;-115;10:54:57.521925
1761;1872;-111;10:54:57.521925
1761;1872;-111;10:54:57.521925
1759;1873;-114;10:54:57.521925
1763;1874;-111;10:54:57.521925
1762;1874;-112;10:54:57.521925
1761;1874;-113;10:54:57.521925
1759;1872;-113;10:54:57.521925
1761;1874;-113;10:54:57.521925
1763;1875;-112;10:54:57.521925
1762;1872;-110;10:54:57.521925
1759;1873;-114;10:54:57.521925
1762;1873;-111;10:54:57.521925
1762;1874;-112;10:54:57.521925
1761;1873;-112;10:54:57.521925
1761;1875;-114;10:54:57.521925
1761;1873;-112;10:54:57.521925
1759;1874;-115;10:54:57.521925
1758;1873;-115;10:54:57.521925
1759;1873;-114;10:54:57.521925
1756;1872;-116;10:54:57.521925
1755;1870;-115;10:54:57.521925
1756;1870;-114;10:54:57.521925
1756;1871;-115;10:54:57.521925
1755;1867;-112;10:54:57.521925
1756;1867;-111;10:54:57.521925
1756;1866;-110;10:54:57.521925
1754;1867;-113;10:54:57.521925
1752;1866;-114;10:54:57.521925
1754;1866;-112;10:54:57.521925
1752;1864;-112;10:54:57.521925
1750;1865;-115;10:54:57.521925
1750;1866;-116;10:54:57.521925
1747;1866;-119;10:54:57.521925
1747;1866;-119;10:54:57.521925
1749;1868;-119;10:54:57.521925
1754;1869;-115;10:54:57.521925
1754;1867;-113;10:54:57.521925
1754;1869;-115;10:54:57.521925
1753;1868;-115;10:54:57.521925
1754;1868;-114;10:54:57.521925
1755;1868;-113;10:54:57.521925
1756;1867;-111;10:54:57.521925
1753;1868;-115;10:54:57.521925
1755;1867;-112;10:54:57.521925
1752;1869;-117;10:54:57.521925
1750;1866;-116;10:54:57.521925
1751;1865;-114;10:54:57.521925
1749;1867;-118;10:54:57.521925
1753;1864;-111;10:54:57.521925
1749;1864;-115;10:54:57.521925
1750;1864;-114;10:54:57.521925
1749;1864;-115;10:54:57.521925
1747;1863;-116;10:54:57.521925
1749;1862;-113;10:54:57.521925
1750;1864;-114;10:54:57.521925
1752;1861;-109;10:54:57.521925
1751;1863;-112;10:54:57.521925
1754;1864;-110;10:54:57.521925
1756;1862;-106;10:54:57.521925
1754;1863;-109;10:54:57.521925
1754;1863;-109;10:54:57.521925
1753;1865;-112;10:54:57.521925
1753;1865;-112;10:54:57.521925
1753;1864;-111;10:54:57.521925
1750;1866;-116;10:54:57.521925
1749;1864;-115;10:54:57.521925
1749;1864;-115;10:54:57.521925
1752;1863;-111;10:54:57.521925
1753;1862;-109;10:54:57.521925
1749;1863;-114;10:54:57.521925
1749;1863;-114;10:54:57.521925
1752;1860;-108;10:54:57.521925
1751;1861;-110;10:54:57.521925
1751;1861;-110;10:54:57.521925
1753;1864;-111;10:54:57.521925
1753;1862;-109;10:54:57.521925
1755;1863;-108;10:54:57.521925
1755;1864;-109;10:54:57.521925
1753;1864;-111;10:54:57.521925
1753;1866;-113;10:54:57.521925
1756;1867;-111;10:54:57.521925
1755;1866;-111;10:54:57.521925
1754;1867;-113;10:54:57.521925
1757;1868;-111;10:54:57.521925
1757;1868;-111;10:54:57.521925
1756;1865;-109;10:54:57.521925
1756;1865;-109;10:54:57.521925
1755;1867;-112;10:54:57.521925
1759;1866;-107;10:54:57.521925
1757;1866;-109;10:54:57.521925
1756;1864;-108;10:54:57.521925
1755;1867;-112;10:54:57.521925
1756;1866;-110;10:54:57.521925
1758;1866;-108;10:54:57.521925
1754;1865;-111;10:54:57.521925
1750;1865;-115;10:54:57.521925
1753;1866;-113;10:54:57.521925
1753;1866;-113;10:54:57.521925
1752;1863;-111;10:54:57.521925
1750;1862;-112;10:54:57.521925
1752;1865;-113;10:54:57.521925
1751;1863;-112;10:54:57.521925
1748;1861;-113;10:54:57.521925
1749;1863;-114;10:54:57.521925
1751;1865;-114;10:54:57.521925
1750;1862;-112;10:54:57.521925
1751;1862;-111;10:54:57.521925
1751;1863;-112;10:54:57.521925
1750;1863;-113;10:54:57.521925
1750;1865;-115;10:54:57.521925
1749;1864;-115;10:54:57.521925
1749;1865;-116;10:54:57.521925
1748;1866;-118;10:54:57.521925
1751;1866;-115;10:54:57.521925
1753;1868;-115;10:54:57.521925
1754;1869;-115;10:54:57.521925
1757;1869;-112;10:54:57.521925
1759;1870;-111;10:54:57.521925
1758;1872;-114;10:54:57.521925
1761;1873;-112;10:54:57.521925
1762;1872;-110;10:54:57.521925
1761;1873;-112;10:54:57.521925
1759;1873;-114;10:54:57.521925
1763;1875;-112;10:54:57.521925
1763;1876;-113;10:54:57.521925
1760;1874;-114;10:54:57.521925
1762;1875;-113;10:54:57.521925
1764;1874;-110;10:54:57.521925
1763;1874;-111;10:54:57.521925
1762;1871;-109;10:54:57.521925
1763;1873;-110;10:54:57.521925
1764;1875;-111;10:54:57.521925
1762;1874;-112;10:54:57.521925
1763;1873;-110;10:54:57.521925
1762;1875;-113;10:54:57.521925
1761;1876;-115;10:54:57.521925
1763;1876;-113;10:54:57.521925
1763;1875;-112;10:54:57.521925
1762;1873;-111;10:54:57.521925
1762;1872;-110;10:54:57.521925
1761;1873;-112;10:54:57.521925
1759;1874;-115;10:54:57.521925
1761;1872;-111;10:54:57.521925
1761;1871;-110;10:54:57.521925
1761;1871;-110;10:54:57.521925
1760;1872;-112;10:54:57.521925
1758;1872;-114;10:54:57.521925
1758;1871;-113;10:54:57.521925
1757;1869;-112;10:54:57.521925
1756;1871;-115;10:54:57.521925
1757;1871;-114;10:54:57.521925
1757;1871;-114;10:54:57.521925
1758;1872;-114;10:54:57.521925
1762;1874;-112;10:54:57.521925
1762;1874;-112;10:54:57.521925
1761;1875;-114;10:54:57.521925
1760;1878;-118;10:54:57.521925
1764;1878;-114;10:54:57.521925
1761;1876;-115;10:54:57.521925
1762;1875;-113;10:54:57.521925
1762;1876;-114;10:54:57.521925
1762;1876;-114;10:54:57.521925
1763;1875;-112;10:54:57.521925
1763;1872;-109;10:54:57.521925
1760;1873;-113;10:54:57.521925
1761;1874;-113;10:54:57.521925
1762;1873;-111;10:54:57.521925
1763;1874;-111;10:54:57.521925
1763;1875;-112;10:54:57.521925
1766;1875;-109;10:54:57.521925
1765;1874;-109;10:54:57.521925
1763;1874;-111;10:54:57.521925
1761;1871;-110;10:54:57.521925
1759;1873;-114;10:54:57.521925
1759;1873;-114;10:54:57.521925
1760;1873;-113;10:54:57.521925
1760;1874;-114;10:54:57.521925
1761;1871;-110;10:54:57.521925
1755;1870;-115;10:54:57.521925
1756;1870;-114;10:54:57.521925
1757;1868;-111;10:54:57.521925
1754;1867;-113;10:54:57.521925
1752;1868;-116;10:54:57.521925
1753;1867;-114;10:54:57.521925
1752;1867;-115;10:54:57.521925
1752;1868;-116;10:54:57.521925
1751;1866;-115;10:54:57.521925
1752;1867;-115;10:54:57.521925
1752;1867;-115;10:54:57.521925
1752;1868;-116;10:54:57.521925
1750;1867;-117;10:54:57.521925
1748;1865;-117;10:54:57.521925
1750;1864;-114;10:54:57.521925
1750;1865;-115;10:54:57.521925
1751;1867;-116;10:54:57.521925
1752;1864;-112;10:54:57.521925
1752;1868;-116;10:54:57.521925
1753;1869;-116;10:54:57.521925
1754;1867;-113;10:54:57.521925
1752;1865;-113;10:54:57.521925
1752;1864;-112;10:54:57.521925
1751;1862;-111;10:54:57.521925
1750;1863;-113;10:54:57.521925
1747;1864;-117;10:54:57.521925
1749;1863;-114;10:54:57.521925
1750;1861;-111;10:54:57.521925
1748;1858;-110;10:54:57.521925
1751;1858;-107;10:54:57.521925
1750;1860;-110;10:54:57.521925
1748;1858;-110;10:54:57.521925
1746;1856;-110;10:54:57.521925
1745;1859;-114;10:54:57.521925
1744;1859;-115;10:54:57.521925
1743;1860;-117;10:54:57.521925
1744;1860;-116;10:54:57.521925
1744;1860;-116;10:54:57.521925
1745;1859;-114;10:54:57.521925
1745;1859;-114;10:54:57.521925
1745;1860;-115;10:54:57.521925
1746;1862;-116;10:54:57.521925
1749;1861;-112;10:54:57.521925
1745;1862;-117;10:54:57.521925
1746;1862;-116;10:54:57.521925
1745;1861;-116;10:54:57.521925
1748;1861;-113;10:54:57.521925
1749;1861;-112;10:54:57.521925
1746;1860;-114;10:54:57.521925
1748;1862;-114;10:54:57.521925
1750;1865;-115;10:54:57.521925
1750;1866;-116;10:54:57.521925
1752;1865;-113;10:54:57.521925
1755;1867;-112;10:54:57.521925
1756;1867;-111;10:54:57.521925
1758;1865;-107;10:54:57.521925
1754;1869;-115;10:54:57.521925
1756;1871;-115;10:54:57.521925
1760;1871;-111;10:54:57.521925
1758;1872;-114;10:54:57.521925
1756;1871;-115;10:54:57.521925
1760;1871;-111;10:54:57.521925
1761;1870;-109;10:54:57.521925
1755;1868;-113;10:54:57.521925
1752;1867;-115;10:54:57.521925
1755;1868;-113;10:54:57.521925
1757;1867;-110;10:54:57.521925
1758;1867;-109;10:54:57.521925
1758;1866;-108;10:54:57.521925
1751;1868;-117;10:54:57.521925
1755;1865;-110;10:54:57.521925
1757;1865;-108;10:54:57.521925
1755;1864;-109;10:54:57.521925
1754;1862;-108;10:54:57.521925
1753;1866;-113;10:54:57.521925
1755;1865;-110;10:54:57.521925
1753;1867;-114;10:54:57.521925
1752;1869;-117;10:54:57.521925
1757;1871;-114;10:54:57.521925
1757;1874;-117;10:54:57.521925
1756;1871;-115;10:54:57.521925
1757;1872;-115;10:54:57.521925
1759;1872;-113;10:54:57.521925
1758;1872;-114;10:54:57.521925
1754;1868;-114;10:54:57.521925
1756;1868;-112;10:54:57.521925
1756;1867;-111;10:54:57.521925
1754;1869;-115;10:54:57.521925
1757;1870;-113;10:54:57.521925
1759;1872;-113;10:54:57.521925
1759;1874;-115;10:54:57.521925
1761;1874;-113;10:54:57.521925
1764;1878;-114;10:54:57.521925
1766;1878;-112;10:54:57.521925
1768;1878;-110;10:54:57.521925
1769;1880;-111;10:54:57.521925
1768;1880;-112;10:54:57.521925
1769;1879;-110;10:54:57.521925
1770;1880;-110;10:54:57.521925
1770;1884;-114;10:54:57.521925
1769;1882;-113;10:54:57.521925
1769;1880;-111;10:54:57.521925
1766;1878;-112;10:54:57.521925
1769;1876;-107;10:54:57.521925
1766;1874;-108;10:54:57.521925
1764;1876;-112;10:54:57.521925
1762;1875;-113;10:54:57.521925
1763;1875;-112;10:54:57.521925
1764;1873;-109;10:54:57.521925
1764;1873;-109;10:54:57.521925
1761;1873;-112;10:54:57.521925
1764;1878;-114;10:54:57.521925
1769;1877;-108;10:54:57.521925
1767;1875;-108;10:54:57.521925
1765;1877;-112;10:54:57.521925
1767;1880;-113;10:54:57.521925
1768;1881;-113;10:54:57.521925
1767;1878;-111;10:54:57.521925
1767;1878;-111;10:54:57.521925
1764;1880;-116;10:54:57.521925
1764;1880;-116;10:54:57.521925
1765;1878;-113;10:54:57.521925
1765;1876;-111;10:54:57.521925
1765;1876;-111;10:54:57.521925
1766;1877;-111;10:54:57.521925
1767;1879;-112;10:54:57.521925
1766;1877;-111;10:54:57.521925
1767;1880;-113;10:54:57.521925
1766;1878;-112;10:54:57.521925
1765;1879;-114;10:54:57.521925
1765;1878;-113;10:54:57.521925
1766;1878;-112;10:54:57.521925
1767;1881;-114;10:54:57.521925
1768;1882;-114;10:54:57.521925
1770;1880;-110;10:54:57.521925
1769;1880;-111;10:54:57.521925
1767;1880;-113;10:54:57.521925
1764;1879;-115;10:54:57.521925
1766;1877;-111;10:54:57.521925
1763;1876;-113;10:54:57.521925
1762;1878;-116;10:54:57.521925
1766;1879;-113;10:54:57.521925
1764;1876;-112;10:54:57.521925
1764;1873;-109;10:54:57.521925
1763;1873;-110;10:54:57.521925
1762;1875;-113;10:54:57.521925
1763;1873;-110;10:54:57.521925
1764;1873;-109;10:54:57.521925
1764;1874;-110;10:54:57.521925
1761;1874;-113;10:54:57.521925
1761;1876;-115;10:54:57.521925
1762;1877;-115;10:54:57.521925
1762;1880;-118;10:54:57.521925
1762;1879;-117;10:54:57.521925
1763;1879;-116;10:54:57.521925
1762;1879;-117;10:54:57.521925
1764;1878;-114;10:54:57.521925
1764;1876;-112;10:54:57.521925
1761;1875;-114;10:54:57.521925
1760;1875;-115;10:54:57.521925
1762;1874;-112;10:54:57.521925
1761;1874;-113;10:54:57.521925
1759;1872;-113;10:54:57.521925
1757;1872;-115;10:54:57.521925
1759;1875;-116;10:54:57.521925
1761;1873;-112;10:54:57.521925
1761;1874;-113;10:54:57.521925
1761;1873;-112;10:54:57.521925
1760;1876;-116;10:54:57.521925
1760;1875;-115;10:54:57.521925
1757;1876;-119;10:54:57.521925
1757;1877;-120;10:54:57.521925
1759;1878;-119;10:54:57.521925
1761;1878;-117;10:54:57.521925
1762;1878;-116;10:54:57.521925
1762;1877;-115;10:54:57.521925
1760;1878;-118;10:54:57.521925
1763;1878;-115;10:54:57.521925
1763;1876;-113;10:54:57.521925
1760;1874;-114;10:54:57.521925
1759;1874;-115;10:54:57.521925
1756;1875;-119;10:54:57.521925
1754;1874;-120;10:54:57.521925
1756;1873;-117;10:54:57.521925
1758;1872;-114;10:54:57.521925
1756;1872;-116;10:54:57.521925
1758;1870;-112;10:54:57.521925
1759;1869;-110;10:54:57.521925
1757;1869;-112;10:54:57.521925
1756;1870;-114;10:54:57.521925
1757;1874;-117;10:54:57.521925
1757;1875;-118;10:54:57.521925
1756;1874;-118;10:54:57.521925
1757;1873;-116;10:54:57.521925
1757;1877;-120;10:54:57.521925
1755;1875;-120;10:54:57.521925
1758;1873;-115;10:54:57.521925
1759;1876;-117;10:54:57.521925
1759;1876;-117;10:54:57.521925
1759;1874;-115;10:54:57.521925
1760;1875;-115;10:54:57.521925
1760;1878;-118;10:54:57.521925
1758;1877;-119;10:54:57.521925
1761;1877;-116;10:54:57.521925
1760;1877;-117;10:54:57.521925
1761;1877;-116;10:54:57.521925
1762;1877;-115;10:54:57.521925
1761;1876;-115;10:54:57.521925
1760;1878;-118;10:54:57.521925
1758;1877;-119;10:54:57.521925
1759;1876;-117;10:54:57.521925
1757;1877;-120;10:54:57.521925
1758;1878;-120;10:54:57.521925
1759;1878;-119;10:54:57.521925
1758;1878;-120;10:54:57.521925
1759;1875;-116;10:54:57.521925
1758;1873;-115;10:54:57.521925
1756;1870;-114;10:54:57.521925
1756;1869;-113;10:54:57.521925
1755;1868;-113;10:54:57.521925
1753;1869;-116;10:54:57.521925
1750;1869;-119;10:54:57.521925
1751;1869;-118;10:54:57.521925
1753;1867;-114;10:54:57.521925
1749;1866;-117;10:54:57.521925
1749;1865;-116;10:54:57.521925
1749;1867;-118;10:54:57.521925
1749;1869;-120;10:54:57.521925
1751;1869;-118;10:54:57.521925
1751;1870;-119;10:54:57.521925
1752;1868;-116;10:54:57.521925
1755;1868;-113;10:54:57.521925
1756;1869;-113;10:54:57.521925
1755;1871;-116;10:54:57.521925
1754;1871;-117;10:54:57.521925
1755;1873;-118;10:54:57.521925
1756;1875;-119;10:54:57.521925
1757;1874;-117;10:54:57.521925
1757;1871;-114;10:54:57.521925
1759;1869;-110;10:54:57.521925
1757;1868;-111;10:54:57.521925
1756;1870;-114;10:54:57.521925
1757;1869;-112;10:54:57.521925
1756;1868;-112;10:54:57.521925
1757;1868;-111;10:54:57.521925
1757;1868;-111;10:54:57.521925
1757;1869;-112;10:54:57.521925
1758;1870;-112;10:54:57.521925
1760;1870;-110;10:54:57.521925
1762;1870;-108;10:54:57.521925
1761;1870;-109;10:54:57.521925
1763;1871;-108;10:54:57.521925
1766;1872;-106;10:54:57.521925
1766;1871;-105;10:54:57.521925
1764;1869;-105;10:54:57.521925
1765;1868;-103;10:54:57.521925
1764;1870;-106;10:54:57.521925
1762;1867;-105;10:54:57.521925
1760;1867;-107;10:54:57.521925
1756;1867;-111;10:54:57.521925
1757;1865;-108;10:54:57.521925
1758;1866;-108;10:54:57.521925
1758;1867;-109;10:54:57.521925
1762;1867;-105;10:54:57.521925
1759;1868;-109;10:54:57.521925
1759;1868;-109;10:54:57.521925
1760;1870;-110;10:54:57.521925
1762;1871;-109;10:54:57.521925
1764;1871;-107;10:54:57.521925
1763;1872;-109;10:54:57.521925
1762;1871;-109;10:54:57.521925
1763;1873;-110;10:54:57.521925
1762;1874;-112;10:54:57.521925
1762;1873;-111;10:54:57.521925
1762;1871;-109;10:54:57.521925
1764;1872;-108;10:54:57.521925
1763;1874;-111;10:54:57.521925
1758;1873;-115;10:54:57.521925
1759;1871;-112;10:54:57.521925
1761;1870;-109;10:54:57.521925
1759;1870;-111;10:54:57.521925
1763;1871;-108;10:54:57.521925
1763;1870;-107;10:54:57.521925
1762;1872;-110;10:54:57.521925
1760;1871;-111;10:54:57.521925
1763;1873;-110;10:54:57.521925
1763;1875;-112;10:54:57.521925
1764;1874;-110;10:54:57.521925
1767;1872;-105;10:54:57.521925
1765;1873;-108;10:54:57.521925
1761;1873;-112;10:54:57.521925
1761;1872;-111;10:54:57.521925
1762;1872;-110;10:54:57.521925
1761;1870;-109;10:54:57.521925
1759;1868;-109;10:54:57.521925
1758;1868;-110;10:54:57.521925
1756;1869;-113;10:54:57.521925
1757;1870;-113;10:54:57.521925
1757;1867;-110;10:54:57.521925
1758;1868;-110;10:54:57.521925
1759;1869;-110;10:54:57.521925
1762;1868;-106;10:54:57.521925
1761;1869;-108;10:54:57.521925
1760;1870;-110;10:54:57.521925
1761;1870;-109;10:54:57.521925
1763;1871;-108;10:54:57.521925
1761;1870;-109;10:54:57.521925
1760;1868;-108;10:54:57.521925
1758;1871;-113;10:54:57.521925
1758;1871;-113;10:54:57.521925
1760;1872;-112;10:54:57.521925
1762;1871;-109;10:54:57.524873
1762;1873;-111;10:54:57.524873
1763;1875;-112;10:54:57.524873
1762;1874;-112;10:54:57.524873
1761;1872;-111;10:54:57.524873
1762;1872;-110;10:54:57.524873
1762;1871;-109;10:54:57.524873
1761;1871;-110;10:54:57.524873
1760;1871;-111;10:54:57.524873
1764;1872;-108;10:54:57.524873
1762;1871;-109;10:54:57.524873
1761;1871;-110;10:54:57.524873
1764;1872;-108;10:54:57.524873
1766;1872;-106;10:54:57.524873
1764;1871;-107;10:54:57.524873
1762;1869;-107;10:54:57.524873
1761;1872;-111;10:54:57.524873
1758;1870;-112;10:54:57.524873
1758;1866;-108;10:54:57.524873
1759;1865;-106;10:54:57.524873
1759;1865;-106;10:54:57.524873
1757;1865;-108;10:54:57.524873
1756;1864;-108;10:54:57.524873
1752;1862;-110;10:54:57.524873
1751;1861;-110;10:54:57.524873
1754;1860;-106;10:54:57.524873
1751;1861;-110;10:54:57.524873
1748;1862;-114;10:54:57.524873
1749;1862;-113;10:54:57.524873
1752;1864;-112;10:54:57.524873
1752;1863;-111;10:54:57.524873
1753;1864;-111;10:54:57.524873
1756;1867;-111;10:54:57.524873
1755;1868;-113;10:54:57.524873
1755;1868;-113;10:54:57.524873
1757;1866;-109;10:54:57.524873
1757;1867;-110;10:54:57.524873
1756;1868;-112;10:54:57.524873
1754;1865;-111;10:54:57.524873
1754;1865;-111;10:54:57.524873
1753;1865;-112;10:54:57.524873
1754;1865;-111;10:54:57.524873
1755;1863;-108;10:54:57.524873
1756;1863;-107;10:54:57.524873
1756;1864;-108;10:54:57.524873
1756;1865;-109;10:54:57.524873
1754;1866;-112;10:54:57.524873
1755;1865;-110;10:54:57.524873
1756;1863;-107;10:54:57.524873
1756;1866;-110;10:54:57.524873
1757;1865;-108;10:54:57.524873
1756;1864;-108;10:54:57.524873
1758;1865;-107;10:54:57.524873
1754;1862;-108;10:54:57.524873
1752;1862;-110;10:54:57.524873
1753;1863;-110;10:54:57.524873
1754;1864;-110;10:54:57.524873
1753;1862;-109;10:54:57.524873
1749;1860;-111;10:54:57.524873
1750;1859;-109;10:54:57.524873
1748;1860;-112;10:54:57.524873
1748;1859;-111;10:54:57.524873
1751;1859;-108;10:54:57.524873
1752;1861;-109;10:54:57.524873
1751;1861;-110;10:54:57.524873
1752;1861;-109;10:54:57.524873
1752;1859;-107;10:54:57.524873
1752;1863;-111;10:54:57.524873
1751;1863;-112;10:54:57.524873
1752;1863;-111;10:54:57.524873
1750;1863;-113;10:54:57.524873
1752;1863;-111;10:54:57.524873
1755;1864;-109;10:54:57.524873
1752;1862;-110;10:54:57.524873
1751;1861;-110;10:54:57.524873
1753;1863;-110;10:54:57.524873
1752;1861;-109;10:54:57.524873
1752;1862;-110;10:54:57.524873
1753;1861;-108;10:54:57.524873
1750;1861;-111;10:54:57.524873
1752;1863;-111;10:54:57.524873
1752;1865;-113;10:54:57.524873
1753;1863;-110;10:54:57.524873
1753;1861;-108;10:54:57.524873
1751;1861;-110;10:54:57.524873
1751;1862;-111;10:54:57.524873
1751;1863;-112;10:54:57.524873
1750;1862;-112;10:54:57.524873
1751;1862;-111;10:54:57.524873
1753;1861;-108;10:54:57.524873
1756;1861;-105;10:54:57.524873
1756;1862;-106;10:54:57.524873
1754;1862;-108;10:54:57.524873
1752;1862;-110;10:54:57.524873
1753;1864;-111;10:54:57.524873
1752;1864;-112;10:54:57.524873
1753;1862;-109;10:54:57.524873
1753;1862;-109;10:54:57.524873
1751;1861;-110;10:54:57.524873
1751;1861;-110;10:54:57.524873
1750;1862;-112;10:54:57.524873
1753;1862;-109;10:54:57.524873
1754;1864;-110;10:54:57.524873
1756;1864;-108;10:54:57.524873
1758;1865;-107;10:54:57.524873
1757;1865;-108;10:54:57.524873
1756;1865;-109;10:54:57.524873
1757;1867;-110;10:54:57.524873
1757;1865;-108;10:54:57.524873
1757;1866;-109;10:54:57.524873
1759;1865;-106;10:54:57.524873
1760;1868;-108;10:54:57.524873
1760;1868;-108;10:54:57.524873
1758;1868;-110;10:54:57.524873
1758;1868;-110;10:54:57.524873
1759;1867;-108;10:54:57.524873
1759;1867;-108;10:54:57.524873
1758;1868;-110;10:54:57.524873
1757;1867;-110;10:54:57.524873
1756;1868;-112;10:54:57.524873
1757;1869;-112;10:54:57.524873
1757;1869;-112;10:54:57.524873
1757;1869;-112;10:54:57.524873
1756;1870;-114;10:54:57.524873
1759;1872;-113;10:54:57.524873
1763;1872;-109;10:54:57.524873
1761;1873;-112;10:54:57.524873
1764;1875;-111;10:54:57.524873
1765;1872;-107;10:54:57.524873
1761;1872;-111;10:54:57.524873
1760;1871;-111;10:54:57.524873
1759;1872;-113;10:54:57.524873
1759;1871;-112;10:54:57.524873
1759;1871;-112;10:54:57.524873
1758;1871;-113;10:54:57.524873
1760;1870;-110;10:54:57.524873
1759;1870;-111;10:54:57.524873
1757;1871;-114;10:54:57.524873
1761;1872;-111;10:54:57.524873
1761;1873;-112;10:54:57.524873
1762;1873;-111;10:54:57.524873
1760;1873;-113;10:54:57.524873
1761;1872;-111;10:54:57.524873
1762;1871;-109;10:54:57.524873
1762;1872;-110;10:54:57.524873
1763;1872;-109;10:54:57.524873
1761;1874;-113;10:54:57.524873
1761;1875;-114;10:54:57.524873
1762;1875;-113;10:54:57.524873
1760;1876;-116;10:54:57.524873
1762;1876;-114;10:54:57.524873
1763;1876;-113;10:54:57.524873
1762;1877;-115;10:54:57.524873
1763;1874;-111;10:54:57.524873
1764;1875;-111;10:54:57.524873
1764;1873;-109;10:54:57.524873
1762;1875;-113;10:54:57.524873
1765;1875;-110;10:54:57.524873
1764;1874;-110;10:54:57.524873
1760;1875;-115;10:54:57.524873
1761;1873;-112;10:54:57.524873
1760;1874;-114;10:54:57.524873
1759;1872;-113;10:54:57.524873
1758;1871;-113;10:54:57.524873
1758;1870;-112;10:54:57.524873
1760;1872;-112;10:54:57.524873
1760;1870;-110;10:54:57.524873
1758;1869;-111;10:54:57.524873
1754;1868;-114;10:54:57.524873
1754;1868;-114;10:54:57.524873
1756;1869;-113;10:54:57.524873
1757;1868;-111;10:54:57.524873
1756;1868;-112;10:54:57.524873
1756;1870;-114;10:54:57.524873
1757;1871;-114;10:54:57.524873
1758;1869;-111;10:54:57.524873
1759;1870;-111;10:54:57.524873
1758;1872;-114;10:54:57.524873
1758;1871;-113;10:54:57.524873
1757;1869;-112;10:54:57.524873
1759;1867;-108;10:54:57.524873
1759;1870;-111;10:54:57.524873
1755;1871;-116;10:54:57.524873
1754;1871;-117;10:54:57.524873
1757;1871;-114;10:54:57.524873
1761;1872;-111;10:54:57.524873
1761;1872;-111;10:54:57.524873
1759;1872;-113;10:54:57.524873
1759;1871;-112;10:54:57.524873
1759;1870;-111;10:54:57.524873
1762;1870;-108;10:54:57.524873
1761;1869;-108;10:54:57.524873
1760;1870;-110;10:54:57.524873
1760;1872;-112;10:54:57.524873
1762;1873;-111;10:54:57.524873
1761;1870;-109;10:54:57.524873
1760;1869;-109;10:54:57.524873
1762;1870;-108;10:54:57.524873
1763;1872;-109;10:54:57.524873
1761;1871;-110;10:54:57.524873
1759;1870;-111;10:54:57.524873
1756;1867;-111;10:54:57.524873
1757;1869;-112;10:54:57.524873
1760;1869;-109;10:54:57.524873
1760;1868;-108;10:54:57.524873
1757;1867;-110;10:54:57.524873
1757;1870;-113;10:54:57.524873
1756;1871;-115;10:54:57.524873
1755;1867;-112;10:54:57.524873
1755;1866;-111;10:54:57.524873
1756;1865;-109;10:54:57.524873
1756;1866;-110;10:54:57.524873
1755;1864;-109;10:54:57.524873
1754;1865;-111;10:54:57.524873
1752;1867;-115;10:54:57.524873
1753;1866;-113;10:54:57.524873
1754;1865;-111;10:54:57.524873
1755;1864;-109;10:54:57.524873
1754;1863;-109;10:54:57.524873
1755;1863;-108;10:54:57.524873
1754;1865;-111;10:54:57.524873
1753;1864;-111;10:54:57.524873
1753;1867;-114;10:54:57.524873
1753;1868;-115;10:54:57.524873
1756;1868;-112;10:54:57.524873
1755;1867;-112;10:54:57.524873
1756;1866;-110;10:54:57.524873
1757;1868;-111;10:54:57.524873
1756;1866;-110;10:54:57.524873
1753;1865;-112;10:54:57.524873
1754;1865;-111;10:54:57.524873
1755;1867;-112;10:54:57.524873
1759;1868;-109;10:54:57.524873
1759;1871;-112;10:54:57.524873
1760;1869;-109;10:54:57.524873
1762;1871;-109;10:54:57.524873
1762;1869;-107;10:54:57.524873
1760;1867;-107;10:54:57.524873
1757;1866;-109;10:54:57.524873
1756;1867;-111;10:54:57.524873
1755;1869;-114;10:54:57.524873
1753;1868;-115;10:54:57.524873
1753;1866;-113;10:54:57.524873
1753;1864;-111;10:54:57.524873
1753;1863;-110;10:54:57.524873
1753;1862;-109;10:54:57.524873
1754;1862;-108;10:54:57.524873
1755;1862;-107;10:54:57.524873
1753;1863;-110;10:54:57.524873
1753;1861;-108;10:54:57.524873
1753;1861;-108;10:54:57.524873
1750;1862;-112;10:54:57.524873
1751;1864;-113;10:54:57.524873
1751;1863;-112;10:54:57.524873
1751;1861;-110;10:54:57.524873
1751;1862;-111;10:54:57.524873
1750;1863;-113;10:54:57.524873
1753;1861;-108;10:54:57.524873
1752;1862;-110;10:54:57.524873
1752;1863;-111;10:54:57.524873
1752;1863;-111;10:54:57.524873
1751;1865;-114;10:54:57.524873
1752;1865;-113;10:54:57.524873
1753;1864;-111;10:54:57.524873
1756;1865;-109;10:54:57.524873
1758;1868;-110;10:54:57.524873
1754;1864;-110;10:54:57.524873
1754;1863;-109;10:54:57.524873
1754;1865;-111;10:54:57.524873
1754;1866;-112;10:54:57.524873
1753;1864;-111;10:54:57.524873
1752;1864;-112;10:54:57.524873
1752;1865;-113;10:54:57.524873
1753;1865;-112;10:54:57.524873
1756;1864;-108;10:54:57.524873
1755;1865;-110;10:54:57.524873
1755;1861;-106;10:54:57.524873
1756;1861;-105;10:54:57.524873
1754;1863;-109;10:54:57.524873
1753;1863;-110;10:54:57.524873
1754;1863;-109;10:54:57.524873
1755;1864;-109;10:54:57.524873
1753;1863;-110;10:54:57.524873
1751;1862;-111;10:54:57.524873
1754;1864;-110;10:54:57.524873
1755;1865;-110;10:54:57.524873
1756;1864;-108;10:54:57.524873
1755;1866;-111;10:54:57.524873
1754;1867;-113;10:54:57.524873
1754;1868;-114;10:54:57.524873
1754;1868;-114;10:54:57.524873
1756;1868;-112;10:54:57.524873
1757;1868;-111;10:54:57.524873
1756;1869;-113;10:54:57.524873
1759;1867;-108;10:54:57.524873
1755;1868;-113;10:54:57.524873
1755;1866;-111;10:54:57.524873
1757;1867;-110;10:54:57.524873
1757;1868;-111;10:54:57.524873
1756;1865;-109;10:54:57.524873
1754;1867;-113;10:54:57.524873
1755;1867;-112;10:54:57.524873
1755;1867;-112;10:54:57.524873
1755;1867;-112;10:54:57.524873
1755;1866;-111;10:54:57.524873
1755;1865;-110;10:54:57.524873
1756;1865;-109;10:54:57.524873
1757;1866;-109;10:54:57.524873
1756;1866;-110;10:54:57.524873
1756;1867;-111;10:54:57.524873
1757;1866;-109;10:54:57.524873
1757;1866;-109;10:54:57.524873
1757;1866;-109;10:54:57.524873
1754;1864;-110;10:54:57.524873
1753;1865;-112;10:54:57.524873
1752;1866;-114;10:54:57.524873
1752;1863;-111;10:54:57.524873
1753;1862;-109;10:54:57.524873
1750;1863;-113;10:54:57.524873
1749;1861;-112;10:54:57.524873
1747;1861;-114;10:54:57.524873
1749;1859;-110;10:54:57.524873
1750;1860;-110;10:54:57.524873
1749;1864;-115;10:54:57.524873
1749;1864;-115;10:54:57.524873
1750;1864;-114;10:54:57.524873
1752;1863;-111;10:54:57.524873
1756;1864;-108;10:54:57.524873
1757;1866;-109;10:54:57.524873
1756;1866;-110;10:54:57.524873
1755;1866;-111;10:54:57.524873
1754;1865;-111;10:54:57.524873
1755;1866;-111;10:54:57.524873
1755;1866;-111;10:54:57.524873
1755;1868;-113;10:54:57.524873
1756;1869;-113;10:54:57.524873
1756;1866;-110;10:54:57.524873
1757;1868;-111;10:54:57.524873
1760;1868;-108;10:54:57.524873
1761;1867;-106;10:54:57.524873
1763;1867;-104;10:54:57.524873
1762;1867;-105;10:54:57.524873
1760;1869;-109;10:54:57.524873
1760;1867;-107;10:54:57.524873
1758;1868;-110;10:54:57.524873
1756;1868;-112;10:54:57.524873
1756;1867;-111;10:54:57.524873
1755;1866;-111;10:54:57.524873
1754;1864;-110;10:54:57.524873
1753;1862;-109;10:54:57.524873
1753;1863;-110;10:54:57.524873
1751;1862;-111;10:54:57.524873
1749;1859;-110;10:54:57.524873
1748;1860;-112;10:54:57.524873
1747;1861;-114;10:54:57.524873
1749;1862;-113;10:54:57.524873
1752;1861;-109;10:54:57.524873
1750;1861;-111;10:54:57.524873
1750;1861;-111;10:54:57.524873
1751;1862;-111;10:54:57.524873
1753;1865;-112;10:54:57.524873
1753;1862;-109;10:54:57.524873
1754;1864;-110;10:54:57.524873
1754;1866;-112;10:54:57.524873
1753;1863;-110;10:54:57.524873
1752;1864;-112;10:54:57.524873
1754;1860;-106;10:54:57.524873
1752;1863;-111;10:54:57.524873
1752;1864;-112;10:54:57.524873
1753;1865;-112;10:54:57.524873
1754;1865;-111;10:54:57.524873
1754;1865;-111;10:54:57.524873
1753;1868;-115;10:54:57.524873
1755;1866;-111;10:54:57.524873
1755;1869;-114;10:54:57.524873
1754;1865;-111;10:54:57.524873
1754;1866;-112;10:54:57.524873
1755;1864;-109;10:54:57.524873
1756;1864;-108;10:54:57.524873
1758;1864;-106;10:54:57.524873
1755;1862;-107;10:54:57.524873
1755;1864;-109;10:54:57.524873
1757;1866;-109;10:54:57.524873
1757;1864;-107;10:54:57.524873
1755;1864;-109;10:54:57.524873
1755;1868;-113;10:54:57.524873
1756;1867;-111;10:54:57.524873
1757;1868;-111;10:54:57.524873
1755;1867;-112;10:54:57.524873
1755;1865;-110;10:54:57.524873
1755;1864;-109;10:54:57.524873
1755;1864;-109;10:54:57.524873
1754;1862;-108;10:54:57.524873
1755;1861;-106;10:54:57.524873
1754;1863;-109;10:54:57.524873
1751;1862;-111;10:54:57.524873
1753;1862;-109;10:54:57.524873
1753;1864;-111;10:54:57.524873
1756;1866;-110;10:54:57.524873
1755;1866;-111;10:54:57.524873
1755;1866;-111;10:54:57.524873
1753;1867;-114;10:54:57.524873
1754;1867;-113;10:54:57.524873
1755;1866;-111;10:54:57.524873
1754;1866;-112;10:54:57.524873
1752;1866;-114;10:54:57.524873
1754;1865;-111;10:54:57.524873
1753;1866;-113;10:54:57.524873
1753;1865;-112;10:54:57.524873
1752;1865;-113;10:54:57.524873
1753;1864;-111;10:54:57.524873
1754;1862;-108;10:54:57.524873
1753;1864;-111;10:54:57.524873
1754;1862;-108;10:54:57.524873
1754;1861;-107;10:54:57.524873
1754;1864;-110;10:54:57.524873
1756;1867;-111;10:54:57.524873
1755;1869;-114;10:54:57.524873
1754;1870;-116;10:54:57.524873
1756;1868;-112;10:54:57.524873
1759;1869;-110;10:54:57.524873
1760;1868;-108;10:54:57.524873
1757;1867;-110;10:54:57.524873
1755;1867;-112;10:54:57.524873
1754;1864;-110;10:54:57.524873
1753;1863;-110;10:54:57.524873
1752;1862;-110;10:54:57.524873
1751;1862;-111;10:54:57.524873
1752;1863;-111;10:54:57.524873
1749;1864;-115;10:54:57.524873
1748;1863;-115;10:54:57.524873
1751;1862;-111;10:54:57.524873
1752;1865;-113;10:54:57.524873
1757;1866;-109;10:54:57.524873
1757;1869;-112;10:54:57.524873
1757;1872;-115;10:54:57.524873
1758;1873;-115;10:54:57.524873
1759;1870;-111;10:54:57.524873
1759;1870;-111;10:54:57.524873
1761;1873;-112;10:54:57.524873
1759;1872;-113;10:54:57.524873
1759;1871;-112;10:54:57.524873
1755;1869;-114;10:54:57.524873
1756;1867;-111;10:54:57.524873
1756;1869;-113;10:54:57.524873
1757;1871;-114;10:54:57.524873
1758;1872;-114;10:54:57.524873
1759;1870;-111;10:54:57.524873
1761;1870;-109;10:54:57.524873
1759;1869;-110;10:54:57.524873
1758;1869;-111;10:54:57.524873
1759;1868;-109;10:54:57.524873
1758;1870;-112;10:54:57.524873
1758;1870;-112;10:54:57.524873
1759;1870;-111;10:54:57.524873
1757;1868;-111;10:54:57.524873
1756;1869;-113;10:54:57.524873
1757;1869;-112;10:54:57.524873
1757;1868;-111;10:54:57.524873
1757;1865;-108;10:54:57.524873
1756;1866;-110;10:54:57.524873
1756;1866;-110;10:54:57.524873
1756;1867;-111;10:54:57.524873
1755;1867;-112;10:54:57.524873
1755;1868;-113;10:54:57.524873
1753;1868;-115;10:54:57.524873
1754;1870;-116;10:54:57.524873
1755;1869;-114;10:54:57.524873
1756;1867;-111;10:54:57.524873
1757;1868;-111;10:54:57.524873
1755;1867;-112;10:54:57.524873
1754;1867;-113;10:54:57.524873
1755;1867;-112;10:54:57.524873
1755;1868;-113;10:54:57.524873
1755;1870;-115;10:54:57.524873
1757;1870;-113;10:54:57.524873
1755;1871;-116;10:54:57.524873
1756;1870;-114;10:54:57.524873
1757;1870;-113;10:54:57.524873
1758;1870;-112;10:54:57.524873
1756;1867;-111;10:54:57.524873
1758;1868;-110;10:54:57.524873
1757;1869;-112;10:54:57.524873
1757;1869;-112;10:54:57.524873
1757;1869;-112;10:54:57.524873
1756;1869;-113;10:54:57.524873
1757;1868;-111;10:54:57.524873
1759;1868;-109;10:54:57.524873
1761;1868;-107;10:54:57.524873
1759;1868;-109;10:54:57.524873
1757;1869;-112;10:54:57.524873
1758;1868;-110;10:54:57.524873
1760;1869;-109;10:54:57.524873
1759;1871;-112;10:54:57.524873
1759;1872;-113;10:54:57.524873
1759;1873;-114;10:54:57.524873
1761;1869;-108;10:54:57.524873
1758;1865;-107;10:54:57.524873
1756;1868;-112;10:54:57.524873
1756;1867;-111;10:54:57.524873
1757;1865;-108;10:54:57.524873
1755;1863;-108;10:54:57.524873
1751;1864;-113;10:54:57.524873
1752;1864;-112;10:54:57.524873
1752;1862;-110;10:54:57.524873
1750;1861;-111;10:54:57.524873
1751;1860;-109;10:54:57.524873
1754;1862;-108;10:54:57.524873
1756;1865;-109;10:54:57.524873
1753;1864;-111;10:54:57.524873
1756;1865;-109;10:54:57.525877
1756;1868;-112;10:54:57.525877
1753;1864;-111;10:54:57.525877
1752;1864;-112;10:54:57.525877
1753;1863;-110;10:54:57.525877
1753;1864;-111;10:54:57.525877
1753;1863;-110;10:54:57.525877
1753;1865;-112;10:54:57.525877
1753;1866;-113;10:54:57.525877
1754;1866;-112;10:54:57.525877
1758;1866;-108;10:54:57.525877
1759;1866;-107;10:54:57.525877
1759;1868;-109;10:54:57.525877
1762;1867;-105;10:54:57.525877
1761;1867;-106;10:54:57.525877
1762;1867;-105;10:54:57.525877
1763;1871;-108;10:54:57.525877
1763;1870;-107;10:54:57.525877
1762;1870;-108;10:54:57.525877
1760;1870;-110;10:54:57.525877
1759;1871;-112;10:54:57.525877
1757;1870;-113;10:54:57.525877
1759;1867;-108;10:54:57.525877
1757;1868;-111;10:54:57.525877
1755;1866;-111;10:54:57.525877
1755;1866;-111;10:54:57.525877
1756;1865;-109;10:54:57.525877
1754;1862;-108;10:54:57.525877
1753;1864;-111;10:54:57.525877
1755;1865;-110;10:54:57.525877
1756;1863;-107;10:54:57.525877
1757;1861;-104;10:54:57.525877
1756;1863;-107;10:54:57.525877
1758;1866;-108;10:54:57.525877
1759;1866;-107;10:54:57.525877
1756;1865;-109;10:54:57.525877
1755;1867;-112;10:54:57.525877
1758;1869;-111;10:54:57.525877
1757;1871;-114;10:54:57.525877
1754;1869;-115;10:54:57.525877
1754;1867;-113;10:54:57.525877
1757;1868;-111;10:54:57.525877
1757;1869;-112;10:54:57.525877
1756;1871;-115;10:54:57.525877
1760;1872;-112;10:54:57.525877
1761;1871;-110;10:54:57.525877
1760;1873;-113;10:54:57.525877
1759;1870;-111;10:54:57.525877
1759;1869;-110;10:54:57.525877
1759;1868;-109;10:54:57.525877
1760;1868;-108;10:54:57.525877
1758;1869;-111;10:54:57.525877
1762;1867;-105;10:54:57.525877
1761;1867;-106;10:54:57.525877
1757;1870;-113;10:54:57.525877
1757;1869;-112;10:54:57.525877
1759;1870;-111;10:54:57.525877
1759;1869;-110;10:54:57.525877
1755;1869;-114;10:54:57.525877
1758;1869;-111;10:54:57.525877
1758;1870;-112;10:54:57.525877
1758;1866;-108;10:54:57.525877
1757;1867;-110;10:54:57.525877
1758;1867;-109;10:54:57.525877
1757;1868;-111;10:54:57.525877
1757;1866;-109;10:54:57.525877
1758;1867;-109;10:54:57.525877
1758;1870;-112;10:54:57.525877
1759;1872;-113;10:54:57.525877
1762;1872;-110;10:54:57.525877
1761;1873;-112;10:54:57.525877
1760;1872;-112;10:54:57.525877
1761;1871;-110;10:54:57.525877
1758;1871;-113;10:54:57.525877
1758;1871;-113;10:54:57.525877
1759;1869;-110;10:54:57.525877
1759;1868;-109;10:54:57.525877
1759;1869;-110;10:54:57.525877
1760;1871;-111;10:54:57.525877
1760;1872;-112;10:54:57.525877
1759;1872;-113;10:54:57.525877
1758;1872;-114;10:54:57.525877
1760;1871;-111;10:54:57.525877
1758;1871;-113;10:54:57.525877
1758;1870;-112;10:54:57.525877
1761;1871;-110;10:54:57.525877
1761;1872;-111;10:54:57.525877
1762;1872;-110;10:54:57.525877
1763;1873;-110;10:54:57.525877
1763;1873;-110;10:54:57.525877
1763;1872;-109;10:54:57.525877
1765;1873;-108;10:54:57.525877
1765;1873;-108;10:54:57.525877
1761;1873;-112;10:54:57.525877
1763;1872;-109;10:54:57.525877
1765;1873;-108;10:54:57.525877
1760;1872;-112;10:54:57.525877
1759;1871;-112;10:54:57.525877
1760;1871;-111;10:54:57.525877
1763;1872;-109;10:54:57.525877
1761;1871;-110;10:54:57.525877
1757;1870;-113;10:54:57.525877
1758;1873;-115;10:54:57.525877
1759;1873;-114;10:54:57.525877
1760;1870;-110;10:54:57.525877
1761;1870;-109;10:54:57.525877
1762;1869;-107;10:54:57.525877
1760;1868;-108;10:54:57.525877
1761;1869;-108;10:54:57.525877
1761;1868;-107;10:54:57.525877
1760;1870;-110;10:54:57.525877
1760;1870;-110;10:54:57.525877
1760;1872;-112;10:54:57.525877
1758;1871;-113;10:54:57.525877
1759;1868;-109;10:54:57.525877
1756;1867;-111;10:54:57.525877
1755;1870;-115;10:54:57.525877
1757;1871;-114;10:54:57.525877
1759;1873;-114;10:54:57.525877
1760;1874;-114;10:54:57.525877
1761;1875;-114;10:54:57.525877
1766;1876;-110;10:54:57.525877
1767;1878;-111;10:54:57.525877
1766;1876;-110;10:54:57.525877
1767;1876;-109;10:54:57.525877
1768;1877;-109;10:54:57.525877
1766;1876;-110;10:54:57.525877
1766;1876;-110;10:54:57.525877
1765;1875;-110;10:54:57.525877
1764;1875;-111;10:54:57.525877
1762;1874;-112;10:54:57.525877
1761;1873;-112;10:54:57.525877
1762;1871;-109;10:54:57.525877
1763;1871;-108;10:54:57.525877
1763;1871;-108;10:54:57.525877
1763;1872;-109;10:54:57.525877
1761;1872;-111;10:54:57.525877
1761;1869;-108;10:54:57.525877
1759;1872;-113;10:54:57.525877
1760;1871;-111;10:54:57.525877
1757;1872;-115;10:54:57.525877
1758;1869;-111;10:54:57.525877
1760;1869;-109;10:54:57.525877
1757;1868;-111;10:54:57.525877
1759;1870;-111;10:54:57.525877
1761;1872;-111;10:54:57.525877
1761;1872;-111;10:54:57.525877
1760;1870;-110;10:54:57.525877
1761;1871;-110;10:54:57.525877
1761;1872;-111;10:54:57.525877
1760;1870;-110;10:54:57.525877
1762;1870;-108;10:54:57.525877
1760;1871;-111;10:54:57.525877
1755;1870;-115;10:54:57.525877
1759;1870;-111;10:54:57.525877
1759;1871;-112;10:54:57.525877
1757;1871;-114;10:54:57.525877
1759;1872;-113;10:54:57.525877
1759;1874;-115;10:54:57.525877
1760;1871;-111;10:54:57.525877
1761;1872;-111;10:54:57.525877
1760;1872;-112;10:54:57.525877
1758;1872;-114;10:54:57.525877
1758;1871;-113;10:54:57.525877
1757;1869;-112;10:54:57.525877
1755;1871;-116;10:54:57.525877
1753;1869;-116;10:54:57.525877
1755;1869;-114;10:54:57.525877
1756;1870;-114;10:54:57.525877
1755;1870;-115;10:54:57.525877
1756;1871;-115;10:54:57.525877
1760;1871;-111;10:54:57.525877
1758;1870;-112;10:54:57.525877
1757;1867;-110;10:54:57.525877
1758;1869;-111;10:54:57.525877
1758;1870;-112;10:54:57.525877
1759;1869;-110;10:54:57.525877
1758;1868;-110;10:54:57.525877
1756;1869;-113;10:54:57.525877
1755;1871;-116;10:54:57.525877
1756;1872;-116;10:54:57.525877
1756;1872;-116;10:54:57.525877
1756;1872;-116;10:54:57.525877
1755;1870;-115;10:54:57.525877
1756;1870;-114;10:54:57.525877
1754;1870;-116;10:54:57.525877
1756;1869;-113;10:54:57.525877
1757;1868;-111;10:54:57.525877
1755;1865;-110;10:54:57.525877
1752;1864;-112;10:54:57.525877
1750;1866;-116;10:54:57.525877
1752;1865;-113;10:54:57.525877
1752;1866;-114;10:54:57.525877
1753;1865;-112;10:54:57.525877
1754;1866;-112;10:54:57.525877
1753;1866;-113;10:54:57.525877
1753;1866;-113;10:54:57.525877
1754;1866;-112;10:54:57.525877
1754;1868;-114;10:54:57.525877
1758;1869;-111;10:54:57.525877
1759;1869;-110;10:54:57.525877
1758;1870;-112;10:54:57.525877
1758;1871;-113;10:54:57.525877
1757;1872;-115;10:54:57.525877
1758;1870;-112;10:54:57.525877
1756;1868;-112;10:54:57.525877
1753;1866;-113;10:54:57.525877
1755;1866;-111;10:54:57.525877
1754;1866;-112;10:54:57.525877
1752;1865;-113;10:54:57.525877
1752;1866;-114;10:54:57.525877
1751;1864;-113;10:54:57.525877
1753;1864;-111;10:54:57.525877
1754;1865;-111;10:54:57.525877
1753;1863;-110;10:54:57.525877
1750;1866;-116;10:54:57.525877
1754;1868;-114;10:54:57.525877
1756;1869;-113;10:54:57.525877
1756;1868;-112;10:54:57.525877
1757;1869;-112;10:54:57.525877
1758;1874;-116;10:54:57.525877
1762;1873;-111;10:54:57.525877
1762;1873;-111;10:54:57.525877
1760;1872;-112;10:54:57.525877
1760;1871;-111;10:54:57.525877
1760;1870;-110;10:54:57.525877
1758;1869;-111;10:54:57.525877
1757;1870;-113;10:54:57.525877
1756;1869;-113;10:54:57.525877
1758;1871;-113;10:54:57.525877
1760;1872;-112;10:54:57.525877
1762;1870;-108;10:54:57.525877
1765;1873;-108;10:54:57.525877
1767;1872;-105;10:54:57.525877
1765;1873;-108;10:54:57.525877
1762;1872;-110;10:54:57.525877
1759;1872;-113;10:54:57.525877
1762;1874;-112;10:54:57.525877
1761;1874;-113;10:54:57.525877
1765;1872;-107;10:54:57.525877
1763;1873;-110;10:54:57.525877
1764;1873;-109;10:54:57.525877
1761;1871;-110;10:54:57.525877
1761;1871;-110;10:54:57.525877
1761;1871;-110;10:54:57.525877
1762;1871;-109;10:54:57.525877
1762;1870;-108;10:54:57.525877
1763;1868;-105;10:54:57.525877
1760;1869;-109;10:54:57.525877
1760;1869;-109;10:54:57.525877
1760;1870;-110;10:54:57.525877
1757;1866;-109;10:54:57.525877
1757;1865;-108;10:54:57.525877
1756;1866;-110;10:54:57.525877
1754;1864;-110;10:54:57.525877
1758;1867;-109;10:54:57.525877
1758;1867;-109;10:54:57.525877
1757;1869;-112;10:54:57.525877
1756;1868;-112;10:54:57.525877
1756;1870;-114;10:54:57.525877
1757;1871;-114;10:54:57.525877
1757;1871;-114;10:54:57.525877
1758;1870;-112;10:54:57.525877
1759;1869;-110;10:54:57.525877
1758;1869;-111;10:54:57.525877
1757;1871;-114;10:54:57.525877
1756;1870;-114;10:54:57.525877
1756;1868;-112;10:54:57.525877
1757;1868;-111;10:54:57.525877
1757;1867;-110;10:54:57.525877
1756;1865;-109;10:54:57.525877
1758;1865;-107;10:54:57.525877
1758;1866;-108;10:54:57.525877
1757;1868;-111;10:54:57.525877
1758;1869;-111;10:54:57.525877
1758;1872;-114;10:54:57.525877
1759;1872;-113;10:54:57.525877
1760;1874;-114;10:54:57.525877
1760;1873;-113;10:54:57.525877
1763;1871;-108;10:54:57.525877
1765;1870;-105;10:54:57.525877
1764;1871;-107;10:54:57.525877
1762;1868;-106;10:54:57.525877
1760;1866;-106;10:54:57.525877
1759;1866;-107;10:54:57.525877
1759;1864;-105;10:54:57.525877
1758;1867;-109;10:54:57.525877
1759;1869;-110;10:54:57.525877
1757;1868;-111;10:54:57.525877
1754;1865;-111;10:54:57.525877
1754;1862;-108;10:54:57.525877
1758;1864;-106;10:54:57.525877
1757;1864;-107;10:54:57.525877
1757;1863;-106;10:54:57.525877
1757;1866;-109;10:54:57.525877
1758;1869;-111;10:54:57.525877
1758;1867;-109;10:54:57.525877
1757;1870;-113;10:54:57.525877
1759;1871;-112;10:54:57.525877
1761;1872;-111;10:54:57.525877
1763;1872;-109;10:54:57.525877
1764;1872;-108;10:54:57.525877
1764;1873;-109;10:54:57.525877
1763;1874;-111;10:54:57.525877
1763;1876;-113;10:54:57.525877
1764;1874;-110;10:54:57.525877
1762;1870;-108;10:54:57.525877
1759;1871;-112;10:54:57.525877
1759;1872;-113;10:54:57.525877
1761;1872;-111;10:54:57.525877
1761;1869;-108;10:54:57.525877
1762;1870;-108;10:54:57.525877
1761;1871;-110;10:54:57.525877
1760;1872;-112;10:54:57.525877
1759;1870;-111;10:54:57.525877
1758;1869;-111;10:54:57.525877
1756;1870;-114;10:54:57.525877
1756;1867;-111;10:54:57.525877
1756;1865;-109;10:54:57.525877
1756;1866;-110;10:54:57.525877
1755;1866;-111;10:54:57.525877
1753;1864;-111;10:54:57.525877
1753;1864;-111;10:54:57.525877
1752;1863;-111;10:54:57.525877
1753;1862;-109;10:54:57.525877
1755;1862;-107;10:54:57.525877
1753;1860;-107;10:54:57.525877
1752;1859;-107;10:54:57.525877
1752;1862;-110;10:54:57.525877
1751;1861;-110;10:54:57.525877
1754;1862;-108;10:54:57.525877
1755;1864;-109;10:54:57.525877
1757;1866;-109;10:54:57.525877
1758;1866;-108;10:54:57.525877
1757;1869;-112;10:54:57.525877
1755;1870;-115;10:54:57.525877
1758;1873;-115;10:54:57.525877
1759;1873;-114;10:54:57.525877
1761;1872;-111;10:54:57.525877
1763;1870;-107;10:54:57.525877
1764;1872;-108;10:54:57.525877
1765;1871;-106;10:54:57.525877
1763;1871;-108;10:54:57.525877
1760;1870;-110;10:54:57.525877
1760;1871;-111;10:54:57.525877
1758;1869;-111;10:54:57.525877
1757;1866;-109;10:54:57.525877
1758;1868;-110;10:54:57.525877
1758;1869;-111;10:54:57.525877
1757;1869;-112;10:54:57.525877
1757;1868;-111;10:54:57.525877
1756;1867;-111;10:54:57.525877
1758;1867;-109;10:54:57.525877
1759;1867;-108;10:54:57.525877
1760;1870;-110;10:54:57.525877
1761;1870;-109;10:54:57.525877
1763;1871;-108;10:54:57.525877
1764;1869;-105;10:54:57.525877
1761;1870;-109;10:54:57.525877
1759;1869;-110;10:54:57.525877
1759;1870;-111;10:54:57.525877
1756;1870;-114;10:54:57.525877
1757;1869;-112;10:54:57.525877
1756;1867;-111;10:54:57.525877
1754;1868;-114;10:54:57.525877
1755;1867;-112;10:54:57.525877
1755;1866;-111;10:54:57.525877
1756;1868;-112;10:54:57.525877
1758;1867;-109;10:54:57.525877
1757;1869;-112;10:54:57.525877
1760;1870;-110;10:54:57.525877
1763;1872;-109;10:54:57.525877
1763;1872;-109;10:54:57.525877
1766;1872;-106;10:54:57.525877
1767;1875;-108;10:54:57.525877
1768;1873;-105;10:54:57.525877
1767;1873;-106;10:54:57.525877
1767;1875;-108;10:54:57.525877
1766;1878;-112;10:54:57.525877
1766;1876;-110;10:54:57.525877
1767;1876;-109;10:54:57.525877
1766;1874;-108;10:54:57.525877
1767;1875;-108;10:54:57.525877
1767;1873;-106;10:54:57.525877
1768;1873;-105;10:54:57.525877
1769;1872;-103;10:54:57.525877
1769;1872;-103;10:54:57.525877
1768;1872;-104;10:54:57.525877
1767;1874;-107;10:54:57.525877
1766;1874;-108;10:54:57.525877
1767;1874;-107;10:54:57.525877
1765;1874;-109;10:54:57.525877
1764;1873;-109;10:54:57.525877
1764;1872;-108;10:54:57.525877
1763;1870;-107;10:54:57.525877
1761;1867;-106;10:54:57.525877
1760;1868;-108;10:54:57.525877
1758;1865;-107;10:54:57.525877
1756;1863;-107;10:54:57.525877
1753;1863;-110;10:54:57.525877
1754;1865;-111;10:54:57.525877
1754;1865;-111;10:54:57.525877
1754;1866;-112;10:54:57.525877
1754;1866;-112;10:54:57.525877
1751;1865;-114;10:54:57.525877
1751;1864;-113;10:54:57.525877
1751;1864;-113;10:54:57.525877
1752;1865;-113;10:54:57.525877
1751;1864;-113;10:54:57.525877
1750;1863;-113;10:54:57.525877
1747;1863;-116;10:54:57.525877
1746;1864;-118;10:54:57.525877
1750;1865;-115;10:54:57.525877
1752;1867;-115;10:54:57.525877
1756;1866;-110;10:54:57.525877
1757;1869;-112;10:54:57.525877
1760;1873;-113;10:54:57.525877
1759;1874;-115;10:54:57.525877
1759;1872;-113;10:54:57.525877
1762;1873;-111;10:54:57.525877
1762;1872;-110;10:54:57.525877
1760;1873;-113;10:54:57.525877
1758;1873;-115;10:54:57.525877
1760;1872;-112;10:54:57.525877
1757;1870;-113;10:54:57.525877
1756;1871;-115;10:54:57.525877
1757;1870;-113;10:54:57.525877
1754;1868;-114;10:54:57.525877
1755;1867;-112;10:54:57.525877
1754;1865;-111;10:54:57.525877
1750;1865;-115;10:54:57.525877
1751;1864;-113;10:54:57.525877
1750;1865;-115;10:54:57.525877
1753;1864;-111;10:54:57.525877
1752;1861;-109;10:54:57.525877
1753;1859;-106;10:54:57.525877
1751;1860;-109;10:54:57.525877
1748;1861;-113;10:54:57.525877
1748;1861;-113;10:54:57.525877
1751;1864;-113;10:54:57.525877
1752;1867;-115;10:54:57.525877
1753;1867;-114;10:54:57.525877
1755;1868;-113;10:54:57.525877
1758;1870;-112;10:54:57.525877
1759;1870;-111;10:54:57.525877
1760;1871;-111;10:54:57.525877
1761;1876;-115;10:54:57.525877
1764;1879;-115;10:54:57.525877
1768;1878;-110;10:54:57.525877
1771;1881;-110;10:54:57.525877
1771;1884;-113;10:54:57.525877
1773;1884;-111;10:54:57.525877
1773;1882;-109;10:54:57.525877
1772;1884;-112;10:54:57.525877
1769;1886;-117;10:54:57.525877
1772;1886;-114;10:54:57.525877
1771;1885;-114;10:54:57.525877
1772;1884;-112;10:54:57.525877
1773;1883;-110;10:54:57.525877
1773;1885;-112;10:54:57.525877
1771;1885;-114;10:54:57.525877
1774;1882;-108;10:54:57.525877
1778;1882;-104;10:54:57.525877
1777;1881;-104;10:54:57.525877
1776;1878;-102;10:54:57.525877
1776;1880;-104;10:54:57.525877
1775;1878;-103;10:54:57.525877
1770;1875;-105;10:54:57.525877
1767;1876;-109;10:54:57.525877
1766;1877;-111;10:54:57.525877
1766;1875;-109;10:54:57.525877
1764;1870;-106;10:54:57.525877
1764;1870;-106;10:54:57.525877
1761;1868;-107;10:54:57.525877
1759;1867;-108;10:54:57.525877
1758;1866;-108;10:54:57.525877
1758;1865;-107;10:54:57.525877
1757;1864;-107;10:54:57.525877
1757;1865;-108;10:54:57.525877
1757;1865;-108;10:54:57.525877
1754;1866;-112;10:54:57.525877
1752;1865;-113;10:54:57.525877
1750;1867;-117;10:54:57.525877
1751;1867;-116;10:54:57.525877
1753;1867;-114;10:54:57.525877
1753;1869;-116;10:54:57.525877
1752;1869;-117;10:54:57.525877
1752;1867;-115;10:54:57.525877
1753;1867;-114;10:54:57.525877
1754;1869;-115;10:54:57.525877
1753;1867;-114;10:54:57.525877
1754;1868;-114;10:54:57.525877
1752;1867;-115;10:54:57.525877
1752;1867;-115;10:54:57.525877
1754;1869;-115;10:54:57.525877
1756;1868;-112;10:54:57.525877
1760;1868;-108;10:54:57.525877
1758;1867;-109;10:54:57.525877
1761;1869;-108;10:54:57.525877
1759;1869;-110;10:54:57.525877
1755;1866;-111;10:54:57.525877
1754;1865;-111;10:54:57.525877
1756;1865;-109;10:54:57.525877
1755;1862;-107;10:54:57.525877
1755;1861;-106;10:54:57.525877
1755;1860;-105;10:54:57.525877
1754;1861;-107;10:54:57.525877
1756;1861;-105;10:54:57.525877
1755;1857;-102;10:54:57.525877
1751;1857;-106;10:54:57.525877
1745;1856;-111;10:54:57.525877
1746;1859;-113;10:54:57.525877
1744;1857;-113;10:54:57.525877
1743;1857;-114;10:54:57.525877
1746;1857;-111;10:54:57.525877
1747;1857;-110;10:54:57.525877
1748;1857;-109;10:54:57.525877
1748;1858;-110;10:54:57.525877
1749;1858;-109;10:54:57.525877
1747;1857;-110;10:54:57.525877
1745;1856;-111;10:54:57.525877
1745;1856;-111;10:54:57.525877
1747;1857;-110;10:54:57.525877
1749;1859;-110;10:54:57.525877
1751;1859;-108;10:54:57.525877
1750;1860;-110;10:54:57.525877
1751;1862;-111;10:54:57.525877
1755;1866;-111;10:54:57.525877
1756;1867;-111;10:54:57.525877
1757;1866;-109;10:54:57.525877
1757;1868;-111;10:54:57.525877
1758;1871;-113;10:54:57.525877
1755;1871;-116;10:54:57.525877
1757;1868;-111;10:54:57.525877
1761;1868;-107;10:54:57.525877
1762;1869;-107;10:54:57.525877
1761;1868;-107;10:54:57.525877
1763;1867;-104;10:54:57.525877
1760;1865;-105;10:54:57.525877
1761;1867;-106;10:54:57.525877
1763;1868;-105;10:54:57.525877
1760;1868;-108;10:54:57.525877
1757;1868;-111;10:54:57.525877
1758;1868;-110;10:54:57.525877
1757;1867;-110;10:54:57.525877
1754;1864;-110;10:54:57.525877
1754;1864;-110;10:54:57.525877
1754;1863;-109;10:54:57.525877
1750;1862;-112;10:54:57.525877
1749;1862;-113;10:54:57.525877
1749;1862;-113;10:54:57.525877
1748;1862;-114;10:54:57.525877
1749;1863;-114;10:54:57.525877
1751;1865;-114;10:54:57.525877
1751;1865;-114;10:54:57.525877
1750;1863;-113;10:54:57.525877
1752;1863;-111;10:54:57.525877
1751;1862;-111;10:54:57.525877
1753;1862;-109;10:54:57.525877
1753;1861;-108;10:54:57.525877
1752;1860;-108;10:54:57.525877
1752;1859;-107;10:54:57.525877
1749;1860;-111;10:54:57.525877
1749;1861;-112;10:54:57.525877
1749;1862;-113;10:54:57.525877
1749;1862;-113;10:54:57.525877
1751;1861;-110;10:54:57.525877
1753;1861;-108;10:54:57.525877
1754;1861;-107;10:54:57.525877
1756;1862;-106;10:54:57.525877
1757;1865;-108;10:54:57.525877
1757;1864;-107;10:54:57.525877
1759;1865;-106;10:54:57.525877
1760;1867;-107;10:54:57.525877
1761;1866;-105;10:54:57.525877
1761;1863;-102;10:54:57.525877
1760;1863;-103;10:54:57.525877
1758;1863;-105;10:54:57.525877
1758;1862;-104;10:54:57.525877
1756;1862;-106;10:54:57.525877
1754;1864;-110;10:54:57.525877
1754;1863;-109;10:54:57.525877
1753;1865;-112;10:54:57.525877
1755;1865;-110;10:54:57.525877
1755;1865;-110;10:54:57.525877
1756;1865;-109;10:54:57.525877
1759;1864;-105;10:54:57.525877
1758;1864;-106;10:54:57.525877
1758;1866;-108;10:54:57.525877
1759;1867;-108;10:54:57.525877
1758;1866;-108;10:54:57.525877
1755;1866;-111;10:54:57.525877
1755;1867;-112;10:54:57.525877
1753;1866;-113;10:54:57.525877
1753;1866;-113;10:54:57.525877
1753;1863;-110;10:54:57.525877
1754;1865;-111;10:54:57.525877
1754;1864;-110;10:54:57.525877
1752;1864;-112;10:54:57.525877
1751;1864;-113;10:54:57.525877
1753;1867;-114;10:54:57.525877
1757;1866;-109;10:54:57.525877
1758;1866;-108;10:54:57.525877
1757;1864;-107;10:54:57.525877
1757;1866;-109;10:54:57.525877
1758;1867;-109;10:54:57.525877
1758;1867;-109;10:54:57.525877
1758;1867;-109;10:54:57.525877
1760;1866;-106;10:54:57.525877
1762;1867;-105;10:54:57.525877
1762;1868;-106;10:54:57.525877
1760;1868;-108;10:54:57.525877
1761;1867;-106;10:54:57.525877
1759;1868;-109;10:54:57.525877
1758;1866;-108;10:54:57.525877
1758;1867;-109;10:54:57.525877
1759;1868;-109;10:54:57.525877
1760;1870;-110;10:54:57.525877
1763;1869;-106;10:54:57.525877
1761;1868;-107;10:54:57.525877
1761;1868;-107;10:54:57.525877
1761;1868;-107;10:54:57.525877
1757;1868;-111;10:54:57.525877
1756;1867;-111;10:54:57.525877
1756;1867;-111;10:54:57.525877
1758;1867;-109;10:54:57.525877
1759;1867;-108;10:54:57.525877
1757;1868;-111;10:54:57.525877
1757;1871;-114;10:54:57.525877
1759;1871;-112;10:54:57.525877
1762;1873;-111;10:54:57.525877
1764;1873;-109;10:54:57.525877
1763;1874;-111;10:54:57.525877
1765;1875;-110;10:54:57.525877
1764;1874;-110;10:54:57.525877
1763;1874;-111;10:54:57.525877
1766;1871;-105;10:54:57.525877
1763;1871;-108;10:54:57.525877
1765;1873;-108;10:54:57.525877
1765;1875;-110;10:54:57.525877
1763;1872;-109;10:54:57.525877
1763;1873;-110;10:54:57.525877
1762;1872;-110;10:54:57.525877
1762;1872;-110;10:54:57.525877
1764;1873;-109;10:54:57.525877
1764;1874;-110;10:54:57.525877
1765;1874;-109;10:54:57.525877
1764;1874;-110;10:54:57.525877
1766;1874;-108;10:54:57.525877
1768;1875;-107;10:54:57.525877
1764;1874;-110;10:54:57.525877
1764;1872;-108;10:54:57.525877
1763;1875;-112;10:54:57.525877
1762;1875;-113;10:54:57.525877
1763;1872;-109;10:54:57.525877
1763;1871;-108;10:54:57.525877
1759;1870;-111;10:54:57.525877
1758;1869;-111;10:54:57.525877
1757;1869;-112;10:54:57.525877
1755;1867;-112;10:54:57.525877
1756;1867;-111;10:54:57.525877
1759;1867;-108;10:54:57.525877
1760;1868;-108;10:54:57.525877
1757;1867;-110;10:54:57.525877
1756;1866;-110;10:54:57.525877
1756;1869;-113;10:54:57.525877
1757;1868;-111;10:54:57.525877
1757;1868;-111;10:54:57.525877
1757;1868;-111;10:54:57.525877
1757;1869;-112;10:54:57.525877
1758;1869;-111;10:54:57.525877
1759;1871;-112;10:54:57.525877
1764;1872;-108;10:54:57.525877
1764;1873;-109;10:54:57.525877
1764;1873;-109;10:54:57.525877
1766;1873;-107;10:54:57.525877
1767;1874;-107;10:54:57.525877
1767;1876;-109;10:54:57.525877
1769;1873;-104;10:54:57.525877
1768;1874;-106;10:54:57.525877
1767;1872;-105;10:54:57.525877
1768;1873;-105;10:54:57.525877
1769;1875;-106;10:54:57.525877
1767;1875;-108;10:54:57.525877
1768;1874;-106;10:54:57.525877
1768;1874;-106;10:54:57.525877
1765;1872;-107;10:54:57.525877
1762;1872;-110;10:54:57.525877
1763;1873;-110;10:54:57.525877
1762;1873;-111;10:54:57.525877
1761;1875;-114;10:54:57.525877
1764;1874;-110;10:54:57.525877
1761;1873;-112;10:54:57.525877
1759;1872;-113;10:54:57.525877
1759;1870;-111;10:54:57.525877
1756;1871;-115;10:54:57.525877
1755;1867;-112;10:54:57.525877
1753;1867;-114;10:54:57.525877
1754;1866;-112;10:54:57.525877
1753;1865;-112;10:54:57.525877
1751;1864;-113;10:54:57.525877
1753;1865;-112;10:54:57.525877
1753;1867;-114;10:54:57.525877
1754;1866;-112;10:54:57.525877
1755;1869;-114;10:54:57.525877
1752;1868;-116;10:54:57.525877
1753;1869;-116;10:54:57.525877
1754;1869;-115;10:54:57.525877
1751;1870;-119;10:54:57.525877
1751;1869;-118;10:54:57.525877
1750;1868;-118;10:54:57.525877
1750;1869;-119;10:54:57.525877
1754;1869;-115;10:54:57.525877
1755;1868;-113;10:54:57.525877
1758;1868;-110;10:54:57.525877
1757;1869;-112;10:54:57.525877
1756;1866;-110;10:54:57.525877
1758;1866;-108;10:54:57.525877
1758;1866;-108;10:54:57.525877
1756;1865;-109;10:54:57.525877
1755;1864;-109;10:54:57.525877
1755;1863;-108;10:54:57.525877
1754;1865;-111;10:54:57.525877
1753;1865;-112;10:54:57.525877
1755;1866;-111;10:54:57.525877
1754;1865;-111;10:54:57.525877
1755;1864;-109;10:54:57.525877
1757;1864;-107;10:54:57.525877
1755;1865;-110;10:54:57.525877
1755;1864;-109;10:54:57.525877
1756;1864;-108;10:54:57.525877
1756;1863;-107;10:54:57.525877
1752;1861;-109;10:54:57.525877
1751;1863;-112;10:54:57.525877
1753;1865;-112;10:54:57.525877
1751;1863;-112;10:54:57.525877
1751;1861;-110;10:54:57.525877
1750;1862;-112;10:54:57.525877
1750;1862;-112;10:54:57.525877
1751;1862;-111;10:54:57.525877
1751;1860;-109;10:54:57.525877
1752;1861;-109;10:54:57.525877
1750;1859;-109;10:54:57.525877
1750;1860;-110;10:54:57.525877
1749;1861;-112;10:54:57.525877
1748;1861;-113;10:54:57.525877
1753;1860;-107;10:54:57.525877
1753;1864;-111;10:54:57.525877
1754;1866;-112;10:54:57.525877
1755;1869;-114;10:54:57.525877
1753;1869;-116;10:54:57.525877
1757;1871;-114;10:54:57.525877
1759;1869;-110;10:54:57.525877
1760;1868;-108;10:54:57.525877
1760;1868;-108;10:54:57.525877
1759;1867;-108;10:54:57.525877
1760;1867;-107;10:54:57.525877
1761;1867;-106;10:54:57.525877
1760;1867;-107;10:54:57.525877
1761;1866;-105;10:54:57.525877
1759;1868;-109;10:54:57.525877
1756;1868;-112;10:54:57.525877
1758;1869;-111;10:54:57.525877
1756;1868;-112;10:54:57.525877
1757;1868;-111;10:54:57.525877
1754;1870;-116;10:54:57.685640
1754;1869;-115;10:54:57.685640
1754;1867;-113;10:54:57.685640
1757;1866;-109;10:54:57.685640
1758;1867;-109;10:54:57.685640
1755;1867;-112;10:54:57.685640
1755;1867;-112;10:54:57.685640
1758;1868;-110;10:54:57.685640
1759;1868;-109;10:54:57.685640
1760;1868;-108;10:54:57.685640
1760;1869;-109;10:54:57.685640
1761;1870;-109;10:54:57.685640
1760;1870;-110;10:54:57.685640
1759;1869;-110;10:54:57.685640
1760;1871;-111;10:54:57.685640
1759;1874;-115;10:54:57.685640
1762;1871;-109;10:54:57.685640
1763;1871;-108;10:54:57.685640
1765;1873;-108;10:54:57.685640
1765;1874;-109;10:54:57.685640
1767;1875;-108;10:54:57.685640
1769;1876;-107;10:54:57.685640
1766;1877;-111;10:54:57.685640
1767;1878;-111;10:54:57.685640
1768;1880;-112;10:54:57.685640
1770;1882;-112;10:54:57.685640
1768;1880;-112;10:54:57.685640
1770;1879;-109;10:54:57.685640
1768;1879;-111;10:54:57.685640
1771;1880;-109;10:54:57.685640
1770;1879;-109;10:54:57.685640
1770;1877;-107;10:54:57.685640
1769;1876;-107;10:54:57.685640
1770;1876;-106;10:54:57.685640
1768;1875;-107;10:54:57.685640
1767;1874;-107;10:54:57.685640
1766;1876;-110;10:54:57.685640
1769;1876;-107;10:54:57.685640
1767;1874;-107;10:54:57.685640
1767;1874;-107;10:54:57.685640
1768;1874;-106;10:54:57.685640
1768;1875;-107;10:54:57.685640
1765;1874;-109;10:54:57.685640
1764;1872;-108;10:54:57.685640
1763;1871;-108;10:54:57.685640
1759;1871;-112;10:54:57.685640
1759;1870;-111;10:54:57.685640
1759;1871;-112;10:54:57.685640
1758;1870;-112;10:54:57.685640
1759;1871;-112;10:54:57.685640
1758;1871;-113;10:54:57.685640
1760;1869;-109;10:54:57.685640
1763;1870;-107;10:54:57.685640
1761;1871;-110;10:54:57.685640
1760;1871;-111;10:54:57.685640
1758;1870;-112;10:54:57.685640
1759;1872;-113;10:54:57.685640
1761;1873;-112;10:54:57.685640
1759;1871;-112;10:54:57.685640
1758;1873;-115;10:54:57.685640
1761;1875;-114;10:54:57.685640
1760;1875;-115;10:54:57.685640
1761;1871;-110;10:54:57.685640
1760;1869;-109;10:54:57.685640
1759;1872;-113;10:54:57.685640
1757;1874;-117;10:54:57.685640
1760;1874;-114;10:54:57.685640
1761;1873;-112;10:54:57.685640
1761;1872;-111;10:54:57.685640
1763;1871;-108;10:54:57.685640
1763;1871;-108;10:54:57.685640
1759;1872;-113;10:54:57.685640
1759;1870;-111;10:54:57.685640
1758;1871;-113;10:54:57.685640
1759;1869;-110;10:54:57.685640
1756;1869;-113;10:54:57.685640
1755;1868;-113;10:54:57.685640
1752;1866;-114;10:54:57.685640
1752;1865;-113;10:54:57.685640
1752;1863;-111;10:54:57.685640
1751;1862;-111;10:54:57.685640
1753;1861;-108;10:54:57.685640
1752;1862;-110;10:54:57.685640
1751;1864;-113;10:54:57.685640
1749;1863;-114;10:54:57.685640
1748;1862;-114;10:54:57.685640
1751;1862;-111;10:54:57.685640
1749;1863;-114;10:54:57.685640
1748;1863;-115;10:54:57.685640
1747;1862;-115;10:54:57.685640
1749;1864;-115;10:54:57.685640
1749;1864;-115;10:54:57.685640
1748;1864;-116;10:54:57.685640
1750;1864;-114;10:54:57.685640
1752;1866;-114;10:54:57.685640
1754;1866;-112;10:54:57.685640
1755;1868;-113;10:54:57.685640
1754;1869;-115;10:54:57.685640
1757;1869;-112;10:54:57.685640
1759;1871;-112;10:54:57.685640
1761;1872;-111;10:54:57.685640
1761;1873;-112;10:54:57.685640
1761;1873;-112;10:54:57.685640
1761;1873;-112;10:54:57.685640
1760;1873;-113;10:54:57.685640
1760;1872;-112;10:54:57.685640
1761;1873;-112;10:54:57.685640
1761;1872;-111;10:54:57.685640
1759;1873;-114;10:54:57.685640
1759;1871;-112;10:54:57.685640
1759;1869;-110;10:54:57.685640
1759;1867;-108;10:54:57.685640
1761;1866;-105;10:54:57.685640
1757;1865;-108;10:54:57.685640
1754;1864;-110;10:54:57.685640
1752;1862;-110;10:54:57.685640
1751;1863;-112;10:54:57.685640
1750;1862;-112;10:54:57.685640
1750;1860;-110;10:54:57.685640
1749;1862;-113;10:54:57.685640
1749;1858;-109;10:54:57.685640
1746;1858;-112;10:54:57.685640
1746;1857;-111;10:54:57.685640
1746;1856;-110;10:54:57.685640
1745;1855;-110;10:54:57.685640
1746;1855;-109;10:54:57.685640
1744;1857;-113;10:54:57.685640
1744;1857;-113;10:54:57.685640
1746;1860;-114;10:54:57.685640
1748;1861;-113;10:54:57.685640
1749;1861;-112;10:54:57.685640
1752;1863;-111;10:54:57.685640
1752;1866;-114;10:54:57.685640
1753;1866;-113;10:54:57.685640
1755;1867;-112;10:54:57.685640
1758;1868;-110;10:54:57.685640
1755;1869;-114;10:54:57.685640
1754;1867;-113;10:54:57.685640
1757;1867;-110;10:54:57.685640
1755;1866;-111;10:54:57.685640
1754;1867;-113;10:54:57.685640
1756;1868;-112;10:54:57.685640
1759;1869;-110;10:54:57.685640
1759;1869;-110;10:54:57.685640
1758;1868;-110;10:54:57.685640
1759;1868;-109;10:54:57.685640
1756;1867;-111;10:54:57.685640
1755;1867;-112;10:54:57.685640
1757;1867;-110;10:54:57.685640
1758;1869;-111;10:54:57.685640
1754;1865;-111;10:54:57.685640
1754;1864;-110;10:54:57.685640
1752;1864;-112;10:54:57.685640
1750;1862;-112;10:54:57.685640
1751;1862;-111;10:54:57.685640
1752;1861;-109;10:54:57.685640
1751;1860;-109;10:54:57.685640
1750;1859;-109;10:54:57.685640
1749;1862;-113;10:54:57.685640
1750;1864;-114;10:54:57.685640
1752;1867;-115;10:54:57.685640
1754;1866;-112;10:54:57.685640
1758;1866;-108;10:54:57.685640
1756;1866;-110;10:54:57.685640
1755;1867;-112;10:54:57.685640
1755;1868;-113;10:54:57.685640
1753;1869;-116;10:54:57.685640
1753;1868;-115;10:54:57.685640
1756;1869;-113;10:54:57.685640
1757;1871;-114;10:54:57.685640
1758;1871;-113;10:54:57.685640
1759;1873;-114;10:54:57.685640
1761;1873;-112;10:54:57.685640
1763;1874;-111;10:54:57.685640
1763;1873;-110;10:54:57.685640
1766;1874;-108;10:54:57.685640
1764;1876;-112;10:54:57.685640
1765;1880;-115;10:54:57.685640
1768;1880;-112;10:54:57.685640
1767;1880;-113;10:54:57.685640
1766;1879;-113;10:54:57.685640
1764;1876;-112;10:54:57.685640
1764;1877;-113;10:54:57.685640
1763;1876;-113;10:54:57.685640
1762;1874;-112;10:54:57.685640
1763;1874;-111;10:54:57.685640
1760;1875;-115;10:54:57.685640
1760;1873;-113;10:54:57.685640
1761;1872;-111;10:54:57.685640
1759;1872;-113;10:54:57.685640
1757;1872;-115;10:54:57.685640
1758;1871;-113;10:54:57.685640
1758;1871;-113;10:54:57.685640
1758;1870;-112;10:54:57.685640
1759;1873;-114;10:54:57.685640
1757;1874;-117;10:54:57.685640
1757;1874;-117;10:54:57.685640
1761;1874;-113;10:54:57.685640
1759;1873;-114;10:54:57.685640
1754;1872;-118;10:54:57.685640
1757;1871;-114;10:54:57.685640
1759;1870;-111;10:54:57.685640
1757;1870;-113;10:54:57.685640
1755;1870;-115;10:54:57.685640
1756;1873;-117;10:54:57.685640
1756;1873;-117;10:54:57.685640
1756;1874;-118;10:54:57.685640
1759;1874;-115;10:54:57.685640
1760;1876;-116;10:54:57.685640
1762;1876;-114;10:54:57.685640
1761;1875;-114;10:54:57.685640
1764;1876;-112;10:54:57.685640
1767;1878;-111;10:54:57.685640
1767;1879;-112;10:54:57.685640
1767;1879;-112;10:54:57.685640
1768;1880;-112;10:54:57.685640
1768;1883;-115;10:54:57.685640
1769;1881;-112;10:54:57.685640
1768;1881;-113;10:54:57.685640
1768;1882;-114;10:54:57.685640
1770;1881;-111;10:54:57.685640
1769;1882;-113;10:54:57.685640
1769;1882;-113;10:54:57.685640
1768;1881;-113;10:54:57.685640
1770;1880;-110;10:54:57.685640
1770;1878;-108;10:54:57.685640
1768;1877;-109;10:54:57.685640
1767;1875;-108;10:54:57.685640
1765;1874;-109;10:54:57.685640
1764;1876;-112;10:54:57.685640
1764;1876;-112;10:54:57.685640
1766;1876;-110;10:54:57.685640
1764;1876;-112;10:54:57.685640
1765;1875;-110;10:54:57.685640
1766;1875;-109;10:54:57.685640
1766;1876;-110;10:54:57.685640
1763;1876;-113;10:54:57.685640
1761;1875;-114;10:54:57.685640
1762;1874;-112;10:54:57.685640
1760;1876;-116;10:54:57.685640
1762;1875;-113;10:54:57.685640
1762;1876;-114;10:54:57.685640
1761;1876;-115;10:54:57.685640
1762;1878;-116;10:54:57.685640
1764;1876;-112;10:54:57.685640
1765;1877;-112;10:54:57.685640
1766;1877;-111;10:54:57.685640
1767;1880;-113;10:54:57.685640
1767;1879;-112;10:54:57.685640
1765;1881;-116;10:54:57.685640
1766;1881;-115;10:54:57.685640
1767;1882;-115;10:54:57.685640
1767;1881;-114;10:54:57.685640
1771;1881;-110;10:54:57.685640
1773;1881;-108;10:54:57.685640
1766;1879;-113;10:54:57.685640
1767;1878;-111;10:54:57.685640
1764;1878;-114;10:54:57.685640
1766;1879;-113;10:54:57.685640
1770;1880;-110;10:54:57.685640
1769;1879;-110;10:54:57.685640
1770;1878;-108;10:54:57.685640
1772;1881;-109;10:54:57.685640
1771;1881;-110;10:54:57.685640
1769;1880;-111;10:54:57.685640
1770;1878;-108;10:54:57.685640
1768;1877;-109;10:54:57.685640
1768;1877;-109;10:54:57.685640
1767;1874;-107;10:54:57.685640
1767;1875;-108;10:54:57.685640
1766;1875;-109;10:54:57.685640
1767;1877;-110;10:54:57.685640
1766;1876;-110;10:54:57.685640
1765;1878;-113;10:54:57.685640
1766;1876;-110;10:54:57.685640
1767;1877;-110;10:54:57.685640
1765;1875;-110;10:54:57.685640
1763;1873;-110;10:54:57.685640
1762;1873;-111;10:54:57.685640
1763;1874;-111;10:54:57.685640
1762;1874;-112;10:54:57.685640
1761;1875;-114;10:54:57.685640
1760;1875;-115;10:54:57.685640
1761;1875;-114;10:54:57.685640
1761;1875;-114;10:54:57.685640
1762;1876;-114;10:54:57.685640
1764;1876;-112;10:54:57.685640
1764;1876;-112;10:54:57.685640
1764;1875;-111;10:54:57.685640
1765;1873;-108;10:54:57.685640
1766;1874;-108;10:54:57.685640
1763;1874;-111;10:54:57.685640
1763;1874;-111;10:54:57.685640
1761;1872;-111;10:54:57.685640
1760;1871;-111;10:54:57.685640
1762;1873;-111;10:54:57.685640
1761;1873;-112;10:54:57.685640
1759;1872;-113;10:54:57.685640
1761;1872;-111;10:54:57.685640
1762;1871;-109;10:54:57.685640
1759;1872;-113;10:54:57.685640
1757;1872;-115;10:54:57.685640
1757;1870;-113;10:54:57.685640
1757;1870;-113;10:54:57.685640
1757;1867;-110;10:54:57.685640
1757;1869;-112;10:54:57.685640
1757;1868;-111;10:54:57.685640
1755;1868;-113;10:54:57.685640
1755;1867;-112;10:54:57.685640
1754;1864;-110;10:54:57.685640
1751;1865;-114;10:54:57.685640
1750;1864;-114;10:54:57.685640
1750;1865;-115;10:54:57.685640
1750;1866;-116;10:54:57.685640
1751;1865;-114;10:54:57.685640
1751;1864;-113;10:54:57.685640
1749;1864;-115;10:54:57.685640
1753;1863;-110;10:54:57.685640
1753;1864;-111;10:54:57.685640
1751;1866;-115;10:54:57.685640
1753;1868;-115;10:54:57.685640
1755;1868;-113;10:54:57.685640
1758;1870;-112;10:54:57.685640
1756;1870;-114;10:54:57.685640
1758;1869;-111;10:54:57.685640
1757;1870;-113;10:54:57.685640
1757;1869;-112;10:54:57.685640
1757;1867;-110;10:54:57.685640
1757;1868;-111;10:54:57.685640
1756;1869;-113;10:54:57.685640
1755;1868;-113;10:54:57.685640
1757;1869;-112;10:54:57.685640
1759;1868;-109;10:54:57.685640
1756;1869;-113;10:54:57.685640
1756;1869;-113;10:54:57.685640
1759;1870;-111;10:54:57.685640
1760;1869;-109;10:54:57.685640
1760;1870;-110;10:54:57.685640
1760;1868;-108;10:54:57.685640
1758;1870;-112;10:54:57.685640
1758;1870;-112;10:54:57.685640
1760;1869;-109;10:54:57.685640
1757;1869;-112;10:54:57.685640
1754;1869;-115;10:54:57.685640
1759;1868;-109;10:54:57.685640
1760;1870;-110;10:54:57.685640
1757;1868;-111;10:54:57.685640
1757;1869;-112;10:54:57.685640
1757;1869;-112;10:54:57.685640
1758;1868;-110;10:54:57.685640
1756;1870;-114;10:54:57.685640
1758;1870;-112;10:54:57.685640
1758;1869;-111;10:54:57.685640
1756;1869;-113;10:54:57.685640
1759;1869;-110;10:54:57.685640
1756;1871;-115;10:54:57.685640
1756;1872;-116;10:54:57.685640
1757;1871;-114;10:54:57.685640
1756;1871;-115;10:54:57.685640
1758;1871;-113;10:54:57.685640
1758;1870;-112;10:54:57.685640
1759;1872;-113;10:54:57.685640
1759;1873;-114;10:54:57.685640
1759;1872;-113;10:54:57.685640
1762;1874;-112;10:54:57.685640
1762;1874;-112;10:54:57.685640
1761;1873;-112;10:54:57.685640
1764;1871;-107;10:54:57.685640
1764;1871;-107;10:54:57.685640
1764;1869;-105;10:54:57.685640
1762;1869;-107;10:54:57.685640
1762;1870;-108;10:54:57.685640
1760;1869;-109;10:54:57.685640
1759;1871;-112;10:54:57.685640
1761;1872;-111;10:54:57.685640
1761;1872;-111;10:54:57.685640
1759;1870;-111;10:54:57.685640
1758;1871;-113;10:54:57.685640
1756;1871;-115;10:54:57.685640
1756;1870;-114;10:54:57.685640
1757;1869;-112;10:54:57.685640
1758;1868;-110;10:54:57.685640
1759;1869;-110;10:54:57.685640
1758;1869;-111;10:54:57.685640
1759;1870;-111;10:54:57.685640
1757;1870;-113;10:54:57.685640
1758;1872;-114;10:54:57.685640
1758;1873;-115;10:54:57.685640
1756;1873;-117;10:54:57.685640
1753;1870;-117;10:54:57.685640
1754;1871;-117;10:54:57.685640
1757;1871;-114;10:54:57.685640
1758;1870;-112;10:54:57.685640
1757;1870;-113;10:54:57.685640
1759;1870;-111;10:54:57.685640
1758;1871;-113;10:54:57.685640
1758;1871;-113;10:54:57.685640
1759;1870;-111;10:54:57.685640
1758;1871;-113;10:54:57.685640
1758;1872;-114;10:54:57.685640
1761;1871;-110;10:54:57.685640
1762;1873;-111;10:54:57.685640
1761;1873;-112;10:54:57.685640
1762;1872;-110;10:54:57.685640
1762;1874;-112;10:54:57.685640
1762;1875;-113;10:54:57.685640
1760;1872;-112;10:54:57.685640
1761;1871;-110;10:54:57.685640
1762;1872;-110;10:54:57.685640
1762;1871;-109;10:54:57.685640
1759;1870;-111;10:54:57.685640
1760;1870;-110;10:54:57.685640
1759;1870;-111;10:54:57.685640
1760;1869;-109;10:54:57.685640
1759;1869;-110;10:54:57.685640
1757;1868;-111;10:54:57.685640
1757;1870;-113;10:54:57.685640
1757;1869;-112;10:54:57.685640
1754;1866;-112;10:54:57.685640
1753;1867;-114;10:54:57.685640
1753;1868;-115;10:54:57.685640
1753;1869;-116;10:54:57.685640
1753;1868;-115;10:54:57.685640
1754;1870;-116;10:54:57.685640
1754;1870;-116;10:54:57.685640
1756;1871;-115;10:54:57.685640
1760;1870;-110;10:54:57.685640
1757;1870;-113;10:54:57.685640
1759;1869;-110;10:54:57.685640
1758;1868;-110;10:54:57.685640
1757;1870;-113;10:54:57.685640
1756;1869;-113;10:54:57.685640
1756;1869;-113;10:54:57.685640
1757;1870;-113;10:54:57.685640
1758;1871;-113;10:54:57.685640
1756;1869;-113;10:54:57.685640
1755;1870;-115;10:54:57.685640
1758;1871;-113;10:54:57.685640
1756;1871;-115;10:54:57.685640
1756;1870;-114;10:54:57.685640
1760;1871;-111;10:54:57.685640
1760;1871;-111;10:54:57.685640
1759;1872;-113;10:54:57.685640
1758;1871;-113;10:54:57.685640
1759;1872;-113;10:54:57.685640
1757;1872;-115;10:54:57.685640
1757;1868;-111;10:54:57.685640
1756;1868;-112;10:54:57.685640
1756;1868;-112;10:54:57.685640
1754;1868;-114;10:54:57.685640
1755;1868;-113;10:54:57.685640
1754;1866;-112;10:54:57.685640
1754;1864;-110;10:54:57.685640
1754;1865;-111;10:54:57.685640
1753;1866;-113;10:54:57.685640
1752;1864;-112;10:54:57.685640
1751;1863;-112;10:54:57.685640
1751;1864;-113;10:54:57.685640
1752;1864;-112;10:54:57.685640
1751;1866;-115;10:54:57.685640
1752;1866;-114;10:54:57.685640
1751;1866;-115;10:54:57.685640
1754;1863;-109;10:54:57.685640
1756;1863;-107;10:54:57.685640
1752;1864;-112;10:54:57.685640
1752;1864;-112;10:54:57.685640
1752;1863;-111;10:54:57.685640
1750;1863;-113;10:54:57.685640
1751;1863;-112;10:54:57.685640
1752;1863;-111;10:54:57.685640
1751;1865;-114;10:54:57.685640
1753;1863;-110;10:54:57.685640
1752;1865;-113;10:54:57.685640
1755;1866;-111;10:54:57.685640
1757;1867;-110;10:54:57.685640
1756;1867;-111;10:54:57.685640
1756;1866;-110;10:54:57.685640
1755;1867;-112;10:54:57.685640
1756;1868;-112;10:54:57.685640
1757;1868;-111;10:54:57.685640
1755;1867;-112;10:54:57.685640
1755;1868;-113;10:54:57.685640
1755;1867;-112;10:54:57.685640
1754;1867;-113;10:54:57.685640
1753;1866;-113;10:54:57.685640
1750;1864;-114;10:54:57.685640
1749;1863;-114;10:54:57.685640
1748;1863;-115;10:54:57.685640
1749;1862;-113;10:54:57.685640
1749;1862;-113;10:54:57.685640
1749;1861;-112;10:54:57.685640
1748;1863;-115;10:54:57.685640
1746;1862;-116;10:54:57.685640
1748;1862;-114;10:54:57.685640
1750;1864;-114;10:54:57.685640
1750;1864;-114;10:54:57.685640
1749;1867;-118;10:54:57.685640
1749;1865;-116;10:54:57.685640
1748;1865;-117;10:54:57.685640
1749;1864;-115;10:54:57.685640
1750;1864;-114;10:54:57.685640
1749;1864;-115;10:54:57.685640
1752;1865;-113;10:54:57.685640
1753;1867;-114;10:54:57.685640
1753;1866;-113;10:54:57.685640
1755;1869;-114;10:54:57.685640
1757;1870;-113;10:54:57.685640
1758;1871;-113;10:54:57.685640
1756;1870;-114;10:54:57.685640
1759;1872;-113;10:54:57.685640
1758;1872;-114;10:54:57.686639
1760;1873;-113;10:54:57.686639
1762;1876;-114;10:54:57.686639
1761;1874;-113;10:54:57.686639
1762;1874;-112;10:54:57.686639
1760;1875;-115;10:54:57.686639
1759;1876;-117;10:54:57.686639
1756;1874;-118;10:54:57.686639
1755;1874;-119;10:54:57.686639
1757;1871;-114;10:54:57.686639
1757;1869;-112;10:54:57.686639
1755;1869;-114;10:54:57.686639
1756;1869;-113;10:54:57.686639
1755;1869;-114;10:54:57.686639
1756;1868;-112;10:54:57.686639
1755;1868;-113;10:54:57.686639
1754;1868;-114;10:54:57.686639
1754;1868;-114;10:54:57.686639
1752;1870;-118;10:54:57.686639
1751;1871;-120;10:54:57.686639
1753;1872;-119;10:54:57.686639
1755;1869;-114;10:54:57.686639
1756;1870;-114;10:54:57.686639
1756;1869;-113;10:54:57.686639
1757;1871;-114;10:54:57.686639
1756;1870;-114;10:54:57.686639
1757;1869;-112;10:54:57.686639
1758;1870;-112;10:54:57.686639
1757;1874;-117;10:54:57.686639
1759;1873;-114;10:54:57.686639
1759;1876;-117;10:54:57.686639
1759;1876;-117;10:54:57.686639
1760;1878;-118;10:54:57.686639
1762;1877;-115;10:54:57.686639
1763;1876;-113;10:54:57.686639
1762;1876;-114;10:54:57.686639
1763;1875;-112;10:54:57.686639
1764;1876;-112;10:54:57.686639
1763;1879;-116;10:54:57.686639
1763;1876;-113;10:54:57.686639
1763;1877;-114;10:54:57.686639
1765;1877;-112;10:54:57.686639
1767;1877;-110;10:54:57.686639
1764;1875;-111;10:54:57.686639
1763;1875;-112;10:54:57.686639
1760;1875;-115;10:54:57.686639
1761;1874;-113;10:54:57.686639
1761;1873;-112;10:54:57.686639
1759;1873;-114;10:54:57.686639
1762;1873;-111;10:54:57.686639
1760;1873;-113;10:54:57.686639
1758;1870;-112;10:54:57.686639
1757;1868;-111;10:54:57.686639
1758;1868;-110;10:54:57.686639
1757;1866;-109;10:54:57.686639
1755;1866;-111;10:54:57.686639
1757;1866;-109;10:54:57.686639
1758;1866;-108;10:54:57.686639
1759;1865;-106;10:54:57.686639
1759;1868;-109;10:54:57.686639
1760;1870;-110;10:54:57.686639
1759;1870;-111;10:54:57.686639
1757;1870;-113;10:54:57.686639
1758;1868;-110;10:54:57.686639
1756;1869;-113;10:54:57.686639
1755;1867;-112;10:54:57.686639
1756;1868;-112;10:54:57.686639
1758;1869;-111;10:54:57.686639
1757;1870;-113;10:54:57.686639
1759;1870;-111;10:54:57.686639
1761;1874;-113;10:54:57.686639
1761;1875;-114;10:54:57.686639
1761;1873;-112;10:54:57.686639
1763;1876;-113;10:54:57.686639
1765;1875;-110;10:54:57.686639
1764;1873;-109;10:54:57.686639
1766;1873;-107;10:54:57.686639
1764;1874;-110;10:54:57.686639
1763;1873;-110;10:54:57.686639
1765;1873;-108;10:54:57.686639
1764;1871;-107;10:54:57.686639
1764;1871;-107;10:54:57.686639
1760;1871;-111;10:54:57.686639
1762;1871;-109;10:54:57.686639
1763;1874;-111;10:54:57.686639
1763;1873;-110;10:54:57.686639
1762;1872;-110;10:54:57.686639
1760;1875;-115;10:54:57.686639
1762;1874;-112;10:54:57.686639
1761;1873;-112;10:54:57.686639
1762;1872;-110;10:54:57.686639
1762;1871;-109;10:54:57.686639
1759;1871;-112;10:54:57.686639
1760;1871;-111;10:54:57.686639
1759;1869;-110;10:54:57.686639
1759;1870;-111;10:54:57.686639
1756;1871;-115;10:54:57.686639
1756;1871;-115;10:54:57.686639
1757;1868;-111;10:54:57.686639
1757;1867;-110;10:54:57.686639
1758;1865;-107;10:54:57.686639
1755;1866;-111;10:54:57.686639
1756;1868;-112;10:54:57.686639
1756;1868;-112;10:54:57.686639
1753;1867;-114;10:54:57.686639
1754;1870;-116;10:54:57.686639
1760;1870;-110;10:54:57.686639
1757;1869;-112;10:54:57.686639
1757;1869;-112;10:54:57.686639
1755;1870;-115;10:54:57.686639
1756;1869;-113;10:54:57.686639
1758;1868;-110;10:54:57.686639
1758;1866;-108;10:54:57.686639
1757;1867;-110;10:54:57.686639
1754;1867;-113;10:54:57.686639
1754;1867;-113;10:54:57.686639
1757;1866;-109;10:54:57.686639
1756;1865;-109;10:54:57.686639
1756;1866;-110;10:54:57.686639
1756;1868;-112;10:54:57.686639
1757;1867;-110;10:54:57.686639
1755;1866;-111;10:54:57.686639
1755;1864;-109;10:54:57.686639
1755;1867;-112;10:54:57.686639
1756;1865;-109;10:54:57.686639
1756;1865;-109;10:54:57.686639
1755;1864;-109;10:54:57.686639
1752;1866;-114;10:54:57.686639
1753;1863;-110;10:54:57.686639
1753;1863;-110;10:54:57.686639
1751;1863;-112;10:54:57.686639
1754;1863;-109;10:54:57.686639
1756;1865;-109;10:54:57.686639
1756;1868;-112;10:54:57.686639
1755;1866;-111;10:54:57.686639
1756;1868;-112;10:54:57.686639
1756;1868;-112;10:54:57.686639
1755;1867;-112;10:54:57.686639
1756;1867;-111;10:54:57.686639
1759;1870;-111;10:54:57.686639
1759;1870;-111;10:54:57.686639
1761;1869;-108;10:54:57.686639
1761;1871;-110;10:54:57.686639
1761;1874;-113;10:54:57.686639
1761;1872;-111;10:54:57.686639
1762;1874;-112;10:54:57.686639
1761;1873;-112;10:54:57.686639
1759;1871;-112;10:54:57.686639
1764;1871;-107;10:54:57.686639
1765;1872;-107;10:54:57.686639
1762;1873;-111;10:54:57.686639
1762;1871;-109;10:54:57.686639
1761;1871;-110;10:54:57.686639
1765;1872;-107;10:54:57.686639
1765;1871;-106;10:54:57.686639
1762;1870;-108;10:54:57.686639
1761;1869;-108;10:54:57.686639
1758;1868;-110;10:54:57.686639
1757;1868;-111;10:54:57.686639
1755;1868;-113;10:54:57.686639
1757;1867;-110;10:54:57.686639
1760;1868;-108;10:54:57.686639
1759;1866;-107;10:54:57.686639
1757;1865;-108;10:54:57.686639
1757;1866;-109;10:54:57.686639
1760;1866;-106;10:54:57.686639
1760;1866;-106;10:54:57.686639
1758;1864;-106;10:54:57.686639
1757;1866;-109;10:54:57.686639
1758;1867;-109;10:54:57.686639
1757;1868;-111;10:54:57.686639
1756;1867;-111;10:54:57.686639
1756;1869;-113;10:54:57.686639
1758;1868;-110;10:54:57.686639
1757;1867;-110;10:54:57.686639
1757;1867;-110;10:54:57.686639
1757;1866;-109;10:54:57.686639
1758;1866;-108;10:54:57.686639
1759;1869;-110;10:54:57.686639
1759;1870;-111;10:54:57.686639
1758;1870;-112;10:54:57.686639
1758;1871;-113;10:54:57.686639
1759;1873;-114;10:54:57.686639
1761;1870;-109;10:54:57.686639
1760;1872;-112;10:54:57.686639
1758;1870;-112;10:54:57.686639
1759;1871;-112;10:54:57.686639
1760;1872;-112;10:54:57.686639
1762;1871;-109;10:54:57.686639
1763;1871;-108;10:54:57.686639
1761;1872;-111;10:54:57.686639
1762;1872;-110;10:54:57.686639
1760;1871;-111;10:54:57.686639
1757;1869;-112;10:54:57.686639
1759;1871;-112;10:54:57.686639
1760;1871;-111;10:54:57.686639
1758;1869;-111;10:54:57.686639
1757;1867;-110;10:54:57.686639
1758;1868;-110;10:54:57.686639
1758;1866;-108;10:54:57.686639
1756;1866;-110;10:54:57.686639
1753;1866;-113;10:54:57.686639
1753;1866;-113;10:54:57.686639
1754;1865;-111;10:54:57.686639
1755;1863;-108;10:54:57.686639
1755;1863;-108;10:54:57.686639
1754;1864;-110;10:54:57.686639
1755;1864;-109;10:54:57.686639
1755;1866;-111;10:54:57.686639
1753;1864;-111;10:54:57.686639
1754;1863;-109;10:54:57.686639
1755;1866;-111;10:54:57.686639
1752;1866;-114;10:54:57.686639
1755;1866;-111;10:54:57.686639
1756;1865;-109;10:54:57.686639
1756;1866;-110;10:54:57.686639
1757;1867;-110;10:54:57.686639
1758;1867;-109;10:54:57.686639
1760;1868;-108;10:54:57.686639
1759;1867;-108;10:54:57.686639
1759;1867;-108;10:54:57.686639
1759;1868;-109;10:54:57.686639
1758;1867;-109;10:54:57.686639
1758;1865;-107;10:54:57.686639
1757;1869;-112;10:54:57.686639
1758;1869;-111;10:54:57.686639
1757;1867;-110;10:54:57.686639
1757;1866;-109;10:54:57.686639
1757;1864;-107;10:54:57.686639
1755;1863;-108;10:54:57.686639
1756;1861;-105;10:54:57.686639
1753;1862;-109;10:54:57.686639
1753;1861;-108;10:54:57.686639
1754;1861;-107;10:54:57.686639
1754;1862;-108;10:54:57.686639
1754;1862;-108;10:54:57.686639
1751;1863;-112;10:54:57.686639
1753;1865;-112;10:54:57.686639
1753;1864;-111;10:54:57.686639
1753;1863;-110;10:54:57.686639
1754;1862;-108;10:54:57.686639
1754;1862;-108;10:54:57.686639
1753;1860;-107;10:54:57.686639
1751;1862;-111;10:54:57.686639
1753;1862;-109;10:54:57.686639
1754;1863;-109;10:54:57.686639
1753;1863;-110;10:54:57.686639
1753;1863;-110;10:54:57.686639
1752;1864;-112;10:54:57.686639
1752;1863;-111;10:54:57.686639
1752;1860;-108;10:54:57.686639
1748;1859;-111;10:54:57.686639
1746;1859;-113;10:54:57.686639
1746;1860;-114;10:54:57.686639
1746;1858;-112;10:54:57.686639
1746;1857;-111;10:54:57.741495
1750;1858;-108;10:54:57.741495
1749;1858;-109;10:54:57.741495
1747;1858;-111;10:54:57.741495
1749;1858;-109;10:54:57.741495
1749;1859;-110;10:54:57.741495
1750;1858;-108;10:54:57.741495
1749;1861;-112;10:54:57.741495
1749;1862;-113;10:54:57.741495
1749;1862;-113;10:54:57.741495
1748;1864;-116;10:54:57.741495
1752;1864;-112;10:54:57.741495
1751;1863;-112;10:54:57.741495
1751;1860;-109;10:54:57.741495
1753;1861;-108;10:54:57.741495
1753;1863;-110;10:54:57.741495
1752;1860;-108;10:54:57.741495
1751;1862;-111;10:54:57.741495
1751;1863;-112;10:54:57.741495
1751;1863;-112;10:54:57.741495
1751;1861;-110;10:54:57.741495
1750;1861;-111;10:54:57.741495
1748;1863;-115;10:54:57.741495
1748;1860;-112;10:54:57.741495
1748;1861;-113;10:54:57.741495
1748;1861;-113;10:54:57.741495
1748;1862;-114;10:54:57.741495
1749;1864;-115;10:54:57.741495
1748;1863;-115;10:54:57.741495
1749;1864;-115;10:54:57.741495
1752;1864;-112;10:54:57.741495
1752;1863;-111;10:54:57.741495
1750;1863;-113;10:54:57.741495
1750;1866;-116;10:54:57.741495
1753;1866;-113;10:54:57.741495
1752;1866;-114;10:54:57.741495
1751;1867;-116;10:54:57.741495
1756;1868;-112;10:54:57.741495
1761;1868;-107;10:54:57.741495
1759;1868;-109;10:54:57.741495
1757;1869;-112;10:54:57.741495
1758;1870;-112;10:54:57.741495
1757;1871;-114;10:54:57.741495
1758;1870;-112;10:54:57.741495
1755;1869;-114;10:54:57.741495
1755;1869;-114;10:54:57.741495
1757;1869;-112;10:54:57.741495
1759;1869;-110;10:54:57.741495
1759;1870;-111;10:54:57.741495
1760;1868;-108;10:54:57.741495
1762;1869;-107;10:54:57.741495
1761;1869;-108;10:54:57.741495
1757;1867;-110;10:54:57.741495
1759;1867;-108;10:54:57.741495
1755;1868;-113;10:54:57.741495
1756;1868;-112;10:54:57.741495
1754;1866;-112;10:54:57.741495
1754;1868;-114;10:54:57.741495
1754;1869;-115;10:54:57.741495
1754;1868;-114;10:54:57.741495
1754;1868;-114;10:54:57.741495
1757;1870;-113;10:54:57.741495
1757;1868;-111;10:54:57.741495
1757;1867;-110;10:54:57.741495
1756;1870;-114;10:54:57.741495
1757;1868;-111;10:54:57.741495
1757;1869;-112;10:54:57.741495
1759;1868;-109;10:54:57.741495
1757;1869;-112;10:54:57.741495
1757;1868;-111;10:54:57.741495
1758;1869;-111;10:54:57.741495
1758;1868;-110;10:54:57.741495
1758;1869;-111;10:54:57.741495
1758;1871;-113;10:54:57.741495
1757;1873;-116;10:54:57.741495
1757;1873;-116;10:54:57.741495
1757;1872;-115;10:54:57.741495
1759;1872;-113;10:54:57.741495
1761;1870;-109;10:54:57.741495
1762;1872;-110;10:54:57.741495
1764;1872;-108;10:54:57.741495
1765;1875;-110;10:54:57.741495
1762;1873;-111;10:54:57.741495
1765;1875;-110;10:54:57.741495
1764;1875;-111;10:54:57.741495
1762;1874;-112;10:54:57.741495
1764;1873;-109;10:54:57.741495
1761;1873;-112;10:54:57.741495
1761;1873;-112;10:54:57.741495
1762;1873;-111;10:54:57.741495
1763;1872;-109;10:54:57.741495
1761;1871;-110;10:54:57.741495
1761;1871;-110;10:54:57.741495
1760;1871;-111;10:54:57.741495
1758;1869;-111;10:54:57.741495
1758;1867;-109;10:54:57.741495
1757;1865;-108;10:54:57.741495
1755;1865;-110;10:54:57.741495
1756;1865;-109;10:54:57.741495
1756;1866;-110;10:54:57.741495
1754;1865;-111;10:54:57.741495
1755;1867;-112;10:54:57.741495
1756;1867;-111;10:54:57.741495
1757;1868;-111;10:54:57.741495
1755;1869;-114;10:54:57.741495
1755;1869;-114;10:54:57.741495
1756;1869;-113;10:54:57.741495
1754;1869;-115;10:54:57.741495
1756;1869;-113;10:54:57.741495
1757;1871;-114;10:54:57.741495
1761;1874;-113;10:54:57.741495
1762;1871;-109;10:54:57.741495
1761;1869;-108;10:54:57.741495
1761;1869;-108;10:54:57.741495
1761;1872;-111;10:54:57.741495
1759;1871;-112;10:54:57.741495
1762;1871;-109;10:54:57.741495
1762;1869;-107;10:54:57.741495
1763;1871;-108;10:54:57.741495
1764;1873;-109;10:54:57.741495
1763;1874;-111;10:54:57.741495
1760;1872;-112;10:54:57.741495
1763;1872;-109;10:54:57.741495
1764;1871;-107;10:54:57.741495
1764;1872;-108;10:54:57.741495
1764;1872;-108;10:54:57.741495
1762;1873;-111;10:54:57.741495
1761;1872;-111;10:54:57.741495
1761;1871;-110;10:54:57.741495
1763;1869;-106;10:54:57.741495
1761;1872;-111;10:54:57.741495
1757;1872;-115;10:54:57.741495
1759;1872;-113;10:54:57.741495
1759;1870;-111;10:54:57.741495
1758;1866;-108;10:54:57.741495
1759;1868;-109;10:54:57.741495
1757;1867;-110;10:54:57.741495
1757;1867;-110;10:54:57.741495
1756;1867;-111;10:54:57.741495
1759;1868;-109;10:54:57.741495
1758;1868;-110;10:54:57.741495
1758;1869;-111;10:54:57.741495
1758;1869;-111;10:54:57.741495
1757;1869;-112;10:54:57.741495
1758;1867;-109;10:54:57.741495
1757;1868;-111;10:54:57.741495
1756;1869;-113;10:54:57.741495
1755;1869;-114;10:54:57.741495
1756;1868;-112;10:54:57.741495
1757;1869;-112;10:54:57.741495
1758;1867;-109;10:54:57.741495
1758;1867;-109;10:54:57.741495
1758;1867;-109;10:54:57.741495
1756;1867;-111;10:54:57.741495
1752;1866;-114;10:54:57.741495
1753;1865;-112;10:54:57.741495
1754;1865;-111;10:54:57.741495
1754;1866;-112;10:54:57.741495
1754;1867;-113;10:54:57.741495
1755;1867;-112;10:54:57.741495
1756;1866;-110;10:54:57.741495
1756;1863;-107;10:54:57.741495
1753;1866;-113;10:54:57.741495
1754;1867;-113;10:54:57.741495
1753;1869;-116;10:54:57.741495
1754;1867;-113;10:54:57.741495
1754;1868;-114;10:54:57.741495
1754;1865;-111;10:54:57.741495
1753;1866;-113;10:54:57.741495
1754;1864;-110;10:54:57.741495
1753;1861;-108;10:54:57.741495
1752;1860;-108;10:54:57.741495
1752;1863;-111;10:54:57.741495
1753;1863;-110;10:54:57.741495
1753;1865;-112;10:54:57.741495
1754;1865;-111;10:54:57.741495
1754;1865;-111;10:54:57.741495
1754;1867;-113;10:54:57.741495
1752;1867;-115;10:54:57.741495
1756;1868;-112;10:54:57.741495
1757;1868;-111;10:54:57.741495
1758;1869;-111;10:54:57.741495
1757;1867;-110;10:54:57.741495
1755;1867;-112;10:54:57.741495
1755;1868;-113;10:54:57.741495
1758;1868;-110;10:54:57.741495
1758;1872;-114;10:54:57.741495
1759;1870;-111;10:54:57.741495
1760;1870;-110;10:54:57.741495
1760;1873;-113;10:54:57.741495
1759;1872;-113;10:54:57.741495
1760;1871;-111;10:54:57.741495
1762;1873;-111;10:54:57.741495
1762;1872;-110;10:54:57.741495
1760;1873;-113;10:54:57.741495
1757;1873;-116;10:54:57.741495
1758;1874;-116;10:54:57.741495
1762;1869;-107;10:54:57.741495
1762;1869;-107;10:54:57.741495
1760;1869;-109;10:54:57.741495
1761;1868;-107;10:54:57.741495
1759;1869;-110;10:54:57.741495
1757;1869;-112;10:54:57.741495
1757;1867;-110;10:54:57.741495
1758;1868;-110;10:54:57.741495
1757;1868;-111;10:54:57.741495
1754;1867;-113;10:54:57.741495
1755;1868;-113;10:54:57.741495
1755;1869;-114;10:54:57.741495
1757;1869;-112;10:54:57.741495
1757;1867;-110;10:54:57.741495
1758;1867;-109;10:54:57.741495
1760;1870;-110;10:54:57.741495
1758;1870;-112;10:54:57.741495
1756;1868;-112;10:54:57.741495
1753;1866;-113;10:54:57.741495
1754;1867;-113;10:54:57.741495
1756;1867;-111;10:54:57.741495
1758;1868;-110;10:54:57.741495
1756;1868;-112;10:54:57.741495
1755;1867;-112;10:54:57.741495
1755;1869;-114;10:54:57.741495
1756;1869;-113;10:54:57.741495
1754;1872;-118;10:54:57.741495
1757;1873;-116;10:54:57.741495
1758;1872;-114;10:54:57.741495
1756;1870;-114;10:54:57.741495
1755;1866;-111;10:54:57.741495
1754;1867;-113;10:54:57.741495
1755;1870;-115;10:54:57.741495
1755;1869;-114;10:54:57.741495
1753;1866;-113;10:54:57.741495
1751;1865;-114;10:54:57.741495
1752;1866;-114;10:54:57.741495
1753;1866;-113;10:54:57.741495
1755;1867;-112;10:54:57.741495
1755;1867;-112;10:54:57.741495
1753;1867;-114;10:54:57.741495
1754;1867;-113;10:54:57.741495
1754;1865;-111;10:54:57.741495
1752;1864;-112;10:54:57.741495
1752;1864;-112;10:54:57.741495
1749;1863;-114;10:54:57.741495
1746;1862;-116;10:54:57.741495
1749;1863;-114;10:54:57.741495
1749;1862;-113;10:54:57.741495
1748;1863;-115;10:54:57.741495
1752;1863;-111;10:54:57.741495
1752;1863;-111;10:54:57.741495
1751;1863;-112;10:54:57.741495
1751;1866;-115;10:54:57.741495
1753;1867;-114;10:54:57.741495
1753;1864;-111;10:54:57.741495
1754;1863;-109;10:54:57.741495
1753;1865;-112;10:54:57.741495
1752;1861;-109;10:54:57.759447
1751;1860;-109;10:54:57.759447
1750;1862;-112;10:54:57.759447
1751;1861;-110;10:54:57.759447
1751;1863;-112;10:54:57.759447
1749;1862;-113;10:54:57.759447
1749;1864;-115;10:54:57.759447
1750;1863;-113;10:54:57.759447
1754;1864;-110;10:54:57.759447
1756;1865;-109;10:54:57.759447
1753;1865;-112;10:54:57.759447
1754;1867;-113;10:54:57.759447
1755;1865;-110;10:54:57.759447
1752;1864;-112;10:54:57.759447
1755;1865;-110;10:54:57.759447
1757;1866;-109;10:54:57.759447
1754;1865;-111;10:54:57.759447
1754;1863;-109;10:54:57.759447
1754;1863;-109;10:54:57.759447
1754;1865;-111;10:54:57.759447
1756;1862;-106;10:54:57.759447
1752;1862;-110;10:54:57.759447
1749;1863;-114;10:54:57.759447
1749;1862;-113;10:54:57.759447
1750;1862;-112;10:54:57.759447
1754;1862;-108;10:54:57.759447
1753;1864;-111;10:54:57.759447
1751;1863;-112;10:54:57.759447
1749;1862;-113;10:54:57.759447
1749;1860;-111;10:54:57.759447
1751;1858;-107;10:54:57.759447
1750;1857;-107;10:54:57.759447
1745;1858;-113;10:54:57.759447
1744;1857;-113;10:54:57.759447
1745;1856;-111;10:54:57.759447
1745;1855;-110;10:54:57.759447
1746;1855;-109;10:54:57.759447
1742;1857;-115;10:54:57.759447
1743;1857;-114;10:54:57.759447
1743;1855;-112;10:54:57.759447
1743;1855;-112;10:54:57.759447
1746;1858;-112;10:54:57.759447
1747;1860;-113;10:54:57.759447
1748;1859;-111;10:54:57.759447
1749;1861;-112;10:54:57.759447
1749;1862;-113;10:54:57.759447
1749;1864;-115;10:54:57.759447
1750;1864;-114;10:54:57.759447
1751;1865;-114;10:54:57.759447
1753;1864;-111;10:54:57.759447
1752;1863;-111;10:54:57.759447
1753;1865;-112;10:54:57.759447
1754;1863;-109;10:54:57.759447
1751;1862;-111;10:54:57.759447
1751;1862;-111;10:54:57.759447
1753;1864;-111;10:54:57.759447
1752;1861;-109;10:54:57.759447
1750;1859;-109;10:54:57.759447
1747;1858;-111;10:54:57.759447
1748;1858;-110;10:54:57.759447
1749;1859;-110;10:54:57.759447
1750;1859;-109;10:54:57.759447
1750;1860;-110;10:54:57.759447
1745;1860;-115;10:54:57.759447
1749;1862;-113;10:54:57.759447
1752;1860;-108;10:54:57.759447
1751;1862;-111;10:54:57.759447
1750;1863;-113;10:54:57.759447
1750;1864;-114;10:54:57.759447
1750;1864;-114;10:54:57.759447
1753;1865;-112;10:54:57.759447
1758;1866;-108;10:54:57.759447
1757;1867;-110;10:54:57.759447
1756;1868;-112;10:54:57.759447
1759;1870;-111;10:54:57.759447
1760;1868;-108;10:54:57.759447
1759;1867;-108;10:54:57.759447
1758;1867;-109;10:54:57.759447
1759;1871;-112;10:54:57.759447
1761;1872;-111;10:54:57.759447
1760;1874;-114;10:54:57.759447
1760;1874;-114;10:54:57.759447
1762;1873;-111;10:54:57.759447
1766;1872;-106;10:54:57.759447
1769;1874;-105;10:54:57.759447
1767;1878;-111;10:54:57.759447
1763;1877;-114;10:54:57.759447
1763;1875;-112;10:54:57.759447
1765;1873;-108;10:54:57.759447
1769;1874;-105;10:54:57.759447
1768;1876;-108;10:54:57.759447
1763;1876;-113;10:54:57.759447
1761;1875;-114;10:54:57.759447
1762;1874;-112;10:54:57.759447
1763;1874;-111;10:54:57.759447
1763;1870;-107;10:54:57.759447
1762;1872;-110;10:54:57.759447
1765;1873;-108;10:54:57.759447
1764;1872;-108;10:54:57.759447
1761;1872;-111;10:54:57.759447
1762;1872;-110;10:54:57.759447
1762;1871;-109;10:54:57.759447
1761;1872;-111;10:54:57.759447
1762;1874;-112;10:54:57.759447
1766;1877;-111;10:54:57.759447
1765;1875;-110;10:54:57.759447
1768;1874;-106;10:54:57.759447
1766;1875;-109;10:54:57.759447
1763;1875;-112;10:54:57.759447
1763;1877;-114;10:54:57.759447
1761;1876;-115;10:54:57.759447
1760;1875;-115;10:54:57.759447
1762;1874;-112;10:54:57.759447
1762;1875;-113;10:54:57.759447
1758;1872;-114;10:54:57.759447
1759;1874;-115;10:54:57.759447
1762;1875;-113;10:54:57.759447
1763;1874;-111;10:54:57.759447
1765;1877;-112;10:54:57.759447
1766;1877;-111;10:54:57.759447
1765;1879;-114;10:54:57.759447
1765;1879;-114;10:54:57.759447
1765;1880;-115;10:54:57.759447
1766;1879;-113;10:54:57.759447
1768;1884;-116;10:54:57.759447
1769;1882;-113;10:54:57.759447
1769;1881;-112;10:54:57.759447
1769;1880;-111;10:54:57.759447
1770;1878;-108;10:54:57.759447
1770;1880;-110;10:54:57.759447
1769;1881;-112;10:54:57.759447
1766;1880;-114;10:54:57.759447
1767;1878;-111;10:54:57.759447
1768;1875;-107;10:54:57.759447
1768;1877;-109;10:54:57.759447
1768;1878;-110;10:54:57.759447
1765;1875;-110;10:54:57.759447
1762;1874;-112;10:54:57.759447
1763;1872;-109;10:54:57.759447
1764;1872;-108;10:54:57.759447
1762;1874;-112;10:54:57.759447
1761;1874;-113;10:54:57.759447
1762;1874;-112;10:54:57.759447
1760;1875;-115;10:54:57.759447
1760;1875;-115;10:54:57.759447
1760;1874;-114;10:54:57.759447
1762;1874;-112;10:54:57.759447
1762;1875;-113;10:54:57.759447
1762;1872;-110;10:54:57.759447
1763;1871;-108;10:54:57.759447
1761;1872;-111;10:54:57.759447
1759;1873;-114;10:54:57.759447
1761;1874;-113;10:54:57.759447
1761;1874;-113;10:54:57.759447
1760;1873;-113;10:54:57.759447
1761;1874;-113;10:54:57.759447
1762;1875;-113;10:54:57.759447
1763;1874;-111;10:54:57.759447
1762;1874;-112;10:54:57.759447
1762;1876;-114;10:54:57.759447
1763;1877;-114;10:54:57.759447
1763;1877;-114;10:54:57.759447
1764;1878;-114;10:54:57.759447
1763;1877;-114;10:54:57.759447
1764;1879;-115;10:54:57.759447
1765;1878;-113;10:54:57.759447
1764;1876;-112;10:54:57.759447
1763;1875;-112;10:54:57.759447
1763;1875;-112;10:54:57.759447
1762;1878;-116;10:54:57.759447
1763;1879;-116;10:54:57.759447
1762;1878;-116;10:54:57.759447
1762;1875;-113;10:54:57.759447
1762;1874;-112;10:54:57.759447
1761;1871;-110;10:54:57.759447
1762;1872;-110;10:54:57.759447
1763;1873;-110;10:54:57.759447
1760;1876;-116;10:54:57.759447
1763;1878;-115;10:54:57.759447
1766;1878;-112;10:54:57.759447
1765;1879;-114;10:54:57.759447
1764;1877;-113;10:54:57.759447
1768;1882;-114;10:54:57.759447
1766;1880;-114;10:54:57.759447
1765;1877;-112;10:54:57.759447
1765;1880;-115;10:54:57.759447
1766;1880;-114;10:54:57.759447
1768;1881;-113;10:54:57.759447
1769;1879;-110;10:54:57.759447
1766;1878;-112;10:54:57.759447
1762;1879;-117;10:54:57.759447
1766;1881;-115;10:54:57.759447
1768;1882;-114;10:54:57.759447
1767;1880;-113;10:54:57.759447
1766;1880;-114;10:54:57.759447
1772;1882;-110;10:54:57.759447
1773;1883;-110;10:54:57.759447
1771;1881;-110;10:54:57.759447
1770;1881;-111;10:54:57.759447
1774;1882;-108;10:54:57.759447
1770;1881;-111;10:54:57.759447
1768;1881;-113;10:54:57.759447
1767;1881;-114;10:54:57.759447
1768;1882;-114;10:54:57.759447
1769;1880;-111;10:54:57.759447
1771;1876;-105;10:54:57.759447
1769;1875;-106;10:54:57.759447
1765;1876;-111;10:54:57.759447
1764;1875;-111;10:54:57.759447
1764;1872;-108;10:54:57.759447
1763;1871;-108;10:54:57.759447
1763;1873;-110;10:54:57.759447
1762;1870;-108;10:54:57.759447
1759;1869;-110;10:54:57.759447
1757;1871;-114;10:54:57.759447
1758;1874;-116;10:54:57.759447
1757;1872;-115;10:54:57.759447
1758;1871;-113;10:54:57.759447
1759;1869;-110;10:54:57.759447
1758;1871;-113;10:54:57.759447
1756;1871;-115;10:54:57.759447
1757;1869;-112;10:54:57.759447
1759;1871;-112;10:54:57.759447
1758;1871;-113;10:54:57.759447
1760;1872;-112;10:54:57.759447
1761;1876;-115;10:54:57.759447
1760;1876;-116;10:54:57.759447
1762;1875;-113;10:54:57.759447
1762;1873;-111;10:54:57.759447
1763;1873;-110;10:54:57.759447
1761;1871;-110;10:54:57.759447
1759;1872;-113;10:54:57.759447
1758;1872;-114;10:54:57.759447
1761;1874;-113;10:54:57.759447
1764;1875;-111;10:54:57.759447
1764;1873;-109;10:54:57.759447
1763;1874;-111;10:54:57.759447
1761;1876;-115;10:54:57.759447
1764;1874;-110;10:54:57.759447
1764;1875;-111;10:54:57.759447
1764;1876;-112;10:54:57.759447
1764;1873;-109;10:54:57.759447
1762;1874;-112;10:54:57.759447
1763;1873;-110;10:54:57.759447
1762;1870;-108;10:54:57.759447
1761;1869;-108;10:54:57.759447
1758;1872;-114;10:54:57.759447
1757;1871;-114;10:54:57.759447
1757;1869;-112;10:54:57.759447
1756;1869;-113;10:54:57.759447
1755;1868;-113;10:54:57.759447
1757;1870;-113;10:54:57.759447
1757;1872;-115;10:54:57.759447
1755;1870;-115;10:54:57.759447
1756;1868;-112;10:54:57.759447
1760;1869;-109;10:54:57.760440
1758;1870;-112;10:54:57.760440
1758;1871;-113;10:54:57.760440
1758;1872;-114;10:54:57.760440
1758;1874;-116;10:54:57.760440
1760;1871;-111;10:54:57.760440
1762;1873;-111;10:54:57.760440
1761;1873;-112;10:54:57.760440
1759;1873;-114;10:54:57.760440
1757;1872;-115;10:54:57.760440
1758;1871;-113;10:54:57.760440
1758;1872;-114;10:54:57.760440
1759;1870;-111;10:54:57.760440
1757;1869;-112;10:54:57.760440
1758;1870;-112;10:54:57.760440
1758;1871;-113;10:54:57.760440
1757;1872;-115;10:54:57.760440
1761;1872;-111;10:54:57.760440
1762;1873;-111;10:54:57.760440
1762;1872;-110;10:54:57.760440
1763;1870;-107;10:54:57.760440
1760;1868;-108;10:54:57.760440
1760;1867;-107;10:54:57.760440
1758;1870;-112;10:54:57.760440
1756;1871;-115;10:54:57.760440
1755;1871;-116;10:54:57.760440
1754;1871;-117;10:54:57.760440
1756;1871;-115;10:54:57.760440
1758;1869;-111;10:54:57.760440
1755;1867;-112;10:54:57.760440
1753;1864;-111;10:54:57.760440
1753;1862;-109;10:54:57.760440
1754;1862;-108;10:54:57.760440
1753;1863;-110;10:54:57.760440
1752;1862;-110;10:54:57.760440
1754;1863;-109;10:54:57.760440
1750;1866;-116;10:54:57.760440
1755;1867;-112;10:54:57.760440
1754;1867;-113;10:54:57.760440
1753;1866;-113;10:54:57.760440
1753;1865;-112;10:54:57.760440
1753;1868;-115;10:54:57.760440
1753;1866;-113;10:54:57.760440
1751;1868;-117;10:54:57.760440
1754;1867;-113;10:54:57.760440
1754;1865;-111;10:54:57.760440
1753;1861;-108;10:54:57.760440
1752;1861;-109;10:54:57.760440
1753;1862;-109;10:54:57.760440
1751;1861;-110;10:54:57.760440
1752;1863;-111;10:54:57.760440
1751;1864;-113;10:54:57.760440
1752;1865;-113;10:54:57.760440
1751;1864;-113;10:54:57.760440
1750;1868;-118;10:54:57.760440
1752;1868;-116;10:54:57.760440
1754;1866;-112;10:54:57.760440
1756;1869;-113;10:54:57.760440
1757;1869;-112;10:54:57.760440
1759;1869;-110;10:54:57.760440
1758;1869;-111;10:54:57.760440
1760;1869;-109;10:54:57.760440
1760;1866;-106;10:54:57.760440
1758;1867;-109;10:54:57.760440
1755;1869;-114;10:54:57.760440
1753;1866;-113;10:54:57.760440
1752;1864;-112;10:54:57.760440
1754;1865;-111;10:54:57.760440
1754;1867;-113;10:54:57.760440
1752;1866;-114;10:54:57.760440
1756;1866;-110;10:54:57.760440
1753;1864;-111;10:54:57.760440
1753;1864;-111;10:54:57.760440
1752;1866;-114;10:54:57.760440
1754;1869;-115;10:54:57.760440
1756;1870;-114;10:54:57.760440
1757;1870;-113;10:54:57.760440
1760;1872;-112;10:54:57.760440
1761;1870;-109;10:54:57.760440
1759;1869;-110;10:54:57.760440
1760;1871;-111;10:54:57.760440
1759;1870;-111;10:54:57.760440
1758;1869;-111;10:54:57.760440
1760;1866;-106;10:54:57.760440
1759;1867;-108;10:54:57.760440
1757;1868;-111;10:54:57.760440
1758;1869;-111;10:54:57.760440
1755;1870;-115;10:54:57.760440
1756;1870;-114;10:54:57.760440
1756;1867;-111;10:54:57.760440
1757;1866;-109;10:54:57.760440
1757;1865;-108;10:54:57.760440
1756;1865;-109;10:54:57.760440
1758;1867;-109;10:54:57.760440
1759;1868;-109;10:54:57.760440
1758;1869;-111;10:54:57.760440
1757;1868;-111;10:54:57.760440
1757;1869;-112;10:54:57.760440
1758;1869;-111;10:54:57.760440
1756;1869;-113;10:54:57.760440
1757;1868;-111;10:54:57.760440
1757;1867;-110;10:54:57.760440
1755;1868;-113;10:54:57.760440
1754;1864;-110;10:54:57.760440
1754;1866;-112;10:54:57.760440
1753;1865;-112;10:54:57.760440
1751;1865;-114;10:54:57.760440
1752;1866;-114;10:54:57.760440
1751;1867;-116;10:54:57.760440
1754;1868;-114;10:54:57.760440
1756;1867;-111;10:54:57.760440
1755;1866;-111;10:54:57.760440
1755;1868;-113;10:54:57.760440
1756;1868;-112;10:54:57.760440
1757;1867;-110;10:54:57.760440
1757;1866;-109;10:54:57.760440
1759;1871;-112;10:54:57.760440
1757;1871;-114;10:54:57.760440
1759;1873;-114;10:54:57.760440
1761;1871;-110;10:54:57.760440
1758;1872;-114;10:54:57.760440
1758;1871;-113;10:54:57.760440
1760;1872;-112;10:54:57.760440
1759;1870;-111;10:54:57.760440
1760;1870;-110;10:54:57.760440
1761;1873;-112;10:54:57.760440
1763;1875;-112;10:54:57.760440
1764;1875;-111;10:54:57.760440
1764;1877;-113;10:54:57.760440
1765;1876;-111;10:54:57.760440
1768;1877;-109;10:54:57.760440
1769;1876;-107;10:54:57.760440
1768;1875;-107;10:54:57.760440
1767;1876;-109;10:54:57.760440
1765;1878;-113;10:54:57.760440
1768;1877;-109;10:54:57.760440
1768;1876;-108;10:54:57.760440
1768;1875;-107;10:54:57.760440
1768;1874;-106;10:54:57.760440
1767;1876;-109;10:54:57.760440
1768;1876;-108;10:54:57.760440
1765;1872;-107;10:54:57.760440
1764;1874;-110;10:54:57.760440
1768;1876;-108;10:54:57.760440
1766;1874;-108;10:54:57.760440
1764;1873;-109;10:54:57.760440
1765;1874;-109;10:54:57.760440
1761;1873;-112;10:54:57.760440
1761;1871;-110;10:54:57.760440
1762;1871;-109;10:54:57.760440
1762;1872;-110;10:54:57.760440
1762;1870;-108;10:54:57.760440
1762;1871;-109;10:54:57.760440
1758;1872;-114;10:54:57.760440
1760;1873;-113;10:54:57.760440
1762;1876;-114;10:54:57.760440
1766;1878;-112;10:54:57.760440
1765;1879;-114;10:54:57.760440
1766;1879;-113;10:54:57.760440
1769;1883;-114;10:54:57.760440
1771;1882;-111;10:54:57.760440
1772;1881;-109;10:54:57.760440
1775;1885;-110;10:54:57.760440
1775;1884;-109;10:54:57.760440
1774;1881;-107;10:54:57.760440
1774;1881;-107;10:54:57.760440
1772;1880;-108;10:54:57.760440
1770;1881;-111;10:54:57.760440
1769;1879;-110;10:54:57.760440
1769;1879;-110;10:54:57.760440
1769;1879;-110;10:54:57.760440
1766;1879;-113;10:54:57.760440
1766;1877;-111;10:54:57.760440
1765;1876;-111;10:54:57.760440
1762;1874;-112;10:54:57.760440
1761;1872;-111;10:54:57.760440
1760;1873;-113;10:54:57.760440
1761;1871;-110;10:54:57.760440
1759;1869;-110;10:54:57.760440
1758;1868;-110;10:54:57.760440
1758;1868;-110;10:54:57.760440
1757;1867;-110;10:54:57.760440
1759;1868;-109;10:54:57.760440
1757;1867;-110;10:54:57.760440
1755;1869;-114;10:54:57.760440
1754;1869;-115;10:54:57.760440
1756;1872;-116;10:54:57.760440
1758;1872;-114;10:54:57.760440
1758;1873;-115;10:54:57.760440
1760;1875;-115;10:54:57.760440
1760;1873;-113;10:54:57.760440
1758;1874;-116;10:54:57.760440
1760;1874;-114;10:54:57.760440
1761;1876;-115;10:54:57.760440
1762;1872;-110;10:54:57.760440
1760;1872;-112;10:54:57.760440
1760;1870;-110;10:54:57.760440
1757;1872;-115;10:54:57.760440
1758;1872;-114;10:54:57.760440
1758;1872;-114;10:54:57.760440
1757;1872;-115;10:54:57.760440
1758;1869;-111;10:54:57.760440
1756;1871;-115;10:54:57.760440
1755;1870;-115;10:54:57.760440
1758;1868;-110;10:54:57.760440
1758;1869;-111;10:54:57.760440
1756;1870;-114;10:54:57.760440
1756;1869;-113;10:54:57.760440
1753;1868;-115;10:54:57.760440
1753;1867;-114;10:54:57.760440
1753;1865;-112;10:54:57.760440
1754;1865;-111;10:54:57.760440
1751;1865;-114;10:54:57.760440
1750;1866;-116;10:54:57.760440
1751;1864;-113;10:54:57.760440
1751;1866;-115;10:54:57.760440
1754;1866;-112;10:54:57.760440
1754;1866;-112;10:54:57.760440
1754;1865;-111;10:54:57.760440
1752;1867;-115;10:54:57.760440
1751;1868;-117;10:54:57.760440
1754;1868;-114;10:54:57.760440
1755;1870;-115;10:54:57.760440
1754;1869;-115;10:54:57.760440
1752;1871;-119;10:54:57.760440
1752;1870;-118;10:54:57.760440
1751;1867;-116;10:54:57.760440
1752;1866;-114;10:54:57.760440
1752;1868;-116;10:54:57.760440
1753;1867;-114;10:54:57.760440
1754;1865;-111;10:54:57.760440
1755;1866;-111;10:54:57.760440
1753;1866;-113;10:54:57.760440
1753;1865;-112;10:54:57.760440
1754;1867;-113;10:54:57.760440
1756;1868;-112;10:54:57.760440
1756;1866;-110;10:54:57.760440
1754;1865;-111;10:54:57.760440
1755;1867;-112;10:54:57.760440
1754;1869;-115;10:54:57.760440
1755;1868;-113;10:54:57.760440
1755;1867;-112;10:54:57.760440
1756;1865;-109;10:54:57.760440
1755;1865;-110;10:54:57.760440
1755;1866;-111;10:54:57.760440
1754;1865;-111;10:54:57.760440
1753;1866;-113;10:54:57.760440
1753;1864;-111;10:54:57.760440
1754;1864;-110;10:54:57.760440
1751;1862;-111;10:54:57.760440
1749;1863;-114;10:54:57.760440
1751;1867;-116;10:54:57.760440
1751;1864;-113;10:54:57.760440
1752;1865;-113;10:54:57.760440
1752;1863;-111;10:54:57.760440
1753;1869;-116;10:54:57.760440
1752;1866;-114;10:54:57.760440
1751;1868;-117;10:54:57.760440
1753;1867;-114;10:54:57.760440
1754;1869;-115;10:54:57.760440
1753;1869;-116;10:54:57.760440
1755;1868;-113;10:54:57.760440
1756;1867;-111;10:54:57.760440
1755;1869;-114;10:54:57.760440
1757;1869;-112;10:54:57.760440
1756;1867;-111;10:54:57.760440
1758;1869;-111;10:54:57.760440
1759;1870;-111;10:54:57.760440
1756;1872;-116;10:54:57.760440
1757;1870;-113;10:54:57.760440
1759;1870;-111;10:54:57.760440
1757;1872;-115;10:54:57.760440
1759;1870;-111;10:54:57.760440
1755;1871;-116;10:54:57.760440
1756;1870;-114;10:54:57.760440
1756;1868;-112;10:54:57.760440
1760;1868;-108;10:54:57.760440
1759;1868;-109;10:54:57.760440
1759;1869;-110;10:54:57.760440
1758;1868;-110;10:54:57.760440
1757;1869;-112;10:54:57.760440
1756;1869;-113;10:54:57.760440
1756;1870;-114;10:54:57.760440
1754;1869;-115;10:54:57.760440
1753;1869;-116;10:54:57.760440
1753;1868;-115;10:54:57.760440
1751;1866;-115;10:54:57.760440
1749;1866;-117;10:54:57.760440
1748;1864;-116;10:54:57.760440
1749;1866;-117;10:54:57.760440
1749;1864;-115;10:54:57.760440
1750;1865;-115;10:54:57.760440
1752;1867;-115;10:54:57.760440
1751;1866;-115;10:54:57.760440
1751;1865;-114;10:54:57.760440
1751;1866;-115;10:54:57.760440
1754;1867;-113;10:54:57.760440
1750;1863;-113;10:54:57.760440
1749;1864;-115;10:54:57.760440
1750;1864;-114;10:54:57.760440
1747;1864;-117;10:54:57.760440
1748;1864;-116;10:54:57.760440
1749;1865;-116;10:54:57.760440
1749;1868;-119;10:54:57.760440
1747;1868;-121;10:54:57.760440
1747;1870;-123;10:54:57.760440
1751;1867;-116;10:54:57.760440
1751;1868;-117;10:54:57.760440
1755;1868;-113;10:54:57.760440
1756;1868;-112;10:54:57.760440
1759;1868;-109;10:54:57.760440
1759;1869;-110;10:54:57.760440
1758;1870;-112;10:54:57.760440
1757;1870;-113;10:54:57.760440
1757;1869;-112;10:54:57.760440
1756;1869;-113;10:54:57.760440
1755;1868;-113;10:54:57.760440
1753;1868;-115;10:54:57.760440
1751;1868;-117;10:54:57.760440
1751;1867;-116;10:54:57.760440
1750;1866;-116;10:54:57.760440
1748;1867;-119;10:54:57.760440
1747;1863;-116;10:54:57.760440
1749;1862;-113;10:54:57.760440
1748;1859;-111;10:54:57.760440
1749;1859;-110;10:54:57.760440
1748;1858;-110;10:54:57.760440
1748;1856;-108;10:54:57.760440
1748;1858;-110;10:54:57.760440
1748;1858;-110;10:54:57.760440
1746;1858;-112;10:54:57.760440
1744;1861;-117;10:54:57.760440
1744;1861;-117;10:54:57.760440
1743;1861;-118;10:54:57.760440
1743;1859;-116;10:54:57.760440
1743;1861;-118;10:54:57.760440
1743;1862;-119;10:54:57.760440
1742;1860;-118;10:54:57.760440
1745;1860;-115;10:54:57.760440
1747;1861;-114;10:54:57.760440
1747;1861;-114;10:54:57.760440
1748;1859;-111;10:54:57.760440
1751;1861;-110;10:54:57.760440
1748;1860;-112;10:54:57.760440
1748;1859;-111;10:54:57.760440
1747;1861;-114;10:54:57.760440
1749;1861;-112;10:54:57.760440
1747;1860;-113;10:54:57.760440
1746;1858;-112;10:54:57.760440
1748;1860;-112;10:54:57.760440
1748;1860;-112;10:54:57.760440
1747;1858;-111;10:54:57.760440
1747;1859;-112;10:54:57.760440
1748;1860;-112;10:54:57.760440
1745;1859;-114;10:54:57.760440
1745;1857;-112;10:54:57.760440
1747;1860;-113;10:54:57.760440
1746;1858;-112;10:54:57.760440
1747;1857;-110;10:54:57.760440
1745;1858;-113;10:54:57.760440
1744;1858;-114;10:54:57.760440
1745;1858;-113;10:54:57.760440
1746;1859;-113;10:54:57.760440
1746;1860;-114;10:54:57.760440
1747;1859;-112;10:54:57.760440
1746;1859;-113;10:54:57.760440
1743;1860;-117;10:54:57.760440
1744;1858;-114;10:54:57.760440
1746;1859;-113;10:54:57.760440
1745;1859;-114;10:54:57.760440
1745;1859;-114;10:54:57.760440
1746;1860;-114;10:54:57.760440
1745;1860;-115;10:54:57.760440
1747;1859;-112;10:54:57.760440
1746;1861;-115;10:54:57.760440
1748;1860;-112;10:54:57.760440
1749;1862;-113;10:54:57.760440
1747;1862;-115;10:54:57.760440
1748;1864;-116;10:54:57.760440
1751;1866;-115;10:54:57.760440
1750;1863;-113;10:54:57.760440
1749;1864;-115;10:54:57.760440
1752;1862;-110;10:54:57.760440
1751;1863;-112;10:54:57.760440
1751;1865;-114;10:54:57.760440
1752;1866;-114;10:54:57.760440
1754;1869;-115;10:54:57.760440
1755;1868;-113;10:54:57.760440
1757;1867;-110;10:54:57.760440
1756;1866;-110;10:54:57.760440
1756;1867;-111;10:54:57.760440
1756;1868;-112;10:54:57.760440
1756;1866;-110;10:54:57.760440
1754;1866;-112;10:54:57.760440
1756;1867;-111;10:54:57.760440
1756;1866;-110;10:54:57.760440
1753;1865;-112;10:54:57.760440
1754;1863;-109;10:54:57.760440
1752;1865;-113;10:54:57.760440
1752;1865;-113;10:54:57.760440
1753;1864;-111;10:54:57.760440
1754;1863;-109;10:54:57.760440
1754;1863;-109;10:54:57.760440
1755;1867;-112;10:54:57.760440
1757;1866;-109;10:54:57.760440
1755;1870;-115;10:54:57.760440
1754;1868;-114;10:54:57.760440
1757;1870;-113;10:54:57.760440
1757;1872;-115;10:54:57.760440
1758;1872;-114;10:54:57.760440
1759;1872;-113;10:54:57.760440
1757;1872;-115;10:54:57.760440
1758;1871;-113;10:54:57.760440
1758;1872;-114;10:54:57.760440
1757;1870;-113;10:54:57.760440
1757;1871;-114;10:54:57.760440
1760;1871;-111;10:54:57.760440
1761;1872;-111;10:54:57.760440
1762;1871;-109;10:54:57.760440
1762;1871;-109;10:54:57.760440
1762;1871;-109;10:54:57.760440
1761;1873;-112;10:54:57.760440
1760;1874;-114;10:54:57.760440
1759;1874;-115;10:54:57.760440
1762;1875;-113;10:54:57.760440
1763;1873;-110;10:54:57.760440
1762;1872;-110;10:54:57.760440
1762;1873;-111;10:54:57.760440
1763;1875;-112;10:54:57.760440
1762;1873;-111;10:54:57.760440
1762;1872;-110;10:54:57.760440
1760;1871;-111;10:54:57.760440
1760;1872;-112;10:54:57.760440
1760;1872;-112;10:54:57.760440
1756;1869;-113;10:54:57.760440
1752;1869;-117;10:54:57.760440
1752;1866;-114;10:54:57.760440
1752;1866;-114;10:54:57.760440
1750;1865;-115;10:54:57.760440
1751;1863;-112;10:54:57.760440
1752;1864;-112;10:54:57.760440
1753;1866;-113;10:54:57.760440
1753;1864;-111;10:54:57.760440
1754;1864;-110;10:54:57.760440
1754;1867;-113;10:54:57.760440
1753;1868;-115;10:54:57.760440
1754;1867;-113;10:54:57.760440
1754;1868;-114;10:54:57.760440
1755;1867;-112;10:54:57.760440
1755;1869;-114;10:54:57.760440
1756;1868;-112;10:54:57.760440
1757;1870;-113;10:54:57.760440
1756;1870;-114;10:54:57.760440
1759;1873;-114;10:54:57.760440
1762;1872;-110;10:54:57.760440
1760;1871;-111;10:54:57.760440
1760;1869;-109;10:54:57.760440
1759;1870;-111;10:54:57.760440
1760;1873;-113;10:54:57.760440
1759;1874;-115;10:54:57.760440
1759;1873;-114;10:54:57.760440
1760;1871;-111;10:54:57.760440
1758;1870;-112;10:54:57.760440
1761;1867;-106;10:54:57.760440
1761;1870;-109;10:54:57.760440
1757;1871;-114;10:54:57.760440
1760;1869;-109;10:54:57.760440
1761;1868;-107;10:54:57.760440
1757;1867;-110;10:54:57.760440
1754;1866;-112;10:54:57.760440
1752;1865;-113;10:54:57.760440
1752;1863;-111;10:54:57.760440
1748;1860;-112;10:54:57.760440
1748;1860;-112;10:54:57.760440
1749;1864;-115;10:54:57.760440
1749;1864;-115;10:54:57.760440
1752;1862;-110;10:54:57.760440
1752;1863;-111;10:54:57.760440
1751;1862;-111;10:54:57.760440
1753;1863;-110;10:54:57.760440
1753;1866;-113;10:54:57.760440
1751;1864;-113;10:54:57.760440
1752;1866;-114;10:54:57.760440
1753;1867;-114;10:54:57.760440
1752;1867;-115;10:54:57.760440
1751;1865;-114;10:54:57.760440
1755;1866;-111;10:54:57.760440
1755;1869;-114;10:54:57.760440
1753;1866;-113;10:54:57.760440
1753;1866;-113;10:54:57.760440
1754;1866;-112;10:54:57.760440
1753;1865;-112;10:54:57.760440
1754;1864;-110;10:54:57.760440
1754;1864;-110;10:54:57.760440
1757;1865;-108;10:54:57.760440
1754;1866;-112;10:54:57.760440
1753;1865;-112;10:54:57.760440
1753;1865;-112;10:54:57.760440
1755;1867;-112;10:54:57.760440
1758;1868;-110;10:54:57.760440
1758;1868;-110;10:54:57.760440
1756;1868;-112;10:54:57.760440
1755;1868;-113;10:54:57.760440
1756;1868;-112;10:54:57.760440
1756;1869;-113;10:54:57.760440
1756;1867;-111;10:54:57.760440
1754;1868;-114;10:54:57.760440
1752;1867;-115;10:54:57.760440
1753;1867;-114;10:54:57.760440
1752;1865;-113;10:54:57.760440
1752;1863;-111;10:54:57.760440
1751;1862;-111;10:54:57.760440
1752;1861;-109;10:54:57.760440
1750;1861;-111;10:54:57.760440
1748;1861;-113;10:54:57.760440
1751;1862;-111;10:54:57.760440
1751;1863;-112;10:54:57.760440
1752;1865;-113;10:54:57.760440
1750;1863;-113;10:54:57.760440
1751;1863;-112;10:54:57.760440
1753;1863;-110;10:54:57.760440
1754;1865;-111;10:54:57.760440
1753;1865;-112;10:54:57.760440
1752;1865;-113;10:54:57.760440
1753;1865;-112;10:54:57.760440
1755;1866;-111;10:54:57.760440
1753;1865;-112;10:54:57.760440
1755;1866;-111;10:54:57.760440
1758;1866;-108;10:54:57.760440
1758;1868;-110;10:54:57.760440
1757;1868;-111;10:54:57.760440
1759;1868;-109;10:54:57.760440
1760;1867;-107;10:54:57.760440
1759;1868;-109;10:54:57.760440
1758;1867;-109;10:54:57.760440
1759;1867;-108;10:54:57.760440
1758;1868;-110;10:54:57.760440
1757;1868;-111;10:54:57.760440
1758;1870;-112;10:54:57.760440
1756;1868;-112;10:54:57.760440
1755;1868;-113;10:54:57.760440
1755;1867;-112;10:54:57.760440
1755;1867;-112;10:54:57.760440
1754;1864;-110;10:54:57.760440
1757;1864;-107;10:54:57.760440
1756;1866;-110;10:54:57.760440
1754;1865;-111;10:54:57.760440
1756;1866;-110;10:54:57.760440
1757;1865;-108;10:54:57.760440
1756;1864;-108;10:54:57.760440
1753;1863;-110;10:54:57.760440
1750;1863;-113;10:54:57.760440
1752;1866;-114;10:54:57.760440
1752;1865;-113;10:54:57.760440
1755;1868;-113;10:54:57.760440
1757;1869;-112;10:54:57.760440
1758;1872;-114;10:54:57.760440
1761;1870;-109;10:54:57.760440
1764;1873;-109;10:54:57.760440
1764;1872;-108;10:54:57.760440
1765;1873;-108;10:54:57.760440
1766;1875;-109;10:54:57.760440
1763;1876;-113;10:54:57.760440
1764;1877;-113;10:54:57.760440
1764;1879;-115;10:54:57.760440
1763;1878;-115;10:54:57.760440
1763;1877;-114;10:54:57.760440
1764;1877;-113;10:54:57.760440
1764;1877;-113;10:54:57.760440
1765;1875;-110;10:54:57.760440
1765;1876;-111;10:54:57.760440
1765;1878;-113;10:54:57.760440
1765;1880;-115;10:54:57.760440
1767;1877;-110;10:54:57.760440
1769;1877;-108;10:54:57.760440
1767;1876;-109;10:54:57.760440
1765;1876;-111;10:54:57.760440
1764;1877;-113;10:54:57.760440
1766;1879;-113;10:54:57.760440
1765;1875;-110;10:54:57.760440
1765;1875;-110;10:54:57.760440
1763;1875;-112;10:54:57.760440
1762;1875;-113;10:54:57.760440
1763;1874;-111;10:54:57.760440
1764;1872;-108;10:54:57.760440
1761;1872;-111;10:54:57.760440
1764;1873;-109;10:54:57.760440
1765;1875;-110;10:54:57.760440
1762;1875;-113;10:54:57.760440
1762;1873;-111;10:54:57.760440
1761;1873;-112;10:54:57.760440
1761;1873;-112;10:54:57.760440
1760;1872;-112;10:54:57.760440
1761;1871;-110;10:54:57.760440
1759;1871;-112;10:54:57.760440
1758;1871;-113;10:54:57.760440
1758;1872;-114;10:54:57.760440
1759;1874;-115;10:54:57.760440
1761;1873;-112;10:54:57.760440
1759;1873;-114;10:54:57.760440
1760;1874;-114;10:54:57.760440
1760;1873;-113;10:54:57.760440
1759;1873;-114;10:54:57.760440
1759;1873;-114;10:54:57.760440
1760;1874;-114;10:54:57.760440
1760;1874;-114;10:54:57.760440
1760;1875;-115;10:54:57.760440
1762;1875;-113;10:54:57.760440
1762;1873;-111;10:54:57.760440
1762;1874;-112;10:54:57.760440
1761;1876;-115;10:54:57.760440
1760;1876;-116;10:54:57.760440
1760;1873;-113;10:54:57.760440
1761;1872;-111;10:54:57.760440
1763;1873;-110;10:54:57.760440
1761;1873;-112;10:54:57.760440
1760;1874;-114;10:54:57.760440
1758;1874;-116;10:54:57.760440
1759;1871;-112;10:54:57.760440
1758;1872;-114;10:54:57.760440
1759;1874;-115;10:54:57.760440
1759;1875;-116;10:54:57.760440
1758;1873;-115;10:54:57.760440
1758;1873;-115;10:54:57.760440
1760;1873;-113;10:54:57.760440
1759;1872;-113;10:54:57.760440
1760;1871;-111;10:54:57.760440
1759;1871;-112;10:54:57.760440
1757;1870;-113;10:54:57.760440
1757;1870;-113;10:54:57.760440
1756;1871;-115;10:54:57.760440
1754;1870;-116;10:54:57.760440
1756;1869;-113;10:54:57.760440
1757;1870;-113;10:54:57.760440
1756;1868;-112;10:54:57.760440
1755;1869;-114;10:54:57.760440
1756;1868;-112;10:54:57.760440
1757;1868;-111;10:54:57.760440
1756;1868;-112;10:54:57.760440
1757;1868;-111;10:54:57.760440
1757;1872;-115;10:54:57.760440
1757;1871;-114;10:54:57.760440
1759;1871;-112;10:54:57.760440
1757;1871;-114;10:54:57.760440
1758;1872;-114;10:54:57.760440
1757;1874;-117;10:54:57.760440
1759;1874;-115;10:54:57.760440
1760;1874;-114;10:54:57.760440
1761;1873;-112;10:54:57.760440
1762;1871;-109;10:54:57.760440
1763;1872;-109;10:54:57.760440
1763;1871;-108;10:54:57.760440
1762;1871;-109;10:54:57.760440
1760;1868;-108;10:54:57.760440
1759;1869;-110;10:54:57.760440
1758;1869;-111;10:54:57.760440
1757;1869;-112;10:54:57.760440
1755;1868;-113;10:54:57.760440
1756;1868;-112;10:54:57.760440
1758;1869;-111;10:54:57.760440
1758;1866;-108;10:54:57.760440
1759;1866;-107;10:54:57.760440
1757;1867;-110;10:54:57.760440
1758;1867;-109;10:54:57.760440
1759;1867;-108;10:54:57.760440
1758;1866;-108;10:54:57.760440
1759;1867;-108;10:54:57.760440
1758;1868;-110;10:54:57.760440
1758;1866;-108;10:54:57.760440
1757;1866;-109;10:54:57.760440
1756;1866;-110;10:54:57.760440
1756;1867;-111;10:54:57.760440
1753;1868;-115;10:54:57.760440
1753;1866;-113;10:54:57.760440
1755;1867;-112;10:54:57.760440
1754;1867;-113;10:54:57.760440
1759;1870;-111;10:54:57.760440
1760;1870;-110;10:54:57.760440
1763;1869;-106;10:54:57.760440
1763;1871;-108;10:54:57.760440
1764;1872;-108;10:54:57.760440
1765;1873;-108;10:54:57.760440
1763;1873;-110;10:54:57.760440
1764;1872;-108;10:54:57.760440
1764;1871;-107;10:54:57.760440
1762;1872;-110;10:54:57.760440
1763;1870;-107;10:54:57.760440
1762;1869;-107;10:54:57.760440
1760;1869;-109;10:54:57.760440
1761;1869;-108;10:54:57.760440
1761;1867;-106;10:54:57.760440
1760;1866;-106;10:54:57.760440
1759;1865;-106;10:54:57.760440
1759;1865;-106;10:54:57.760440
1758;1864;-106;10:54:57.760440
1758;1862;-104;10:54:57.760440
1758;1864;-106;10:54:57.760440
1758;1864;-106;10:54:57.760440
1754;1864;-110;10:54:57.760440
1755;1866;-111;10:54:57.760440
1756;1868;-112;10:54:57.760440
1756;1868;-112;10:54:57.760440
1755;1867;-112;10:54:57.760440
1756;1867;-111;10:54:57.760440
1754;1867;-113;10:54:57.760440
1755;1866;-111;10:54:57.760440
1755;1866;-111;10:54:57.760440
1752;1864;-112;10:54:57.760440
1757;1867;-110;10:54:57.760440
1758;1867;-109;10:54:57.760440
1758;1866;-108;10:54:57.760440
1758;1869;-111;10:54:57.760440
1760;1871;-111;10:54:57.760440
1762;1873;-111;10:54:57.760440
1762;1872;-110;10:54:57.760440
1760;1873;-113;10:54:57.760440
1763;1873;-110;10:54:57.760440
1765;1875;-110;10:54:57.760440
1765;1874;-109;10:54:57.760440
1765;1875;-110;10:54:57.760440
1764;1876;-112;10:54:57.760440
1764;1876;-112;10:54:57.760440
1767;1876;-109;10:54:57.760440
1766;1874;-108;10:54:57.760440
1765;1873;-108;10:54:57.760440
1764;1870;-106;10:54:57.760440
1762;1872;-110;10:54:57.760440
1763;1871;-108;10:54:57.760440
1763;1870;-107;10:54:57.760440
1761;1869;-108;10:54:57.760440
1761;1868;-107;10:54:57.760440
1762;1868;-106;10:54:57.760440
1762;1870;-108;10:54:57.760440
1760;1870;-110;10:54:57.760440
1759;1871;-112;10:54:57.760440
1759;1871;-112;10:54:57.760440
1758;1870;-112;10:54:57.760440
1757;1869;-112;10:54:57.760440
1755;1867;-112;10:54:57.760440
1753;1865;-112;10:54:57.760440
1754;1864;-110;10:54:57.760440
1755;1862;-107;10:54:57.760440
1756;1864;-108;10:54:57.760440
1754;1864;-110;10:54:57.760440
1755;1862;-107;10:54:57.760440
1758;1863;-105;10:54:57.760440
1757;1865;-108;10:54:57.760440
1755;1866;-111;10:54:57.760440
1756;1868;-112;10:54:57.760440
1757;1869;-112;10:54:57.760440
1758;1871;-113;10:54:57.760440
1760;1871;-111;10:54:57.760440
1760;1872;-112;10:54:57.760440
1760;1873;-113;10:54:57.760440
1761;1872;-111;10:54:57.760440
1763;1873;-110;10:54:57.760440
1761;1874;-113;10:54:57.760440
1763;1873;-110;10:54:57.760440
1767;1872;-105;10:54:57.760440
1766;1873;-107;10:54:57.760440
1764;1872;-108;10:54:57.760440
1765;1874;-109;10:54:57.760440
1763;1873;-110;10:54:57.760440
1761;1873;-112;10:54:57.760440
1762;1873;-111;10:54:57.760440
1761;1873;-112;10:54:57.857181
1760;1871;-111;10:54:57.857181
1760;1870;-110;10:54:57.857181
1757;1869;-112;10:54:57.857181
1757;1868;-111;10:54:57.857181
1758;1869;-111;10:54:57.857181
1759;1870;-111;10:54:57.857181
1759;1870;-111;10:54:57.857181
1761;1872;-111;10:54:57.857181
1762;1871;-109;10:54:57.857181
1762;1868;-106;10:54:57.857181
1760;1870;-110;10:54:57.857181
1762;1872;-110;10:54:57.857181
1759;1873;-114;10:54:57.857181
1759;1870;-111;10:54:57.857181
1760;1873;-113;10:54:57.857181
1762;1875;-113;10:54:57.857181
1763;1875;-112;10:54:57.857181
1765;1874;-109;10:54:57.857181
1763;1872;-109;10:54:57.857181
1764;1873;-109;10:54:57.857181
1765;1875;-110;10:54:57.857181
1765;1873;-108;10:54:57.857181
1763;1873;-110;10:54:57.857181
1763;1872;-109;10:54:57.857181
1766;1874;-108;10:54:57.857181
1763;1875;-112;10:54:57.857181
1765;1874;-109;10:54:57.857181
1768;1877;-109;10:54:57.857181
1768;1878;-110;10:54:57.857181
1768;1878;-110;10:54:57.857181
1771;1878;-107;10:54:57.857181
1769;1877;-108;10:54:57.857181
1767;1877;-110;10:54:57.857181
1768;1876;-108;10:54:57.857181
1766;1878;-112;10:54:57.857181
1767;1875;-108;10:54:57.857181
1767;1874;-107;10:54:57.857181
1766;1874;-108;10:54:57.857181
1766;1874;-108;10:54:57.857181
1764;1872;-108;10:54:57.857181
1763;1874;-111;10:54:57.857181
1763;1873;-110;10:54:57.857181
1760;1875;-115;10:54:57.857181
1761;1873;-112;10:54:57.857181
1761;1872;-111;10:54:57.857181
1761;1872;-111;10:54:57.857181
1762;1876;-114;10:54:57.857181
1764;1875;-111;10:54:57.857181
1763;1875;-112;10:54:57.857181
1763;1874;-111;10:54:57.857181
1765;1876;-111;10:54:57.857181
1764;1875;-111;10:54:57.857181
1764;1876;-112;10:54:57.857181
1764;1878;-114;10:54:57.857181
1765;1878;-113;10:54:57.857181
1766;1877;-111;10:54:57.857181
1768;1876;-108;10:54:57.857181
1770;1879;-109;10:54:57.857181
1769;1880;-111;10:54:57.857181
1770;1879;-109;10:54:57.857181
1770;1878;-108;10:54:57.857181
1770;1878;-108;10:54:57.857181
1768;1879;-111;10:54:57.857181
1766;1877;-111;10:54:57.857181
1765;1877;-112;10:54:57.857181
1766;1878;-112;10:54:57.857181
1768;1878;-110;10:54:57.857181
1771;1878;-107;10:54:57.857181
1768;1878;-110;10:54:57.857181
1769;1878;-109;10:54:57.857181
1770;1878;-108;10:54:57.857181
1768;1878;-110;10:54:57.857181
1765;1877;-112;10:54:57.857181
1766;1875;-109;10:54:57.857181
1764;1873;-109;10:54:57.857181
1763;1872;-109;10:54:57.857181
1762;1872;-110;10:54:57.857181
1760;1874;-114;10:54:57.857181
1760;1870;-110;10:54:57.857181
1760;1871;-111;10:54:57.857181
1762;1872;-110;10:54:57.857181
1763;1874;-111;10:54:57.857181
1760;1875;-115;10:54:57.857181
1763;1876;-113;10:54:57.857181
1763;1878;-115;10:54:57.857181
1763;1878;-115;10:54:57.857181
1765;1876;-111;10:54:57.857181
1763;1878;-115;10:54:57.857181
1764;1878;-114;10:54:57.857181
1764;1879;-115;10:54:57.857181
1767;1878;-111;10:54:57.857181
1766;1877;-111;10:54:57.857181
1764;1878;-114;10:54:57.857181
1767;1878;-111;10:54:57.857181
1766;1877;-111;10:54:57.857181
1764;1877;-113;10:54:57.857181
1764;1878;-114;10:54:57.857181
1763;1879;-116;10:54:57.857181
1765;1878;-113;10:54:57.857181
1767;1878;-111;10:54:57.857181
1768;1880;-112;10:54:57.857181
1767;1880;-113;10:54:57.857181
1767;1880;-113;10:54:57.857181
1771;1880;-109;10:54:57.857181
1769;1878;-109;10:54:57.857181
1769;1881;-112;10:54:57.857181
1770;1880;-110;10:54:57.857181
1770;1880;-110;10:54:57.857181
1768;1878;-110;10:54:57.857181
1769;1877;-108;10:54:57.857181
1767;1878;-111;10:54:57.857181
1764;1875;-111;10:54:57.857181
1764;1875;-111;10:54:57.857181
1764;1875;-111;10:54:57.857181
1762;1875;-113;10:54:57.857181
1763;1875;-112;10:54:57.857181
1764;1875;-111;10:54:57.857181
1765;1875;-110;10:54:57.857181
1764;1873;-109;10:54:57.857181
1765;1874;-109;10:54:57.857181
1764;1873;-109;10:54:57.857181
1760;1872;-112;10:54:57.857181
1761;1873;-112;10:54:57.857181
1761;1874;-113;10:54:57.857181
1760;1872;-112;10:54:57.857181
1761;1871;-110;10:54:57.857181
1761;1872;-111;10:54:57.857181
1762;1873;-111;10:54:57.857181
1761;1874;-113;10:54:57.857181
1760;1874;-114;10:54:57.857181
1761;1874;-113;10:54:57.857181
1761;1874;-113;10:54:57.857181
1763;1875;-112;10:54:57.857181
1763;1873;-110;10:54:57.857181
1762;1874;-112;10:54:57.857181
1764;1874;-110;10:54:57.857181
1764;1874;-110;10:54:57.857181
1763;1872;-109;10:54:57.857181
1762;1872;-110;10:54:57.857181
1764;1872;-108;10:54:57.857181
1763;1873;-110;10:54:57.857181
1761;1872;-111;10:54:57.857181
1761;1872;-111;10:54:57.857181
1761;1874;-113;10:54:57.857181
1759;1872;-113;10:54:57.857181
1761;1872;-111;10:54:57.857181
1759;1874;-115;10:54:57.857181
1758;1872;-114;10:54:57.857181
1762;1871;-109;10:54:57.857181
1760;1869;-109;10:54:57.857181
1758;1869;-111;10:54:57.857181
1755;1867;-112;10:54:57.857181
1756;1867;-111;10:54:57.857181
1755;1866;-111;10:54:57.857181
1753;1865;-112;10:54:57.857181
1754;1865;-111;10:54:57.857181
1753;1865;-112;10:54:57.857181
1753;1864;-111;10:54:57.857181
1754;1865;-111;10:54:57.857181
1754;1865;-111;10:54:57.857181
1753;1864;-111;10:54:57.857181
1754;1864;-110;10:54:57.857181
1756;1866;-110;10:54:57.857181
1753;1867;-114;10:54:57.857181
1755;1866;-111;10:54:57.857181
1756;1868;-112;10:54:57.857181
1756;1868;-112;10:54:57.857181
1754;1867;-113;10:54:57.857181
1756;1867;-111;10:54:57.857181
1757;1866;-109;10:54:57.857181
1757;1865;-108;10:54:57.857181
1756;1867;-111;10:54:57.857181
1755;1868;-113;10:54:57.857181
1755;1867;-112;10:54:57.857181
1756;1866;-110;10:54:57.857181
1758;1866;-108;10:54:57.857181
1758;1867;-109;10:54:57.857181
1758;1868;-110;10:54:57.857181
1760;1870;-110;10:54:57.857181
1758;1868;-110;10:54:57.857181
1759;1867;-108;10:54:57.857181
1761;1867;-106;10:54:57.857181
1760;1867;-107;10:54:57.857181
1758;1865;-107;10:54:57.857181
1755;1866;-111;10:54:57.857181
1755;1867;-112;10:54:57.857181
1754;1868;-114;10:54:57.857181
1754;1869;-115;10:54:57.857181
1757;1870;-113;10:54:57.857181
1757;1868;-111;10:54:57.857181
1757;1868;-111;10:54:57.857181
1758;1865;-107;10:54:57.857181
1755;1865;-110;10:54:57.857181
1756;1866;-110;10:54:57.857181
1755;1867;-112;10:54:57.857181
1755;1868;-113;10:54:57.857181
1754;1866;-112;10:54:57.857181
1754;1866;-112;10:54:57.857181
1757;1867;-110;10:54:57.857181
1755;1866;-111;10:54:57.857181
1754;1864;-110;10:54:57.857181
1754;1867;-113;10:54:57.857181
1754;1868;-114;10:54:57.857181
1754;1868;-114;10:54:57.857181
1754;1868;-114;10:54:57.857181
1755;1868;-113;10:54:57.857181
1757;1868;-111;10:54:57.857181
1760;1867;-107;10:54:57.857181
1759;1867;-108;10:54:57.857181
1758;1868;-110;10:54:57.857181
1759;1870;-111;10:54:57.857181
1760;1871;-111;10:54:57.857181
1758;1871;-113;10:54:57.857181
1757;1870;-113;10:54:57.857181
1757;1870;-113;10:54:57.857181
1759;1870;-111;10:54:57.857181
1760;1868;-108;10:54:57.857181
1759;1869;-110;10:54:57.857181
1759;1868;-109;10:54:57.857181
1759;1870;-111;10:54:57.857181
1759;1870;-111;10:54:57.857181
1758;1869;-111;10:54:57.857181
1757;1868;-111;10:54:57.857181
1759;1869;-110;10:54:57.857181
1757;1867;-110;10:54:57.857181
1753;1864;-111;10:54:57.857181
1753;1864;-111;10:54:57.857181
1756;1866;-110;10:54:57.857181
1756;1864;-108;10:54:57.857181
1753;1864;-111;10:54:57.857181
1752;1866;-114;10:54:57.857181
1751;1869;-118;10:54:57.857181
1752;1867;-115;10:54:57.857181
1752;1865;-113;10:54:57.857181
1754;1864;-110;10:54:57.857181
1752;1865;-113;10:54:57.857181
1753;1865;-112;10:54:57.857181
1750;1866;-116;10:54:57.857181
1754;1868;-114;10:54:57.857181
1756;1867;-111;10:54:57.857181
1758;1866;-108;10:54:57.857181
1756;1867;-111;10:54:57.857181
1756;1871;-115;10:54:57.857181
1757;1873;-116;10:54:57.857181
1758;1873;-115;10:54:57.857181
1761;1873;-112;10:54:57.857181
1760;1874;-114;10:54:57.857181
1762;1875;-113;10:54:57.857181
1761;1874;-113;10:54:57.857181
1760;1873;-113;10:54:57.857181
1761;1873;-112;10:54:57.857181
1761;1875;-114;10:54:57.857181
1761;1874;-113;10:54:57.857181
1763;1875;-112;10:54:57.857181
1765;1877;-112;10:54:57.874136
1765;1876;-111;10:54:57.874136
1767;1876;-109;10:54:57.874136
1766;1874;-108;10:54:57.874136
1762;1873;-111;10:54:57.874136
1760;1872;-112;10:54:57.874136
1757;1870;-113;10:54:57.874136
1755;1868;-113;10:54:57.874136
1753;1866;-113;10:54:57.874136
1754;1867;-113;10:54:57.874136
1755;1869;-114;10:54:57.874136
1756;1869;-113;10:54:57.874136
1758;1869;-111;10:54:57.874136
1757;1868;-111;10:54:57.874136
1756;1868;-112;10:54:57.874136
1757;1867;-110;10:54:57.874136
1754;1865;-111;10:54:57.874136
1753;1865;-112;10:54:57.874136
1754;1864;-110;10:54:57.874136
1752;1863;-111;10:54:57.874136
1753;1865;-112;10:54:57.874136
1752;1868;-116;10:54:57.874136
1754;1868;-114;10:54:57.874136
1754;1869;-115;10:54:57.874136
1754;1869;-115;10:54:57.874136
1755;1870;-115;10:54:57.874136
1756;1871;-115;10:54:57.874136
1759;1868;-109;10:54:57.874136
1760;1870;-110;10:54:57.874136
1759;1872;-113;10:54:57.874136
1760;1871;-111;10:54:57.874136
1760;1871;-111;10:54:57.874136
1761;1870;-109;10:54:57.874136
1760;1870;-110;10:54:57.874136
1759;1870;-111;10:54:57.874136
1761;1870;-109;10:54:57.874136
1761;1871;-110;10:54:57.874136
1760;1871;-111;10:54:57.874136
1760;1870;-110;10:54:57.874136
1758;1870;-112;10:54:57.874136
1758;1869;-111;10:54:57.874136
1757;1867;-110;10:54:57.874136
1757;1866;-109;10:54:57.874136
1756;1865;-109;10:54:57.874136
1756;1864;-108;10:54:57.874136
1754;1865;-111;10:54:57.874136
1754;1866;-112;10:54:57.874136
1758;1868;-110;10:54:57.874136
1759;1867;-108;10:54:57.874136
1755;1866;-111;10:54:57.874136
1753;1865;-112;10:54:57.874136
1755;1868;-113;10:54:57.874136
1753;1867;-114;10:54:57.874136
1754;1866;-112;10:54:57.874136
1756;1868;-112;10:54:57.874136
1757;1869;-112;10:54:57.874136
1756;1868;-112;10:54:57.874136
1758;1867;-109;10:54:57.874136
1755;1868;-113;10:54:57.874136
1757;1868;-111;10:54:57.874136
1755;1868;-113;10:54:57.874136
1756;1867;-111;10:54:57.874136
1755;1868;-113;10:54:57.874136
1755;1869;-114;10:54:57.874136
1758;1871;-113;10:54:57.874136
1760;1871;-111;10:54:57.874136
1760;1870;-110;10:54:57.874136
1761;1869;-108;10:54:57.874136
1760;1870;-110;10:54:57.874136
1759;1870;-111;10:54:57.874136
1758;1869;-111;10:54:57.874136
1761;1872;-111;10:54:57.874136
1758;1872;-114;10:54:57.874136
1756;1869;-113;10:54:57.874136
1759;1870;-111;10:54:57.874136
1758;1868;-110;10:54:57.874136
1757;1869;-112;10:54:57.874136
1757;1867;-110;10:54:57.874136
1761;1867;-106;10:54:57.874136
1761;1866;-105;10:54:57.874136
1760;1865;-105;10:54:57.874136
1757;1865;-108;10:54:57.874136
1754;1865;-111;10:54:57.874136
1754;1866;-112;10:54:57.874136
1752;1867;-115;10:54:57.874136
1751;1868;-117;10:54:57.874136
1752;1867;-115;10:54:57.874136
1753;1867;-114;10:54:57.874136
1752;1864;-112;10:54:57.874136
1754;1865;-111;10:54:57.874136
1754;1864;-110;10:54:57.874136
1755;1865;-110;10:54:57.874136
1755;1864;-109;10:54:57.874136
1753;1866;-113;10:54:57.874136
1755;1868;-113;10:54:57.874136
1754;1867;-113;10:54:57.874136
1757;1868;-111;10:54:57.874136
1757;1867;-110;10:54:57.874136
1757;1868;-111;10:54:57.874136
1753;1868;-115;10:54:57.874136
1756;1867;-111;10:54:57.874136
1758;1867;-109;10:54:57.874136
1757;1865;-108;10:54:57.874136
1758;1865;-107;10:54:57.874136
1759;1867;-108;10:54:57.874136
1759;1866;-107;10:54:57.874136
1758;1867;-109;10:54:57.874136
1761;1868;-107;10:54:57.874136
1760;1870;-110;10:54:57.874136
1762;1870;-108;10:54:57.874136
1763;1871;-108;10:54:57.874136
1763;1871;-108;10:54:57.874136
1761;1871;-110;10:54:57.874136
1761;1870;-109;10:54:57.874136
1760;1871;-111;10:54:57.874136
1758;1869;-111;10:54:57.874136
1758;1869;-111;10:54:57.874136
1757;1868;-111;10:54:57.874136
1759;1865;-106;10:54:57.874136
1759;1865;-106;10:54:57.874136
1756;1864;-108;10:54:57.874136
1756;1864;-108;10:54:57.874136
1755;1865;-110;10:54:57.874136
1757;1866;-109;10:54:57.874136
1759;1866;-107;10:54:57.874136
1755;1865;-110;10:54:57.874136
1754;1868;-114;10:54:57.874136
1753;1867;-114;10:54:57.874136
1751;1868;-117;10:54:57.874136
1752;1866;-114;10:54:57.874136
1751;1865;-114;10:54:57.874136
1749;1866;-117;10:54:57.874136
1752;1867;-115;10:54:57.874136
1753;1868;-115;10:54:57.874136
1756;1867;-111;10:54:57.874136
1756;1867;-111;10:54:57.874136
1755;1869;-114;10:54:57.874136
1756;1869;-113;10:54:57.874136
1756;1868;-112;10:54:57.874136
1757;1868;-111;10:54:57.874136
1757;1869;-112;10:54:57.874136
1756;1869;-113;10:54:57.874136
1758;1868;-110;10:54:57.874136
1757;1869;-112;10:54:57.874136
1759;1872;-113;10:54:57.874136
1759;1869;-110;10:54:57.874136
1760;1871;-111;10:54:57.874136
1760;1870;-110;10:54:57.874136
1760;1872;-112;10:54:57.874136
1758;1871;-113;10:54:57.874136
1760;1870;-110;10:54:57.874136
1760;1868;-108;10:54:57.874136
1759;1868;-109;10:54:57.874136
1759;1867;-108;10:54:57.874136
1757;1868;-111;10:54:57.874136
1754;1866;-112;10:54:57.874136
1753;1863;-110;10:54:57.874136
1753;1866;-113;10:54:57.874136
1750;1865;-115;10:54:57.874136
1749;1865;-116;10:54:57.874136
1752;1862;-110;10:54:57.874136
1751;1863;-112;10:54:57.874136
1753;1864;-111;10:54:57.874136
1754;1864;-110;10:54:57.874136
1752;1863;-111;10:54:57.874136
1750;1862;-112;10:54:57.874136
1751;1864;-113;10:54:57.874136
1750;1863;-113;10:54:57.874136
1751;1865;-114;10:54:57.874136
1754;1864;-110;10:54:57.874136
1753;1863;-110;10:54:57.874136
1751;1863;-112;10:54:57.874136
1753;1864;-111;10:54:57.874136
1753;1865;-112;10:54:57.874136
1753;1863;-110;10:54:57.874136
1752;1863;-111;10:54:57.874136
1753;1866;-113;10:54:57.874136
1754;1866;-112;10:54:57.874136
1753;1864;-111;10:54:57.874136
1753;1864;-111;10:54:57.874136
1752;1866;-114;10:54:57.874136
1754;1865;-111;10:54:57.874136
1757;1864;-107;10:54:57.874136
1755;1865;-110;10:54:57.874136
1753;1866;-113;10:54:57.874136
1756;1867;-111;10:54:57.874136
1759;1866;-107;10:54:57.874136
1759;1864;-105;10:54:57.874136
1757;1864;-107;10:54:57.874136
1754;1865;-111;10:54:57.874136
1751;1864;-113;10:54:57.874136
1750;1862;-112;10:54:57.874136
1752;1862;-110;10:54:57.874136
1750;1860;-110;10:54:57.874136
1748;1860;-112;10:54:57.874136
1749;1857;-108;10:54:57.874136
1747;1859;-112;10:54:57.874136
1750;1858;-108;10:54:57.874136
1751;1859;-108;10:54:57.874136
1748;1860;-112;10:54:57.874136
1749;1861;-112;10:54:57.874136
1748;1860;-112;10:54:57.874136
1749;1859;-110;10:54:57.874136
1751;1860;-109;10:54:57.874136
1752;1860;-108;10:54:57.874136
1752;1861;-109;10:54:57.874136
1753;1863;-110;10:54:57.874136
1755;1865;-110;10:54:57.874136
1753;1867;-114;10:54:57.874136
1753;1866;-113;10:54:57.874136
1755;1868;-113;10:54:57.874136
1757;1869;-112;10:54:57.874136
1759;1870;-111;10:54:57.874136
1759;1869;-110;10:54:57.874136
1761;1870;-109;10:54:57.874136
1763;1868;-105;10:54:57.874136
1763;1869;-106;10:54:57.874136
1762;1868;-106;10:54:57.874136
1761;1869;-108;10:54:57.874136
1763;1870;-107;10:54:57.874136
1761;1868;-107;10:54:57.874136
1759;1869;-110;10:54:57.874136
1762;1869;-107;10:54:57.874136
1759;1869;-110;10:54:57.874136
1759;1867;-108;10:54:57.874136
1761;1868;-107;10:54:57.874136
1757;1869;-112;10:54:57.874136
1754;1865;-111;10:54:57.874136
1756;1867;-111;10:54:57.874136
1754;1866;-112;10:54:57.874136
1756;1866;-110;10:54:57.874136
1755;1865;-110;10:54:57.874136
1758;1867;-109;10:54:57.874136
1759;1864;-105;10:54:57.874136
1758;1866;-108;10:54:57.874136
1757;1867;-110;10:54:57.874136
1756;1867;-111;10:54:57.874136
1757;1868;-111;10:54:57.874136
1755;1868;-113;10:54:57.874136
1755;1867;-112;10:54:57.874136
1757;1867;-110;10:54:57.874136
1756;1868;-112;10:54:57.874136
1757;1867;-110;10:54:57.874136
1757;1868;-111;10:54:57.874136
1757;1870;-113;10:54:57.874136
1758;1871;-113;10:54:57.874136
1758;1872;-114;10:54:57.874136
1760;1872;-112;10:54:57.874136
1762;1872;-110;10:54:57.874136
1761;1872;-111;10:54:57.874136
1759;1872;-113;10:54:57.874136
1760;1871;-111;10:54:57.874136
1764;1872;-108;10:54:57.874136
1763;1872;-109;10:54:57.874136
1762;1872;-110;10:54:57.874136
1763;1873;-110;10:54:57.874136
1763;1873;-110;10:54:57.874136
1763;1873;-110;10:54:57.874136
1763;1871;-108;10:54:57.874136
1761;1869;-108;10:54:57.874136
1761;1870;-109;10:54:57.874136
1761;1870;-109;10:54:57.874136
1758;1871;-113;10:54:57.874136
1761;1869;-108;10:54:57.874136
1760;1867;-107;10:54:57.874136
1758;1866;-108;10:54:57.874136
1758;1865;-107;10:54:57.874136
1758;1864;-106;10:54:57.874136
1758;1863;-105;10:54:57.874136
1759;1862;-103;10:54:57.874136
1755;1862;-107;10:54:57.874136
1754;1865;-111;10:54:57.874136
1751;1864;-113;10:54:57.874136
1752;1864;-112;10:54:57.874136
1753;1863;-110;10:54:57.874136
1753;1865;-112;10:54:57.874136
1754;1865;-111;10:54:57.874136
1755;1865;-110;10:54:57.874136
1754;1865;-111;10:54:57.874136
1753;1865;-112;10:54:57.874136
1755;1867;-112;10:54:57.874136
1758;1866;-108;10:54:57.874136
1757;1867;-110;10:54:57.874136
1756;1867;-111;10:54:57.874136
1757;1869;-112;10:54:57.874136
1757;1871;-114;10:54:57.874136
1759;1870;-111;10:54:57.874136
1759;1871;-112;10:54:57.874136
1758;1869;-111;10:54:57.874136
1760;1869;-109;10:54:57.874136
1760;1871;-111;10:54:57.874136
1760;1871;-111;10:54:57.874136
1761;1871;-110;10:54:57.874136
1765;1871;-106;10:54:57.874136
1765;1871;-106;10:54:57.874136
1762;1871;-109;10:54:57.874136
1764;1871;-107;10:54:57.874136
1765;1871;-106;10:54:57.874136
1762;1869;-107;10:54:57.874136
1760;1869;-109;10:54:57.874136
1761;1868;-107;10:54:57.874136
1760;1867;-107;10:54:57.874136
1757;1867;-110;10:54:57.874136
1756;1863;-107;10:54:57.874136
1754;1863;-109;10:54:57.874136
1753;1859;-106;10:54:57.874136
1754;1859;-105;10:54:57.874136
1752;1859;-107;10:54:57.874136
1748;1859;-111;10:54:57.874136
1748;1860;-112;10:54:57.874136
1750;1861;-111;10:54:57.874136
1751;1859;-108;10:54:57.874136
1749;1858;-109;10:54:57.874136
1750;1858;-108;10:54:57.874136
1750;1860;-110;10:54:57.874136
1749;1860;-111;10:54:57.874136
1752;1862;-110;10:54:57.874136
1754;1863;-109;10:54:57.874136
1752;1864;-112;10:54:57.874136
1750;1864;-114;10:54:57.874136
1752;1864;-112;10:54:57.874136
1750;1865;-115;10:54:57.874136
1752;1864;-112;10:54:57.874136
1754;1861;-107;10:54:57.874136
1752;1862;-110;10:54:57.874136
1754;1862;-108;10:54:57.874136
1754;1863;-109;10:54:57.874136
1753;1861;-108;10:54:57.874136
1752;1861;-109;10:54:57.874136
1753;1864;-111;10:54:57.874136
1755;1865;-110;10:54:57.874136
1754;1862;-108;10:54:57.874136
1752;1861;-109;10:54:57.874136
1753;1861;-108;10:54:57.874136
1756;1860;-104;10:54:57.874136
1754;1861;-107;10:54:57.874136
1752;1859;-107;10:54:57.874136
1750;1859;-109;10:54:57.874136
1749;1860;-111;10:54:57.874136
1751;1861;-110;10:54:57.874136
1749;1858;-109;10:54:57.874136
1749;1858;-109;10:54:57.874136
1749;1857;-108;10:54:57.874136
1752;1858;-106;10:54:57.874136
1750;1856;-106;10:54:57.874136
1745;1858;-113;10:54:57.874136
1747;1861;-114;10:54:57.874136
1748;1862;-114;10:54:57.874136
1747;1862;-115;10:54:57.874136
1747;1862;-115;10:54:57.874136
1747;1865;-118;10:54:57.874136
1748;1863;-115;10:54:57.874136
1749;1863;-114;10:54:57.874136
1750;1862;-112;10:54:57.874136
1751;1863;-112;10:54:57.874136
1754;1866;-112;10:54:57.874136
1754;1867;-113;10:54:57.874136
1754;1865;-111;10:54:57.874136
1754;1866;-112;10:54:57.874136
1756;1868;-112;10:54:57.874136
1755;1866;-111;10:54:57.874136
1754;1864;-110;10:54:57.874136
1755;1865;-110;10:54:57.874136
1755;1866;-111;10:54:57.874136
1754;1864;-110;10:54:57.874136
1753;1863;-110;10:54:57.874136
1755;1865;-110;10:54:57.874136
1755;1865;-110;10:54:57.874136
1756;1867;-111;10:54:57.874136
1756;1868;-112;10:54:57.874136
1756;1869;-113;10:54:57.874136
1758;1870;-112;10:54:57.874136
1761;1870;-109;10:54:57.874136
1759;1868;-109;10:54:57.874136
1756;1869;-113;10:54:57.874136
1757;1871;-114;10:54:57.874136
1756;1870;-114;10:54:57.874136
1755;1868;-113;10:54:57.874136
1757;1867;-110;10:54:57.874136
1758;1869;-111;10:54:57.874136
1755;1867;-112;10:54:57.874136
1758;1867;-109;10:54:57.874136
1757;1867;-110;10:54:57.874136
1756;1866;-110;10:54:57.874136
1756;1869;-113;10:54:57.874136
1757;1870;-113;10:54:57.874136
1758;1869;-111;10:54:57.874136
1757;1868;-111;10:54:57.874136
1758;1870;-112;10:54:57.874136
1756;1869;-113;10:54:57.874136
1754;1871;-117;10:54:57.874136
1757;1871;-114;10:54:57.874136
1759;1874;-115;10:54:57.874136
1760;1875;-115;10:54:57.874136
1761;1876;-115;10:54:57.874136
1763;1876;-113;10:54:57.874136
1764;1878;-114;10:54:57.874136
1766;1876;-110;10:54:57.874136
1766;1876;-110;10:54:57.874136
1768;1878;-110;10:54:57.874136
1768;1878;-110;10:54:57.874136
1769;1877;-108;10:54:57.874136
1770;1877;-107;10:54:57.874136
1770;1878;-108;10:54:57.874136
1767;1880;-113;10:54:57.874136
1767;1881;-114;10:54:57.874136
1765;1878;-113;10:54:57.874136
1765;1875;-110;10:54:57.874136
1764;1877;-113;10:54:57.874136
1764;1876;-112;10:54:57.874136
1764;1875;-111;10:54:57.874136
1761;1874;-113;10:54:57.874136
1762;1874;-112;10:54:57.874136
1764;1874;-110;10:54:57.874136
1765;1873;-108;10:54:57.874136
1762;1871;-109;10:54:57.874136
1759;1869;-110;10:54:57.874136
1759;1869;-110;10:54:57.874136
1758;1869;-111;10:54:57.874136
1757;1869;-112;10:54:57.874136
1756;1871;-115;10:54:57.874136
1757;1872;-115;10:54:57.874136
1758;1875;-117;10:54:57.874136
1759;1874;-115;10:54:57.874136
1759;1873;-114;10:54:57.874136
1763;1874;-111;10:54:57.874136
1762;1874;-112;10:54:57.874136
1763;1876;-113;10:54:57.874136
1765;1877;-112;10:54:57.874136
1766;1875;-109;10:54:57.874136
1767;1876;-109;10:54:57.874136
1768;1878;-110;10:54:57.874136
1769;1879;-110;10:54:57.874136
1770;1880;-110;10:54:57.874136
1771;1880;-109;10:54:57.874136
1770;1878;-108;10:54:57.874136
1769;1877;-108;10:54:57.874136
1771;1879;-108;10:54:57.874136
1773;1879;-106;10:54:57.874136
1773;1879;-106;10:54:57.874136
1771;1875;-104;10:54:57.874136
1770;1875;-105;10:54:57.874136
1769;1874;-105;10:54:57.874136
1767;1875;-108;10:54:57.874136
1766;1876;-110;10:54:57.874136
1768;1872;-104;10:54:57.874136
1768;1873;-105;10:54:57.874136
1769;1873;-104;10:54:57.874136
1770;1872;-102;10:54:57.874136
1771;1873;-102;10:54:57.874136
1770;1872;-102;10:54:57.874136
1770;1872;-102;10:54:57.874136
1768;1872;-104;10:54:57.874136
1764;1872;-108;10:54:57.874136
1764;1871;-107;10:54:57.874136
1765;1872;-107;10:54:57.874136
1764;1869;-105;10:54:57.874136
1761;1869;-108;10:54:57.874136
1760;1869;-109;10:54:57.874136
1761;1867;-106;10:54:57.874136
1762;1865;-103;10:54:57.874136
1760;1864;-104;10:54:57.874136
1759;1864;-105;10:54:57.874136
1758;1866;-108;10:54:57.874136
1757;1866;-109;10:54:57.874136
1759;1865;-106;10:54:57.874136
1758;1865;-107;10:54:57.874136
1758;1866;-108;10:54:57.874136
1757;1866;-109;10:54:57.874136
1754;1867;-113;10:54:57.874136
1756;1867;-111;10:54:57.874136
1760;1867;-107;10:54:57.874136
1760;1865;-105;10:54:57.874136
1758;1867;-109;10:54:57.874136
1759;1867;-108;10:54:57.874136
1760;1867;-107;10:54:57.874136
1762;1866;-104;10:54:57.874136
1761;1866;-105;10:54:57.874136
1761;1865;-104;10:54:57.874136
1759;1865;-106;10:54:57.874136
1758;1864;-106;10:54:57.874136
1758;1863;-105;10:54:57.874136
1757;1863;-106;10:54:57.874136
1755;1864;-109;10:54:57.874136
1755;1864;-109;10:54:57.874136
1754;1864;-110;10:54:57.874136
1755;1864;-109;10:54:57.874136
1753;1863;-110;10:54:57.874136
1754;1863;-109;10:54:57.874136
1752;1861;-109;10:54:57.874136
1750;1858;-108;10:54:57.874136
1752;1857;-105;10:54:57.874136
1751;1855;-104;10:54:57.874136
1750;1857;-107;10:54:57.874136
1752;1859;-107;10:54:57.874136
1750;1859;-109;10:54:57.874136
1749;1858;-109;10:54:57.874136
1751;1856;-105;10:54:57.874136
1748;1856;-108;10:54:57.874136
1748;1857;-109;10:54:57.874136
1747;1856;-109;10:54:57.874136
1750;1860;-110;10:54:57.874136
1750;1859;-109;10:54:57.874136
1752;1860;-108;10:54:57.874136
1753;1863;-110;10:54:57.874136
1752;1864;-112;10:54:57.874136
1755;1863;-108;10:54:57.874136
1755;1864;-109;10:54:57.874136
1756;1864;-108;10:54:57.874136
1757;1863;-106;10:54:57.874136
1763;1865;-102;10:54:57.874136
1763;1864;-101;10:54:57.874136
1763;1865;-102;10:54:57.874136
1761;1865;-104;10:54:57.874136
1761;1864;-103;10:54:57.874136
1758;1865;-107;10:54:57.874136
1759;1863;-104;10:54:57.874136
1760;1861;-101;10:54:57.874136
1757;1860;-103;10:54:57.874136
1758;1858;-100;10:54:57.874136
1755;1858;-103;10:54:57.874136
1752;1859;-107;10:54:57.874136
1751;1860;-109;10:54:57.874136
1750;1858;-108;10:54:57.874136
1752;1858;-106;10:54:57.874136
1752;1858;-106;10:54:57.874136
1752;1858;-106;10:54:57.874136
1750;1858;-108;10:54:57.874136
1749;1861;-112;10:54:57.874136
1750;1861;-111;10:54:57.874136
1753;1861;-108;10:54:57.874136
1755;1862;-107;10:54:57.874136
1757;1862;-105;10:54:57.874136
1756;1864;-108;10:54:57.874136
1754;1864;-110;10:54:57.874136
1754;1864;-110;10:54:57.874136
1757;1864;-107;10:54:57.874136
1755;1864;-109;10:54:57.874136
1754;1866;-112;10:54:57.874136
1755;1864;-109;10:54:57.874136
1757;1866;-109;10:54:57.874136
1759;1865;-106;10:54:57.874136
1762;1865;-103;10:54:57.874136
1762;1869;-107;10:54:57.874136
1762;1870;-108;10:54:57.874136
1764;1869;-105;10:54:57.874136
1763;1870;-107;10:54:57.874136
1764;1871;-107;10:54:57.874136
1764;1869;-105;10:54:57.874136
1763;1871;-108;10:54:57.874136
1762;1870;-108;10:54:57.874136
1764;1871;-107;10:54:57.874136
1763;1869;-106;10:54:57.874136
1762;1867;-105;10:54:57.874136
1762;1867;-105;10:54:57.874136
1763;1867;-104;10:54:57.874136
1760;1864;-104;10:54:57.874136
1757;1864;-107;10:54:57.874136
1757;1864;-107;10:54:57.874136
1757;1865;-108;10:54:57.874136
1756;1863;-107;10:54:57.874136
1755;1862;-107;10:54:57.874136
1756;1863;-107;10:54:57.874136
1755;1862;-107;10:54:57.874136
1753;1862;-109;10:54:57.874136
1754;1862;-108;10:54:57.874136
1754;1861;-107;10:54:57.874136
1753;1862;-109;10:54:57.874136
1752;1863;-111;10:54:57.874136
1752;1865;-113;10:54:57.874136
1753;1865;-112;10:54:57.874136
1754;1864;-110;10:54:57.874136
1754;1864;-110;10:54:57.874136
1755;1861;-106;10:54:57.874136
1757;1861;-104;10:54:57.874136
1754;1863;-109;10:54:57.874136
1753;1863;-110;10:54:57.874136
1753;1863;-110;10:54:57.874136
1754;1863;-109;10:54:57.874136
1755;1865;-110;10:54:57.874136
1757;1866;-109;10:54:57.874136
1759;1866;-107;10:54:57.874136
1760;1864;-104;10:54:57.874136
1760;1864;-104;10:54:57.874136
1761;1867;-106;10:54:57.874136
1762;1868;-106;10:54:57.874136
1763;1867;-104;10:54:57.874136
1763;1871;-108;10:54:57.874136
1764;1873;-109;10:54:57.874136
1766;1874;-108;10:54:57.874136
1767;1874;-107;10:54:57.874136
1769;1872;-103;10:54:57.874136
1772;1872;-100;10:54:57.874136
1769;1872;-103;10:54:57.874136
1768;1872;-104;10:54:57.874136
1768;1874;-106;10:54:57.874136
1765;1872;-107;10:54:57.874136
1764;1871;-107;10:54:57.874136
1765;1869;-104;10:54:57.874136
1766;1870;-104;10:54:57.874136
1767;1870;-103;10:54:57.874136
1767;1869;-102;10:54:57.874136
1766;1867;-101;10:54:57.874136
1767;1868;-101;10:54:57.874136
1765;1868;-103;10:54:57.874136
1761;1867;-106;10:54:57.874136
1763;1868;-105;10:54:57.874136
1763;1872;-109;10:54:57.874136
1764;1874;-110;10:54:57.874136
1765;1872;-107;10:54:57.874136
1765;1872;-107;10:54:57.874136
1767;1873;-106;10:54:57.874136
1769;1872;-103;10:54:57.874136
1765;1871;-106;10:54:57.874136
1767;1871;-104;10:54:57.874136
1768;1874;-106;10:54:57.874136
1766;1874;-108;10:54:57.874136
1769;1876;-107;10:54:57.874136
1770;1877;-107;10:54:57.874136
1770;1879;-109;10:54:57.874136
1771;1878;-107;10:54:57.874136
1772;1882;-110;10:54:57.874136
1774;1881;-107;10:54:57.874136
1774;1881;-107;10:54:57.874136
1775;1883;-108;10:54:57.874136
1775;1884;-109;10:54:57.874136
1775;1881;-106;10:54:57.874136
1775;1881;-106;10:54:57.874136
1774;1882;-108;10:54:57.874136
1772;1882;-110;10:54:57.874136
1774;1880;-106;10:54:57.874136
1774;1879;-105;10:54:57.874136
1770;1875;-105;10:54:57.874136
1768;1875;-107;10:54:57.874136
1767;1875;-108;10:54:57.874136
1765;1874;-109;10:54:57.874136
1764;1869;-105;10:54:57.874136
1763;1869;-106;10:54:57.874136
1762;1871;-109;10:54:57.874136
1762;1870;-108;10:54:57.874136
1760;1870;-110;10:54:57.874136
1761;1869;-108;10:54:57.874136
1761;1872;-111;10:54:57.874136
1762;1871;-109;10:54:57.874136
1762;1875;-113;10:54:57.874136
1759;1874;-115;10:54:57.874136
1761;1875;-114;10:54:57.874136
1766;1876;-110;10:54:57.874136
1766;1877;-111;10:54:57.874136
1767;1878;-111;10:54:57.874136
1770;1880;-110;10:54:57.874136
1772;1882;-110;10:54:57.874136
1772;1878;-106;10:54:57.874136
1772;1879;-107;10:54:57.874136
1769;1881;-112;10:54:57.874136
1771;1880;-109;10:54:57.874136
1773;1877;-104;10:54:57.874136
1771;1879;-108;10:54:57.874136
1770;1879;-109;10:54:57.874136
1769;1879;-110;10:54:57.874136
1773;1880;-107;10:54:57.874136
1771;1879;-108;10:54:57.874136
1772;1879;-107;10:54:57.874136
1770;1881;-111;10:54:57.874136
1771;1878;-107;10:54:57.874136
1769;1878;-109;10:54:57.874136
1766;1877;-111;10:54:57.874136
1768;1876;-108;10:54:57.874136
1767;1874;-107;10:54:57.874136
1764;1871;-107;10:54:57.874136
1765;1872;-107;10:54:57.874136
1765;1872;-107;10:54:57.874136
1764;1871;-107;10:54:57.874136
1765;1870;-105;10:54:57.874136
1763;1869;-106;10:54:57.874136
1762;1870;-108;10:54:57.874136
1764;1869;-105;10:54:57.874136
1762;1869;-107;10:54:57.874136
1758;1867;-109;10:54:57.874136
1757;1869;-112;10:54:57.874136
1760;1871;-111;10:54:57.874136
1763;1871;-108;10:54:57.874136
1763;1871;-108;10:54:57.874136
1765;1873;-108;10:54:57.874136
1765;1873;-108;10:54:57.874136
1764;1870;-106;10:54:57.874136
1760;1870;-110;10:54:57.874136
1760;1871;-111;10:54:57.874136
1761;1871;-110;10:54:57.874136
1761;1869;-108;10:54:57.874136
1759;1868;-109;10:54:57.874136
1759;1870;-111;10:54:57.874136
1759;1870;-111;10:54:57.874136
1762;1868;-106;10:54:57.874136
1763;1866;-103;10:54:57.874136
1762;1867;-105;10:54:57.874136
1764;1869;-105;10:54:57.874136
1762;1869;-107;10:54:57.874136
1759;1868;-109;10:54:57.874136
1759;1866;-107;10:54:57.874136
1760;1869;-109;10:54:57.874136
1760;1867;-107;10:54:57.874136
1756;1866;-110;10:54:57.874136
1756;1866;-110;10:54:57.874136
1756;1868;-112;10:54:57.874136
1755;1866;-111;10:54:57.874136
1754;1862;-108;10:54:57.874136
1752;1863;-111;10:54:57.874136
1750;1861;-111;10:54:57.874136
1754;1861;-107;10:54:57.874136
1751;1860;-109;10:54:57.874136
1750;1858;-108;10:54:57.874136
1750;1858;-108;10:54:57.874136
1751;1860;-109;10:54:57.874136
1753;1861;-108;10:54:57.874136
1751;1857;-106;10:54:57.874136
1750;1858;-108;10:54:57.874136
1750;1858;-108;10:54:57.874136
1752;1860;-108;10:54:57.874136
1751;1860;-109;10:54:57.874136
1750;1862;-112;10:54:57.874136
1751;1860;-109;10:54:57.874136
1751;1861;-110;10:54:57.874136
1754;1861;-107;10:54:57.874136
1754;1861;-107;10:54:57.874136
1754;1861;-107;10:54:57.874136
1754;1863;-109;10:54:57.874136
1752;1862;-110;10:54:57.874136
1754;1863;-109;10:54:57.874136
1759;1865;-106;10:54:57.874136
1759;1865;-106;10:54:57.874136
1759;1865;-106;10:54:57.874136
1762;1869;-107;10:54:57.874136
1764;1869;-105;10:54:57.874136
1761;1869;-108;10:54:57.874136
1762;1868;-106;10:54:57.874136
1760;1868;-108;10:54:57.874136
1761;1868;-107;10:54:57.874136
1763;1868;-105;10:54:57.874136
1762;1868;-106;10:54:57.874136
1761;1866;-105;10:54:57.874136
1761;1866;-105;10:54:57.874136
1762;1867;-105;10:54:57.874136
1759;1863;-104;10:54:57.874136
1756;1861;-105;10:54:57.874136
1755;1864;-109;10:54:57.874136
1754;1865;-111;10:54:57.874136
1750;1862;-112;10:54:57.874136
1750;1860;-110;10:54:57.874136
1750;1861;-111;10:54:57.874136
1750;1860;-110;10:54:57.874136
1751;1860;-109;10:54:57.874136
1750;1859;-109;10:54:57.874136
1752;1860;-108;10:54:57.874136
1751;1860;-109;10:54:57.874136
1750;1861;-111;10:54:57.874136
1751;1859;-108;10:54:57.874136
1750;1861;-111;10:54:57.874136
1751;1861;-110;10:54:57.874136
1753;1862;-109;10:54:57.874136
1753;1861;-108;10:54:57.874136
1752;1864;-112;10:54:57.874136
1752;1866;-114;10:54:57.874136
1754;1867;-113;10:54:57.874136
1754;1869;-115;10:54:57.874136
1762;1869;-107;10:54:57.874136
1762;1869;-107;10:54:57.874136
1763;1871;-108;10:54:57.874136
1763;1869;-106;10:54:57.874136
1762;1870;-108;10:54:57.874136
1764;1870;-106;10:54:57.874136
1763;1870;-107;10:54:57.874136
1763;1868;-105;10:54:57.874136
1762;1869;-107;10:54:57.874136
1762;1867;-105;10:54:57.874136
1762;1868;-106;10:54:57.874136
1761;1868;-107;10:54:57.874136
1759;1868;-109;10:54:57.874136
1758;1869;-111;10:54:57.874136
1756;1869;-113;10:54:57.874136
1757;1867;-110;10:54:57.874136
1758;1868;-110;10:54:57.874136
1756;1866;-110;10:54:57.874136
1757;1864;-107;10:54:57.874136
1759;1865;-106;10:54:57.874136
1756;1865;-109;10:54:57.874136
1754;1867;-113;10:54:57.874136
1758;1867;-109;10:54:57.874136
1757;1867;-110;10:54:57.874136
1755;1865;-110;10:54:57.874136
1755;1866;-111;10:54:57.874136
1754;1866;-112;10:54:57.874136
1752;1866;-114;10:54:57.874136
1753;1868;-115;10:54:57.874136
1756;1870;-114;10:54:57.874136
1760;1872;-112;10:54:57.874136
1758;1870;-112;10:54:57.874136
1759;1871;-112;10:54:57.874136
1758;1873;-115;10:54:57.874136
1760;1874;-114;10:54:57.874136
1762;1872;-110;10:54:57.874136
1762;1873;-111;10:54:57.874136
1763;1872;-109;10:54:57.874136
1764;1874;-110;10:54:57.874136
1766;1874;-108;10:54:57.874136
1762;1874;-112;10:54:57.874136
1764;1874;-110;10:54:57.874136
1766;1874;-108;10:54:57.874136
1764;1876;-112;10:54:57.874136
1762;1872;-110;10:54:57.874136
1761;1875;-114;10:54:57.874136
1762;1874;-112;10:54:57.874136
1764;1873;-109;10:54:57.874136
1763;1872;-109;10:54:57.874136
1763;1871;-108;10:54:57.874136
1762;1870;-108;10:54:57.874136
1763;1870;-107;10:54:57.874136
1765;1868;-103;10:54:57.874136
1764;1870;-106;10:54:57.874136
1764;1872;-108;10:54:57.874136
1766;1874;-108;10:54:57.874136
1763;1874;-111;10:54:57.874136
1762;1872;-110;10:54:57.874136
1762;1877;-115;10:54:57.874136
1764;1876;-112;10:54:57.874136
1763;1875;-112;10:54:57.874136
1765;1874;-109;10:54:57.874136
1767;1874;-107;10:54:57.874136
1766;1872;-106;10:54:57.874136
1765;1872;-107;10:54:57.874136
1766;1871;-105;10:54:57.874136
1764;1872;-108;10:54:57.874136
1766;1871;-105;10:54:57.874136
1768;1873;-105;10:54:57.874136
1767;1875;-108;10:54:57.874136
1765;1876;-111;10:54:57.874136
1766;1876;-110;10:54:57.874136
1766;1878;-112;10:54:57.874136
1765;1877;-112;10:54:57.874136
1766;1877;-111;10:54:57.874136
1768;1877;-109;10:54:57.874136
1768;1878;-110;10:54:57.874136
1768;1877;-109;10:54:57.874136
1769;1877;-108;10:54:57.874136
1767;1876;-109;10:54:57.874136
1770;1877;-107;10:54:57.874136
1772;1877;-105;10:54:57.874136
1775;1876;-101;10:54:57.874136
1772;1877;-105;10:54:57.874136
1773;1877;-104;10:54:57.874136
1771;1877;-106;10:54:57.874136
1771;1875;-104;10:54:57.874136
1768;1874;-106;10:54:57.874136
1767;1875;-108;10:54:57.874136
1766;1874;-108;10:54:57.874136
1765;1872;-107;10:54:57.874136
1763;1868;-105;10:54:57.874136
1760;1867;-107;10:54:57.874136
1759;1867;-108;10:54:57.874136
1758;1867;-109;10:54:57.874136
1758;1866;-108;10:54:57.874136
1757;1863;-106;10:54:57.874136
1758;1865;-107;10:54:57.874136
1760;1868;-108;10:54:57.874136
1762;1868;-106;10:54:57.874136
1761;1869;-108;10:54:57.874136
1762;1872;-110;10:54:57.874136
1765;1871;-106;10:54:57.874136
1761;1872;-111;10:54:57.874136
1764;1873;-109;10:54:57.874136
1763;1872;-109;10:54:57.874136
1764;1873;-109;10:54:57.874136
1765;1873;-108;10:54:57.874136
1765;1874;-109;10:54:57.874136
1764;1872;-108;10:54:57.874136
1765;1874;-109;10:54:57.874136
1766;1873;-107;10:54:57.874136
1765;1875;-110;10:54:57.874136
1764;1876;-112;10:54:57.874136
1767;1876;-109;10:54:57.874136
1767;1875;-108;10:54:57.874136
1765;1873;-108;10:54:57.874136
1766;1872;-106;10:54:57.874136
1765;1874;-109;10:54:57.874136
1763;1873;-110;10:54:57.874136
1762;1873;-111;10:54:57.874136
1762;1873;-111;10:54:57.874136
1760;1871;-111;10:54:57.874136
1758;1870;-112;10:54:57.874136
1757;1871;-114;10:54:57.874136
1758;1868;-110;10:54:57.874136
1756;1868;-112;10:54:57.874136
1759;1866;-107;10:54:57.874136
1759;1866;-107;10:54:57.874136
1756;1864;-108;10:54:57.874136
1756;1867;-111;10:54:57.874136
1758;1870;-112;10:54:57.874136
1758;1867;-109;10:54:57.874136
1757;1869;-112;10:54:57.874136
1759;1870;-111;10:54:57.874136
1757;1869;-112;10:54:57.874136
1758;1870;-112;10:54:57.874136
1758;1870;-112;10:54:57.874136
1756;1869;-113;10:54:57.874136
1754;1868;-114;10:54:57.874136
1756;1869;-113;10:54:57.874136
1757;1871;-114;10:54:57.874136
1757;1870;-113;10:54:57.874136
1758;1870;-112;10:54:57.874136
1760;1869;-109;10:54:57.874136
1760;1868;-108;10:54:57.874136
1755;1866;-111;10:54:57.874136
1756;1869;-113;10:54:57.874136
1755;1869;-114;10:54:57.874136
1756;1868;-112;10:54:57.874136
1760;1867;-107;10:54:57.874136
1758;1866;-108;10:54:57.874136
1757;1865;-108;10:54:57.874136
1758;1869;-111;10:54:57.874136
1756;1868;-112;10:54:57.874136
1756;1867;-111;10:54:57.874136
1757;1864;-107;10:54:57.874136
1759;1865;-106;10:54:57.874136
1758;1866;-108;10:54:57.874136
1758;1866;-108;10:54:57.874136
1757;1866;-109;10:54:57.874136
1758;1866;-108;10:54:57.874136
1756;1866;-110;10:54:57.874136
1757;1865;-108;10:54:57.874136
1757;1866;-109;10:54:57.874136
1753;1865;-112;10:54:57.874136
1754;1867;-113;10:54:57.874136
1752;1866;-114;10:54:57.874136
1752;1866;-114;10:54:57.874136
1754;1863;-109;10:54:57.874136
1754;1864;-110;10:54:57.874136
1752;1865;-113;10:54:57.874136
1753;1864;-111;10:54:57.874136
1754;1866;-112;10:54:57.874136
1755;1864;-109;10:54:57.874136
1754;1864;-110;10:54:57.874136
1755;1865;-110;10:54:57.874136
1757;1865;-108;10:54:57.874136
1755;1866;-111;10:54:57.874136
1752;1864;-112;10:54:57.874136
1753;1864;-111;10:54:57.874136
1753;1865;-112;10:54:57.874136
1753;1865;-112;10:54:57.874136
1751;1866;-115;10:54:57.874136
1752;1864;-112;10:54:57.874136
1753;1866;-113;10:54:57.874136
1754;1864;-110;10:54:57.874136
1754;1863;-109;10:54:57.874136
1755;1862;-107;10:54:57.874136
1757;1862;-105;10:54:57.874136
1757;1864;-107;10:54:57.874136
1753;1865;-112;10:54:57.874136
1756;1864;-108;10:54:57.874136
1753;1864;-111;10:54:57.874136
1754;1865;-111;10:54:57.874136
1753;1863;-110;10:54:57.874136
1752;1860;-108;10:54:57.874136
1752;1860;-108;10:54:57.874136
1750;1861;-111;10:54:57.874136
1749;1860;-111;10:54:57.874136
1748;1860;-112;10:54:57.874136
1746;1858;-112;10:54:57.874136
1747;1859;-112;10:54:57.874136
1748;1861;-113;10:54:57.874136
1749;1860;-111;10:54:57.874136
1748;1858;-110;10:54:57.874136
1750;1857;-107;10:54:57.874136
1751;1857;-106;10:54:57.874136
1748;1857;-109;10:54:57.874136
1748;1857;-109;10:54:57.874136
1746;1858;-112;10:54:57.874136
1746;1858;-112;10:54:57.874136
1749;1859;-110;10:54:57.874136
1751;1861;-110;10:54:57.874136
1750;1858;-108;10:54:57.874136
1751;1858;-107;10:54:57.874136
1751;1861;-110;10:54:57.874136
1752;1860;-108;10:54:57.874136
1752;1859;-107;10:54:57.874136
1753;1860;-107;10:54:57.874136
1755;1863;-108;10:54:57.874136
1751;1863;-112;10:54:57.874136
1755;1863;-108;10:54:57.874136
1755;1866;-111;10:54:57.874136
1755;1864;-109;10:54:57.874136
1754;1864;-110;10:54:57.874136
1758;1865;-107;10:54:57.874136
1758;1865;-107;10:54:57.874136
1756;1865;-109;10:54:57.874136
1756;1867;-111;10:54:57.874136
1755;1866;-111;10:54:57.874136
1754;1863;-109;10:54:57.874136
1752;1864;-112;10:54:57.874136
1754;1864;-110;10:54:57.874136
1756;1862;-106;10:54:57.874136
1756;1863;-107;10:54:57.874136
1758;1865;-107;10:54:57.874136
1757;1866;-109;10:54:57.874136
1758;1865;-107;10:54:57.874136
1758;1864;-106;10:54:57.874136
1758;1863;-105;10:54:57.874136
1756;1863;-107;10:54:57.874136
1754;1864;-110;10:54:57.874136
1754;1863;-109;10:54:57.874136
1754;1861;-107;10:54:57.874136
1752;1861;-109;10:54:57.874136
1754;1863;-109;10:54:57.874136
1755;1865;-110;10:54:57.874136
1755;1865;-110;10:54:57.874136
1757;1862;-105;10:54:57.874136
1755;1864;-109;10:54:57.874136
1753;1864;-111;10:54:57.874136
1756;1867;-111;10:54:57.874136
1758;1867;-109;10:54:57.874136
1758;1869;-111;10:54:57.874136
1759;1869;-110;10:54:57.966963
1758;1868;-110;10:54:57.966963
1758;1869;-111;10:54:57.966963
1757;1869;-112;10:54:57.966963
1756;1871;-115;10:54:57.966963
1759;1870;-111;10:54:57.966963
1759;1871;-112;10:54:57.966963
1759;1871;-112;10:54:57.966963
1760;1871;-111;10:54:57.966963
1761;1875;-114;10:54:57.966963
1763;1873;-110;10:54:57.966963
1763;1874;-111;10:54:57.966963
1761;1874;-113;10:54:57.966963
1763;1873;-110;10:54:57.966963
1763;1869;-106;10:54:57.966963
1763;1869;-106;10:54:57.966963
1761;1869;-108;10:54:57.966963
1759;1869;-110;10:54:57.966963
1757;1870;-113;10:54:57.966963
1756;1871;-115;10:54:57.966963
1755;1874;-119;10:54:57.966963
1757;1872;-115;10:54:57.966963
1756;1873;-117;10:54:57.966963
1757;1872;-115;10:54:57.966963
1758;1872;-114;10:54:57.966963
1760;1871;-111;10:54:57.966963
1761;1871;-110;10:54:57.966963
1760;1871;-111;10:54:57.966963
1762;1873;-111;10:54:57.966963
1764;1875;-111;10:54:57.966963
1763;1873;-110;10:54:57.966963
1760;1874;-114;10:54:57.966963
1759;1873;-114;10:54:57.966963
1760;1873;-113;10:54:57.966963
1760;1872;-112;10:54:57.966963
1761;1873;-112;10:54:57.966963
1760;1874;-114;10:54:57.966963
1761;1873;-112;10:54:57.966963
1758;1872;-114;10:54:57.966963
1758;1872;-114;10:54:57.966963
1758;1872;-114;10:54:57.966963
1758;1872;-114;10:54:57.966963
1759;1874;-115;10:54:57.966963
1760;1874;-114;10:54:57.966963
1761;1874;-113;10:54:57.966963
1765;1876;-111;10:54:57.966963
1764;1875;-111;10:54:57.966963
1762;1875;-113;10:54:57.966963
1766;1875;-109;10:54:57.966963
1765;1876;-111;10:54:57.966963
1764;1875;-111;10:54:57.966963
1765;1875;-110;10:54:57.966963
1765;1875;-110;10:54:57.966963
1765;1874;-109;10:54:57.966963
1766;1875;-109;10:54:57.966963
1766;1877;-111;10:54:57.966963
1768;1880;-112;10:54:57.966963
1767;1880;-113;10:54:57.966963
1769;1880;-111;10:54:57.966963
1769;1879;-110;10:54:57.966963
1770;1877;-107;10:54:57.966963
1770;1877;-107;10:54:57.966963
1769;1876;-107;10:54:57.966963
1767;1877;-110;10:54:57.966963
1766;1877;-111;10:54:57.966963
1766;1878;-112;10:54:57.966963
1769;1877;-108;10:54:57.966963
1769;1879;-110;10:54:57.966963
1770;1879;-109;10:54:57.966963
1769;1880;-111;10:54:57.966963
1768;1880;-112;10:54:57.966963
1766;1882;-116;10:54:57.966963
1768;1879;-111;10:54:57.966963
1766;1878;-112;10:54:57.966963
1767;1878;-111;10:54:57.966963
1768;1878;-110;10:54:57.966963
1766;1876;-110;10:54:57.966963
1765;1876;-111;10:54:57.966963
1764;1876;-112;10:54:57.966963
1764;1875;-111;10:54:57.966963
1767;1876;-109;10:54:57.966963
1765;1875;-110;10:54:57.966963
1766;1876;-110;10:54:57.966963
1763;1876;-113;10:54:57.966963
1760;1874;-114;10:54:57.966963
1760;1874;-114;10:54:57.966963
1762;1874;-112;10:54:57.966963
1762;1874;-112;10:54:57.966963
1765;1875;-110;10:54:57.966963
1763;1876;-113;10:54:57.966963
1762;1874;-112;10:54:57.966963
1761;1872;-111;10:54:57.966963
1761;1872;-111;10:54:57.966963
1758;1871;-113;10:54:57.966963
1758;1873;-115;10:54:57.966963
1756;1871;-115;10:54:57.966963
1753;1869;-116;10:54:57.966963
1753;1865;-112;10:54:57.966963
1755;1866;-111;10:54:57.966963
1753;1864;-111;10:54:57.966963
1752;1862;-110;10:54:57.966963
1751;1863;-112;10:54:57.966963
1749;1863;-114;10:54:57.966963
1750;1863;-113;10:54:57.966963
1751;1865;-114;10:54:57.966963
1751;1864;-113;10:54:57.966963
1749;1864;-115;10:54:57.966963
1751;1863;-112;10:54:57.966963
1751;1863;-112;10:54:57.966963
1749;1864;-115;10:54:57.966963
1747;1864;-117;10:54:57.966963
1749;1865;-116;10:54:57.966963
1749;1864;-115;10:54:57.966963
1748;1863;-115;10:54:57.966963
1751;1865;-114;10:54:57.966963
1750;1865;-115;10:54:57.966963
1753;1862;-109;10:54:57.966963
1752;1862;-110;10:54:57.966963
1752;1860;-108;10:54:57.966963
1751;1863;-112;10:54:57.966963
1751;1863;-112;10:54:57.966963
1752;1864;-112;10:54:57.966963
1751;1861;-110;10:54:57.966963
1751;1860;-109;10:54:57.966963
1752;1864;-112;10:54:57.966963
1750;1864;-114;10:54:57.966963
1749;1862;-113;10:54:57.966963
1750;1864;-114;10:54:57.966963
1750;1863;-113;10:54:57.966963
1748;1862;-114;10:54:57.966963
1749;1861;-112;10:54:57.966963
1749;1858;-109;10:54:57.966963
1749;1859;-110;10:54:57.966963
1748;1858;-110;10:54:57.966963
1748;1857;-109;10:54:57.966963
1747;1858;-111;10:54:57.966963
1746;1857;-111;10:54:57.966963
1745;1855;-110;10:54:57.966963
1743;1855;-112;10:54:57.966963
1742;1853;-111;10:54:57.966963
1741;1852;-111;10:54:57.966963
1741;1853;-112;10:54:57.966963
1741;1854;-113;10:54:57.966963
1742;1857;-115;10:54:57.966963
1743;1856;-113;10:54:57.966963
1742;1857;-115;10:54:57.966963
1743;1856;-113;10:54:57.966963
1746;1857;-111;10:54:57.966963
1745;1858;-113;10:54:57.966963
1746;1855;-109;10:54:57.966963
1747;1855;-108;10:54:57.966963
1745;1859;-114;10:54:57.966963
1743;1858;-115;10:54:57.966963
1745;1859;-114;10:54:57.966963
1745;1858;-113;10:54:57.966963
1746;1860;-114;10:54:57.966963
1745;1860;-115;10:54:57.966963
1748;1861;-113;10:54:57.966963
1750;1860;-110;10:54:57.966963
1749;1860;-111;10:54:57.966963
1751;1864;-113;10:54:57.966963
1752;1864;-112;10:54:57.966963
1751;1863;-112;10:54:57.966963
1751;1862;-111;10:54:57.966963
1749;1861;-112;10:54:57.966963
1749;1862;-113;10:54:57.966963
1750;1863;-113;10:54:57.966963
1750;1863;-113;10:54:57.966963
1751;1863;-112;10:54:57.966963
1753;1864;-111;10:54:57.966963
1756;1864;-108;10:54:57.966963
1759;1865;-106;10:54:57.966963
1758;1863;-105;10:54:57.966963
1755;1865;-110;10:54:57.966963
1754;1867;-113;10:54:57.966963
1755;1867;-112;10:54:57.966963
1755;1868;-113;10:54:57.966963
1756;1868;-112;10:54:57.966963
1755;1868;-113;10:54:57.966963
1754;1867;-113;10:54:57.966963
1756;1868;-112;10:54:57.966963
1755;1866;-111;10:54:57.966963
1755;1865;-110;10:54:57.966963
1756;1865;-109;10:54:57.966963
1758;1868;-110;10:54:57.966963
1757;1868;-111;10:54:57.966963
1758;1871;-113;10:54:57.966963
1758;1869;-111;10:54:57.966963
1759;1870;-111;10:54:57.966963
1758;1870;-112;10:54:57.966963
1757;1871;-114;10:54:57.966963
1758;1871;-113;10:54:57.966963
1760;1872;-112;10:54:57.966963
1759;1871;-112;10:54:57.966963
1761;1870;-109;10:54:57.966963
1762;1874;-112;10:54:57.966963
1764;1874;-110;10:54:57.966963
1764;1873;-109;10:54:57.966963
1762;1875;-113;10:54:57.966963
1764;1873;-109;10:54:57.966963
1767;1875;-108;10:54:57.966963
1765;1874;-109;10:54:57.966963
1765;1875;-110;10:54:57.966963
1764;1876;-112;10:54:57.966963
1764;1876;-112;10:54:57.966963
1766;1874;-108;10:54:57.966963
1766;1874;-108;10:54:57.966963
1765;1874;-109;10:54:57.966963
1764;1872;-108;10:54:57.966963
1765;1872;-107;10:54:57.966963
1763;1872;-109;10:54:57.966963
1760;1872;-112;10:54:57.966963
1760;1871;-111;10:54:57.966963
1762;1872;-110;10:54:57.966963
1764;1874;-110;10:54:57.966963
1762;1874;-112;10:54:57.966963
1759;1875;-116;10:54:57.966963
1759;1875;-116;10:54:57.966963
1759;1875;-116;10:54:57.966963
1759;1876;-117;10:54:57.966963
1761;1874;-113;10:54:57.966963
1760;1873;-113;10:54:57.966963
1759;1873;-114;10:54:57.966963
1761;1875;-114;10:54:57.966963
1759;1873;-114;10:54:57.966963
1759;1873;-114;10:54:57.966963
1760;1875;-115;10:54:57.966963
1761;1875;-114;10:54:57.966963
1760;1873;-113;10:54:57.966963
1763;1873;-110;10:54:57.966963
1763;1874;-111;10:54:57.966963
1761;1875;-114;10:54:57.966963
1760;1876;-116;10:54:57.966963
1762;1878;-116;10:54:57.966963
1759;1875;-116;10:54:57.966963
1760;1873;-113;10:54:57.966963
1762;1874;-112;10:54:57.966963
1761;1871;-110;10:54:57.966963
1760;1870;-110;10:54:57.966963
1760;1870;-110;10:54:57.966963
1759;1871;-112;10:54:57.966963
1757;1871;-114;10:54:57.966963
1758;1870;-112;10:54:57.966963
1757;1870;-113;10:54:57.966963
1756;1869;-113;10:54:57.966963
1757;1870;-113;10:54:57.966963
1756;1870;-114;10:54:57.966963
1756;1869;-113;10:54:57.966963
1757;1870;-113;10:54:57.966963
1758;1871;-113;10:54:57.966963
1759;1871;-112;10:54:57.966963
1759;1871;-112;10:54:57.966963
1759;1869;-110;10:54:57.966963
1761;1871;-110;10:54:57.966963
1759;1870;-111;10:54:57.966963
1758;1873;-115;10:54:57.985907
1758;1875;-117;10:54:57.985907
1758;1876;-118;10:54:57.985907
1759;1878;-119;10:54:57.985907
1761;1875;-114;10:54:57.985907
1764;1875;-111;10:54:57.985907
1763;1875;-112;10:54:57.985907
1762;1874;-112;10:54:57.985907
1761;1874;-113;10:54:57.985907
1762;1874;-112;10:54:57.985907
1762;1875;-113;10:54:57.985907
1760;1873;-113;10:54:57.985907
1759;1874;-115;10:54:57.985907
1759;1874;-115;10:54:57.985907
1760;1871;-111;10:54:57.985907
1759;1870;-111;10:54:57.985907
1759;1873;-114;10:54:57.985907
1758;1874;-116;10:54:57.985907
1759;1871;-112;10:54:57.985907
1761;1869;-108;10:54:57.985907
1758;1871;-113;10:54:57.985907
1758;1872;-114;10:54:57.985907
1758;1871;-113;10:54:57.985907
1757;1870;-113;10:54:57.985907
1757;1869;-112;10:54:57.985907
1755;1870;-115;10:54:57.985907
1756;1869;-113;10:54:57.985907
1756;1868;-112;10:54:57.985907
1755;1867;-112;10:54:57.985907
1755;1867;-112;10:54:57.985907
1755;1867;-112;10:54:57.985907
1755;1867;-112;10:54:57.985907
1754;1866;-112;10:54:57.985907
1754;1867;-113;10:54:57.985907
1755;1868;-113;10:54:57.985907
1754;1869;-115;10:54:57.985907
1756;1866;-110;10:54:57.985907
1756;1866;-110;10:54:57.985907
1753;1868;-115;10:54:57.985907
1755;1869;-114;10:54:57.985907
1755;1868;-113;10:54:57.985907
1755;1868;-113;10:54:57.985907
1754;1870;-116;10:54:57.985907
1754;1870;-116;10:54:57.985907
1756;1871;-115;10:54:57.985907
1757;1870;-113;10:54:57.985907
1759;1867;-108;10:54:57.985907
1759;1871;-112;10:54:57.985907
1763;1870;-107;10:54:57.985907
1763;1872;-109;10:54:57.985907
1762;1871;-109;10:54:57.985907
1764;1873;-109;10:54:57.985907
1764;1873;-109;10:54:57.985907
1763;1872;-109;10:54:57.985907
1764;1871;-107;10:54:57.985907
1761;1870;-109;10:54:57.985907
1760;1872;-112;10:54:57.985907
1758;1872;-114;10:54:57.985907
1757;1871;-114;10:54:57.985907
1758;1870;-112;10:54:57.985907
1757;1870;-113;10:54:57.985907
1756;1870;-114;10:54:57.985907
1758;1867;-109;10:54:57.985907
1757;1867;-110;10:54:57.985907
1757;1866;-109;10:54:57.985907
1756;1866;-110;10:54:57.985907
1755;1865;-110;10:54:57.985907
1755;1865;-110;10:54:57.985907
1753;1864;-111;10:54:57.985907
1751;1864;-113;10:54:57.985907
1749;1865;-116;10:54:57.985907
1749;1866;-117;10:54:57.985907
1752;1865;-113;10:54:57.985907
1751;1865;-114;10:54:57.985907
1750;1863;-113;10:54:57.985907
1750;1864;-114;10:54:57.985907
1749;1865;-116;10:54:57.985907
1752;1863;-111;10:54:57.985907
1754;1862;-108;10:54:57.985907
1755;1864;-109;10:54:57.985907
1754;1865;-111;10:54:57.985907
1754;1865;-111;10:54:57.985907
1755;1867;-112;10:54:57.985907
1758;1869;-111;10:54:57.985907
1760;1870;-110;10:54:57.985907
1760;1870;-110;10:54:57.985907
1761;1872;-111;10:54:57.985907
1762;1872;-110;10:54:57.985907
1761;1871;-110;10:54:57.985907
1761;1869;-108;10:54:57.985907
1758;1870;-112;10:54:57.985907
1759;1871;-112;10:54:57.985907
1759;1871;-112;10:54:57.985907
1756;1870;-114;10:54:57.985907
1755;1869;-114;10:54:57.985907
1756;1870;-114;10:54:57.985907
1756;1870;-114;10:54:57.985907
1759;1868;-109;10:54:57.985907
1758;1869;-111;10:54:57.985907
1758;1868;-110;10:54:57.985907
1758;1868;-110;10:54:57.985907
1758;1868;-110;10:54:57.985907
1760;1870;-110;10:54:57.985907
1758;1870;-112;10:54:57.985907
1757;1871;-114;10:54:57.985907
1756;1871;-115;10:54:57.985907
1759;1873;-114;10:54:57.985907
1759;1872;-113;10:54:57.985907
1758;1874;-116;10:54:57.985907
1758;1874;-116;10:54:57.985907
1759;1874;-115;10:54:57.985907
1759;1874;-115;10:54:57.985907
1762;1875;-113;10:54:57.985907
1761;1877;-116;10:54:57.985907
1762;1877;-115;10:54:57.985907
1763;1879;-116;10:54:57.985907
1764;1877;-113;10:54:57.985907
1764;1876;-112;10:54:57.985907
1763;1877;-114;10:54:57.985907
1763;1877;-114;10:54:57.985907
1761;1877;-116;10:54:57.985907
1762;1878;-116;10:54:57.985907
1760;1877;-117;10:54:57.985907
1762;1876;-114;10:54:57.985907
1763;1878;-115;10:54:57.985907
1766;1879;-113;10:54:57.985907
1765;1879;-114;10:54:57.985907
1764;1879;-115;10:54:57.985907
1765;1878;-113;10:54:57.985907
1765;1878;-113;10:54:57.985907
1766;1879;-113;10:54:57.985907
1765;1878;-113;10:54:57.985907
1763;1877;-114;10:54:57.985907
1765;1875;-110;10:54:57.985907
1765;1875;-110;10:54:57.985907
1760;1873;-113;10:54:57.985907
1761;1874;-113;10:54:57.985907
1759;1872;-113;10:54:57.985907
1757;1875;-118;10:54:57.985907
1759;1871;-112;10:54:57.985907
1758;1871;-113;10:54:57.985907
1759;1872;-113;10:54:57.985907
1759;1874;-115;10:54:57.985907
1759;1873;-114;10:54:57.985907
1762;1875;-113;10:54:57.985907
1760;1875;-115;10:54:57.985907
1761;1875;-114;10:54:57.985907
1764;1876;-112;10:54:57.985907
1762;1874;-112;10:54:57.985907
1760;1875;-115;10:54:57.985907
1760;1874;-114;10:54:57.985907
1761;1875;-114;10:54:57.985907
1759;1875;-116;10:54:57.985907
1760;1873;-113;10:54:57.985907
1761;1876;-115;10:54:57.985907
1760;1877;-117;10:54:57.985907
1762;1876;-114;10:54:57.985907
1763;1875;-112;10:54:57.985907
1761;1876;-115;10:54:57.985907
1763;1878;-115;10:54:57.985907
1766;1879;-113;10:54:57.985907
1763;1876;-113;10:54:57.985907
1759;1875;-116;10:54:57.985907
1759;1877;-118;10:54:57.985907
1761;1879;-118;10:54:57.985907
1759;1879;-120;10:54:57.985907
1761;1878;-117;10:54:57.985907
1763;1878;-115;10:54:57.985907
1760;1876;-116;10:54:57.985907
1761;1873;-112;10:54:57.985907
1761;1872;-111;10:54:57.985907
1760;1872;-112;10:54:57.985907
1757;1873;-116;10:54:57.985907
1757;1873;-116;10:54:57.985907
1759;1874;-115;10:54:57.985907
1757;1872;-115;10:54:57.985907
1757;1872;-115;10:54:57.985907
1756;1872;-116;10:54:57.985907
1755;1872;-117;10:54:57.985907
1755;1871;-116;10:54:57.985907
1756;1871;-115;10:54:57.985907
1755;1871;-116;10:54:57.985907
1753;1871;-118;10:54:57.985907
1756;1869;-113;10:54:57.985907
1756;1871;-115;10:54:57.985907
1752;1871;-119;10:54:57.985907
1752;1869;-117;10:54:57.985907
1753;1869;-116;10:54:57.985907
1754;1870;-116;10:54:57.985907
1755;1869;-114;10:54:57.985907
1756;1871;-115;10:54:57.985907
1756;1868;-112;10:54:57.985907
1753;1868;-115;10:54:57.985907
1756;1869;-113;10:54:57.985907
1755;1872;-117;10:54:57.985907
1754;1872;-118;10:54:57.985907
1755;1873;-118;10:54:57.985907
1756;1874;-118;10:54:57.985907
1757;1873;-116;10:54:57.985907
1757;1872;-115;10:54:57.985907
1756;1872;-116;10:54:57.985907
1756;1871;-115;10:54:57.985907
1758;1870;-112;10:54:57.985907
1758;1871;-113;10:54:57.985907
1757;1869;-112;10:54:57.985907
1757;1868;-111;10:54:57.985907
1759;1869;-110;10:54:57.985907
1756;1871;-115;10:54:57.985907
1755;1870;-115;10:54:57.985907
1756;1868;-112;10:54:57.985907
1758;1869;-111;10:54:57.985907
1756;1868;-112;10:54:57.985907
1754;1870;-116;10:54:57.985907
1755;1871;-116;10:54:57.985907
1755;1869;-114;10:54:57.985907
1757;1867;-110;10:54:57.985907
1757;1868;-111;10:54:57.985907
1759;1869;-110;10:54:57.985907
1757;1870;-113;10:54:57.985907
1758;1871;-113;10:54:57.985907
1759;1871;-112;10:54:57.985907
1759;1872;-113;10:54:57.985907
1759;1869;-110;10:54:57.985907
1761;1870;-109;10:54:57.985907
1758;1871;-113;10:54:57.985907
1758;1870;-112;10:54:57.985907
1758;1871;-113;10:54:57.985907
1758;1874;-116;10:54:57.985907
1760;1874;-114;10:54:57.985907
1761;1873;-112;10:54:57.985907
1764;1876;-112;10:54:57.985907
1764;1877;-113;10:54:57.985907
1765;1876;-111;10:54:57.985907
1766;1872;-106;10:54:57.985907
1765;1872;-107;10:54:57.985907
1766;1873;-107;10:54:57.985907
1766;1877;-111;10:54:57.985907
1766;1875;-109;10:54:57.985907
1766;1876;-110;10:54:57.985907
1766;1876;-110;10:54:57.985907
1764;1877;-113;10:54:57.985907
1762;1875;-113;10:54:57.985907
1763;1873;-110;10:54:57.985907
1762;1874;-112;10:54:57.985907
1760;1874;-114;10:54:57.985907
1762;1873;-111;10:54:57.985907
1763;1874;-111;10:54:57.985907
1762;1874;-112;10:54:57.985907
1765;1874;-109;10:54:57.985907
1765;1874;-109;10:54:57.985907
1764;1875;-111;10:54:57.985907
1765;1873;-108;10:54:57.985907
1765;1873;-108;10:54:57.985907
1766;1871;-105;10:54:57.985907
1763;1870;-107;10:54:57.985907
1761;1872;-111;10:54:57.985907
1760;1874;-114;10:54:57.985907
1759;1874;-115;10:54:57.985907
1760;1877;-117;10:54:57.985907
1762;1876;-114;10:54:57.985907
1765;1876;-111;10:54:57.985907
1764;1875;-111;10:54:57.985907
1765;1875;-110;10:54:57.985907
1765;1873;-108;10:54:57.985907
1765;1875;-110;10:54:57.985907
1767;1876;-109;10:54:57.985907
1764;1875;-111;10:54:57.985907
1765;1877;-112;10:54:57.985907
1769;1879;-110;10:54:57.985907
1768;1878;-110;10:54:57.985907
1766;1876;-110;10:54:57.985907
1768;1877;-109;10:54:57.985907
1768;1876;-108;10:54:57.985907
1768;1877;-109;10:54:57.985907
1766;1876;-110;10:54:57.985907
1764;1877;-113;10:54:57.985907
1762;1876;-114;10:54:57.985907
1763;1873;-110;10:54:57.985907
1762;1875;-113;10:54:57.985907
1761;1872;-111;10:54:57.985907
1763;1870;-107;10:54:57.985907
1761;1870;-109;10:54:57.985907
1760;1870;-110;10:54:57.985907
1756;1870;-114;10:54:57.985907
1757;1869;-112;10:54:57.985907
1761;1869;-108;10:54:57.985907
1758;1868;-110;10:54:57.985907
1756;1868;-112;10:54:57.985907
1755;1871;-116;10:54:57.985907
1753;1870;-117;10:54:57.985907
1756;1867;-111;10:54:57.985907
1754;1868;-114;10:54:57.985907
1753;1868;-115;10:54:57.985907
1754;1869;-115;10:54:57.985907
1753;1867;-114;10:54:57.985907
1752;1865;-113;10:54:57.985907
1751;1866;-115;10:54:57.985907
1756;1867;-111;10:54:57.985907
1757;1867;-110;10:54:57.985907
1755;1865;-110;10:54:57.985907
1756;1867;-111;10:54:57.985907
1755;1869;-114;10:54:57.985907
1754;1868;-114;10:54:57.985907
1752;1868;-116;10:54:57.985907
1754;1868;-114;10:54:57.985907
1755;1868;-113;10:54:57.985907
1754;1869;-115;10:54:57.985907
1756;1868;-112;10:54:57.985907
1758;1866;-108;10:54:57.985907
1757;1866;-109;10:54:57.985907
1756;1865;-109;10:54:57.985907
1756;1866;-110;10:54:57.985907
1757;1866;-109;10:54:57.985907
1757;1867;-110;10:54:57.985907
1756;1866;-110;10:54:57.985907
1755;1865;-110;10:54:57.985907
1756;1864;-108;10:54:57.985907
1754;1865;-111;10:54:57.985907
1751;1865;-114;10:54:57.985907
1751;1865;-114;10:54:57.985907
1754;1864;-110;10:54:57.985907
1754;1866;-112;10:54:57.985907
1753;1866;-113;10:54:57.985907
1753;1864;-111;10:54:57.985907
1753;1867;-114;10:54:57.985907
1753;1863;-110;10:54:57.985907
1752;1863;-111;10:54:57.985907
1756;1865;-109;10:54:57.985907
1755;1865;-110;10:54:57.985907
1754;1866;-112;10:54:57.985907
1755;1865;-110;10:54:57.985907
1754;1866;-112;10:54:57.985907
1754;1865;-111;10:54:57.985907
1754;1863;-109;10:54:57.985907
1753;1866;-113;10:54:57.985907
1752;1865;-113;10:54:57.985907
1752;1866;-114;10:54:57.985907
1751;1867;-116;10:54:57.985907
1752;1866;-114;10:54:57.985907
1755;1867;-112;10:54:57.985907
1756;1867;-111;10:54:57.985907
1753;1867;-114;10:54:57.985907
1753;1866;-113;10:54:57.985907
1755;1867;-112;10:54:57.985907
1755;1867;-112;10:54:57.985907
1756;1869;-113;10:54:57.985907
1757;1870;-113;10:54:57.985907
1759;1871;-112;10:54:57.985907
1759;1870;-111;10:54:57.985907
1758;1869;-111;10:54:57.985907
1759;1870;-111;10:54:57.985907
1756;1871;-115;10:54:57.985907
1758;1868;-110;10:54:57.985907
1758;1870;-112;10:54:57.985907
1758;1871;-113;10:54:57.985907
1756;1868;-112;10:54:57.985907
1755;1870;-115;10:54:57.985907
1753;1867;-114;10:54:57.985907
1753;1867;-114;10:54:57.985907
1753;1868;-115;10:54:57.985907
1754;1868;-114;10:54:57.985907
1755;1868;-113;10:54:57.985907
1757;1867;-110;10:54:57.985907
1757;1868;-111;10:54:57.985907
1755;1870;-115;10:54:57.985907
1757;1870;-113;10:54:57.985907
1757;1871;-114;10:54:57.985907
1757;1871;-114;10:54:57.985907
1758;1873;-115;10:54:57.985907
1760;1873;-113;10:54:57.985907
1759;1874;-115;10:54:57.985907
1759;1874;-115;10:54:57.985907
1759;1872;-113;10:54:57.985907
1761;1873;-112;10:54:57.985907
1760;1872;-112;10:54:57.985907
1758;1873;-115;10:54:57.985907
1761;1874;-113;10:54:57.985907
1759;1874;-115;10:54:57.985907
1760;1876;-116;10:54:57.985907
1764;1876;-112;10:54:57.985907
1766;1875;-109;10:54:57.985907
1765;1875;-110;10:54:57.985907
1769;1875;-106;10:54:57.985907
1767;1875;-108;10:54:57.985907
1764;1874;-110;10:54:57.985907
1762;1875;-113;10:54:57.985907
1762;1875;-113;10:54:57.985907
1763;1874;-111;10:54:57.985907
1762;1873;-111;10:54:57.985907
1762;1876;-114;10:54:57.985907
1763;1875;-112;10:54:57.985907
1761;1873;-112;10:54:57.985907
1762;1873;-111;10:54:57.985907
1762;1874;-112;10:54:57.985907
1760;1873;-113;10:54:57.985907
1760;1873;-113;10:54:57.985907
1760;1875;-115;10:54:57.985907
1761;1873;-112;10:54:57.985907
1758;1874;-116;10:54:57.985907
1759;1873;-114;10:54:57.985907
1758;1875;-117;10:54:57.985907
1760;1878;-118;10:54:57.985907
1764;1879;-115;10:54:57.985907
1763;1877;-114;10:54:57.985907
1762;1878;-116;10:54:57.985907
1765;1879;-114;10:54:57.985907
1766;1877;-111;10:54:57.985907
1766;1879;-113;10:54:57.985907
1764;1879;-115;10:54:57.985907
1766;1879;-113;10:54:57.985907
1765;1880;-115;10:54:57.985907
1762;1878;-116;10:54:57.985907
1764;1878;-114;10:54:57.985907
1764;1881;-117;10:54:57.985907
1767;1881;-114;10:54:57.985907
1769;1879;-110;10:54:57.985907
1769;1879;-110;10:54:57.985907
1767;1878;-111;10:54:57.985907
1766;1879;-113;10:54:57.985907
1767;1880;-113;10:54:57.985907
1765;1879;-114;10:54:57.985907
1766;1879;-113;10:54:57.985907
1767;1879;-112;10:54:57.985907
1766;1879;-113;10:54:57.985907
1765;1876;-111;10:54:57.985907
1766;1876;-110;10:54:57.985907
1766;1879;-113;10:54:57.985907
1768;1878;-110;10:54:57.985907
1765;1877;-112;10:54:57.985907
1765;1877;-112;10:54:57.985907
1765;1877;-112;10:54:57.985907
1764;1875;-111;10:54:57.985907
1762;1876;-114;10:54:57.985907
1761;1877;-116;10:54:57.985907
1764;1876;-112;10:54:57.985907
1765;1874;-109;10:54:57.985907
1766;1872;-106;10:54:57.985907
1764;1873;-109;10:54:57.985907
1763;1876;-113;10:54:57.985907
1760;1878;-118;10:54:57.985907
1762;1876;-114;10:54:57.985907
1762;1876;-114;10:54:57.985907
1763;1879;-116;10:54:57.985907
1762;1879;-117;10:54:57.985907
1763;1876;-113;10:54:57.985907
1763;1874;-111;10:54:57.985907
1759;1872;-113;10:54:57.985907
1759;1873;-114;10:54:57.985907
1757;1872;-115;10:54:57.985907
1756;1873;-117;10:54:57.985907
1757;1872;-115;10:54:57.985907
1756;1871;-115;10:54:57.985907
1756;1871;-115;10:54:57.985907
1755;1872;-117;10:54:57.985907
1757;1872;-115;10:54:57.985907
1760;1871;-111;10:54:57.985907
1759;1870;-111;10:54:57.985907
1758;1872;-114;10:54:57.985907
1756;1873;-117;10:54:57.985907
1759;1871;-112;10:54:57.985907
1757;1872;-115;10:54:57.985907
1753;1871;-118;10:54:57.985907
1754;1870;-116;10:54:57.985907
1754;1870;-116;10:54:57.985907
1753;1868;-115;10:54:57.985907
1755;1866;-111;10:54:57.985907
1753;1868;-115;10:54:57.985907
1751;1868;-117;10:54:57.985907
1752;1866;-114;10:54:57.985907
1752;1867;-115;10:54:57.985907
1755;1867;-112;10:54:57.985907
1755;1867;-112;10:54:57.985907
1754;1868;-114;10:54:57.985907
1753;1867;-114;10:54:57.985907
1753;1869;-116;10:54:57.985907
1753;1866;-113;10:54:57.985907
1752;1865;-113;10:54:57.985907
1752;1865;-113;10:54:57.985907
1750;1864;-114;10:54:57.985907
1750;1865;-115;10:54:57.985907
1750;1864;-114;10:54:57.985907
1751;1863;-112;10:54:57.985907
1753;1864;-111;10:54:57.985907
1754;1865;-111;10:54:57.985907
1754;1864;-110;10:54:57.985907
1754;1865;-111;10:54:57.985907
1752;1865;-113;10:54:57.985907
1752;1867;-115;10:54:57.985907
1756;1868;-112;10:54:57.985907
1756;1867;-111;10:54:57.985907
1752;1868;-116;10:54:57.985907
1755;1867;-112;10:54:57.985907
1756;1869;-113;10:54:57.985907
1755;1865;-110;10:54:57.985907
1754;1865;-111;10:54:57.985907
1751;1864;-113;10:54:57.985907
1751;1867;-116;10:54:57.985907
1752;1865;-113;10:54:57.985907
1753;1867;-114;10:54:57.985907
1754;1868;-114;10:54:57.985907
1755;1867;-112;10:54:57.985907
1757;1867;-110;10:54:57.985907
1755;1863;-108;10:54:57.985907
1754;1862;-108;10:54:57.985907
1754;1865;-111;10:54:57.985907
1753;1865;-112;10:54:57.985907
1751;1865;-114;10:54:57.985907
1752;1866;-114;10:54:57.985907
1755;1866;-111;10:54:57.985907
1755;1865;-110;10:54:57.985907
1750;1866;-116;10:54:57.985907
1754;1864;-110;10:54:57.985907
1752;1866;-114;10:54:57.985907
1752;1865;-113;10:54:57.985907
1755;1867;-112;10:54:57.985907
1756;1868;-112;10:54:57.985907
1757;1869;-112;10:54:57.985907
1757;1866;-109;10:54:57.985907
1755;1867;-112;10:54:57.985907
1756;1869;-113;10:54:57.985907
1757;1868;-111;10:54:57.985907
1754;1864;-110;10:54:57.985907
1752;1864;-112;10:54:57.985907
1752;1863;-111;10:54:57.985907
1756;1864;-108;10:54:57.985907
1751;1863;-112;10:54:57.985907
1755;1863;-108;10:54:57.985907
1755;1863;-108;10:54:57.985907
1753;1861;-108;10:54:57.985907
1751;1861;-110;10:54:57.985907
1753;1860;-107;10:54:57.985907
1750;1863;-113;10:54:57.985907
1748;1860;-112;10:54:57.985907
1750;1860;-110;10:54:57.985907
1750;1864;-114;10:54:57.985907
1750;1862;-112;10:54:57.985907
1750;1861;-111;10:54:57.985907
1750;1861;-111;10:54:57.985907
1754;1859;-105;10:54:57.985907
1750;1860;-110;10:54:57.985907
1750;1858;-108;10:54:57.985907
1750;1857;-107;10:54:57.985907
1748;1858;-110;10:54:57.985907
1748;1858;-110;10:54:57.985907
1748;1859;-111;10:54:57.985907
1746;1859;-113;10:54:57.985907
1747;1859;-112;10:54:57.985907
1747;1858;-111;10:54:57.985907
1748;1859;-111;10:54:57.985907
1749;1863;-114;10:54:57.985907
1751;1860;-109;10:54:57.985907
1749;1860;-111;10:54:57.985907
1750;1862;-112;10:54:57.985907
1754;1862;-108;10:54:57.985907
1753;1862;-109;10:54:57.985907
1752;1863;-111;10:54:57.985907
1753;1864;-111;10:54:57.985907
1750;1864;-114;10:54:57.985907
1753;1862;-109;10:54:57.985907
1753;1865;-112;10:54:57.985907
1752;1863;-111;10:54:57.985907
1752;1863;-111;10:54:57.985907
1753;1863;-110;10:54:57.985907
1753;1864;-111;10:54:57.985907
1753;1863;-110;10:54:57.985907
1753;1863;-110;10:54:57.985907
1752;1864;-112;10:54:57.985907
1750;1863;-113;10:54:57.985907
1752;1866;-114;10:54:57.985907
1754;1865;-111;10:54:57.985907
1753;1863;-110;10:54:57.985907
1753;1863;-110;10:54:57.985907
1754;1865;-111;10:54:57.985907
1755;1866;-111;10:54:57.985907
1755;1866;-111;10:54:57.985907
1759;1868;-109;10:54:57.985907
1760;1866;-106;10:54:57.985907
1758;1867;-109;10:54:57.985907
1760;1867;-107;10:54:57.985907
1761;1868;-107;10:54:57.985907
1758;1867;-109;10:54:57.985907
1756;1869;-113;10:54:57.985907
1754;1867;-113;10:54:57.985907
1753;1867;-114;10:54:57.985907
1754;1866;-112;10:54:57.985907
1754;1865;-111;10:54:57.985907
1754;1864;-110;10:54:57.985907
1752;1863;-111;10:54:57.985907
1753;1864;-111;10:54:57.985907
1754;1865;-111;10:54:57.985907
1753;1864;-111;10:54:57.985907
1755;1865;-110;10:54:57.985907
1756;1866;-110;10:54:57.985907
1753;1864;-111;10:54:57.985907
1755;1867;-112;10:54:57.985907
1757;1868;-111;10:54:57.985907
1755;1865;-110;10:54:57.985907
1753;1867;-114;10:54:57.985907
1754;1868;-114;10:54:57.985907
1752;1868;-116;10:54:57.985907
1754;1868;-114;10:54:57.985907
1751;1866;-115;10:54:57.985907
1751;1866;-115;10:54:57.985907
1753;1867;-114;10:54:57.985907
1755;1866;-111;10:54:57.985907
1756;1868;-112;10:54:57.985907
1755;1867;-112;10:54:57.985907
1757;1869;-112;10:54:57.985907
1758;1868;-110;10:54:57.985907
1757;1871;-114;10:54:57.985907
1757;1871;-114;10:54:57.985907
1757;1871;-114;10:54:57.985907
1756;1873;-117;10:54:57.985907
1756;1874;-118;10:54:57.985907
1757;1872;-115;10:54:57.985907
1759;1871;-112;10:54:57.985907
1760;1871;-111;10:54:57.985907
1757;1871;-114;10:54:57.985907
1755;1871;-116;10:54:57.985907
1755;1872;-117;10:54:57.985907
1755;1870;-115;10:54:57.985907
1756;1869;-113;10:54:57.985907
1752;1868;-116;10:54:57.985907
1753;1869;-116;10:54:57.985907
1757;1869;-112;10:54:57.985907
1756;1868;-112;10:54:57.985907
1756;1868;-112;10:54:57.985907
1754;1868;-114;10:54:57.985907
1756;1870;-114;10:54:57.985907
1756;1869;-113;10:54:57.985907
1754;1870;-116;10:54:57.985907
1751;1871;-120;10:54:57.985907
1752;1872;-120;10:54:57.985907
1753;1868;-115;10:54:57.985907
1754;1865;-111;10:54:57.985907
1756;1866;-110;10:54:57.985907
1756;1867;-111;10:54:57.985907
1754;1869;-115;10:54:57.985907
1755;1868;-113;10:54:57.985907
1755;1870;-115;10:54:57.985907
1757;1868;-111;10:54:57.985907
1758;1868;-110;10:54:57.985907
1757;1868;-111;10:54:57.985907
1755;1869;-114;10:54:57.985907
1756;1871;-115;10:54:57.985907
1759;1871;-112;10:54:57.985907
1759;1872;-113;10:54:57.985907
1759;1870;-111;10:54:57.985907
1760;1873;-113;10:54:57.985907
1758;1874;-116;10:54:57.985907
1759;1874;-115;10:54:57.985907
1759;1871;-112;10:54:57.985907
1758;1872;-114;10:54:57.985907
1756;1872;-116;10:54:57.985907
1755;1870;-115;10:54:57.985907
1755;1869;-114;10:54:57.985907
1756;1868;-112;10:54:57.985907
1758;1869;-111;10:54:57.985907
1756;1868;-112;10:54:57.985907
1757;1869;-112;10:54:57.985907
1757;1868;-111;10:54:57.985907
1755;1869;-114;10:54:57.985907
1754;1869;-115;10:54:57.985907
1753;1869;-116;10:54:57.985907
1754;1870;-116;10:54:57.985907
1754;1868;-114;10:54:57.985907
1755;1867;-112;10:54:57.985907
1756;1869;-113;10:54:57.985907
1757;1870;-113;10:54:57.985907
1756;1870;-114;10:54:57.985907
1757;1870;-113;10:54:57.985907
1758;1869;-111;10:54:57.985907
1754;1870;-116;10:54:57.985907
1753;1869;-116;10:54:57.985907
1752;1868;-116;10:54:57.985907
1752;1869;-117;10:54:57.985907
1753;1868;-115;10:54:57.985907
1755;1870;-115;10:54:57.985907
1755;1870;-115;10:54:57.985907
1756;1871;-115;10:54:57.985907
1759;1870;-111;10:54:57.985907
1758;1873;-115;10:54:57.985907
1758;1871;-113;10:54:57.985907
1759;1874;-115;10:54:57.985907
1760;1876;-116;10:54:57.985907
1760;1875;-115;10:54:57.985907
1758;1874;-116;10:54:57.985907
1758;1872;-114;10:54:57.985907
1757;1871;-114;10:54:57.985907
1755;1874;-119;10:54:57.985907
1756;1874;-118;10:54:57.985907
1756;1873;-117;10:54:57.985907
1757;1873;-116;10:54:57.985907
1756;1872;-116;10:54:57.985907
1755;1871;-116;10:54:57.985907
1755;1869;-114;10:54:57.985907
1756;1870;-114;10:54:57.985907
1758;1871;-113;10:54:57.985907
1759;1871;-112;10:54:57.985907
1756;1870;-114;10:54:57.985907
1757;1872;-115;10:54:57.985907
1759;1872;-113;10:54:57.985907
1755;1872;-117;10:54:57.985907
1757;1873;-116;10:54:57.985907
1760;1877;-117;10:54:57.985907
1761;1875;-114;10:54:57.985907
1758;1874;-116;10:54:57.985907
1761;1876;-115;10:54:57.985907
1760;1875;-115;10:54:57.985907
1760;1876;-116;10:54:57.985907
1759;1873;-114;10:54:57.985907
1758;1872;-114;10:54:57.985907
1753;1871;-118;10:54:57.985907
1754;1872;-118;10:54:57.985907
1756;1873;-117;10:54:57.985907
1755;1873;-118;10:54:57.985907
1755;1873;-118;10:54:57.985907
1757;1875;-118;10:54:57.985907
1757;1873;-116;10:54:57.985907
1758;1870;-112;10:54:57.985907
1757;1873;-116;10:54:57.985907
1758;1870;-112;10:54:57.985907
1758;1872;-114;10:54:57.985907
1756;1873;-117;10:54:57.985907
1756;1872;-116;10:54:57.985907
1757;1873;-116;10:54:57.985907
1755;1872;-117;10:54:57.985907
1755;1872;-117;10:54:57.985907
1756;1870;-114;10:54:57.985907
1755;1869;-114;10:54:57.985907
1756;1870;-114;10:54:57.985907
1754;1866;-112;10:54:57.985907
1749;1867;-118;10:54:57.985907
1749;1866;-117;10:54:57.985907
1750;1868;-118;10:54:57.985907
1751;1868;-117;10:54:57.985907
1752;1867;-115;10:54:57.985907
1752;1868;-116;10:54:57.985907
1754;1869;-115;10:54:57.985907
1756;1869;-113;10:54:57.985907
1753;1867;-114;10:54:57.985907
1751;1868;-117;10:54:57.985907
1753;1868;-115;10:54:57.985907
1757;1871;-114;10:54:57.985907
1753;1869;-116;10:54:57.985907
1751;1867;-116;10:54:57.985907
1753;1868;-115;10:54:57.985907
1753;1869;-116;10:54:57.985907
1754;1867;-113;10:54:57.985907
1753;1867;-114;10:54:57.985907
1753;1868;-115;10:54:57.985907
1752;1870;-118;10:54:57.985907
1754;1870;-116;10:54:57.985907
1753;1869;-116;10:54:57.985907
1752;1869;-117;10:54:57.985907
1754;1871;-117;10:54:57.985907
1755;1871;-116;10:54:57.985907
1756;1870;-114;10:54:57.985907
1755;1868;-113;10:54:57.985907
1754;1870;-116;10:54:57.985907
1756;1869;-113;10:54:57.985907
1757;1866;-109;10:54:57.985907
1759;1871;-112;10:54:57.985907
1756;1871;-115;10:54:57.985907
1756;1870;-114;10:54:57.985907
1753;1867;-114;10:54:58.150467
1754;1869;-115;10:54:58.150467
1753;1866;-113;10:54:58.150467
1755;1864;-109;10:54:58.150467
1750;1861;-111;10:54:58.150467
1750;1863;-113;10:54:58.150467
1749;1864;-115;10:54:58.150467
1748;1865;-117;10:54:58.150467
1748;1863;-115;10:54:58.150467
1749;1864;-115;10:54:58.150467
1751;1863;-112;10:54:58.150467
1751;1864;-113;10:54:58.150467
1753;1862;-109;10:54:58.150467
1752;1864;-112;10:54:58.150467
1748;1861;-113;10:54:58.150467
1749;1862;-113;10:54:58.150467
1750;1865;-115;10:54:58.150467
1747;1864;-117;10:54:58.150467
1745;1865;-120;10:54:58.150467
1750;1865;-115;10:54:58.150467
1754;1868;-114;10:54:58.150467
1753;1868;-115;10:54:58.150467
1753;1865;-112;10:54:58.150467
1754;1866;-112;10:54:58.150467
1755;1866;-111;10:54:58.150467
1753;1866;-113;10:54:58.150467
1753;1868;-115;10:54:58.150467
1754;1868;-114;10:54:58.150467
1753;1865;-112;10:54:58.150467
1755;1865;-110;10:54:58.150467
1753;1868;-115;10:54:58.150467
1751;1868;-117;10:54:58.150467
1751;1865;-114;10:54:58.150467
1752;1867;-115;10:54:58.150467
1753;1866;-113;10:54:58.150467
1756;1865;-109;10:54:58.150467
1758;1865;-107;10:54:58.150467
1752;1867;-115;10:54:58.150467
1753;1865;-112;10:54:58.150467
1754;1865;-111;10:54:58.150467
1751;1865;-114;10:54:58.150467
1750;1864;-114;10:54:58.150467
1751;1866;-115;10:54:58.150467
1753;1867;-114;10:54:58.150467
1754;1865;-111;10:54:58.150467
1753;1865;-112;10:54:58.150467
1754;1867;-113;10:54:58.150467
1754;1867;-113;10:54:58.150467
1754;1865;-111;10:54:58.150467
1752;1866;-114;10:54:58.150467
1752;1867;-115;10:54:58.150467
1753;1869;-116;10:54:58.150467
1754;1866;-112;10:54:58.150467
1756;1868;-112;10:54:58.150467
1756;1869;-113;10:54:58.150467
1757;1873;-116;10:54:58.150467
1761;1873;-112;10:54:58.150467
1762;1871;-109;10:54:58.150467
1763;1873;-110;10:54:58.150467
1761;1874;-113;10:54:58.150467
1764;1878;-114;10:54:58.150467
1764;1876;-112;10:54:58.150467
1764;1876;-112;10:54:58.150467
1766;1876;-110;10:54:58.150467
1766;1878;-112;10:54:58.150467
1764;1878;-114;10:54:58.150467
1763;1877;-114;10:54:58.150467
1766;1875;-109;10:54:58.150467
1763;1877;-114;10:54:58.150467
1763;1876;-113;10:54:58.150467
1763;1876;-113;10:54:58.150467
1762;1876;-114;10:54:58.150467
1764;1877;-113;10:54:58.150467
1766;1877;-111;10:54:58.150467
1764;1875;-111;10:54:58.150467
1764;1877;-113;10:54:58.150467
1766;1877;-111;10:54:58.150467
1767;1876;-109;10:54:58.150467
1764;1875;-111;10:54:58.150467
1763;1876;-113;10:54:58.150467
1766;1875;-109;10:54:58.150467
1761;1876;-115;10:54:58.150467
1760;1877;-117;10:54:58.150467
1761;1877;-116;10:54:58.150467
1763;1878;-115;10:54:58.150467
1763;1877;-114;10:54:58.150467
1762;1877;-115;10:54:58.150467
1763;1879;-116;10:54:58.150467
1766;1879;-113;10:54:58.150467
1767;1880;-113;10:54:58.150467
1763;1879;-116;10:54:58.150467
1765;1881;-116;10:54:58.150467
1764;1882;-118;10:54:58.150467
1764;1882;-118;10:54:58.150467
1767;1882;-115;10:54:58.150467
1765;1881;-116;10:54:58.150467
1767;1884;-117;10:54:58.150467
1768;1882;-114;10:54:58.150467
1768;1881;-113;10:54:58.150467
1769;1881;-112;10:54:58.150467
1767;1885;-118;10:54:58.150467
1768;1888;-120;10:54:58.150467
1773;1886;-113;10:54:58.150467
1773;1885;-112;10:54:58.150467
1770;1886;-116;10:54:58.150467
1772;1883;-111;10:54:58.150467
1771;1882;-111;10:54:58.150467
1771;1881;-110;10:54:58.150467
1767;1881;-114;10:54:58.150467
1764;1880;-116;10:54:58.150467
1764;1880;-116;10:54:58.150467
1764;1877;-113;10:54:58.150467
1763;1875;-112;10:54:58.150467
1763;1874;-111;10:54:58.150467
1762;1875;-113;10:54:58.150467
1762;1873;-111;10:54:58.150467
1761;1872;-111;10:54:58.150467
1760;1872;-112;10:54:58.150467
1759;1873;-114;10:54:58.150467
1759;1872;-113;10:54:58.150467
1760;1871;-111;10:54:58.150467
1758;1872;-114;10:54:58.150467
1755;1871;-116;10:54:58.150467
1757;1871;-114;10:54:58.150467
1757;1869;-112;10:54:58.150467
1755;1869;-114;10:54:58.150467
1753;1870;-117;10:54:58.150467
1753;1871;-118;10:54:58.150467
1755;1873;-118;10:54:58.150467
1756;1869;-113;10:54:58.150467
1755;1870;-115;10:54:58.150467
1754;1870;-116;10:54:58.150467
1756;1870;-114;10:54:58.150467
1753;1869;-116;10:54:58.150467
1756;1868;-112;10:54:58.150467
1757;1870;-113;10:54:58.150467
1756;1872;-116;10:54:58.150467
1756;1871;-115;10:54:58.150467
1756;1871;-115;10:54:58.150467
1758;1873;-115;10:54:58.150467
1757;1873;-116;10:54:58.150467
1758;1872;-114;10:54:58.150467
1757;1872;-115;10:54:58.150467
1756;1871;-115;10:54:58.150467
1758;1869;-111;10:54:58.150467
1757;1870;-113;10:54:58.150467
1757;1868;-111;10:54:58.150467
1755;1868;-113;10:54:58.150467
1757;1869;-112;10:54:58.150467
1756;1869;-113;10:54:58.150467
1752;1870;-118;10:54:58.150467
1754;1868;-114;10:54:58.150467
1756;1866;-110;10:54:58.150467
1754;1868;-114;10:54:58.150467
1754;1866;-112;10:54:58.150467
1754;1864;-110;10:54:58.150467
1752;1864;-112;10:54:58.150467
1753;1864;-111;10:54:58.150467
1752;1864;-112;10:54:58.150467
1752;1865;-113;10:54:58.150467
1753;1866;-113;10:54:58.150467
1751;1866;-115;10:54:58.150467
1749;1868;-119;10:54:58.150467
1751;1868;-117;10:54:58.150467
1754;1869;-115;10:54:58.150467
1755;1870;-115;10:54:58.150467
1753;1866;-113;10:54:58.150467
1754;1867;-113;10:54:58.150467
1755;1867;-112;10:54:58.150467
1753;1866;-113;10:54:58.150467
1752;1865;-113;10:54:58.150467
1754;1866;-112;10:54:58.150467
1755;1867;-112;10:54:58.150467
1753;1868;-115;10:54:58.150467
1754;1868;-114;10:54:58.150467
1756;1870;-114;10:54:58.150467
1755;1869;-114;10:54:58.150467
1755;1871;-116;10:54:58.150467
1755;1870;-115;10:54:58.150467
1754;1869;-115;10:54:58.150467
1757;1870;-113;10:54:58.150467
1758;1872;-114;10:54:58.150467
1755;1872;-117;10:54:58.150467
1755;1872;-117;10:54:58.150467
1757;1871;-114;10:54:58.150467
1758;1870;-112;10:54:58.150467
1756;1869;-113;10:54:58.150467
1757;1869;-112;10:54:58.150467
1757;1868;-111;10:54:58.150467
1752;1867;-115;10:54:58.150467
1755;1867;-112;10:54:58.150467
1754;1866;-112;10:54:58.150467
1754;1869;-115;10:54:58.150467
1755;1869;-114;10:54:58.150467
1753;1869;-116;10:54:58.150467
1754;1869;-115;10:54:58.150467
1757;1870;-113;10:54:58.150467
1758;1870;-112;10:54:58.150467
1755;1868;-113;10:54:58.150467
1754;1868;-114;10:54:58.150467
1755;1869;-114;10:54:58.150467
1756;1870;-114;10:54:58.150467
1753;1870;-117;10:54:58.150467
1754;1874;-120;10:54:58.150467
1758;1876;-118;10:54:58.150467
1757;1875;-118;10:54:58.150467
1759;1874;-115;10:54:58.150467
1760;1876;-116;10:54:58.150467
1761;1875;-114;10:54:58.150467
1765;1875;-110;10:54:58.150467
1765;1873;-108;10:54:58.150467
1765;1874;-109;10:54:58.150467
1765;1876;-111;10:54:58.150467
1766;1878;-112;10:54:58.150467
1765;1879;-114;10:54:58.150467
1765;1877;-112;10:54:58.150467
1767;1880;-113;10:54:58.150467
1766;1881;-115;10:54:58.150467
1766;1880;-114;10:54:58.150467
1766;1880;-114;10:54:58.150467
1766;1879;-113;10:54:58.150467
1764;1879;-115;10:54:58.150467
1764;1877;-113;10:54:58.150467
1766;1877;-111;10:54:58.150467
1766;1875;-109;10:54:58.150467
1766;1876;-110;10:54:58.150467
1765;1877;-112;10:54:58.150467
1764;1874;-110;10:54:58.150467
1763;1873;-110;10:54:58.150467
1765;1872;-107;10:54:58.150467
1764;1875;-111;10:54:58.150467
1763;1876;-113;10:54:58.150467
1761;1877;-116;10:54:58.150467
1762;1878;-116;10:54:58.150467
1762;1878;-116;10:54:58.150467
1760;1877;-117;10:54:58.150467
1762;1876;-114;10:54:58.150467
1762;1878;-116;10:54:58.150467
1761;1878;-117;10:54:58.150467
1762;1879;-117;10:54:58.150467
1765;1880;-115;10:54:58.150467
1765;1880;-115;10:54:58.150467
1766;1881;-115;10:54:58.150467
1768;1881;-113;10:54:58.150467
1768;1881;-113;10:54:58.150467
1766;1880;-114;10:54:58.150467
1767;1881;-114;10:54:58.150467
1770;1885;-115;10:54:58.150467
1769;1884;-115;10:54:58.150467
1770;1885;-115;10:54:58.150467
1770;1885;-115;10:54:58.150467
1773;1885;-112;10:54:58.150467
1772;1884;-112;10:54:58.150467
1771;1884;-113;10:54:58.150467
1767;1882;-115;10:54:58.150467
1768;1880;-112;10:54:58.157448
1768;1879;-111;10:54:58.157448
1767;1878;-111;10:54:58.157448
1767;1876;-109;10:54:58.157448
1764;1875;-111;10:54:58.157448
1763;1876;-113;10:54:58.157448
1763;1876;-113;10:54:58.157448
1761;1876;-115;10:54:58.157448
1760;1879;-119;10:54:58.157448
1761;1879;-118;10:54:58.157448
1762;1879;-117;10:54:58.157448
1760;1877;-117;10:54:58.157448
1761;1876;-115;10:54:58.157448
1760;1876;-116;10:54:58.157448
1760;1875;-115;10:54:58.157448
1760;1875;-115;10:54:58.157448
1760;1873;-113;10:54:58.157448
1762;1872;-110;10:54:58.157448
1761;1873;-112;10:54:58.157448
1761;1877;-116;10:54:58.157448
1760;1878;-118;10:54:58.157448
1759;1877;-118;10:54:58.157448
1762;1879;-117;10:54:58.157448
1763;1880;-117;10:54:58.157448
1762;1879;-117;10:54:58.157448
1762;1880;-118;10:54:58.157448
1765;1880;-115;10:54:58.157448
1767;1881;-114;10:54:58.157448
1764;1881;-117;10:54:58.157448
1766;1883;-117;10:54:58.157448
1770;1882;-112;10:54:58.157448
1771;1882;-111;10:54:58.157448
1771;1883;-112;10:54:58.157448
1772;1883;-111;10:54:58.157448
1771;1883;-112;10:54:58.157448
1769;1882;-113;10:54:58.157448
1768;1879;-111;10:54:58.157448
1767;1880;-113;10:54:58.157448
1768;1882;-114;10:54:58.157448
1768;1882;-114;10:54:58.157448
1766;1882;-116;10:54:58.157448
1766;1882;-116;10:54:58.157448
1765;1880;-115;10:54:58.157448
1767;1880;-113;10:54:58.157448
1767;1876;-109;10:54:58.157448
1766;1876;-110;10:54:58.157448
1763;1874;-111;10:54:58.157448
1764;1873;-109;10:54:58.157448
1763;1873;-110;10:54:58.157448
1763;1874;-111;10:54:58.157448
1764;1874;-110;10:54:58.157448
1762;1877;-115;10:54:58.157448
1762;1876;-114;10:54:58.157448
1761;1875;-114;10:54:58.157448
1758;1874;-116;10:54:58.157448
1758;1874;-116;10:54:58.157448
1759;1875;-116;10:54:58.157448
1759;1874;-115;10:54:58.157448
1759;1872;-113;10:54:58.157448
1759;1874;-115;10:54:58.157448
1760;1874;-114;10:54:58.157448
1759;1874;-115;10:54:58.157448
1760;1875;-115;10:54:58.157448
1763;1874;-111;10:54:58.157448
1764;1874;-110;10:54:58.157448
1764;1873;-109;10:54:58.157448
1763;1875;-112;10:54:58.157448
1763;1876;-113;10:54:58.157448
1762;1877;-115;10:54:58.157448
1759;1876;-117;10:54:58.157448
1759;1876;-117;10:54:58.157448
1760;1876;-116;10:54:58.157448
1760;1876;-116;10:54:58.157448
1759;1876;-117;10:54:58.157448
1760;1873;-113;10:54:58.157448
1758;1874;-116;10:54:58.157448
1758;1874;-116;10:54:58.157448
1758;1872;-114;10:54:58.157448
1759;1872;-113;10:54:58.157448
1757;1872;-115;10:54:58.157448
1757;1873;-116;10:54:58.157448
1758;1873;-115;10:54:58.157448
1757;1873;-116;10:54:58.157448
1757;1871;-114;10:54:58.157448
1757;1873;-116;10:54:58.157448
1759;1874;-115;10:54:58.157448
1760;1873;-113;10:54:58.157448
1760;1873;-113;10:54:58.157448
1759;1872;-113;10:54:58.157448
1760;1873;-113;10:54:58.157448
1758;1875;-117;10:54:58.157448
1756;1873;-117;10:54:58.157448
1758;1873;-115;10:54:58.157448
1757;1872;-115;10:54:58.157448
1757;1873;-116;10:54:58.157448
1757;1874;-117;10:54:58.157448
1757;1874;-117;10:54:58.157448
1758;1875;-117;10:54:58.157448
1760;1875;-115;10:54:58.157448
1763;1874;-111;10:54:58.157448
1763;1875;-112;10:54:58.157448
1764;1877;-113;10:54:58.157448
1765;1878;-113;10:54:58.157448
1761;1878;-117;10:54:58.157448
1760;1876;-116;10:54:58.157448
1761;1874;-113;10:54:58.157448
1761;1873;-112;10:54:58.157448
1757;1871;-114;10:54:58.157448
1756;1873;-117;10:54:58.157448
1757;1874;-117;10:54:58.157448
1756;1871;-115;10:54:58.157448
1760;1870;-110;10:54:58.157448
1761;1870;-109;10:54:58.157448
1760;1870;-110;10:54:58.157448
1757;1870;-113;10:54:58.157448
1758;1871;-113;10:54:58.157448
1755;1870;-115;10:54:58.157448
1755;1868;-113;10:54:58.157448
1758;1869;-111;10:54:58.157448
1757;1870;-113;10:54:58.157448
1756;1869;-113;10:54:58.157448
1758;1870;-112;10:54:58.157448
1761;1871;-110;10:54:58.157448
1760;1872;-112;10:54:58.157448
1760;1874;-114;10:54:58.157448
1759;1874;-115;10:54:58.157448
1759;1874;-115;10:54:58.157448
1760;1872;-112;10:54:58.157448
1764;1872;-108;10:54:58.157448
1762;1873;-111;10:54:58.157448
1760;1872;-112;10:54:58.157448
1760;1872;-112;10:54:58.157448
1759;1873;-114;10:54:58.157448
1759;1871;-112;10:54:58.157448
1759;1874;-115;10:54:58.157448
1759;1874;-115;10:54:58.157448
1758;1873;-115;10:54:58.157448
1759;1873;-114;10:54:58.157448
1762;1875;-113;10:54:58.157448
1761;1871;-110;10:54:58.157448
1760;1873;-113;10:54:58.157448
1761;1877;-116;10:54:58.157448
1765;1878;-113;10:54:58.157448
1766;1879;-113;10:54:58.157448
1766;1875;-109;10:54:58.157448
1767;1876;-109;10:54:58.157448
1762;1874;-112;10:54:58.157448
1760;1876;-116;10:54:58.157448
1762;1876;-114;10:54:58.157448
1762;1876;-114;10:54:58.157448
1763;1873;-110;10:54:58.157448
1761;1873;-112;10:54:58.157448
1760;1872;-112;10:54:58.157448
1758;1872;-114;10:54:58.157448
1758;1871;-113;10:54:58.157448
1759;1870;-111;10:54:58.157448
1759;1870;-111;10:54:58.157448
1758;1869;-111;10:54:58.157448
1756;1872;-116;10:54:58.157448
1756;1871;-115;10:54:58.157448
1756;1871;-115;10:54:58.157448
1756;1869;-113;10:54:58.157448
1755;1867;-112;10:54:58.157448
1752;1869;-117;10:54:58.157448
1752;1867;-115;10:54:58.157448
1751;1866;-115;10:54:58.157448
1749;1865;-116;10:54:58.157448
1751;1865;-114;10:54:58.157448
1754;1865;-111;10:54:58.157448
1752;1866;-114;10:54:58.157448
1751;1866;-115;10:54:58.157448
1754;1866;-112;10:54:58.157448
1753;1867;-114;10:54:58.157448
1752;1864;-112;10:54:58.157448
1753;1867;-114;10:54:58.157448
1752;1868;-116;10:54:58.157448
1753;1871;-118;10:54:58.157448
1753;1868;-115;10:54:58.157448
1752;1870;-118;10:54:58.157448
1754;1870;-116;10:54:58.157448
1760;1872;-112;10:54:58.157448
1760;1870;-110;10:54:58.157448
1754;1869;-115;10:54:58.157448
1756;1869;-113;10:54:58.157448
1757;1870;-113;10:54:58.157448
1753;1867;-114;10:54:58.157448
1753;1867;-114;10:54:58.157448
1755;1869;-114;10:54:58.157448
1754;1870;-116;10:54:58.157448
1753;1868;-115;10:54:58.157448
1751;1867;-116;10:54:58.157448
1752;1863;-111;10:54:58.157448
1751;1863;-112;10:54:58.157448
1748;1860;-112;10:54:58.157448
1748;1861;-113;10:54:58.157448
1746;1860;-114;10:54:58.157448
1748;1857;-109;10:54:58.157448
1746;1855;-109;10:54:58.157448
1746;1856;-110;10:54:58.157448
1747;1857;-110;10:54:58.157448
1748;1858;-110;10:54:58.157448
1747;1860;-113;10:54:58.157448
1745;1858;-113;10:54:58.157448
1744;1861;-117;10:54:58.157448
1745;1864;-119;10:54:58.157448
1745;1863;-118;10:54:58.157448
1743;1861;-118;10:54:58.157448
1743;1862;-119;10:54:58.157448
1745;1861;-116;10:54:58.157448
1743;1861;-118;10:54:58.157448
1747;1861;-114;10:54:58.157448
1748;1862;-114;10:54:58.157448
1747;1862;-115;10:54:58.157448
1745;1863;-118;10:54:58.157448
1746;1866;-120;10:54:58.157448
1747;1866;-119;10:54:58.157448
1748;1867;-119;10:54:58.157448
1752;1870;-118;10:54:58.157448
1753;1873;-120;10:54:58.157448
1756;1872;-116;10:54:58.157448
1758;1871;-113;10:54:58.157448
1757;1871;-114;10:54:58.157448
1756;1872;-116;10:54:58.157448
1758;1874;-116;10:54:58.157448
1758;1874;-116;10:54:58.157448
1755;1874;-119;10:54:58.157448
1757;1874;-117;10:54:58.157448
1758;1874;-116;10:54:58.157448
1756;1873;-117;10:54:58.157448
1760;1874;-114;10:54:58.157448
1761;1874;-113;10:54:58.157448
1760;1873;-113;10:54:58.157448
1760;1872;-112;10:54:58.157448
1760;1873;-113;10:54:58.157448
1758;1872;-114;10:54:58.157448
1755;1870;-115;10:54:58.157448
1755;1870;-115;10:54:58.157448
1756;1872;-116;10:54:58.157448
1755;1873;-118;10:54:58.157448
1754;1872;-118;10:54:58.157448
1754;1870;-116;10:54:58.157448
1755;1873;-118;10:54:58.157448
1756;1874;-118;10:54:58.157448
1755;1874;-119;10:54:58.157448
1755;1873;-118;10:54:58.157448
1755;1872;-117;10:54:58.157448
1755;1873;-118;10:54:58.157448
1757;1872;-115;10:54:58.157448
1756;1872;-116;10:54:58.157448
1757;1872;-115;10:54:58.157448
1758;1872;-114;10:54:58.157448
1758;1873;-115;10:54:58.157448
1761;1875;-114;10:54:58.157448
1760;1874;-114;10:54:58.157448
1756;1876;-120;10:54:58.157448
1758;1877;-119;10:54:58.158446
1754;1874;-120;10:54:58.158446
1753;1872;-119;10:54:58.158446
1755;1871;-116;10:54:58.158446
1755;1870;-115;10:54:58.158446
1754;1868;-114;10:54:58.158446
1755;1868;-113;10:54:58.158446
1756;1867;-111;10:54:58.158446
1754;1866;-112;10:54:58.158446
1750;1863;-113;10:54:58.158446
1746;1861;-115;10:54:58.158446
1747;1862;-115;10:54:58.158446
1747;1860;-113;10:54:58.158446
1745;1860;-115;10:54:58.158446
1744;1861;-117;10:54:58.158446
1746;1863;-117;10:54:58.158446
1748;1863;-115;10:54:58.158446
1746;1864;-118;10:54:58.158446
1746;1865;-119;10:54:58.158446
1748;1865;-117;10:54:58.158446
1746;1866;-120;10:54:58.158446
1744;1864;-120;10:54:58.158446
1745;1864;-119;10:54:58.158446
1746;1864;-118;10:54:58.158446
1749;1863;-114;10:54:58.158446
1749;1862;-113;10:54:58.158446
1747;1863;-116;10:54:58.158446
1749;1866;-117;10:54:58.158446
1750;1864;-114;10:54:58.158446
1749;1863;-114;10:54:58.158446
1748;1865;-117;10:54:58.158446
1750;1866;-116;10:54:58.158446
1751;1869;-118;10:54:58.158446
1751;1867;-116;10:54:58.158446
1753;1869;-116;10:54:58.158446
1752;1869;-117;10:54:58.158446
1756;1869;-113;10:54:58.158446
1757;1870;-113;10:54:58.158446
1760;1871;-111;10:54:58.158446
1760;1871;-111;10:54:58.158446
1762;1872;-110;10:54:58.158446
1763;1873;-110;10:54:58.158446
1761;1868;-107;10:54:58.158446
1762;1867;-105;10:54:58.158446
1761;1869;-108;10:54:58.158446
1760;1868;-108;10:54:58.158446
1759;1867;-108;10:54:58.158446
1759;1866;-107;10:54:58.158446
1756;1866;-110;10:54:58.158446
1756;1866;-110;10:54:58.158446
1755;1866;-111;10:54:58.158446
1757;1866;-109;10:54:58.158446
1758;1866;-108;10:54:58.158446
1758;1866;-108;10:54:58.158446
1759;1869;-110;10:54:58.158446
1761;1868;-107;10:54:58.158446
1761;1869;-108;10:54:58.158446
1760;1866;-106;10:54:58.158446
1759;1866;-107;10:54:58.158446
1760;1865;-105;10:54:58.158446
1762;1866;-104;10:54:58.158446
1761;1864;-103;10:54:58.158446
1758;1867;-109;10:54:58.158446
1758;1870;-112;10:54:58.158446
1758;1870;-112;10:54:58.158446
1759;1869;-110;10:54:58.158446
1760;1868;-108;10:54:58.158446
1759;1867;-108;10:54:58.158446
1759;1866;-107;10:54:58.158446
1758;1866;-108;10:54:58.158446
1757;1867;-110;10:54:58.158446
1757;1865;-108;10:54:58.158446
1758;1865;-107;10:54:58.158446
1758;1865;-107;10:54:58.158446
1758;1867;-109;10:54:58.158446
1758;1868;-110;10:54:58.158446
1759;1865;-106;10:54:58.158446
1757;1864;-107;10:54:58.158446
1756;1863;-107;10:54:58.158446
1755;1863;-108;10:54:58.158446
1752;1863;-111;10:54:58.158446
1749;1861;-112;10:54:58.158446
1750;1861;-111;10:54:58.158446
1749;1859;-110;10:54:58.158446
1745;1858;-113;10:54:58.158446
1746;1858;-112;10:54:58.158446
1747;1860;-113;10:54:58.158446
1744;1858;-114;10:54:58.158446
1745;1855;-110;10:54:58.158446
1745;1853;-108;10:54:58.158446
1744;1854;-110;10:54:58.158446
1740;1851;-111;10:54:58.158446
1742;1850;-108;10:54:58.158446
1740;1850;-110;10:54:58.158446
1736;1849;-113;10:54:58.158446
1736;1850;-114;10:54:58.158446
1737;1848;-111;10:54:58.158446
1735;1848;-113;10:54:58.158446
1735;1850;-115;10:54:58.158446
1737;1849;-112;10:54:58.158446
1736;1850;-114;10:54:58.158446
1737;1849;-112;10:54:58.158446
1739;1849;-110;10:54:58.158446
1738;1852;-114;10:54:58.158446
1739;1854;-115;10:54:58.158446
1741;1857;-116;10:54:58.158446
1744;1856;-112;10:54:58.158446
1743;1854;-111;10:54:58.158446
1745;1853;-108;10:54:58.158446
1743;1855;-112;10:54:58.158446
1744;1853;-109;10:54:58.158446
1745;1854;-109;10:54:58.158446
1748;1854;-106;10:54:58.158446
1747;1856;-109;10:54:58.158446
1745;1854;-109;10:54:58.158446
1745;1854;-109;10:54:58.158446
1746;1855;-109;10:54:58.158446
1744;1855;-111;10:54:58.158446
1744;1855;-111;10:54:58.158446
1748;1854;-106;10:54:58.158446
1749;1853;-104;10:54:58.158446
1747;1853;-106;10:54:58.158446
1747;1854;-107;10:54:58.158446
1746;1856;-110;10:54:58.158446
1746;1854;-108;10:54:58.158446
1745;1854;-109;10:54:58.158446
1743;1852;-109;10:54:58.158446
1743;1853;-110;10:54:58.158446
1743;1856;-113;10:54:58.158446
1745;1854;-109;10:54:58.158446
1748;1855;-107;10:54:58.158446
1748;1855;-107;10:54:58.158446
1749;1855;-106;10:54:58.158446
1748;1856;-108;10:54:58.158446
1750;1861;-111;10:54:58.158446
1752;1862;-110;10:54:58.158446
1753;1864;-111;10:54:58.158446
1753;1863;-110;10:54:58.158446
1753;1865;-112;10:54:58.158446
1756;1867;-111;10:54:58.158446
1758;1866;-108;10:54:58.158446
1759;1864;-105;10:54:58.158446
1761;1864;-103;10:54:58.158446
1759;1864;-105;10:54:58.158446
1758;1864;-106;10:54:58.158446
1758;1863;-105;10:54:58.158446
1757;1863;-106;10:54:58.158446
1757;1863;-106;10:54:58.158446
1759;1866;-107;10:54:58.158446
1758;1865;-107;10:54:58.158446
1759;1863;-104;10:54:58.158446
1759;1864;-105;10:54:58.158446
1755;1865;-110;10:54:58.158446
1755;1865;-110;10:54:58.158446
1754;1865;-111;10:54:58.158446
1754;1864;-110;10:54:58.158446
1753;1864;-111;10:54:58.158446
1755;1862;-107;10:54:58.158446
1755;1860;-105;10:54:58.158446
1754;1860;-106;10:54:58.158446
1754;1859;-105;10:54:58.158446
1753;1860;-107;10:54:58.158446
1753;1859;-106;10:54:58.158446
1753;1861;-108;10:54:58.158446
1753;1860;-107;10:54:58.158446
1753;1864;-111;10:54:58.158446
1752;1865;-113;10:54:58.158446
1755;1865;-110;10:54:58.158446
1753;1866;-113;10:54:58.158446
1753;1865;-112;10:54:58.158446
1754;1866;-112;10:54:58.158446
1755;1865;-110;10:54:58.158446
1757;1865;-108;10:54:58.158446
1755;1864;-109;10:54:58.158446
1756;1863;-107;10:54:58.158446
1756;1865;-109;10:54:58.158446
1758;1866;-108;10:54:58.158446
1758;1865;-107;10:54:58.158446
1758;1867;-109;10:54:58.158446
1756;1866;-110;10:54:58.158446
1758;1870;-112;10:54:58.158446
1760;1870;-110;10:54:58.158446
1761;1871;-110;10:54:58.158446
1762;1874;-112;10:54:58.158446
1766;1876;-110;10:54:58.158446
1766;1875;-109;10:54:58.158446
1767;1876;-109;10:54:58.158446
1766;1877;-111;10:54:58.158446
1768;1877;-109;10:54:58.158446
1768;1876;-108;10:54:58.158446
1767;1873;-106;10:54:58.158446
1768;1873;-105;10:54:58.158446
1768;1873;-105;10:54:58.158446
1766;1873;-107;10:54:58.158446
1767;1874;-107;10:54:58.158446
1767;1873;-106;10:54:58.158446
1766;1872;-106;10:54:58.158446
1765;1871;-106;10:54:58.158446
1762;1871;-109;10:54:58.158446
1761;1872;-111;10:54:58.158446
1762;1871;-109;10:54:58.158446
1761;1869;-108;10:54:58.158446
1759;1870;-111;10:54:58.158446
1759;1867;-108;10:54:58.158446
1759;1869;-110;10:54:58.158446
1756;1866;-110;10:54:58.158446
1756;1865;-109;10:54:58.158446
1755;1864;-109;10:54:58.158446
1753;1865;-112;10:54:58.158446
1755;1865;-110;10:54:58.158446
1757;1866;-109;10:54:58.158446
1758;1865;-107;10:54:58.158446
1759;1865;-106;10:54:58.158446
1759;1867;-108;10:54:58.158446
1760;1871;-111;10:54:58.158446
1759;1872;-113;10:54:58.158446
1760;1875;-115;10:54:58.158446
1761;1875;-114;10:54:58.158446
1761;1876;-115;10:54:58.158446
1761;1877;-116;10:54:58.158446
1761;1876;-115;10:54:58.158446
1760;1875;-115;10:54:58.158446
1761;1873;-112;10:54:58.158446
1763;1871;-108;10:54:58.158446
1762;1874;-112;10:54:58.158446
1760;1874;-114;10:54:58.158446
1761;1872;-111;10:54:58.158446
1762;1870;-108;10:54:58.158446
1760;1870;-110;10:54:58.158446
1758;1870;-112;10:54:58.158446
1756;1871;-115;10:54:58.158446
1753;1870;-117;10:54:58.158446
1752;1869;-117;10:54:58.158446
1754;1867;-113;10:54:58.158446
1754;1868;-114;10:54:58.158446
1752;1866;-114;10:54:58.158446
1752;1866;-114;10:54:58.158446
1752;1866;-114;10:54:58.158446
1755;1868;-113;10:54:58.158446
1756;1866;-110;10:54:58.158446
1756;1867;-111;10:54:58.158446
1755;1867;-112;10:54:58.158446
1757;1867;-110;10:54:58.158446
1754;1867;-113;10:54:58.158446
1753;1867;-114;10:54:58.158446
1752;1866;-114;10:54:58.158446
1752;1868;-116;10:54:58.158446
1753;1867;-114;10:54:58.158446
1752;1865;-113;10:54:58.158446
1751;1865;-114;10:54:58.158446
1752;1869;-117;10:54:58.158446
1752;1868;-116;10:54:58.158446
1751;1864;-113;10:54:58.158446
1751;1865;-114;10:54:58.158446
1752;1864;-112;10:54:58.158446
1755;1868;-113;10:54:58.158446
1756;1869;-113;10:54:58.158446
1756;1868;-112;10:54:58.158446
1759;1869;-110;10:54:58.158446
1758;1870;-112;10:54:58.158446
1755;1868;-113;10:54:58.158446
1755;1868;-113;10:54:58.158446
1756;1869;-113;10:54:58.158446
1756;1867;-111;10:54:58.158446
1755;1866;-111;10:54:58.158446
1755;1866;-111;10:54:58.158446
1753;1867;-114;10:54:58.158446
1752;1866;-114;10:54:58.158446
1753;1864;-111;10:54:58.158446
1749;1864;-115;10:54:58.158446
1748;1863;-115;10:54:58.158446
1751;1862;-111;10:54:58.158446
1753;1863;-110;10:54:58.158446
1751;1863;-112;10:54:58.158446
1751;1861;-110;10:54:58.158446
1751;1863;-112;10:54:58.158446
1750;1860;-110;10:54:58.158446
1749;1860;-111;10:54:58.158446
1748;1861;-113;10:54:58.158446
1747;1861;-114;10:54:58.158446
1743;1860;-117;10:54:58.158446
1745;1861;-116;10:54:58.158446
1746;1861;-115;10:54:58.158446
1747;1863;-116;10:54:58.158446
1747;1861;-114;10:54:58.158446
1749;1862;-113;10:54:58.158446
1750;1865;-115;10:54:58.158446
1752;1865;-113;10:54:58.158446
1756;1866;-110;10:54:58.158446
1757;1868;-111;10:54:58.158446
1757;1869;-112;10:54:58.158446
1759;1867;-108;10:54:58.158446
1756;1868;-112;10:54:58.158446
1758;1868;-110;10:54:58.158446
1757;1869;-112;10:54:58.158446
1757;1870;-113;10:54:58.158446
1758;1869;-111;10:54:58.158446
1758;1870;-112;10:54:58.158446
1760;1871;-111;10:54:58.158446
1760;1871;-111;10:54:58.158446
1757;1870;-113;10:54:58.158446
1758;1872;-114;10:54:58.158446
1762;1874;-112;10:54:58.158446
1763;1871;-108;10:54:58.158446
1762;1869;-107;10:54:58.158446
1760;1868;-108;10:54:58.158446
1758;1866;-108;10:54:58.158446
1755;1866;-111;10:54:58.158446
1756;1864;-108;10:54:58.158446
1754;1865;-111;10:54:58.158446
1753;1865;-112;10:54:58.158446
1751;1866;-115;10:54:58.158446
1752;1868;-116;10:54:58.158446
1748;1864;-116;10:54:58.158446
1748;1866;-118;10:54:58.158446
1753;1867;-114;10:54:58.158446
1755;1869;-114;10:54:58.158446
1757;1867;-110;10:54:58.158446
1760;1872;-112;10:54:58.158446
1761;1872;-111;10:54:58.158446
1762;1874;-112;10:54:58.158446
1764;1874;-110;10:54:58.158446
1763;1874;-111;10:54:58.158446
1763;1876;-113;10:54:58.158446
1762;1880;-118;10:54:58.158446
1762;1880;-118;10:54:58.158446
1763;1877;-114;10:54:58.158446
1764;1877;-113;10:54:58.158446
1764;1878;-114;10:54:58.158446
1765;1879;-114;10:54:58.158446
1765;1878;-113;10:54:58.158446
1764;1878;-114;10:54:58.158446
1764;1878;-114;10:54:58.158446
1766;1878;-112;10:54:58.158446
1767;1878;-111;10:54:58.158446
1766;1878;-112;10:54:58.158446
1764;1877;-113;10:54:58.158446
1764;1875;-111;10:54:58.158446
1763;1872;-109;10:54:58.158446
1762;1874;-112;10:54:58.158446
1759;1873;-114;10:54:58.158446
1759;1874;-115;10:54:58.158446
1758;1871;-113;10:54:58.158446
1756;1871;-115;10:54:58.158446
1756;1869;-113;10:54:58.158446
1755;1867;-112;10:54:58.158446
1755;1865;-110;10:54:58.158446
1753;1863;-110;10:54:58.158446
1753;1864;-111;10:54:58.158446
1752;1864;-112;10:54:58.158446
1752;1862;-110;10:54:58.158446
1750;1863;-113;10:54:58.158446
1749;1863;-114;10:54:58.158446
1751;1865;-114;10:54:58.158446
1751;1865;-114;10:54:58.158446
1750;1864;-114;10:54:58.158446
1752;1866;-114;10:54:58.158446
1754;1867;-113;10:54:58.158446
1753;1867;-114;10:54:58.158446
1753;1869;-116;10:54:58.158446
1751;1869;-118;10:54:58.158446
1752;1868;-116;10:54:58.158446
1753;1868;-115;10:54:58.158446
1755;1868;-113;10:54:58.158446
1756;1869;-113;10:54:58.158446
1756;1868;-112;10:54:58.158446
1758;1870;-112;10:54:58.158446
1760;1870;-110;10:54:58.158446
1760;1869;-109;10:54:58.158446
1757;1870;-113;10:54:58.158446
1757;1873;-116;10:54:58.158446
1760;1874;-114;10:54:58.158446
1762;1874;-112;10:54:58.158446
1759;1873;-114;10:54:58.158446
1761;1873;-112;10:54:58.158446
1761;1874;-113;10:54:58.158446
1761;1871;-110;10:54:58.158446
1760;1870;-110;10:54:58.158446
1758;1871;-113;10:54:58.158446
1759;1869;-110;10:54:58.158446
1758;1868;-110;10:54:58.158446
1755;1865;-110;10:54:58.158446
1752;1868;-116;10:54:58.158446
1753;1867;-114;10:54:58.158446
1753;1864;-111;10:54:58.158446
1752;1863;-111;10:54:58.158446
1752;1864;-112;10:54:58.158446
1751;1866;-115;10:54:58.158446
1750;1863;-113;10:54:58.158446
1752;1863;-111;10:54:58.158446
1752;1863;-111;10:54:58.158446
1752;1864;-112;10:54:58.158446
1751;1866;-115;10:54:58.158446
1752;1867;-115;10:54:58.158446
1752;1868;-116;10:54:58.158446
1752;1868;-116;10:54:58.158446
1753;1868;-115;10:54:58.158446
1752;1868;-116;10:54:58.158446
1754;1869;-115;10:54:58.158446
1757;1871;-114;10:54:58.158446
1758;1871;-113;10:54:58.158446
1759;1870;-111;10:54:58.158446
1760;1870;-110;10:54:58.158446
1760;1870;-110;10:54:58.158446
1759;1870;-111;10:54:58.158446
1760;1870;-110;10:54:58.158446
1760;1870;-110;10:54:58.158446
1759;1872;-113;10:54:58.158446
1760;1873;-113;10:54:58.158446
1762;1874;-112;10:54:58.158446
1764;1873;-109;10:54:58.158446
1765;1872;-107;10:54:58.158446
1763;1873;-110;10:54:58.158446
1764;1873;-109;10:54:58.158446
1761;1871;-110;10:54:58.158446
1757;1871;-114;10:54:58.158446
1759;1871;-112;10:54:58.158446
1758;1870;-112;10:54:58.158446
1755;1871;-116;10:54:58.158446
1757;1871;-114;10:54:58.158446
1755;1870;-115;10:54:58.158446
1755;1870;-115;10:54:58.158446
1755;1871;-116;10:54:58.158446
1757;1870;-113;10:54:58.158446
1759;1872;-113;10:54:58.158446
1759;1873;-114;10:54:58.158446
1762;1873;-111;10:54:58.158446
1761;1872;-111;10:54:58.158446
1757;1871;-114;10:54:58.158446
1761;1873;-112;10:54:58.158446
1764;1874;-110;10:54:58.158446
1763;1874;-111;10:54:58.158446
1762;1876;-114;10:54:58.158446
1763;1878;-115;10:54:58.158446
1761;1877;-116;10:54:58.158446
1762;1877;-115;10:54:58.158446
1764;1876;-112;10:54:58.158446
1764;1876;-112;10:54:58.158446
1764;1875;-111;10:54:58.158446
1765;1873;-108;10:54:58.158446
1763;1874;-111;10:54:58.158446
1763;1875;-112;10:54:58.158446
1764;1876;-112;10:54:58.158446
1766;1876;-110;10:54:58.158446
1764;1876;-112;10:54:58.158446
1764;1876;-112;10:54:58.158446
1762;1875;-113;10:54:58.158446
1761;1875;-114;10:54:58.158446
1761;1873;-112;10:54:58.158446
1763;1875;-112;10:54:58.158446
1761;1877;-116;10:54:58.158446
1760;1875;-115;10:54:58.158446
1759;1875;-116;10:54:58.158446
1762;1872;-110;10:54:58.158446
1762;1872;-110;10:54:58.158446
1760;1870;-110;10:54:58.158446
1758;1869;-111;10:54:58.158446
1755;1867;-112;10:54:58.158446
1756;1869;-113;10:54:58.158446
1758;1868;-110;10:54:58.158446
1757;1871;-114;10:54:58.158446
1755;1872;-117;10:54:58.158446
1756;1872;-116;10:54:58.158446
1753;1871;-118;10:54:58.158446
1752;1869;-117;10:54:58.158446
1751;1868;-117;10:54:58.158446
1753;1871;-118;10:54:58.158446
1756;1870;-114;10:54:58.158446
1759;1869;-110;10:54:58.158446
1761;1868;-107;10:54:58.158446
1758;1868;-110;10:54:58.158446
1756;1870;-114;10:54:58.158446
1758;1873;-115;10:54:58.158446
1757;1875;-118;10:54:58.158446
1759;1872;-113;10:54:58.158446
1758;1875;-117;10:54:58.158446
1759;1875;-116;10:54:58.158446
1759;1874;-115;10:54:58.158446
1761;1875;-114;10:54:58.158446
1759;1874;-115;10:54:58.158446
1760;1871;-111;10:54:58.158446
1760;1872;-112;10:54:58.158446
1761;1874;-113;10:54:58.158446
1759;1875;-116;10:54:58.158446
1760;1872;-112;10:54:58.158446
1761;1875;-114;10:54:58.158446
1759;1874;-115;10:54:58.158446
1758;1872;-114;10:54:58.158446
1758;1871;-113;10:54:58.158446
1759;1870;-111;10:54:58.158446
1758;1871;-113;10:54:58.158446
1758;1869;-111;10:54:58.158446
1755;1869;-114;10:54:58.158446
1753;1870;-117;10:54:58.158446
1755;1869;-114;10:54:58.158446
1756;1868;-112;10:54:58.158446
1753;1868;-115;10:54:58.158446
1751;1868;-117;10:54:58.158446
1749;1867;-118;10:54:58.158446
1752;1868;-116;10:54:58.158446
1753;1864;-111;10:54:58.158446
1753;1865;-112;10:54:58.158446
1752;1865;-113;10:54:58.158446
1752;1868;-116;10:54:58.158446
1752;1867;-115;10:54:58.158446
1756;1869;-113;10:54:58.158446
1755;1869;-114;10:54:58.158446
1756;1872;-116;10:54:58.158446
1760;1872;-112;10:54:58.158446
1758;1870;-112;10:54:58.158446
1756;1871;-115;10:54:58.161437
1759;1872;-113;10:54:58.161437
1756;1870;-114;10:54:58.161437
1757;1867;-110;10:54:58.161437
1758;1869;-111;10:54:58.161437
1756;1869;-113;10:54:58.161437
1757;1869;-112;10:54:58.161437
1756;1866;-110;10:54:58.161437
1756;1866;-110;10:54:58.161437
1756;1865;-109;10:54:58.161437
1756;1866;-110;10:54:58.161437
1757;1869;-112;10:54:58.161437
1757;1868;-111;10:54:58.161437
1759;1869;-110;10:54:58.161437
1757;1871;-114;10:54:58.161437
1756;1869;-113;10:54:58.161437
1752;1869;-117;10:54:58.161437
1753;1870;-117;10:54:58.161437
1755;1870;-115;10:54:58.161437
1755;1870;-115;10:54:58.161437
1756;1868;-112;10:54:58.161437
1756;1869;-113;10:54:58.161437
1754;1868;-114;10:54:58.161437
1755;1868;-113;10:54:58.161437
1754;1870;-116;10:54:58.161437
1754;1868;-114;10:54:58.161437
1752;1869;-117;10:54:58.161437
1755;1866;-111;10:54:58.161437
1753;1866;-113;10:54:58.161437
1752;1866;-114;10:54:58.161437
1753;1865;-112;10:54:58.161437
1753;1865;-112;10:54:58.161437
1750;1865;-115;10:54:58.161437
1752;1866;-114;10:54:58.161437
1751;1865;-114;10:54:58.161437
1750;1865;-115;10:54:58.161437
1750;1866;-116;10:54:58.161437
1753;1866;-113;10:54:58.161437
1753;1865;-112;10:54:58.161437
1753;1864;-111;10:54:58.161437
1757;1867;-110;10:54:58.161437
1756;1867;-111;10:54:58.161437
1754;1866;-112;10:54:58.161437
1754;1867;-113;10:54:58.161437
1757;1865;-108;10:54:58.161437
1756;1867;-111;10:54:58.161437
1755;1867;-112;10:54:58.161437
1754;1869;-115;10:54:58.161437
1754;1870;-116;10:54:58.161437
1755;1867;-112;10:54:58.161437
1755;1867;-112;10:54:58.161437
1752;1865;-113;10:54:58.161437
1751;1863;-112;10:54:58.161437
1753;1864;-111;10:54:58.161437
1752;1864;-112;10:54:58.161437
1751;1865;-114;10:54:58.161437
1750;1863;-113;10:54:58.161437
1749;1864;-115;10:54:58.161437
1748;1863;-115;10:54:58.161437
1750;1864;-114;10:54:58.161437
1752;1863;-111;10:54:58.161437
1753;1864;-111;10:54:58.161437
1752;1863;-111;10:54:58.161437
1751;1863;-112;10:54:58.161437
1749;1864;-115;10:54:58.161437
1752;1864;-112;10:54:58.161437
1751;1864;-113;10:54:58.161437
1752;1865;-113;10:54:58.161437
1754;1868;-114;10:54:58.161437
1755;1870;-115;10:54:58.161437
1753;1866;-113;10:54:58.161437
1755;1865;-110;10:54:58.161437
1758;1868;-110;10:54:58.161437
1757;1868;-111;10:54:58.161437
1762;1868;-106;10:54:58.161437
1760;1868;-108;10:54:58.161437
1760;1868;-108;10:54:58.161437
1759;1870;-111;10:54:58.161437
1760;1872;-112;10:54:58.161437
1759;1873;-114;10:54:58.161437
1758;1872;-114;10:54:58.161437
1755;1870;-115;10:54:58.161437
1755;1869;-114;10:54:58.161437
1758;1868;-110;10:54:58.161437
1755;1867;-112;10:54:58.161437
1755;1866;-111;10:54:58.161437
1757;1868;-111;10:54:58.161437
1757;1868;-111;10:54:58.161437
1757;1868;-111;10:54:58.161437
1756;1867;-111;10:54:58.161437
1754;1867;-113;10:54:58.161437
1753;1866;-113;10:54:58.161437
1755;1867;-112;10:54:58.161437
1754;1868;-114;10:54:58.161437
1753;1864;-111;10:54:58.161437
1754;1864;-110;10:54:58.161437
1755;1866;-111;10:54:58.161437
1755;1865;-110;10:54:58.161437
1754;1865;-111;10:54:58.161437
1756;1866;-110;10:54:58.161437
1757;1868;-111;10:54:58.161437
1759;1866;-107;10:54:58.161437
1758;1863;-105;10:54:58.161437
1754;1861;-107;10:54:58.161437
1754;1862;-108;10:54:58.161437
1752;1863;-111;10:54:58.161437
1752;1864;-112;10:54:58.161437
1753;1865;-112;10:54:58.161437
1754;1866;-112;10:54:58.161437
1756;1870;-114;10:54:58.161437
1759;1869;-110;10:54:58.161437
1757;1870;-113;10:54:58.161437
1759;1871;-112;10:54:58.161437
1761;1870;-109;10:54:58.161437
1760;1868;-108;10:54:58.161437
1761;1869;-108;10:54:58.161437
1764;1872;-108;10:54:58.161437
1763;1873;-110;10:54:58.161437
1763;1873;-110;10:54:58.161437
1763;1872;-109;10:54:58.161437
1764;1872;-108;10:54:58.161437
1762;1871;-109;10:54:58.161437
1761;1872;-111;10:54:58.161437
1760;1870;-110;10:54:58.161437
1761;1873;-112;10:54:58.161437
1761;1873;-112;10:54:58.161437
1760;1871;-111;10:54:58.161437
1757;1869;-112;10:54:58.161437
1757;1871;-114;10:54:58.161437
1758;1869;-111;10:54:58.161437
1756;1867;-111;10:54:58.161437
1755;1867;-112;10:54:58.161437
1756;1867;-111;10:54:58.161437
1757;1867;-110;10:54:58.161437
1756;1865;-109;10:54:58.161437
1755;1867;-112;10:54:58.161437
1755;1866;-111;10:54:58.161437
1752;1866;-114;10:54:58.161437
1752;1865;-113;10:54:58.161437
1752;1865;-113;10:54:58.161437
1752;1864;-112;10:54:58.161437
1752;1865;-113;10:54:58.161437
1754;1866;-112;10:54:58.161437
1751;1864;-113;10:54:58.161437
1751;1865;-114;10:54:58.161437
1753;1867;-114;10:54:58.161437
1753;1869;-116;10:54:58.161437
1754;1867;-113;10:54:58.161437
1757;1870;-113;10:54:58.161437
1757;1871;-114;10:54:58.161437
1756;1871;-115;10:54:58.161437
1760;1870;-110;10:54:58.161437
1764;1871;-107;10:54:58.161437
1762;1873;-111;10:54:58.161437
1763;1876;-113;10:54:58.161437
1765;1874;-109;10:54:58.161437
1762;1872;-110;10:54:58.161437
1760;1873;-113;10:54:58.161437
1764;1875;-111;10:54:58.161437
1763;1875;-112;10:54:58.161437
1763;1875;-112;10:54:58.161437
1764;1877;-113;10:54:58.161437
1765;1878;-113;10:54:58.161437
1765;1876;-111;10:54:58.161437
1764;1874;-110;10:54:58.161437
1764;1875;-111;10:54:58.161437
1766;1874;-108;10:54:58.161437
1765;1873;-108;10:54:58.161437
1765;1875;-110;10:54:58.161437
1764;1877;-113;10:54:58.161437
1765;1875;-110;10:54:58.161437
1766;1877;-111;10:54:58.161437
1766;1875;-109;10:54:58.161437
1763;1874;-111;10:54:58.161437
1764;1871;-107;10:54:58.161437
1763;1871;-108;10:54:58.161437
1760;1872;-112;10:54:58.161437
1762;1872;-110;10:54:58.161437
1765;1873;-108;10:54:58.161437
1762;1871;-109;10:54:58.161437
1762;1871;-109;10:54:58.161437
1763;1872;-109;10:54:58.161437
1762;1871;-109;10:54:58.161437
1761;1870;-109;10:54:58.161437
1760;1870;-110;10:54:58.161437
1756;1869;-113;10:54:58.161437
1757;1870;-113;10:54:58.161437
1760;1867;-107;10:54:58.161437
1759;1869;-110;10:54:58.161437
1756;1870;-114;10:54:58.161437
1760;1870;-110;10:54:58.161437
1763;1873;-110;10:54:58.161437
1760;1871;-111;10:54:58.161437
1758;1872;-114;10:54:58.161437
1761;1872;-111;10:54:58.161437
1763;1872;-109;10:54:58.161437
1759;1868;-109;10:54:58.161437
1759;1865;-106;10:54:58.161437
1759;1867;-108;10:54:58.161437
1757;1867;-110;10:54:58.161437
1755;1862;-107;10:54:58.161437
1749;1862;-113;10:54:58.161437
1749;1863;-114;10:54:58.161437
1749;1860;-111;10:54:58.161437
1752;1859;-107;10:54:58.161437
1750;1859;-109;10:54:58.161437
1751;1861;-110;10:54:58.161437
1750;1861;-111;10:54:58.161437
1748;1862;-114;10:54:58.161437
1750;1861;-111;10:54:58.161437
1750;1860;-110;10:54:58.161437
1752;1863;-111;10:54:58.161437
1754;1861;-107;10:54:58.161437
1750;1861;-111;10:54:58.161437
1747;1862;-115;10:54:58.161437
1749;1863;-114;10:54:58.161437
1751;1863;-112;10:54:58.161437
1751;1862;-111;10:54:58.161437
1750;1865;-115;10:54:58.161437
1749;1866;-117;10:54:58.161437
1750;1865;-115;10:54:58.161437
1753;1865;-112;10:54:58.161437
1754;1864;-110;10:54:58.161437
1754;1865;-111;10:54:58.161437
1756;1865;-109;10:54:58.161437
1756;1864;-108;10:54:58.161437
1754;1863;-109;10:54:58.161437
1757;1863;-106;10:54:58.161437
1757;1866;-109;10:54:58.161437
1757;1865;-108;10:54:58.161437
1757;1866;-109;10:54:58.161437
1756;1866;-110;10:54:58.161437
1756;1864;-108;10:54:58.161437
1753;1866;-113;10:54:58.161437
1755;1865;-110;10:54:58.161437
1753;1865;-112;10:54:58.161437
1753;1865;-112;10:54:58.161437
1755;1864;-109;10:54:58.161437
1754;1862;-108;10:54:58.161437
1755;1861;-106;10:54:58.161437
1754;1860;-106;10:54:58.161437
1751;1859;-108;10:54:58.161437
1750;1859;-109;10:54:58.161437
1751;1861;-110;10:54:58.161437
1752;1862;-110;10:54:58.161437
1751;1861;-110;10:54:58.161437
1752;1865;-113;10:54:58.161437
1754;1865;-111;10:54:58.161437
1753;1867;-114;10:54:58.161437
1752;1867;-115;10:54:58.161437
1753;1867;-114;10:54:58.161437
1755;1868;-113;10:54:58.161437
1755;1868;-113;10:54:58.161437
1754;1867;-113;10:54:58.161437
1755;1867;-112;10:54:58.161437
1756;1866;-110;10:54:58.162436
1758;1865;-107;10:54:58.162436
1757;1869;-112;10:54:58.162436
1756;1867;-111;10:54:58.162436
1757;1868;-111;10:54:58.162436
1756;1869;-113;10:54:58.162436
1754;1869;-115;10:54:58.162436
1756;1870;-114;10:54:58.162436
1756;1871;-115;10:54:58.162436
1755;1871;-116;10:54:58.162436
1759;1871;-112;10:54:58.162436
1761;1870;-109;10:54:58.162436
1759;1873;-114;10:54:58.162436
1759;1870;-111;10:54:58.162436
1763;1873;-110;10:54:58.162436
1763;1873;-110;10:54:58.162436
1763;1872;-109;10:54:58.162436
1761;1874;-113;10:54:58.162436
1761;1873;-112;10:54:58.162436
1758;1874;-116;10:54:58.162436
1755;1873;-118;10:54:58.162436
1756;1875;-119;10:54:58.162436
1757;1872;-115;10:54:58.162436
1757;1869;-112;10:54:58.162436
1756;1869;-113;10:54:58.162436
1753;1869;-116;10:54:58.162436
1754;1867;-113;10:54:58.162436
1755;1867;-112;10:54:58.162436
1755;1866;-111;10:54:58.162436
1753;1867;-114;10:54:58.162436
1754;1868;-114;10:54:58.162436
1753;1869;-116;10:54:58.162436
1755;1867;-112;10:54:58.162436
1755;1868;-113;10:54:58.162436
1757;1869;-112;10:54:58.162436
1757;1870;-113;10:54:58.162436
1754;1870;-116;10:54:58.162436
1753;1870;-117;10:54:58.162436
1752;1874;-122;10:54:58.162436
1755;1873;-118;10:54:58.162436
1756;1872;-116;10:54:58.162436
1758;1871;-113;10:54:58.162436
1761;1870;-109;10:54:58.162436
1761;1870;-109;10:54:58.162436
1759;1868;-109;10:54:58.162436
1758;1866;-108;10:54:58.162436
1760;1867;-107;10:54:58.162436
1761;1868;-107;10:54:58.162436
1759;1871;-112;10:54:58.162436
1757;1869;-112;10:54:58.162436
1758;1874;-116;10:54:58.162436
1757;1871;-114;10:54:58.162436
1756;1869;-113;10:54:58.162436
1755;1869;-114;10:54:58.162436
1756;1870;-114;10:54:58.162436
1756;1868;-112;10:54:58.162436
1756;1867;-111;10:54:58.162436
1755;1866;-111;10:54:58.162436
1756;1865;-109;10:54:58.162436
1754;1866;-112;10:54:58.162436
1754;1864;-110;10:54:58.162436
1755;1864;-109;10:54:58.162436
1753;1865;-112;10:54:58.162436
1755;1864;-109;10:54:58.162436
1752;1865;-113;10:54:58.162436
1751;1864;-113;10:54:58.162436
1752;1865;-113;10:54:58.162436
1751;1867;-116;10:54:58.162436
1754;1867;-113;10:54:58.162436
1756;1867;-111;10:54:58.162436
1757;1868;-111;10:54:58.162436
1756;1868;-112;10:54:58.162436
1753;1871;-118;10:54:58.162436
1755;1871;-116;10:54:58.162436
1755;1869;-114;10:54:58.162436
1755;1868;-113;10:54:58.162436
1757;1869;-112;10:54:58.162436
1756;1872;-116;10:54:58.162436
1757;1871;-114;10:54:58.162436
1757;1869;-112;10:54:58.162436
1758;1870;-112;10:54:58.162436
1756;1870;-114;10:54:58.162436
1756;1866;-110;10:54:58.162436
1756;1866;-110;10:54:58.162436
1754;1867;-113;10:54:58.162436
1754;1870;-116;10:54:58.162436
1756;1868;-112;10:54:58.162436
1755;1869;-114;10:54:58.162436
1756;1868;-112;10:54:58.162436
1758;1868;-110;10:54:58.162436
1756;1867;-111;10:54:58.162436
1754;1864;-110;10:54:58.162436
1753;1866;-113;10:54:58.162436
1756;1868;-112;10:54:58.162436
1755;1867;-112;10:54:58.162436
1756;1868;-112;10:54:58.162436
1760;1869;-109;10:54:58.162436
1758;1869;-111;10:54:58.162436
1755;1866;-111;10:54:58.162436
1755;1867;-112;10:54:58.162436
1753;1865;-112;10:54:58.162436
1754;1864;-110;10:54:58.162436
1755;1867;-112;10:54:58.162436
1754;1867;-113;10:54:58.162436
1753;1868;-115;10:54:58.162436
1754;1866;-112;10:54:58.162436
1755;1867;-112;10:54:58.162436
1755;1866;-111;10:54:58.162436
1758;1867;-109;10:54:58.162436
1758;1871;-113;10:54:58.162436
1758;1871;-113;10:54:58.162436
1758;1870;-112;10:54:58.162436
1759;1873;-114;10:54:58.162436
1760;1873;-113;10:54:58.162436
1760;1871;-111;10:54:58.162436
1760;1871;-111;10:54:58.162436
1758;1871;-113;10:54:58.162436
1759;1871;-112;10:54:58.162436
1759;1870;-111;10:54:58.162436
1759;1871;-112;10:54:58.162436
1763;1872;-109;10:54:58.162436
1763;1873;-110;10:54:58.162436
1761;1873;-112;10:54:58.162436
1763;1873;-110;10:54:58.162436
1763;1873;-110;10:54:58.162436
1763;1874;-111;10:54:58.162436
1764;1872;-108;10:54:58.162436
1762;1873;-111;10:54:58.162436
1761;1871;-110;10:54:58.162436
1761;1873;-112;10:54:58.162436
1763;1872;-109;10:54:58.162436
1762;1874;-112;10:54:58.162436
1761;1873;-112;10:54:58.162436
1761;1873;-112;10:54:58.162436
1760;1872;-112;10:54:58.162436
1759;1870;-111;10:54:58.162436
1760;1868;-108;10:54:58.162436
1757;1867;-110;10:54:58.162436
1758;1867;-109;10:54:58.162436
1757;1868;-111;10:54:58.162436
1756;1867;-111;10:54:58.162436
1756;1866;-110;10:54:58.162436
1754;1866;-112;10:54:58.162436
1754;1867;-113;10:54:58.162436
1754;1867;-113;10:54:58.162436
1754;1868;-114;10:54:58.162436
1755;1867;-112;10:54:58.162436
1755;1869;-114;10:54:58.162436
1755;1867;-112;10:54:58.162436
1756;1868;-112;10:54:58.162436
1757;1871;-114;10:54:58.162436
1758;1870;-112;10:54:58.162436
1758;1869;-111;10:54:58.162436
1757;1869;-112;10:54:58.162436
1759;1869;-110;10:54:58.162436
1760;1869;-109;10:54:58.162436
1760;1871;-111;10:54:58.162436
1758;1870;-112;10:54:58.162436
1758;1871;-113;10:54:58.162436
1756;1871;-115;10:54:58.162436
1754;1872;-118;10:54:58.162436
1754;1868;-114;10:54:58.162436
1756;1869;-113;10:54:58.162436
1756;1869;-113;10:54:58.162436
1758;1866;-108;10:54:58.162436
1758;1864;-106;10:54:58.162436
1756;1865;-109;10:54:58.162436
1757;1868;-111;10:54:58.162436
1757;1868;-111;10:54:58.162436
1757;1870;-113;10:54:58.162436
1754;1870;-116;10:54:58.162436
1755;1870;-115;10:54:58.162436
1757;1867;-110;10:54:58.162436
1753;1866;-113;10:54:58.162436
1752;1867;-115;10:54:58.162436
1755;1867;-112;10:54:58.162436
1758;1866;-108;10:54:58.162436
1758;1866;-108;10:54:58.162436
1756;1864;-108;10:54:58.162436
1753;1864;-111;10:54:58.162436
1752;1866;-114;10:54:58.162436
1754;1867;-113;10:54:58.162436
1752;1864;-112;10:54:58.162436
1753;1867;-114;10:54:58.162436
1754;1869;-115;10:54:58.162436
1756;1870;-114;10:54:58.162436
1755;1868;-113;10:54:58.162436
1753;1869;-116;10:54:58.162436
1758;1870;-112;10:54:58.162436
1757;1870;-113;10:54:58.162436
1759;1873;-114;10:54:58.162436
1760;1873;-113;10:54:58.162436
1759;1874;-115;10:54:58.162436
1759;1874;-115;10:54:58.162436
1760;1874;-114;10:54:58.162436
1758;1874;-116;10:54:58.162436
1759;1874;-115;10:54:58.162436
1759;1873;-114;10:54:58.162436
1758;1871;-113;10:54:58.162436
1758;1871;-113;10:54:58.162436
1759;1871;-112;10:54:58.162436
1761;1871;-110;10:54:58.162436
1759;1871;-112;10:54:58.162436
1758;1869;-111;10:54:58.162436
1756;1867;-111;10:54:58.162436
1753;1865;-112;10:54:58.162436
1753;1865;-112;10:54:58.162436
1753;1866;-113;10:54:58.162436
1753;1869;-116;10:54:58.162436
1754;1867;-113;10:54:58.162436
1752;1868;-116;10:54:58.162436
1753;1869;-116;10:54:58.162436
1753;1868;-115;10:54:58.162436
1755;1868;-113;10:54:58.162436
1755;1869;-114;10:54:58.162436
1756;1870;-114;10:54:58.162436
1754;1870;-116;10:54:58.162436
1755;1871;-116;10:54:58.162436
1756;1870;-114;10:54:58.162436
1754;1870;-116;10:54:58.162436
1755;1869;-114;10:54:58.162436
1756;1870;-114;10:54:58.162436
1755;1870;-115;10:54:58.162436
1753;1869;-116;10:54:58.162436
1757;1872;-115;10:54:58.162436
1758;1872;-114;10:54:58.162436
1759;1870;-111;10:54:58.162436
1761;1867;-106;10:54:58.162436
1761;1868;-107;10:54:58.162436
1757;1867;-110;10:54:58.162436
1755;1868;-113;10:54:58.162436
1758;1869;-111;10:54:58.162436
1756;1871;-115;10:54:58.162436
1756;1872;-116;10:54:58.162436
1756;1871;-115;10:54:58.162436
1758;1870;-112;10:54:58.162436
1757;1871;-114;10:54:58.162436
1758;1870;-112;10:54:58.162436
1758;1867;-109;10:54:58.162436
1755;1865;-110;10:54:58.162436
1756;1865;-109;10:54:58.162436
1755;1865;-110;10:54:58.162436
1752;1866;-114;10:54:58.162436
1751;1864;-113;10:54:58.162436
1752;1865;-113;10:54:58.162436
1753;1863;-110;10:54:58.162436
1751;1860;-109;10:54:58.162436
1749;1860;-111;10:54:58.162436
1749;1862;-113;10:54:58.162436
1749;1863;-114;10:54:58.162436
1748;1864;-116;10:54:58.162436
1749;1864;-115;10:54:58.162436
1748;1864;-116;10:54:58.162436
1749;1864;-115;10:54:58.162436
1749;1865;-116;10:54:58.162436
1749;1866;-117;10:54:58.163433
1752;1865;-113;10:54:58.163433
1751;1863;-112;10:54:58.163433
1747;1863;-116;10:54:58.163433
1750;1863;-113;10:54:58.163433
1749;1864;-115;10:54:58.163433
1751;1863;-112;10:54:58.163433
1755;1866;-111;10:54:58.163433
1755;1865;-110;10:54:58.163433
1753;1866;-113;10:54:58.163433
1749;1866;-117;10:54:58.163433
1752;1868;-116;10:54:58.163433
1753;1868;-115;10:54:58.163433
1751;1869;-118;10:54:58.163433
1753;1871;-118;10:54:58.163433
1756;1872;-116;10:54:58.163433
1756;1869;-113;10:54:58.163433
1755;1869;-114;10:54:58.163433
1755;1870;-115;10:54:58.163433
1755;1867;-112;10:54:58.163433
1754;1866;-112;10:54:58.163433
1754;1864;-110;10:54:58.163433
1752;1865;-113;10:54:58.163433
1752;1864;-112;10:54:58.163433
1754;1866;-112;10:54:58.163433
1755;1865;-110;10:54:58.163433
1754;1866;-112;10:54:58.163433
1753;1866;-113;10:54:58.163433
1752;1864;-112;10:54:58.163433
1751;1864;-113;10:54:58.163433
1750;1864;-114;10:54:58.163433
1750;1866;-116;10:54:58.163433
1747;1866;-119;10:54:58.163433
1748;1864;-116;10:54:58.163433
1748;1863;-115;10:54:58.163433
1749;1863;-114;10:54:58.163433
1748;1863;-115;10:54:58.163433
1748;1865;-117;10:54:58.163433
1749;1864;-115;10:54:58.163433
1749;1865;-116;10:54:58.163433
1751;1866;-115;10:54:58.163433
1753;1865;-112;10:54:58.163433
1754;1867;-113;10:54:58.163433
1752;1868;-116;10:54:58.163433
1754;1869;-115;10:54:58.163433
1757;1871;-114;10:54:58.163433
1756;1872;-116;10:54:58.163433
1756;1872;-116;10:54:58.163433
1758;1870;-112;10:54:58.163433
1757;1871;-114;10:54:58.163433
1757;1870;-113;10:54:58.163433
1757;1871;-114;10:54:58.163433
1758;1870;-112;10:54:58.163433
1758;1871;-113;10:54:58.163433
1763;1870;-107;10:54:58.163433
1762;1870;-108;10:54:58.163433
1756;1871;-115;10:54:58.163433
1757;1869;-112;10:54:58.163433
1757;1869;-112;10:54:58.163433
1758;1869;-111;10:54:58.163433
1757;1869;-112;10:54:58.163433
1758;1869;-111;10:54:58.163433
1757;1870;-113;10:54:58.163433
1759;1869;-110;10:54:58.163433
1757;1868;-111;10:54:58.163433
1754;1867;-113;10:54:58.163433
1756;1865;-109;10:54:58.163433
1756;1867;-111;10:54:58.163433
1754;1867;-113;10:54:58.163433
1755;1866;-111;10:54:58.163433
1756;1866;-110;10:54:58.163433
1757;1867;-110;10:54:58.163433
1758;1869;-111;10:54:58.163433
1758;1870;-112;10:54:58.163433
1756;1870;-114;10:54:58.163433
1758;1869;-111;10:54:58.163433
1759;1872;-113;10:54:58.163433
1756;1873;-117;10:54:58.163433
1758;1870;-112;10:54:58.163433
1758;1874;-116;10:54:58.163433
1760;1875;-115;10:54:58.163433
1760;1873;-113;10:54:58.163433
1760;1872;-112;10:54:58.163433
1762;1872;-110;10:54:58.163433
1761;1871;-110;10:54:58.163433
1762;1871;-109;10:54:58.163433
1759;1872;-113;10:54:58.163433
1758;1871;-113;10:54:58.163433
1758;1871;-113;10:54:58.163433
1758;1871;-113;10:54:58.163433
1758;1875;-117;10:54:58.163433
1757;1873;-116;10:54:58.163433
1757;1873;-116;10:54:58.163433
1758;1872;-114;10:54:58.163433
1756;1871;-115;10:54:58.163433
1757;1870;-113;10:54:58.163433
1755;1870;-115;10:54:58.163433
1752;1868;-116;10:54:58.163433
1752;1868;-116;10:54:58.163433
1754;1867;-113;10:54:58.163433
1752;1868;-116;10:54:58.163433
1753;1866;-113;10:54:58.163433
1755;1866;-111;10:54:58.163433
1755;1869;-114;10:54:58.163433
1756;1866;-110;10:54:58.163433
1759;1868;-109;10:54:58.163433
1758;1867;-109;10:54:58.163433
1756;1866;-110;10:54:58.163433
1755;1868;-113;10:54:58.163433
1757;1870;-113;10:54:58.163433
1759;1869;-110;10:54:58.163433
1758;1870;-112;10:54:58.163433
1756;1871;-115;10:54:58.163433
1761;1873;-112;10:54:58.163433
1761;1873;-112;10:54:58.163433
1763;1872;-109;10:54:58.163433
1764;1873;-109;10:54:58.163433
1766;1876;-110;10:54:58.163433
1764;1875;-111;10:54:58.163433
1766;1876;-110;10:54:58.163433
1763;1875;-112;10:54:58.163433
1761;1874;-113;10:54:58.163433
1761;1874;-113;10:54:58.163433
1761;1873;-112;10:54:58.163433
1760;1873;-113;10:54:58.163433
1759;1872;-113;10:54:58.163433
1759;1871;-112;10:54:58.163433
1757;1871;-114;10:54:58.163433
1758;1871;-113;10:54:58.163433
1759;1871;-112;10:54:58.163433
1759;1870;-111;10:54:58.163433
1762;1870;-108;10:54:58.163433
1762;1869;-107;10:54:58.163433
1758;1868;-110;10:54:58.163433
1759;1867;-108;10:54:58.163433
1756;1866;-110;10:54:58.163433
1756;1868;-112;10:54:58.163433
1754;1867;-113;10:54:58.163433
1752;1866;-114;10:54:58.163433
1753;1864;-111;10:54:58.163433
1752;1865;-113;10:54:58.163433
1750;1864;-114;10:54:58.163433
1751;1863;-112;10:54:58.163433
1750;1864;-114;10:54:58.163433
1752;1866;-114;10:54:58.163433
1754;1865;-111;10:54:58.163433
1752;1866;-114;10:54:58.163433
1753;1866;-113;10:54:58.163433
1754;1867;-113;10:54:58.163433
1754;1866;-112;10:54:58.163433
1754;1867;-113;10:54:58.163433
1756;1867;-111;10:54:58.163433
1758;1871;-113;10:54:58.163433
1754;1871;-117;10:54:58.163433
1755;1870;-115;10:54:58.163433
1758;1871;-113;10:54:58.163433
1758;1870;-112;10:54:58.163433
1759;1868;-109;10:54:58.163433
1760;1870;-110;10:54:58.163433
1764;1872;-108;10:54:58.163433
1763;1868;-105;10:54:58.163433
1764;1866;-102;10:54:58.163433
1762;1866;-104;10:54:58.163433
1757;1867;-110;10:54:58.163433
1755;1866;-111;10:54:58.163433
1754;1867;-113;10:54:58.163433
1755;1868;-113;10:54:58.163433
1757;1869;-112;10:54:58.163433
1756;1866;-110;10:54:58.163433
1754;1868;-114;10:54:58.163433
1755;1867;-112;10:54:58.163433
1755;1865;-110;10:54:58.163433
1754;1865;-111;10:54:58.163433
1755;1865;-110;10:54:58.163433
1754;1865;-111;10:54:58.163433
1753;1864;-111;10:54:58.163433
1755;1863;-108;10:54:58.163433
1757;1862;-105;10:54:58.163433
1755;1860;-105;10:54:58.163433
1757;1860;-103;10:54:58.163433
1753;1862;-109;10:54:58.163433
1751;1862;-111;10:54:58.163433
1753;1864;-111;10:54:58.163433
1752;1863;-111;10:54:58.163433
1752;1861;-109;10:54:58.163433
1753;1863;-110;10:54:58.163433
1754;1863;-109;10:54:58.163433
1752;1864;-112;10:54:58.163433
1753;1865;-112;10:54:58.163433
1760;1867;-107;10:54:58.163433
1758;1870;-112;10:54:58.163433
1758;1868;-110;10:54:58.163433
1763;1869;-106;10:54:58.163433
1760;1871;-111;10:54:58.163433
1760;1869;-109;10:54:58.163433
1763;1870;-107;10:54:58.163433
1762;1871;-109;10:54:58.163433
1761;1872;-111;10:54:58.163433
1761;1871;-110;10:54:58.163433
1763;1871;-108;10:54:58.163433
1762;1871;-109;10:54:58.163433
1760;1869;-109;10:54:58.163433
1762;1868;-106;10:54:58.163433
1759;1869;-110;10:54:58.163433
1759;1869;-110;10:54:58.163433
1759;1869;-110;10:54:58.163433
1758;1867;-109;10:54:58.163433
1761;1869;-108;10:54:58.163433
1763;1870;-107;10:54:58.163433
1762;1870;-108;10:54:58.163433
1761;1871;-110;10:54:58.163433
1763;1875;-112;10:54:58.163433
1764;1875;-111;10:54:58.163433
1762;1873;-111;10:54:58.163433
1762;1872;-110;10:54:58.163433
1763;1874;-111;10:54:58.163433
1763;1873;-110;10:54:58.163433
1761;1873;-112;10:54:58.163433
1762;1872;-110;10:54:58.163433
1762;1872;-110;10:54:58.163433
1761;1872;-111;10:54:58.163433
1761;1871;-110;10:54:58.163433
1758;1868;-110;10:54:58.163433
1757;1869;-112;10:54:58.163433
1757;1869;-112;10:54:58.163433
1757;1872;-115;10:54:58.163433
1757;1874;-117;10:54:58.163433
1762;1874;-112;10:54:58.163433
1765;1876;-111;10:54:58.163433
1763;1875;-112;10:54:58.163433
1765;1875;-110;10:54:58.163433
1767;1874;-107;10:54:58.163433
1766;1875;-109;10:54:58.163433
1767;1876;-109;10:54:58.163433
1767;1878;-111;10:54:58.163433
1766;1880;-114;10:54:58.163433
1765;1878;-113;10:54:58.163433
1767;1877;-110;10:54:58.163433
1767;1877;-110;10:54:58.163433
1764;1875;-111;10:54:58.163433
1766;1875;-109;10:54:58.163433
1764;1877;-113;10:54:58.163433
1763;1876;-113;10:54:58.163433
1766;1875;-109;10:54:58.163433
1765;1874;-109;10:54:58.163433
1762;1874;-112;10:54:58.163433
1760;1873;-113;10:54:58.163433
1760;1874;-114;10:54:58.163433
1759;1871;-112;10:54:58.163433
1758;1870;-112;10:54:58.163433
1760;1872;-112;10:54:58.163433
1758;1871;-113;10:54:58.163433
1757;1870;-113;10:54:58.163433
1757;1870;-113;10:54:58.163433
1757;1870;-113;10:54:58.163433
1758;1870;-112;10:54:58.163433
1759;1871;-112;10:54:58.163433
1758;1871;-113;10:54:58.163433
1759;1869;-110;10:54:58.163433
1758;1869;-111;10:54:58.163433
1756;1870;-114;10:54:58.163433
1756;1868;-112;10:54:58.163433
1756;1868;-112;10:54:58.163433
1757;1869;-112;10:54:58.163433
1755;1869;-114;10:54:58.163433
1756;1871;-115;10:54:58.163433
1759;1871;-112;10:54:58.163433
1757;1870;-113;10:54:58.163433
1760;1870;-110;10:54:58.163433
1761;1872;-111;10:54:58.163433
1761;1869;-108;10:54:58.163433
1761;1870;-109;10:54:58.163433
1759;1873;-114;10:54:58.163433
1759;1874;-115;10:54:58.163433
1761;1873;-112;10:54:58.163433
1759;1873;-114;10:54:58.163433
1757;1870;-113;10:54:58.163433
1759;1869;-110;10:54:58.163433
1763;1871;-108;10:54:58.163433
1764;1871;-107;10:54:58.163433
1761;1870;-109;10:54:58.163433
1761;1871;-110;10:54:58.163433
1763;1872;-109;10:54:58.163433
1762;1869;-107;10:54:58.163433
1759;1867;-108;10:54:58.163433
1758;1870;-112;10:54:58.163433
1758;1871;-113;10:54:58.163433
1759;1871;-112;10:54:58.163433
1758;1870;-112;10:54:58.163433
1757;1866;-109;10:54:58.163433
1754;1871;-117;10:54:58.163433
1752;1868;-116;10:54:58.163433
1754;1866;-112;10:54:58.163433
1751;1865;-114;10:54:58.163433
1750;1864;-114;10:54:58.163433
1753;1864;-111;10:54:58.163433
1752;1867;-115;10:54:58.163433
1753;1865;-112;10:54:58.163433
1754;1865;-111;10:54:58.163433
1756;1866;-110;10:54:58.163433
1752;1865;-113;10:54:58.163433
1755;1866;-111;10:54:58.163433
1756;1869;-113;10:54:58.163433
1757;1873;-116;10:54:58.163433
1759;1874;-115;10:54:58.163433
1761;1876;-115;10:54:58.163433
1763;1878;-115;10:54:58.163433
1763;1876;-113;10:54:58.163433
1761;1875;-114;10:54:58.163433
1760;1876;-116;10:54:58.163433
1759;1875;-116;10:54:58.163433
1760;1872;-112;10:54:58.163433
1760;1873;-113;10:54:58.163433
1761;1874;-113;10:54:58.163433
1763;1872;-109;10:54:58.163433
1762;1869;-107;10:54:58.163433
1759;1871;-112;10:54:58.163433
1760;1871;-111;10:54:58.163433
1759;1872;-113;10:54:58.163433
1758;1869;-111;10:54:58.163433
1757;1868;-111;10:54:58.163433
1757;1868;-111;10:54:58.163433
1757;1870;-113;10:54:58.163433
1754;1867;-113;10:54:58.163433
1757;1866;-109;10:54:58.163433
1759;1868;-109;10:54:58.163433
1757;1869;-112;10:54:58.163433
1758;1867;-109;10:54:58.163433
1758;1867;-109;10:54:58.163433
1757;1866;-109;10:54:58.163433
1755;1865;-110;10:54:58.163433
1755;1866;-111;10:54:58.163433
1756;1868;-112;10:54:58.163433
1752;1869;-117;10:54:58.163433
1751;1866;-115;10:54:58.163433
1757;1869;-112;10:54:58.163433
1756;1867;-111;10:54:58.163433
1756;1867;-111;10:54:58.163433
1755;1870;-115;10:54:58.163433
1756;1870;-114;10:54:58.163433
1757;1873;-116;10:54:58.163433
1760;1874;-114;10:54:58.163433
1760;1874;-114;10:54:58.163433
1760;1872;-112;10:54:58.163433
1760;1871;-111;10:54:58.163433
1760;1872;-112;10:54:58.163433
1760;1876;-116;10:54:58.163433
1760;1872;-112;10:54:58.163433
1760;1871;-111;10:54:58.163433
1762;1873;-111;10:54:58.163433
1759;1874;-115;10:54:58.163433
1761;1872;-111;10:54:58.163433
1760;1869;-109;10:54:58.163433
1757;1871;-114;10:54:58.163433
1758;1872;-114;10:54:58.163433
1758;1871;-113;10:54:58.163433
1754;1871;-117;10:54:58.163433
1754;1869;-115;10:54:58.163433
1756;1869;-113;10:54:58.163433
1755;1869;-114;10:54:58.163433
1756;1867;-111;10:54:58.163433
1755;1868;-113;10:54:58.163433
1755;1870;-115;10:54:58.163433
1756;1870;-114;10:54:58.163433
1757;1866;-109;10:54:58.163433
1757;1866;-109;10:54:58.163433
1752;1863;-111;10:54:58.163433
1751;1863;-112;10:54:58.163433
1752;1862;-110;10:54:58.163433
1750;1864;-114;10:54:58.163433
1750;1862;-112;10:54:58.163433
1748;1863;-115;10:54:58.163433
1745;1861;-116;10:54:58.163433
1744;1861;-117;10:54:58.163433
1746;1862;-116;10:54:58.163433
1749;1863;-114;10:54:58.163433
1749;1865;-116;10:54:58.163433
1749;1865;-116;10:54:58.163433
1751;1868;-117;10:54:58.163433
1754;1868;-114;10:54:58.163433
1754;1867;-113;10:54:58.163433
1754;1866;-112;10:54:58.163433
1755;1865;-110;10:54:58.163433
1754;1864;-110;10:54:58.163433
1753;1866;-113;10:54:58.163433
1755;1865;-110;10:54:58.163433
1755;1867;-112;10:54:58.163433
1753;1867;-114;10:54:58.163433
1753;1865;-112;10:54:58.163433
1754;1865;-111;10:54:58.163433
1752;1864;-112;10:54:58.163433
1752;1867;-115;10:54:58.163433
1754;1866;-112;10:54:58.163433
1756;1866;-110;10:54:58.163433
1759;1866;-107;10:54:58.163433
1760;1865;-105;10:54:58.163433
1760;1867;-107;10:54:58.163433
1758;1866;-108;10:54:58.163433
1761;1869;-108;10:54:58.163433
1763;1868;-105;10:54:58.163433
1763;1871;-108;10:54:58.163433
1760;1871;-111;10:54:58.163433
1758;1872;-114;10:54:58.163433
1761;1872;-111;10:54:58.163433
1764;1870;-106;10:54:58.163433
1762;1872;-110;10:54:58.163433
1760;1870;-110;10:54:58.163433
1759;1870;-111;10:54:58.163433
1762;1872;-110;10:54:58.163433
1760;1871;-111;10:54:58.163433
1760;1870;-110;10:54:58.163433
1760;1870;-110;10:54:58.163433
1760;1871;-111;10:54:58.163433
1760;1872;-112;10:54:58.163433
1764;1873;-109;10:54:58.163433
1766;1874;-108;10:54:58.163433
1766;1875;-109;10:54:58.163433
1768;1877;-109;10:54:58.163433
1768;1876;-108;10:54:58.163433
1767;1877;-110;10:54:58.163433
1769;1878;-109;10:54:58.163433
1769;1882;-113;10:54:58.163433
1770;1882;-112;10:54:58.163433
1770;1882;-112;10:54:58.163433
1771;1883;-112;10:54:58.163433
1772;1881;-109;10:54:58.163433
1772;1878;-106;10:54:58.163433
1772;1878;-106;10:54:58.163433
1773;1876;-103;10:54:58.163433
1770;1878;-108;10:54:58.163433
1769;1876;-107;10:54:58.163433
1769;1879;-110;10:54:58.163433
1771;1877;-106;10:54:58.163433
1768;1875;-107;10:54:58.163433
1766;1875;-109;10:54:58.163433
1768;1873;-105;10:54:58.163433
1767;1876;-109;10:54:58.163433
1765;1875;-110;10:54:58.163433
1764;1874;-110;10:54:58.163433
1766;1874;-108;10:54:58.163433
1766;1874;-108;10:54:58.163433
1764;1872;-108;10:54:58.163433
1763;1873;-110;10:54:58.163433
1761;1875;-114;10:54:58.163433
1762;1875;-113;10:54:58.163433
1764;1873;-109;10:54:58.163433
1762;1874;-112;10:54:58.163433
1761;1877;-116;10:54:58.163433
1762;1878;-116;10:54:58.163433
1762;1876;-114;10:54:58.163433
1763;1875;-112;10:54:58.163433
1763;1874;-111;10:54:58.163433
1761;1876;-115;10:54:58.163433
1763;1876;-113;10:54:58.163433
1765;1874;-109;10:54:58.163433
1765;1877;-112;10:54:58.163433
1767;1877;-110;10:54:58.163433
1767;1875;-108;10:54:58.163433
1766;1876;-110;10:54:58.163433
1764;1875;-111;10:54:58.163433
1764;1879;-115;10:54:58.163433
1761;1879;-118;10:54:58.163433
1763;1878;-115;10:54:58.163433
1763;1874;-111;10:54:58.163433
1765;1874;-109;10:54:58.163433
1763;1873;-110;10:54:58.163433
1761;1873;-112;10:54:58.163433
1760;1871;-111;10:54:58.163433
1759;1869;-110;10:54:58.163433
1760;1868;-108;10:54:58.163433
1759;1867;-108;10:54:58.163433
1754;1864;-110;10:54:58.163433
1754;1862;-108;10:54:58.163433
1753;1863;-110;10:54:58.163433
1752;1862;-110;10:54:58.163433
1753;1862;-109;10:54:58.163433
1753;1863;-110;10:54:58.163433
1753;1867;-114;10:54:58.163433
1753;1865;-112;10:54:58.163433
1752;1863;-111;10:54:58.163433
1752;1865;-113;10:54:58.163433
1752;1864;-112;10:54:58.163433
1751;1864;-113;10:54:58.163433
1752;1863;-111;10:54:58.163433
1752;1862;-110;10:54:58.163433
1750;1863;-113;10:54:58.163433
1752;1863;-111;10:54:58.163433
1750;1864;-114;10:54:58.163433
1750;1864;-114;10:54:58.163433
1750;1868;-118;10:54:58.163433
1752;1868;-116;10:54:58.163433
1754;1870;-116;10:54:58.163433
1755;1870;-115;10:54:58.163433
1759;1871;-112;10:54:58.163433
1759;1873;-114;10:54:58.163433
1758;1869;-111;10:54:58.163433
1758;1867;-109;10:54:58.163433
1758;1868;-110;10:54:58.163433
1759;1870;-111;10:54:58.163433
1761;1874;-113;10:54:58.163433
1762;1872;-110;10:54:58.163433
1764;1872;-108;10:54:58.163433
1764;1872;-108;10:54:58.163433
1762;1872;-110;10:54:58.163433
1760;1870;-110;10:54:58.163433
1756;1871;-115;10:54:58.163433
1756;1870;-114;10:54:58.163433
1756;1871;-115;10:54:58.163433
1754;1868;-114;10:54:58.163433
1755;1867;-112;10:54:58.163433
1753;1868;-115;10:54:58.211306
1754;1867;-113;10:54:58.211306
1756;1866;-110;10:54:58.211306
1756;1868;-112;10:54:58.211306
1755;1871;-116;10:54:58.211306
1760;1869;-109;10:54:58.211306
1757;1869;-112;10:54:58.211306
1757;1867;-110;10:54:58.211306
1757;1869;-112;10:54:58.211306
1756;1867;-111;10:54:58.211306
1757;1869;-112;10:54:58.211306
1756;1870;-114;10:54:58.211306
1757;1872;-115;10:54:58.211306
1757;1870;-113;10:54:58.211306
1760;1870;-110;10:54:58.211306
1759;1871;-112;10:54:58.211306
1760;1873;-113;10:54:58.211306
1762;1876;-114;10:54:58.211306
1764;1874;-110;10:54:58.211306
1765;1871;-106;10:54:58.211306
1762;1873;-111;10:54:58.211306
1763;1875;-112;10:54:58.211306
1763;1873;-110;10:54:58.211306
1762;1872;-110;10:54:58.211306
1764;1870;-106;10:54:58.211306
1764;1871;-107;10:54:58.211306
1762;1872;-110;10:54:58.211306
1760;1873;-113;10:54:58.211306
1761;1874;-113;10:54:58.211306
1760;1872;-112;10:54:58.211306
1758;1873;-115;10:54:58.211306
1760;1870;-110;10:54:58.211306
1762;1872;-110;10:54:58.211306
1758;1870;-112;10:54:58.211306
1759;1869;-110;10:54:58.211306
1759;1868;-109;10:54:58.211306
1758;1867;-109;10:54:58.211306
1758;1865;-107;10:54:58.211306
1756;1869;-113;10:54:58.211306
1754;1867;-113;10:54:58.211306
1754;1871;-117;10:54:58.211306
1754;1870;-116;10:54:58.211306
1756;1869;-113;10:54:58.211306
1756;1868;-112;10:54:58.211306
1756;1870;-114;10:54:58.211306
1755;1869;-114;10:54:58.211306
1755;1871;-116;10:54:58.211306
1756;1870;-114;10:54:58.211306
1756;1869;-113;10:54:58.211306
1754;1869;-115;10:54:58.211306
1757;1870;-113;10:54:58.211306
1756;1870;-114;10:54:58.211306
1755;1870;-115;10:54:58.211306
1757;1870;-113;10:54:58.211306
1759;1872;-113;10:54:58.211306
1762;1869;-107;10:54:58.211306
1761;1869;-108;10:54:58.211306
1756;1869;-113;10:54:58.211306
1757;1871;-114;10:54:58.211306
1757;1870;-113;10:54:58.211306
1756;1869;-113;10:54:58.211306
1757;1870;-113;10:54:58.211306
1758;1870;-112;10:54:58.211306
1756;1871;-115;10:54:58.211306
1756;1867;-111;10:54:58.211306
1755;1865;-110;10:54:58.211306
1757;1864;-107;10:54:58.211306
1757;1868;-111;10:54:58.211306
1755;1866;-111;10:54:58.211306
1755;1867;-112;10:54:58.211306
1756;1868;-112;10:54:58.211306
1758;1870;-112;10:54:58.211306
1757;1867;-110;10:54:58.211306
1757;1866;-109;10:54:58.211306
1756;1866;-110;10:54:58.211306
1752;1865;-113;10:54:58.211306
1747;1862;-115;10:54:58.211306
1746;1865;-119;10:54:58.211306
1747;1865;-118;10:54:58.211306
1748;1861;-113;10:54:58.211306
1747;1861;-114;10:54:58.211306
1747;1862;-115;10:54:58.211306
1747;1860;-113;10:54:58.211306
1748;1861;-113;10:54:58.211306
1750;1861;-111;10:54:58.211306
1753;1865;-112;10:54:58.211306
1753;1865;-112;10:54:58.211306
1754;1868;-114;10:54:58.211306
1754;1868;-114;10:54:58.211306
1754;1870;-116;10:54:58.211306
1753;1868;-115;10:54:58.211306
1753;1868;-115;10:54:58.211306
1754;1866;-112;10:54:58.211306
1756;1868;-112;10:54:58.211306
1759;1872;-113;10:54:58.211306
1761;1871;-110;10:54:58.211306
1761;1871;-110;10:54:58.211306
1761;1871;-110;10:54:58.211306
1759;1870;-111;10:54:58.211306
1760;1870;-110;10:54:58.211306
1760;1870;-110;10:54:58.211306
1762;1871;-109;10:54:58.211306
1762;1871;-109;10:54:58.211306
1760;1873;-113;10:54:58.211306
1759;1872;-113;10:54:58.211306
1761;1871;-110;10:54:58.211306
1761;1870;-109;10:54:58.211306
1756;1870;-114;10:54:58.211306
1754;1867;-113;10:54:58.211306
1755;1866;-111;10:54:58.211306
1754;1866;-112;10:54:58.211306
1752;1862;-110;10:54:58.211306
1751;1861;-110;10:54:58.211306
1750;1863;-113;10:54:58.211306
1749;1862;-113;10:54:58.211306
1748;1862;-114;10:54:58.211306
1747;1862;-115;10:54:58.211306
1749;1863;-114;10:54:58.211306
1750;1861;-111;10:54:58.211306
1751;1862;-111;10:54:58.211306
1751;1861;-110;10:54:58.211306
1750;1863;-113;10:54:58.211306
1749;1862;-113;10:54:58.211306
1750;1863;-113;10:54:58.211306
1750;1864;-114;10:54:58.211306
1750;1865;-115;10:54:58.211306
1754;1866;-112;10:54:58.211306
1755;1864;-109;10:54:58.211306
1752;1865;-113;10:54:58.211306
1754;1865;-111;10:54:58.211306
1756;1867;-111;10:54:58.211306
1754;1868;-114;10:54:58.211306
1758;1868;-110;10:54:58.211306
1761;1872;-111;10:54:58.211306
1758;1871;-113;10:54:58.211306
1759;1870;-111;10:54:58.211306
1761;1873;-112;10:54:58.211306
1762;1875;-113;10:54:58.211306
1761;1872;-111;10:54:58.211306
1763;1873;-110;10:54:58.211306
1763;1874;-111;10:54:58.211306
1760;1872;-112;10:54:58.211306
1762;1872;-110;10:54:58.211306
1761;1869;-108;10:54:58.211306
1759;1868;-109;10:54:58.211306
1757;1868;-111;10:54:58.211306
1760;1870;-110;10:54:58.211306
1759;1869;-110;10:54:58.211306
1758;1867;-109;10:54:58.211306
1757;1868;-111;10:54:58.211306
1757;1867;-110;10:54:58.211306
1754;1866;-112;10:54:58.211306
1755;1870;-115;10:54:58.211306
1754;1869;-115;10:54:58.211306
1755;1866;-111;10:54:58.211306
1758;1871;-113;10:54:58.211306
1757;1870;-113;10:54:58.211306
1761;1869;-108;10:54:58.211306
1761;1868;-107;10:54:58.211306
1757;1871;-114;10:54:58.211306
1758;1873;-115;10:54:58.211306
1759;1875;-116;10:54:58.211306
1762;1877;-115;10:54:58.211306
1764;1877;-113;10:54:58.211306
1763;1875;-112;10:54:58.211306
1760;1877;-117;10:54:58.211306
1761;1877;-116;10:54:58.211306
1764;1875;-111;10:54:58.211306
1763;1872;-109;10:54:58.211306
1764;1876;-112;10:54:58.211306
1762;1876;-114;10:54:58.211306
1761;1872;-111;10:54:58.211306
1760;1871;-111;10:54:58.211306
1758;1871;-113;10:54:58.211306
1757;1870;-113;10:54:58.211306
1760;1871;-111;10:54:58.211306
1760;1871;-111;10:54:58.211306
1759;1872;-113;10:54:58.211306
1760;1871;-111;10:54:58.211306
1758;1873;-115;10:54:58.211306
1756;1871;-115;10:54:58.211306
1756;1871;-115;10:54:58.211306
1756;1873;-117;10:54:58.211306
1756;1869;-113;10:54:58.211306
1755;1869;-114;10:54:58.211306
1757;1870;-113;10:54:58.211306
1756;1869;-113;10:54:58.211306
1758;1868;-110;10:54:58.211306
1757;1867;-110;10:54:58.211306
1756;1869;-113;10:54:58.211306
1756;1870;-114;10:54:58.211306
1756;1872;-116;10:54:58.211306
1758;1873;-115;10:54:58.211306
1756;1872;-116;10:54:58.211306
1757;1872;-115;10:54:58.211306
1757;1873;-116;10:54:58.211306
1760;1875;-115;10:54:58.211306
1760;1875;-115;10:54:58.211306
1757;1877;-120;10:54:58.211306
1763;1879;-116;10:54:58.211306
1764;1879;-115;10:54:58.211306
1762;1875;-113;10:54:58.211306
1762;1874;-112;10:54:58.211306
1763;1873;-110;10:54:58.211306
1762;1873;-111;10:54:58.211306
1763;1874;-111;10:54:58.211306
1764;1873;-109;10:54:58.211306
1763;1874;-111;10:54:58.211306
1765;1876;-111;10:54:58.211306
1765;1875;-110;10:54:58.211306
1763;1877;-114;10:54:58.211306
1764;1878;-114;10:54:58.211306
1765;1877;-112;10:54:58.211306
1763;1873;-110;10:54:58.211306
1762;1874;-112;10:54:58.211306
1763;1876;-113;10:54:58.211306
1761;1876;-115;10:54:58.211306
1757;1875;-118;10:54:58.211306
1761;1873;-112;10:54:58.211306
1764;1872;-108;10:54:58.211306
1764;1871;-107;10:54:58.211306
1764;1871;-107;10:54:58.211306
1765;1873;-108;10:54:58.211306
1763;1874;-111;10:54:58.211306
1760;1874;-114;10:54:58.211306
1761;1873;-112;10:54:58.211306
1761;1876;-115;10:54:58.211306
1757;1878;-121;10:54:58.211306
1760;1876;-116;10:54:58.211306
1761;1876;-115;10:54:58.211306
1762;1875;-113;10:54:58.211306
1763;1877;-114;10:54:58.211306
1763;1878;-115;10:54:58.211306
1763;1875;-112;10:54:58.211306
1765;1877;-112;10:54:58.211306
1766;1878;-112;10:54:58.211306
1764;1877;-113;10:54:58.211306
1763;1878;-115;10:54:58.211306
1765;1878;-113;10:54:58.211306
1767;1879;-112;10:54:58.211306
1771;1876;-105;10:54:58.211306
1768;1878;-110;10:54:58.211306
1768;1876;-108;10:54:58.211306
1767;1878;-111;10:54:58.211306
1767;1878;-111;10:54:58.211306
1765;1878;-113;10:54:58.211306
1764;1880;-116;10:54:58.211306
1764;1880;-116;10:54:58.211306
1765;1880;-115;10:54:58.211306
1764;1879;-115;10:54:58.211306
1764;1878;-114;10:54:58.211306
1763;1878;-115;10:54:58.211306
1765;1876;-111;10:54:58.211306
1763;1875;-112;10:54:58.211306
1763;1877;-114;10:54:58.211306
1766;1879;-113;10:54:58.247377
1766;1877;-111;10:54:58.247377
1766;1875;-109;10:54:58.247377
1763;1875;-112;10:54:58.247377
1763;1876;-113;10:54:58.247377
1762;1875;-113;10:54:58.247377
1759;1876;-117;10:54:58.247377
1758;1875;-117;10:54:58.247377
1758;1873;-115;10:54:58.247377
1755;1874;-119;10:54:58.247377
1754;1874;-120;10:54:58.247377
1755;1874;-119;10:54:58.247377
1756;1870;-114;10:54:58.247377
1756;1870;-114;10:54:58.247377
1759;1869;-110;10:54:58.247377
1758;1869;-111;10:54:58.247377
1757;1869;-112;10:54:58.247377
1756;1868;-112;10:54:58.247377
1755;1872;-117;10:54:58.247377
1754;1872;-118;10:54:58.247377
1754;1872;-118;10:54:58.247377
1758;1872;-114;10:54:58.247377
1758;1873;-115;10:54:58.247377
1757;1873;-116;10:54:58.247377
1756;1874;-118;10:54:58.247377
1757;1874;-117;10:54:58.247377
1758;1873;-115;10:54:58.247377
1759;1871;-112;10:54:58.247377
1758;1870;-112;10:54:58.247377
1760;1872;-112;10:54:58.247377
1758;1869;-111;10:54:58.247377
1757;1869;-112;10:54:58.247377
1759;1869;-110;10:54:58.247377
1755;1869;-114;10:54:58.247377
1754;1868;-114;10:54:58.247377
1753;1868;-115;10:54:58.247377
1750;1868;-118;10:54:58.247377
1753;1866;-113;10:54:58.247377
1754;1866;-112;10:54:58.247377
1751;1865;-114;10:54:58.247377
1749;1865;-116;10:54:58.247377
1750;1864;-114;10:54:58.247377
1749;1864;-115;10:54:58.247377
1751;1863;-112;10:54:58.247377
1751;1863;-112;10:54:58.247377
1751;1864;-113;10:54:58.247377
1751;1864;-113;10:54:58.247377
1751;1865;-114;10:54:58.247377
1750;1865;-115;10:54:58.247377
1752;1864;-112;10:54:58.247377
1752;1864;-112;10:54:58.247377
1753;1867;-114;10:54:58.247377
1752;1867;-115;10:54:58.247377
1753;1867;-114;10:54:58.247377
1752;1867;-115;10:54:58.247377
1753;1867;-114;10:54:58.247377
1753;1868;-115;10:54:58.247377
1754;1870;-116;10:54:58.247377
1754;1869;-115;10:54:58.247377
1755;1867;-112;10:54:58.247377
1758;1865;-107;10:54:58.247377
1759;1865;-106;10:54:58.247377
1755;1864;-109;10:54:58.247377
1757;1864;-107;10:54:58.247377
1755;1868;-113;10:54:58.247377
1752;1867;-115;10:54:58.247377
1752;1865;-113;10:54:58.247377
1755;1863;-108;10:54:58.247377
1752;1865;-113;10:54:58.247377
1751;1863;-112;10:54:58.247377
1749;1863;-114;10:54:58.247377
1751;1864;-113;10:54:58.247377
1750;1863;-113;10:54:58.247377
1751;1864;-113;10:54:58.247377
1749;1866;-117;10:54:58.247377
1751;1864;-113;10:54:58.247377
1753;1864;-111;10:54:58.247377
1753;1867;-114;10:54:58.247377
1753;1867;-114;10:54:58.247377
1754;1866;-112;10:54:58.247377
1756;1868;-112;10:54:58.247377
1760;1870;-110;10:54:58.247377
1757;1869;-112;10:54:58.247377
1755;1868;-113;10:54:58.247377
1753;1868;-115;10:54:58.247377
1754;1869;-115;10:54:58.247377
1753;1871;-118;10:54:58.247377
1751;1871;-120;10:54:58.247377
1753;1870;-117;10:54:58.247377
1757;1870;-113;10:54:58.247377
1757;1868;-111;10:54:58.247377
1757;1866;-109;10:54:58.247377
1753;1864;-111;10:54:58.247377
1756;1866;-110;10:54:58.247377
1758;1868;-110;10:54:58.247377
1758;1870;-112;10:54:58.247377
1760;1872;-112;10:54:58.247377
1760;1870;-110;10:54:58.247377
1759;1873;-114;10:54:58.247377
1755;1870;-115;10:54:58.247377
1756;1871;-115;10:54:58.247377
1757;1872;-115;10:54:58.247377
1760;1870;-110;10:54:58.247377
1758;1870;-112;10:54:58.247377
1759;1869;-110;10:54:58.247377
1759;1870;-111;10:54:58.247377
1762;1869;-107;10:54:58.247377
1759;1873;-114;10:54:58.247377
1758;1870;-112;10:54:58.247377
1761;1869;-108;10:54:58.247377
1760;1871;-111;10:54:58.247377
1757;1872;-115;10:54:58.247377
1756;1873;-117;10:54:58.247377
1759;1875;-116;10:54:58.247377
1761;1871;-110;10:54:58.247377
1762;1872;-110;10:54:58.247377
1761;1873;-112;10:54:58.247377
1761;1874;-113;10:54:58.247377
1757;1874;-117;10:54:58.247377
1756;1874;-118;10:54:58.247377
1760;1876;-116;10:54:58.247377
1759;1873;-114;10:54:58.247377
1758;1870;-112;10:54:58.247377
1760;1872;-112;10:54:58.247377
1761;1874;-113;10:54:58.247377
1759;1873;-114;10:54:58.247377
1759;1874;-115;10:54:58.247377
1761;1875;-114;10:54:58.247377
1760;1873;-113;10:54:58.247377
1759;1876;-117;10:54:58.247377
1760;1878;-118;10:54:58.247377
1763;1879;-116;10:54:58.247377
1763;1880;-117;10:54:58.247377
1766;1880;-114;10:54:58.247377
1764;1878;-114;10:54:58.247377
1766;1876;-110;10:54:58.247377
1768;1879;-111;10:54:58.247377
1768;1880;-112;10:54:58.247377
1767;1879;-112;10:54:58.247377
1768;1883;-115;10:54:58.247377
1770;1884;-114;10:54:58.247377
1765;1881;-116;10:54:58.247377
1766;1879;-113;10:54:58.247377
1765;1883;-118;10:54:58.247377
1766;1882;-116;10:54:58.247377
1768;1881;-113;10:54:58.247377
1770;1878;-108;10:54:58.247377
1768;1879;-111;10:54:58.247377
1766;1878;-112;10:54:58.247377
1767;1879;-112;10:54:58.247377
1763;1874;-111;10:54:58.247377
1764;1874;-110;10:54:58.247377
1765;1872;-107;10:54:58.247377
1766;1875;-109;10:54:58.247377
1762;1873;-111;10:54:58.247377
1760;1871;-111;10:54:58.247377
1761;1873;-112;10:54:58.247377
1761;1874;-113;10:54:58.247377
1762;1874;-112;10:54:58.247377
1762;1873;-111;10:54:58.247377
1759;1874;-115;10:54:58.247377
1758;1872;-114;10:54:58.247377
1761;1873;-112;10:54:58.247377
1758;1873;-115;10:54:58.247377
1758;1872;-114;10:54:58.247377
1762;1871;-109;10:54:58.247377
1764;1873;-109;10:54:58.247377
1763;1871;-108;10:54:58.247377
1765;1873;-108;10:54:58.247377
1765;1875;-110;10:54:58.247377
1764;1872;-108;10:54:58.247377
1761;1872;-111;10:54:58.247377
1761;1873;-112;10:54:58.247377
1761;1872;-111;10:54:58.247377
1758;1873;-115;10:54:58.247377
1759;1873;-114;10:54:58.247377
1763;1873;-110;10:54:58.247377
1763;1874;-111;10:54:58.247377
1763;1872;-109;10:54:58.247377
1763;1871;-108;10:54:58.247377
1760;1871;-111;10:54:58.247377
1760;1872;-112;10:54:58.247377
1761;1869;-108;10:54:58.247377
1762;1870;-108;10:54:58.247377
1762;1870;-108;10:54:58.247377
1760;1871;-111;10:54:58.247377
1759;1871;-112;10:54:58.247377
1760;1873;-113;10:54:58.247377
1762;1873;-111;10:54:58.247377
1763;1872;-109;10:54:58.247377
1760;1871;-111;10:54:58.247377
1757;1868;-111;10:54:58.247377
1756;1868;-112;10:54:58.247377
1756;1870;-114;10:54:58.247377
1758;1870;-112;10:54:58.247377
1756;1871;-115;10:54:58.247377
1755;1869;-114;10:54:58.247377
1756;1870;-114;10:54:58.247377
1758;1869;-111;10:54:58.247377
1759;1869;-110;10:54:58.247377
1758;1871;-113;10:54:58.247377
1759;1871;-112;10:54:58.247377
1764;1872;-108;10:54:58.247377
1761;1871;-110;10:54:58.247377
1757;1870;-113;10:54:58.247377
1758;1871;-113;10:54:58.247377
1757;1869;-112;10:54:58.247377
1757;1869;-112;10:54:58.247377
1756;1868;-112;10:54:58.247377
1761;1870;-109;10:54:58.247377
1762;1871;-109;10:54:58.247377
1760;1872;-112;10:54:58.247377
1760;1871;-111;10:54:58.247377
1759;1868;-109;10:54:58.247377
1757;1867;-110;10:54:58.247377
1758;1867;-109;10:54:58.247377
1762;1870;-108;10:54:58.247377
1763;1871;-108;10:54:58.247377
1761;1871;-110;10:54:58.247377
1763;1870;-107;10:54:58.247377
1761;1869;-108;10:54:58.247377
1759;1869;-110;10:54:58.247377
1759;1868;-109;10:54:58.247377
1757;1869;-112;10:54:58.247377
1756;1868;-112;10:54:58.247377
1756;1870;-114;10:54:58.247377
1759;1867;-108;10:54:58.247377
1755;1865;-110;10:54:58.247377
1755;1865;-110;10:54:58.247377
1755;1863;-108;10:54:58.247377
1753;1864;-111;10:54:58.247377
1752;1863;-111;10:54:58.247377
1751;1866;-115;10:54:58.247377
1752;1865;-113;10:54:58.247377
1756;1868;-112;10:54:58.247377
1755;1866;-111;10:54:58.247377
1753;1864;-111;10:54:58.247377
1753;1866;-113;10:54:58.247377
1753;1867;-114;10:54:58.247377
1753;1867;-114;10:54:58.247377
1755;1867;-112;10:54:58.247377
1754;1868;-114;10:54:58.247377
1756;1867;-111;10:54:58.247377
1756;1866;-110;10:54:58.247377
1758;1867;-109;10:54:58.247377
1759;1869;-110;10:54:58.247377
1760;1871;-111;10:54:58.247377
1762;1869;-107;10:54:58.247377
1761;1867;-106;10:54:58.247377
1759;1868;-109;10:54:58.247377
1758;1867;-109;10:54:58.247377
1756;1871;-115;10:54:58.247377
1756;1872;-116;10:54:58.247377
1759;1873;-114;10:54:58.247377
1761;1873;-112;10:54:58.247377
